~o
<STREAMINFO> 1 25
<VECSIZE> 25<NULLD><MFCC_E_D_N><DIAGC>
~h "jmodel"
<BEGINHMM>
<NUMSTATES> 3
<STATE> 2
<NUMMIXES> 128
<MIXTURE> 1 5.748963e-03
<MEAN> 25
 -2.756209e+00 3.180126e+00 2.139592e+00 8.625431e+00 4.482267e+00 3.359529e+00 4.194822e+00 3.959673e+00 5.945060e+00 5.119146e+00 5.767623e+00 3.094084e+00 -1.985143e+00 -1.612683e+00 -8.805814e-01 1.141918e+00 1.513638e+00 2.169319e+00 2.158104e+00 2.014557e+00 1.632283e+00 1.243873e+00 1.503062e+00 6.363208e-01 -4.536340e-02
<VARIANCE> 25
 1.054599e+01 1.188306e+01 1.648982e+01 1.910527e+01 2.274656e+01 2.179366e+01 2.303490e+01 2.125305e+01 2.155296e+01 2.222674e+01 2.101358e+01 1.672665e+01 1.733999e+00 2.174068e+00 2.982355e+00 3.274687e+00 3.738342e+00 3.322181e+00 3.266222e+00 3.401345e+00 3.513199e+00 3.615875e+00 3.506011e+00 2.765241e+00 3.095856e-03
<GCONST> 8.853284e+01
<MIXTURE> 2 4.549242e-03
<MEAN> 25
 -5.536067e+00 1.873430e+00 6.821395e-01 9.452239e+00 7.356138e+00 6.718132e+00 7.956730e+00 6.375210e+00 8.450819e+00 6.374804e+00 7.510759e+00 2.909363e+00 -5.764635e-02 -4.427589e-03 1.235197e-01 1.947131e-01 2.521091e-01 3.136261e-01 3.659039e-01 4.155565e-01 2.731397e-01 3.176623e-01 1.500351e-01 4.570901e-02 1.129002e-06
<VARIANCE> 25
 8.659045e+00 9.764619e+00 9.967400e+00 1.624051e+01 1.829895e+01 1.728673e+01 1.522337e+01 1.885346e+01 1.489332e+01 1.596570e+01 1.738044e+01 1.463655e+01 1.150324e-01 2.646207e-01 3.123932e-01 4.289607e-01 5.868683e-01 7.651328e-01 9.600816e-01 9.924038e-01 9.843050e-01 1.126873e+00 1.075172e+00 9.558415e-01 8.703196e-07
<GCONST> 5.772330e+01
<MIXTURE> 3 4.549242e-03
<MEAN> 25
 -5.536067e+00 1.873430e+00 6.821395e-01 9.452239e+00 7.356138e+00 6.718132e+00 7.956730e+00 6.375210e+00 8.450819e+00 6.374804e+00 7.510759e+00 2.909363e+00 -5.764635e-02 -4.427589e-03 1.235197e-01 1.947131e-01 2.521091e-01 3.136261e-01 3.659039e-01 4.155565e-01 2.731397e-01 3.176623e-01 1.500351e-01 4.570901e-02 1.129002e-06
<VARIANCE> 25
 8.659045e+00 9.764619e+00 9.967400e+00 1.624051e+01 1.829895e+01 1.728673e+01 1.522337e+01 1.885346e+01 1.489332e+01 1.596570e+01 1.738044e+01 1.463655e+01 1.150324e-01 2.646207e-01 3.123932e-01 4.289607e-01 5.868683e-01 7.651328e-01 9.600816e-01 9.924038e-01 9.843050e-01 1.126873e+00 1.075172e+00 9.558415e-01 8.703196e-07
<GCONST> 5.772330e+01
<MIXTURE> 4 1.671429e-02
<MEAN> 25
 1.827582e+00 2.327235e+00 -4.561576e+00 1.836690e+00 7.783592e+00 2.740009e+00 -5.999700e-01 -5.375129e-01 5.246232e-01 4.374944e+00 -1.581794e+00 2.843836e-01 -2.355441e+00 1.649618e+00 9.582701e-01 2.752330e+00 1.358878e+00 5.338267e-01 2.209426e+00 5.998344e-01 9.959185e-01 -8.666225e-01 8.376007e-01 4.566444e-01 -1.281704e-01
<VARIANCE> 25
 1.701497e+01 2.996753e+01 2.426032e+01 3.456819e+01 7.553390e+01 6.340757e+01 5.764623e+01 3.744706e+01 5.673782e+01 6.902266e+01 3.654345e+01 3.283276e+01 1.763653e+00 6.458585e+00 3.477146e+00 5.318477e+00 5.554583e+00 4.985546e+00 4.866203e+00 4.384485e+00 5.359357e+00 7.387136e+00 5.015580e+00 3.707360e+00 5.342771e-03
<GCONST> 1.035283e+02
<MIXTURE> 5 3.206198e-03
<MEAN> 25
 -4.872915e+00 2.306632e+00 -1.333226e+00 7.459817e+00 8.179774e+00 5.521333e+00 7.549360e+00 4.844882e+00 7.124305e+00 4.099958e+00 4.246360e+00 1.163398e+00 -4.932007e-01 8.715003e-01 1.509138e+00 1.203752e+00 1.747172e-01 -2.599405e-01 -3.728766e-01 -3.389387e-01 1.111613e-01 3.607582e-01 6.672797e-01 5.114538e-01 -1.797024e-05
<VARIANCE> 25
 1.102414e+01 1.087236e+01 2.554339e+01 2.774936e+01 1.797995e+01 1.535644e+01 1.757984e+01 1.882869e+01 2.409112e+01 2.136281e+01 1.818011e+01 1.786753e+01 1.230179e+00 1.093179e+00 1.281851e+00 1.354524e+00 2.001511e+00 1.886665e+00 1.951286e+00 2.436476e+00 1.985430e+00 1.840775e+00 1.619159e+00 2.356741e+00 7.000349e-07
<GCONST> 7.294540e+01
<MIXTURE> 6 5.475854e-03
<MEAN> 25
 1.049118e+01 -1.328505e+00 -6.778442e+00 -1.175597e+01 -3.570231e+00 8.235862e+00 -6.760173e+00 -4.977730e+00 -4.515224e+00 2.407574e+00 4.538115e+00 -9.917151e-02 5.407721e-01 9.585192e-01 -2.780124e-01 -1.541627e+00 -1.031389e+00 1.578863e+00 1.796074e+00 -4.693060e-02 -9.445597e-01 -1.590328e+00 2.828272e-01 1.072614e+00 -6.589787e-03
<VARIANCE> 25
 8.392264e+00 1.617317e+01 1.834047e+01 3.711932e+01 3.676092e+01 3.090467e+01 4.085744e+01 4.002610e+01 4.116217e+01 4.018708e+01 3.329029e+01 2.650146e+01 3.478224e-01 9.205274e-01 7.724102e-01 2.364130e+00 1.773545e+00 2.079624e+00 1.864895e+00 2.117532e+00 2.412203e+00 2.191931e+00 1.882247e+00 1.479963e+00 4.605277e-04
<GCONST> 8.315793e+01
<MIXTURE> 7 5.475854e-03
<MEAN> 25
 1.049118e+01 -1.328505e+00 -6.778442e+00 -1.175597e+01 -3.570231e+00 8.235862e+00 -6.760173e+00 -4.977730e+00 -4.515224e+00 2.407574e+00 4.538115e+00 -9.917151e-02 5.407721e-01 9.585192e-01 -2.780124e-01 -1.541627e+00 -1.031389e+00 1.578863e+00 1.796074e+00 -4.693060e-02 -9.445597e-01 -1.590328e+00 2.828272e-01 1.072614e+00 -6.589787e-03
<VARIANCE> 25
 8.392264e+00 1.617317e+01 1.834047e+01 3.711932e+01 3.676092e+01 3.090467e+01 4.085744e+01 4.002610e+01 4.116217e+01 4.018708e+01 3.329029e+01 2.650146e+01 3.478224e-01 9.205274e-01 7.724102e-01 2.364130e+00 1.773545e+00 2.079624e+00 1.864895e+00 2.117532e+00 2.412203e+00 2.191931e+00 1.882247e+00 1.479963e+00 4.605277e-04
<GCONST> 8.315793e+01
<MIXTURE> 8 1.165917e-02
<MEAN> 25
 -5.039722e+00 1.463746e+00 1.117494e+00 9.464598e+00 6.794886e+00 6.157904e+00 6.605175e+00 5.472386e+00 6.622634e+00 5.489195e+00 6.428208e+00 3.111751e+00 -6.447924e-01 -1.416200e+00 -1.054327e+00 -1.672734e+00 -2.700551e-01 -9.520842e-01 -1.759190e-01 -2.772451e-01 -2.517269e-01 -1.338267e-01 -2.084960e-01 1.195283e-01 9.646986e-02
<VARIANCE> 25
 1.060187e+01 1.028252e+01 1.179949e+01 1.601665e+01 1.707154e+01 1.580289e+01 1.774632e+01 1.892478e+01 1.665856e+01 1.730362e+01 1.910403e+01 1.339958e+01 2.682990e+00 2.946030e+00 3.953353e+00 3.810447e+00 3.472114e+00 3.284721e+00 3.308232e+00 3.105657e+00 2.843275e+00 2.675869e+00 2.342677e+00 1.839005e+00 6.790857e-03
<GCONST> 8.654427e+01
<MIXTURE> 9 1.199672e-02
<MEAN> 25
 9.331109e+00 1.991253e+00 -5.967106e+00 -9.410150e+00 -3.605734e+00 5.135188e+00 -1.544517e+00 -2.181087e+00 -5.932789e+00 -1.710670e+00 1.590763e+00 -1.719383e-01 1.397138e+00 -2.568572e-01 -5.715215e-01 -2.545142e+00 -1.754162e+00 1.025328e+00 -1.176289e+00 6.502757e-01 1.020519e-01 -4.028381e-01 1.154968e+00 -4.651290e-01 6.495547e-02
<VARIANCE> 25
 1.257943e+01 2.871080e+01 3.273985e+01 5.108968e+01 5.045920e+01 3.118090e+01 4.026355e+01 4.660366e+01 3.982085e+01 4.011428e+01 3.656888e+01 2.691622e+01 1.800751e+00 2.144373e+00 3.823865e+00 3.990676e+00 4.385817e+00 3.527404e+00 3.582315e+00 7.362700e+00 4.520020e+00 3.690066e+00 4.353943e+00 3.095459e+00 1.968886e-03
<GCONST> 9.769713e+01
<MIXTURE> 10 6.596976e-03
<MEAN> 25
 7.717505e-01 7.504477e+00 5.252252e+00 7.084344e+00 1.712611e+00 -2.134690e+00 -5.115831e-01 -1.537843e+00 8.575245e-01 1.057973e+00 7.618042e-01 6.684561e-01 -1.916447e+00 -6.243277e-01 -4.881485e-01 2.967393e+00 2.501735e+00 2.654312e+00 2.381370e+00 2.198784e+00 1.770483e+00 1.442481e+00 2.285041e+00 4.982022e-01 -1.376946e-01
<VARIANCE> 25
 1.914227e+01 2.203069e+01 2.351944e+01 2.858492e+01 3.944202e+01 3.726882e+01 3.696825e+01 3.473756e+01 2.799450e+01 3.088267e+01 2.665230e+01 2.446378e+01 2.181662e+00 3.632466e+00 5.385744e+00 5.377432e+00 5.531205e+00 4.497661e+00 4.541254e+00 4.819905e+00 4.469746e+00 5.159499e+00 4.412765e+00 3.107615e+00 2.650073e-03
<GCONST> 9.775437e+01
<MIXTURE> 11 1.633820e-02
<MEAN> 25
 8.034715e+00 4.446530e+00 3.959775e+00 6.050835e+00 -2.576085e+00 -1.844200e+00 -1.722611e+00 -6.388391e+00 -3.889971e+00 -1.839940e+00 -2.645059e+00 -2.138528e+00 -4.782326e-01 6.532632e-01 1.339005e-02 3.236972e-01 4.140292e-01 -7.532288e-02 4.234102e-01 -1.988611e-01 -9.367152e-02 -1.604547e-01 -2.185562e-01 1.791441e-01 -1.666692e-02
<VARIANCE> 25
 1.168305e+01 2.567136e+01 2.067211e+01 4.301881e+01 3.979479e+01 3.515372e+01 3.978717e+01 4.311261e+01 6.060984e+01 5.363573e+01 2.930767e+01 2.577701e+01 1.235694e+00 1.229535e+00 1.533411e+00 2.859629e+00 2.064535e+00 2.158852e+00 2.070028e+00 2.961676e+00 2.058724e+00 3.033098e+00 2.392214e+00 1.675918e+00 8.710728e-04
<GCONST> 8.922440e+01
<MIXTURE> 12 5.904134e-03
<MEAN> 25
 1.132978e+01 2.525722e+00 -4.904152e+00 -1.522278e+01 -1.071645e+01 1.049191e+01 -1.822612e-01 -3.444433e+00 -1.681047e+00 -3.898949e+00 2.153749e+00 4.087406e-01 1.390412e-02 2.755524e-01 9.680917e-02 -4.302242e-01 -4.371761e-01 1.311098e-01 7.900871e-01 3.555316e-01 9.116974e-02 -2.724277e-01 -1.882780e-01 -8.716460e-02 -4.642241e-03
<VARIANCE> 25
 7.817798e+00 2.143640e+01 1.967137e+01 3.408462e+01 4.913602e+01 3.739658e+01 4.136242e+01 5.427077e+01 3.866121e+01 3.910141e+01 3.384802e+01 2.425728e+01 2.203430e-01 6.241810e-01 6.477301e-01 1.090838e+00 1.773031e+00 1.048883e+00 2.017318e+00 1.333301e+00 1.152488e+00 1.345167e+00 1.393988e+00 8.446872e-01 4.667798e-04
<GCONST> 7.905134e+01
<MIXTURE> 13 5.904134e-03
<MEAN> 25
 1.132978e+01 2.525722e+00 -4.904152e+00 -1.522278e+01 -1.071645e+01 1.049191e+01 -1.822612e-01 -3.444433e+00 -1.681047e+00 -3.898949e+00 2.153749e+00 4.087406e-01 1.390412e-02 2.755524e-01 9.680917e-02 -4.302242e-01 -4.371761e-01 1.311098e-01 7.900871e-01 3.555316e-01 9.116974e-02 -2.724277e-01 -1.882780e-01 -8.716460e-02 -4.642241e-03
<VARIANCE> 25
 7.817798e+00 2.143640e+01 1.967137e+01 3.408462e+01 4.913602e+01 3.739658e+01 4.136242e+01 5.427077e+01 3.866121e+01 3.910141e+01 3.384802e+01 2.425728e+01 2.203430e-01 6.241810e-01 6.477301e-01 1.090838e+00 1.773031e+00 1.048883e+00 2.017318e+00 1.333301e+00 1.152488e+00 1.345167e+00 1.393988e+00 8.446872e-01 4.667798e-04
<GCONST> 7.905134e+01
<MIXTURE> 14 6.488954e-03
<MEAN> 25
 -4.693048e+00 1.967913e-02 -6.239496e-01 8.709185e+00 7.661442e+00 6.976128e+00 7.988845e+00 7.075026e+00 7.311578e+00 5.001218e+00 6.628856e+00 4.079409e+00 -3.347189e-01 1.844320e-01 3.200572e-01 3.902923e-01 2.121532e-02 8.725803e-02 1.214266e-01 1.348765e-01 3.023523e-01 5.498627e-01 4.901582e-01 1.409625e-01 -8.329476e-03
<VARIANCE> 25
 1.018161e+01 1.487678e+01 1.919861e+01 1.774746e+01 1.990409e+01 2.003804e+01 2.018297e+01 2.011565e+01 2.054299e+01 2.296305e+01 2.111077e+01 1.519664e+01 1.039400e+00 1.842645e+00 1.932414e+00 2.328844e+00 2.154367e+00 2.134818e+00 2.448205e+00 2.335515e+00 2.277305e+00 2.367892e+00 2.070724e+00 1.742478e+00 9.755216e-04
<GCONST> 8.217966e+01
<MIXTURE> 15 2.475190e-03
<MEAN> 25
 -5.461515e+00 -5.977851e-01 -2.161386e-01 7.335108e+00 5.743780e+00 5.673292e+00 6.093070e+00 4.959433e+00 5.197065e+00 4.152974e+00 5.487975e+00 2.524470e+00 -1.187640e-01 -2.855139e-02 7.283056e-02 2.406712e-01 4.841960e-01 7.872348e-01 1.070346e+00 1.182876e+00 1.053680e+00 7.569989e-01 4.207675e-01 1.429327e-01 -8.198773e-05
<VARIANCE> 25
 7.084404e+00 5.804118e+00 9.007003e+00 1.286841e+01 1.405669e+01 1.433711e+01 1.494636e+01 1.483854e+01 1.413245e+01 1.411610e+01 1.508445e+01 1.254388e+01 1.248557e-01 2.057438e-01 3.184195e-01 5.004735e-01 6.986282e-01 7.890521e-01 7.616500e-01 7.863944e-01 9.082517e-01 1.025996e+00 1.070006e+00 1.049981e+00 2.770945e-05
<GCONST> 5.860821e+01
<MIXTURE> 16 2.475190e-03
<MEAN> 25
 -5.461515e+00 -5.977851e-01 -2.161386e-01 7.335108e+00 5.743780e+00 5.673292e+00 6.093070e+00 4.959433e+00 5.197065e+00 4.152974e+00 5.487975e+00 2.524470e+00 -1.187640e-01 -2.855139e-02 7.283056e-02 2.406712e-01 4.841960e-01 7.872348e-01 1.070346e+00 1.182876e+00 1.053680e+00 7.569989e-01 4.207675e-01 1.429327e-01 -8.198773e-05
<VARIANCE> 25
 7.084404e+00 5.804118e+00 9.007003e+00 1.286841e+01 1.405669e+01 1.433711e+01 1.494636e+01 1.483854e+01 1.413245e+01 1.411610e+01 1.508445e+01 1.254388e+01 1.248557e-01 2.057438e-01 3.184195e-01 5.004735e-01 6.986282e-01 7.890521e-01 7.616500e-01 7.863944e-01 9.082517e-01 1.025996e+00 1.070006e+00 1.049981e+00 2.770945e-05
<GCONST> 5.860821e+01
<MIXTURE> 17 9.518312e-03
<MEAN> 25
 3.750985e+00 -6.810331e-01 6.555407e+00 4.590322e+00 -6.497588e+00 -6.016340e+00 -4.409350e+00 -3.933944e-01 -1.024735e+00 -4.734210e+00 -6.058851e-01 1.622785e+00 -7.445248e-01 -1.637435e+00 1.704690e+00 -2.698759e+00 -2.527087e+00 -9.949862e-02 -7.570065e-01 1.417611e+00 -5.289253e-02 3.385930e-01 7.931000e-01 1.294312e+00 7.327980e-02
<VARIANCE> 25
 1.693234e+01 2.766595e+01 3.069353e+01 5.240426e+01 3.901232e+01 5.044195e+01 4.078972e+01 3.265479e+01 7.978225e+01 4.832600e+01 2.132841e+01 2.659768e+01 1.358538e+00 2.331626e+00 3.501364e+00 3.028319e+00 3.431193e+00 4.365027e+00 5.771416e+00 3.432037e+00 4.469502e+00 4.141679e+00 2.771397e+00 2.750244e+00 1.802050e-03
<GCONST> 9.669398e+01
<MIXTURE> 18 1.221018e-02
<MEAN> 25
 3.151208e+00 4.475331e+00 6.883450e+00 4.587200e+00 -3.187493e+00 -8.533994e+00 -2.834351e+00 1.524409e-01 -2.283425e+00 -1.972551e+00 -5.581516e-01 -2.735372e-01 -6.446093e-01 1.745327e+00 -6.508679e-01 2.014328e+00 2.630309e+00 1.188843e+00 1.317827e+00 -6.253489e-01 4.017927e-01 3.733964e-01 -4.568000e-01 -3.752465e-01 -1.092670e-01
<VARIANCE> 25
 1.911203e+01 3.304493e+01 3.416550e+01 3.279501e+01 4.424840e+01 3.141523e+01 5.266603e+01 4.440569e+01 4.026891e+01 4.655103e+01 2.660294e+01 2.893705e+01 2.568665e+00 3.626243e+00 4.344814e+00 4.323532e+00 4.158285e+00 4.241270e+00 3.786878e+00 4.912591e+00 4.139996e+00 4.496744e+00 4.090374e+00 2.946869e+00 3.558910e-03
<GCONST> 9.932642e+01
<MIXTURE> 19 9.912824e-03
<MEAN> 25
 -9.961419e+00 1.087001e+00 2.799998e-04 1.444268e+00 4.917515e+00 9.766268e-01 2.810966e+00 1.313655e+00 1.730908e+00 1.425918e+00 -6.428266e-01 1.567839e+00 2.074075e+00 1.913974e+00 2.202077e+00 7.978098e-01 -1.061146e+00 -8.350838e-01 -1.129213e+00 -1.451072e+00 -1.397947e+00 -1.035835e+00 -3.276625e-01 -5.097482e-01 1.885252e-02
<VARIANCE> 25
 5.525153e+01 3.588528e+01 4.773719e+01 5.927760e+01 2.988323e+01 2.872919e+01 3.243800e+01 2.697844e+01 2.864496e+01 2.723191e+01 4.660426e+01 1.658456e+01 2.301792e+00 1.785969e+00 2.172805e+00 2.092863e+00 2.426225e+00 1.997160e+00 3.040469e+00 1.949667e+00 1.799167e+00 2.503379e+00 2.540855e+00 2.028651e+00 3.759433e-03
<GCONST> 9.217349e+01
<MIXTURE> 20 6.308331e-03
<MEAN> 25
 -1.408107e+01 7.263820e+00 6.186653e-01 6.188344e+00 4.999445e+00 1.691734e+00 5.277973e+00 8.093606e-01 1.056934e+00 8.044733e-01 2.581700e+00 -2.516990e-01 -3.242034e+00 -8.668432e-01 -1.543986e+00 3.240253e-01 1.465612e+00 2.017231e+00 1.946879e+00 2.028814e+00 2.113232e+00 2.045825e+00 1.625292e+00 9.514477e-01 4.787469e-02
<VARIANCE> 25
 1.977558e+01 2.356905e+01 3.253623e+01 3.609078e+01 3.104183e+01 2.724364e+01 2.919936e+01 3.073401e+01 2.780322e+01 2.750183e+01 2.480166e+01 2.048364e+01 2.098878e+00 2.303732e+00 1.926580e+00 2.515742e+00 2.824315e+00 2.294090e+00 2.345713e+00 2.321595e+00 2.226029e+00 2.578871e+00 2.281450e+00 1.807931e+00 1.977623e-03
<GCONST> 8.922572e+01
<MIXTURE> 21 7.928653e-03
<MEAN> 25
 3.672024e+00 -4.281394e+00 5.940317e+00 -3.620040e+00 -9.491368e+00 -8.829325e+00 -6.434115e+00 5.990280e+00 -1.591048e+00 -4.386145e+00 5.691770e-01 2.175107e-01 -7.414632e-01 1.363345e+00 2.712727e+00 -1.125361e-01 -1.572134e+00 2.350587e-01 8.371938e-01 -1.411815e+00 -2.283674e+00 2.583452e-01 7.919979e-01 6.627378e-01 -1.440511e-02
<VARIANCE> 25
 6.550349e+00 1.502358e+01 2.237846e+01 3.087793e+01 2.553363e+01 2.328725e+01 5.321307e+01 4.152229e+01 4.016906e+01 2.419048e+01 2.757431e+01 1.652597e+01 3.155065e-01 1.448097e+00 1.503503e+00 9.643101e-01 2.044600e+00 1.564339e+00 2.609864e+00 3.138656e+00 1.779616e+00 2.500823e+00 2.011499e+00 2.177147e+00 3.399566e-04
<GCONST> 8.200062e+01
<MIXTURE> 22 8.827789e-03
<MEAN> 25
 -1.753543e+01 6.502625e+00 -4.911779e+00 8.583924e+00 6.092619e+00 1.652051e+00 9.918585e+00 3.461248e+00 5.720449e+00 3.952147e+00 6.085421e+00 1.698177e+00 -3.637927e-01 -2.392374e-02 -1.150919e-01 -1.837081e-01 2.543196e-02 8.830490e-02 3.825168e-01 3.437147e-01 2.930820e-01 1.069823e-01 4.238507e-02 1.569184e-01 1.208698e-02
<VARIANCE> 25
 1.092335e+01 1.526393e+01 1.822400e+01 2.051994e+01 2.104481e+01 2.208073e+01 2.184982e+01 2.086322e+01 2.034079e+01 1.986526e+01 2.412825e+01 1.137217e+01 1.111560e+00 1.533544e+00 1.137655e+00 1.179620e+00 1.206816e+00 1.791748e+00 1.750440e+00 1.582340e+00 1.689104e+00 1.301596e+00 1.086290e+00 9.354522e-01 1.490544e-03
<GCONST> 7.777983e+01
<MIXTURE> 23 6.455497e-03
<MEAN> 25
 8.231456e+00 2.366813e+00 2.859822e+00 2.570429e+00 -4.835867e+00 -2.791950e+00 -3.680589e+00 -6.164968e+00 -4.393497e+00 -2.096768e+00 -3.665954e+00 -2.135163e+00 3.532609e-02 1.812880e-01 -1.294524e-02 2.871972e-02 -3.762644e-02 6.753806e-02 2.383815e-03 -6.358853e-02 7.869221e-02 8.668149e-03 -2.087189e-02 1.207620e-01 -3.919193e-03
<VARIANCE> 25
 1.041478e+01 2.116286e+01 2.353454e+01 3.835296e+01 3.632345e+01 5.213114e+01 5.810847e+01 5.242635e+01 5.366505e+01 5.671151e+01 4.754652e+01 3.719093e+01 1.117918e-01 3.869679e-01 3.721775e-01 4.869143e-01 5.770964e-01 7.062196e-01 7.458758e-01 8.380250e-01 8.960937e-01 9.573517e-01 7.875894e-01 7.658386e-01 1.015567e-04
<GCONST> 7.314436e+01
<MIXTURE> 24 6.455497e-03
<MEAN> 25
 8.231456e+00 2.366813e+00 2.859822e+00 2.570429e+00 -4.835867e+00 -2.791950e+00 -3.680589e+00 -6.164968e+00 -4.393497e+00 -2.096768e+00 -3.665954e+00 -2.135163e+00 3.532609e-02 1.812880e-01 -1.294524e-02 2.871972e-02 -3.762644e-02 6.753806e-02 2.383815e-03 -6.358853e-02 7.869221e-02 8.668149e-03 -2.087189e-02 1.207620e-01 -3.919193e-03
<VARIANCE> 25
 1.041478e+01 2.116286e+01 2.353454e+01 3.835296e+01 3.632345e+01 5.213114e+01 5.810847e+01 5.242635e+01 5.366505e+01 5.671151e+01 4.754652e+01 3.719093e+01 1.117918e-01 3.869679e-01 3.721775e-01 4.869143e-01 5.770964e-01 7.062196e-01 7.458758e-01 8.380250e-01 8.960937e-01 9.573517e-01 7.875894e-01 7.658386e-01 1.015567e-04
<GCONST> 7.314436e+01
<MIXTURE> 25 1.118642e-02
<MEAN> 25
 2.240366e-02 3.702898e+00 1.648409e+01 -4.133410e+00 -1.056603e+01 1.532112e-01 -6.344097e+00 3.258026e-01 -9.523152e+00 -8.517646e+00 2.858715e+00 1.419560e+00 -1.640859e-02 2.610005e-01 -4.278150e-02 2.647965e-01 2.447518e-01 -2.778245e-01 4.585022e-01 -1.896006e-01 -1.444298e-01 -1.300245e-01 2.511864e-01 -4.386913e-01 -1.122643e-02
<VARIANCE> 25
 6.634312e+00 1.961403e+01 1.663709e+01 4.169376e+01 2.428832e+01 4.557979e+01 2.399520e+01 3.936366e+01 3.824738e+01 5.406450e+01 2.323662e+01 3.483493e+01 5.785584e-01 1.215271e+00 1.318696e+00 1.160880e+00 1.744718e+00 1.931281e+00 2.220203e+00 1.732018e+00 1.307431e+00 1.689866e+00 1.290586e+00 1.163414e+00 1.173572e-03
<GCONST> 8.263487e+01
<MIXTURE> 26 7.727677e-03
<MEAN> 25
 1.834027e+00 -5.473239e+00 -1.016334e+01 -1.235346e+00 7.191461e+00 9.398457e+00 7.978938e+00 -3.331380e+00 4.557284e+00 2.604235e+00 -4.423872e+00 -1.665741e+00 -7.053082e-01 5.990758e-01 1.961208e-01 7.301185e-01 4.888640e-01 -4.248368e-04 5.300330e-02 6.221705e-01 3.113896e-01 -1.210454e-01 5.563813e-01 2.060109e-01 -5.550813e-02
<VARIANCE> 25
 1.879081e+01 2.485274e+01 2.163835e+01 4.422284e+01 3.320960e+01 6.802283e+01 6.221477e+01 6.050872e+01 4.466666e+01 5.100725e+01 3.912323e+01 3.888499e+01 1.408848e+00 1.991230e+00 1.856045e+00 1.586457e+00 1.954554e+00 4.320996e+00 2.874810e+00 3.356948e+00 2.686652e+00 1.777611e+00 2.184049e+00 2.570764e+00 2.641282e-03
<GCONST> 9.383614e+01
<MIXTURE> 27 7.727677e-03
<MEAN> 25
 1.834027e+00 -5.473239e+00 -1.016334e+01 -1.235346e+00 7.191461e+00 9.398457e+00 7.978938e+00 -3.331380e+00 4.557284e+00 2.604235e+00 -4.423872e+00 -1.665741e+00 -7.053082e-01 5.990758e-01 1.961208e-01 7.301185e-01 4.888640e-01 -4.248368e-04 5.300330e-02 6.221705e-01 3.113896e-01 -1.210454e-01 5.563813e-01 2.060109e-01 -5.550813e-02
<VARIANCE> 25
 1.879081e+01 2.485274e+01 2.163835e+01 4.422284e+01 3.320960e+01 6.802283e+01 6.221477e+01 6.050872e+01 4.466666e+01 5.100725e+01 3.912323e+01 3.888499e+01 1.408848e+00 1.991230e+00 1.856045e+00 1.586457e+00 1.954554e+00 4.320996e+00 2.874810e+00 3.356948e+00 2.686652e+00 1.777611e+00 2.184049e+00 2.570764e+00 2.641282e-03
<GCONST> 9.383614e+01
<MIXTURE> 28 5.036674e-03
<MEAN> 25
 -6.054809e+00 6.047453e-01 -2.127172e+00 6.121901e+00 5.736216e+00 2.721702e+00 5.587959e+00 3.081705e+00 4.819028e+00 2.342915e+00 2.509502e+00 2.533565e+00 -5.540603e-02 1.747746e-01 4.782569e-01 7.630121e-01 7.746401e-01 7.215796e-01 5.783374e-01 3.052970e-01 4.386790e-01 5.218713e-01 2.626063e-01 1.203854e-01 1.753613e-06
<VARIANCE> 25
 1.087712e+01 9.139027e+00 1.260284e+01 1.575230e+01 1.406795e+01 1.859227e+01 1.790759e+01 1.783167e+01 1.905939e+01 1.538521e+01 1.975411e+01 1.622036e+01 2.714559e-01 3.130194e-01 4.123712e-01 5.142298e-01 6.178580e-01 8.473554e-01 1.117658e+00 1.159454e+00 1.023417e+00 1.148428e+00 1.027083e+00 1.294936e+00 8.571919e-07
<GCONST> 6.069331e+01
<MIXTURE> 29 5.036674e-03
<MEAN> 25
 -6.054809e+00 6.047453e-01 -2.127172e+00 6.121901e+00 5.736216e+00 2.721702e+00 5.587959e+00 3.081705e+00 4.819028e+00 2.342915e+00 2.509502e+00 2.533565e+00 -5.540603e-02 1.747746e-01 4.782569e-01 7.630121e-01 7.746401e-01 7.215796e-01 5.783374e-01 3.052970e-01 4.386790e-01 5.218713e-01 2.626063e-01 1.203854e-01 1.753613e-06
<VARIANCE> 25
 1.087712e+01 9.139027e+00 1.260284e+01 1.575230e+01 1.406795e+01 1.859227e+01 1.790759e+01 1.783167e+01 1.905939e+01 1.538521e+01 1.975411e+01 1.622036e+01 2.714559e-01 3.130194e-01 4.123712e-01 5.142298e-01 6.178580e-01 8.473554e-01 1.117658e+00 1.159454e+00 1.023417e+00 1.148428e+00 1.027083e+00 1.294936e+00 8.571919e-07
<GCONST> 6.069331e+01
<MIXTURE> 30 8.917812e-03
<MEAN> 25
 -4.632139e+00 -8.414125e-02 5.814517e-01 9.035256e+00 7.868380e+00 7.410581e+00 7.659712e+00 6.784085e+00 6.573420e+00 4.861848e+00 6.952536e+00 3.449463e+00 -2.036531e-02 3.143596e-02 5.700165e-02 7.995823e-02 8.240050e-02 5.354448e-02 1.342713e-02 -6.435138e-03 8.370888e-03 4.348173e-02 5.412395e-02 2.031664e-02 -5.543824e-04
<VARIANCE> 25
 7.515645e+00 1.017048e+01 1.044097e+01 1.368439e+01 1.583511e+01 1.656643e+01 1.901776e+01 1.833586e+01 1.605592e+01 1.817992e+01 2.111262e+01 1.437466e+01 9.727906e-02 2.005360e-01 3.216070e-01 4.852278e-01 6.103886e-01 7.276790e-01 7.716572e-01 8.265171e-01 8.662038e-01 9.446650e-01 9.222059e-01 8.737952e-01 4.976863e-05
<GCONST> 6.068059e+01
<MIXTURE> 31 4.136493e-03
<MEAN> 25
 -3.331136e+00 -5.735132e+00 2.502701e-01 4.832502e+00 3.514500e+00 1.576087e+00 5.400466e+00 6.714621e+00 2.534978e+00 1.178318e+00 6.524114e+00 3.022943e+00 2.246760e-01 4.923782e-01 -2.036745e-01 3.209704e-01 2.205434e-01 4.410857e-01 1.821711e-01 -3.754560e-03 3.672362e-01 4.159919e-01 1.648365e-01 1.539294e-01 -1.820990e-02
<VARIANCE> 25
 6.980957e+00 1.502038e+01 1.858146e+01 1.768353e+01 2.560096e+01 2.360228e+01 2.391635e+01 2.501727e+01 2.684665e+01 2.742733e+01 1.997594e+01 1.881050e+01 2.140501e-01 5.031322e-01 6.026055e-01 7.720072e-01 1.301527e+00 1.116752e+00 1.203091e+00 1.363964e+00 1.335058e+00 1.353380e+00 1.350184e+00 1.167972e+00 2.519204e-04
<GCONST> 7.235928e+01
<MIXTURE> 32 4.136493e-03
<MEAN> 25
 -3.331136e+00 -5.735132e+00 2.502701e-01 4.832502e+00 3.514500e+00 1.576087e+00 5.400466e+00 6.714621e+00 2.534978e+00 1.178318e+00 6.524114e+00 3.022943e+00 2.246760e-01 4.923782e-01 -2.036745e-01 3.209704e-01 2.205434e-01 4.410857e-01 1.821711e-01 -3.754560e-03 3.672362e-01 4.159919e-01 1.648365e-01 1.539294e-01 -1.820990e-02
<VARIANCE> 25
 6.980957e+00 1.502038e+01 1.858146e+01 1.768353e+01 2.560096e+01 2.360228e+01 2.391635e+01 2.501727e+01 2.684665e+01 2.742733e+01 1.997594e+01 1.881050e+01 2.140501e-01 5.031322e-01 6.026055e-01 7.720072e-01 1.301527e+00 1.116752e+00 1.203091e+00 1.363964e+00 1.335058e+00 1.353380e+00 1.350184e+00 1.167972e+00 2.519204e-04
<GCONST> 7.235928e+01
<MIXTURE> 33 1.508826e-02
<MEAN> 25
 6.520154e+00 -5.671491e+00 -2.058477e+00 -1.947380e+00 -2.289812e+00 -5.583832e+00 -6.760340e+00 3.061072e+00 1.979895e+00 7.883258e-01 -4.477132e+00 -2.689521e+00 7.319680e-01 -1.038002e+00 -2.437068e+00 -1.647470e+00 1.549378e+00 1.711664e+00 -8.896123e-01 5.590227e-01 8.791714e-01 7.773274e-01 -1.799829e-01 -1.394573e+00 2.849911e-02
<VARIANCE> 25
 9.090303e+00 2.349061e+01 2.668216e+01 2.917888e+01 3.412702e+01 3.960180e+01 5.925695e+01 4.938798e+01 4.247901e+01 5.091039e+01 4.078889e+01 3.666231e+01 1.030912e+00 2.080876e+00 2.652690e+00 1.966021e+00 3.451272e+00 3.728227e+00 4.199023e+00 6.995304e+00 3.169816e+00 3.662506e+00 3.283826e+00 2.003906e+00 1.452439e-03
<GCONST> 9.429896e+01
<MIXTURE> 34 1.588179e-02
<MEAN> 25
 8.440814e+00 -3.949968e-01 1.520625e+00 1.347685e+00 -2.406039e+00 -4.842944e-01 -4.572141e+00 -5.439377e+00 -2.468311e+00 -5.557019e-01 -4.586363e-01 -2.885861e+00 -1.125382e-01 1.506426e+00 1.262657e+00 2.503035e+00 6.606974e-01 1.825634e-02 1.442778e+00 -2.862231e+00 -9.807740e-01 8.897379e-02 -1.134530e+00 2.675247e-01 -5.974029e-02
<VARIANCE> 25
 6.565907e+00 2.349813e+01 2.936120e+01 5.502312e+01 3.273926e+01 5.000595e+01 4.013849e+01 5.835495e+01 9.596051e+01 7.225594e+01 4.160813e+01 2.538599e+01 1.256558e+00 1.585744e+00 3.848070e+00 4.366919e+00 3.795070e+00 5.528937e+00 5.307983e+00 7.974052e+00 4.183507e+00 6.809873e+00 4.578184e+00 3.678787e+00 7.995958e-04
<GCONST> 9.868158e+01
<MIXTURE> 35 1.467755e-02
<MEAN> 25
 -3.118123e+00 -6.167327e+00 -9.931030e+00 -1.921355e-01 8.566711e+00 -1.151995e-02 1.640781e+00 1.740666e+00 3.109181e+00 3.748924e+00 -2.214392e+00 1.074632e+00 2.450373e-01 -1.305568e+00 -9.285849e-01 -1.145254e+00 1.454632e-01 -1.060992e+00 -1.467490e+00 2.623506e-01 -1.250279e-01 4.782413e-01 -9.002100e-01 -5.939642e-02 1.203763e-01
<VARIANCE> 25
 1.664107e+01 2.618085e+01 3.760888e+01 4.552289e+01 3.653077e+01 4.183516e+01 5.128244e+01 5.564920e+01 5.120732e+01 3.145211e+01 3.479124e+01 2.364334e+01 4.033079e+00 4.960972e+00 6.807920e+00 4.457127e+00 4.875670e+00 5.793148e+00 4.764204e+00 4.915339e+00 5.105508e+00 3.673846e+00 3.848787e+00 2.705994e+00 5.610080e-03
<GCONST> 1.018491e+02
<MIXTURE> 36 1.093293e-02
<MEAN> 25
 3.730812e+00 -3.980712e+00 7.762073e+00 5.388038e-01 -1.143119e+01 -9.135204e+00 -7.838874e+00 5.458803e+00 -2.500015e+00 -4.447130e+00 3.315967e+00 4.523791e-01 3.625750e-01 7.724772e-02 -8.337806e-01 -2.566743e-01 9.004426e-01 1.303647e-01 -1.926576e-01 5.984499e-01 1.645143e-01 2.014036e-01 -3.614828e-01 -4.024406e-01 -1.638572e-02
<VARIANCE> 25
 8.979298e+00 1.254517e+01 1.638086e+01 2.674763e+01 2.593900e+01 2.301093e+01 4.123619e+01 3.748874e+01 3.411134e+01 2.959712e+01 2.182218e+01 2.020912e+01 4.317993e-01 6.912604e-01 1.448297e+00 1.335706e+00 1.552449e+00 1.579701e+00 2.133306e+00 1.886413e+00 1.980517e+00 2.347453e+00 1.161743e+00 1.286397e+00 7.137073e-04
<GCONST> 7.992884e+01
<MIXTURE> 37 1.246826e-02
<MEAN> 25
 6.562058e-01 7.919061e+00 1.237001e+01 -5.419404e+00 -6.380660e+00 -1.487277e+00 -5.478181e+00 -5.957146e+00 -4.747920e+00 -2.407922e+00 -3.333785e+00 -1.271625e+00 4.647968e-01 8.639728e-01 -1.460400e+00 3.538528e+00 1.903515e+00 -1.117670e-01 1.272242e+00 -4.789580e-02 6.461309e-01 -2.741140e-01 5.527502e-01 -4.123725e-01 -9.331980e-02
<VARIANCE> 25
 1.486592e+01 2.780849e+01 2.852334e+01 5.349636e+01 5.008531e+01 3.090960e+01 3.981356e+01 5.739431e+01 4.240189e+01 4.395633e+01 3.589208e+01 2.768763e+01 3.013940e+00 3.437476e+00 3.085055e+00 3.799515e+00 4.317906e+00 3.471003e+00 3.738963e+00 4.854381e+00 3.114327e+00 3.706826e+00 3.381124e+00 2.848415e+00 3.480141e-03
<GCONST> 9.826832e+01
<MIXTURE> 38 1.154525e-02
<MEAN> 25
 -4.313046e+00 9.012676e+00 3.187106e+00 3.613585e+00 1.395569e+00 -5.253514e+00 -1.536271e+00 -4.305419e+00 -3.209058e+00 -3.495109e+00 -2.242754e+00 -7.866826e-01 -4.300139e+00 1.423581e+00 -2.856422e-01 1.216944e+00 2.470464e+00 9.513429e-01 1.477142e+00 5.081071e-01 5.891388e-01 9.556624e-01 2.839869e-01 5.416040e-01 4.143453e-02
<VARIANCE> 25
 2.709874e+01 2.484273e+01 5.924770e+01 5.786542e+01 4.107645e+01 3.356599e+01 3.521136e+01 3.983550e+01 2.983672e+01 3.507243e+01 2.470285e+01 2.549304e+01 2.309920e+00 5.007465e+00 3.996460e+00 4.734884e+00 3.615277e+00 4.892057e+00 5.972568e+00 4.095216e+00 3.926622e+00 4.177964e+00 4.969800e+00 3.376129e+00 1.953584e-03
<GCONST> 9.931030e+01
<MIXTURE> 39 9.501865e-03
<MEAN> 25
 1.603722e+00 1.995518e+00 1.128295e+01 -9.133563e+00 -1.125511e+01 -1.637963e-01 -3.700624e+00 -5.242908e+00 -5.718656e+00 -5.225455e-01 -3.926940e+00 -8.259663e-01 -8.159686e-01 1.278338e+00 1.526472e+00 -1.486037e+00 7.448573e-02 1.026634e+00 -1.324116e+00 -1.112507e+00 5.410920e-01 6.133938e-01 -4.893522e-01 1.044104e-01 6.809228e-03
<VARIANCE> 25
 8.712289e+00 3.438176e+01 3.598178e+01 3.649641e+01 3.277854e+01 4.545333e+01 4.326321e+01 4.001781e+01 4.426191e+01 4.175062e+01 3.333882e+01 3.863838e+01 7.138281e-01 1.804607e+00 1.582108e+00 2.918072e+00 2.250857e+00 2.975305e+00 2.973248e+00 2.763950e+00 2.444434e+00 3.267126e+00 1.876821e+00 2.008275e+00 1.236141e-03
<GCONST> 9.077499e+01
<MIXTURE> 40 1.030800e-02
<MEAN> 25
 -1.009086e+01 2.314376e+00 -2.609537e+00 8.645433e+00 5.525458e+00 4.369240e+00 6.489090e+00 4.717604e+00 5.115629e+00 4.146070e+00 5.292188e+00 1.868282e+00 -5.884617e-02 -1.873626e-01 1.019048e-01 -2.017853e-01 1.112679e-02 -3.312522e-01 1.295655e-01 4.128423e-02 -6.825885e-02 1.936849e-03 1.002233e-02 -1.194068e-02 3.830954e-03
<VARIANCE> 25
 3.170861e+01 1.984569e+01 2.693617e+01 3.138442e+01 2.515686e+01 1.837356e+01 2.334720e+01 1.525627e+01 1.552309e+01 1.552319e+01 1.843257e+01 1.365088e+01 7.849752e-01 6.950734e-01 1.063045e+00 1.275057e+00 9.565916e-01 1.478600e+00 1.173177e+00 1.269960e+00 1.051166e+00 1.114429e+00 1.196492e+00 8.568604e-01 6.505658e-04
<GCONST> 7.544456e+01
<MIXTURE> 41 6.713375e-03
<MEAN> 25
 9.934788e-01 3.433528e+00 1.194176e+01 -7.143274e+00 -8.549466e+00 -3.026794e+00 -2.425078e+00 -3.847894e+00 -6.867500e+00 3.319795e-01 -2.426981e+00 1.686290e+00 9.517756e-02 -6.719496e-01 1.817310e+00 -3.609422e+00 -2.388956e+00 6.190974e-01 -7.456592e-01 4.213724e-01 -1.039380e+00 9.023159e-01 -1.228256e+00 7.463875e-01 8.224650e-02
<VARIANCE> 25
 9.803868e+00 4.978923e+01 3.516411e+01 3.764350e+01 4.677279e+01 4.863827e+01 4.111046e+01 3.961589e+01 5.483894e+01 3.323824e+01 2.679300e+01 2.921424e+01 3.884361e+00 2.674392e+00 2.789049e+00 4.002816e+00 5.290754e+00 5.995823e+00 4.217177e+00 5.130649e+00 3.814013e+00 3.685481e+00 3.487355e+00 3.124283e+00 2.195720e-03
<GCONST> 9.881677e+01
<MIXTURE> 42 1.106211e-02
<MEAN> 25
 -2.301834e+00 4.939085e+00 4.243458e+00 2.330643e+00 1.207237e+00 -6.413060e+00 -4.149120e+00 -3.688178e+00 -2.473553e+00 -1.964606e+00 -2.391004e+00 1.673882e+00 3.913272e+00 -6.217276e-01 2.020689e+00 6.944710e-01 -3.208296e+00 -1.239771e+00 -2.334346e+00 -3.827697e-01 -5.626289e-01 -9.215800e-01 1.173811e+00 -7.441148e-01 2.728836e-02
<VARIANCE> 25
 3.374464e+01 2.323934e+01 6.221969e+01 2.981824e+01 3.435641e+01 3.191015e+01 4.530696e+01 2.530432e+01 2.937584e+01 3.549825e+01 2.132302e+01 1.869114e+01 3.563044e+00 6.611914e+00 6.367260e+00 5.288616e+00 4.970908e+00 4.732049e+00 3.871635e+00 4.904823e+00 4.475616e+00 5.813099e+00 4.120801e+00 2.725983e+00 3.962025e-03
<GCONST> 1.000437e+02
<MIXTURE> 43 7.108249e-03
<MEAN> 25
 3.182063e+00 -6.285945e+00 -2.247249e+00 -5.173240e+00 -7.393668e+00 -3.388108e+00 4.141500e+00 1.307065e+00 -5.063350e+00 -7.085685e+00 -4.325873e+00 -1.245559e+00 2.353519e-01 2.162894e+00 1.911814e+00 -1.344234e-01 -1.424510e+00 -7.925570e-01 -9.703137e-01 -7.788107e-01 8.235379e-01 1.466883e+00 3.417167e-01 2.054493e-02 -4.503681e-02
<VARIANCE> 25
 9.677182e+00 1.992897e+01 2.730242e+01 3.518731e+01 3.832581e+01 3.665434e+01 3.321045e+01 3.973145e+01 3.999176e+01 3.929705e+01 2.668407e+01 2.947947e+01 6.910171e-01 1.249682e+00 1.571504e+00 2.497052e+00 2.380238e+00 2.383980e+00 2.653470e+00 3.019334e+00 2.600220e+00 2.572313e+00 2.336503e+00 1.914648e+00 9.425849e-04
<GCONST> 8.800581e+01
<MIXTURE> 44 7.328289e-03
<MEAN> 25
 -1.524793e+01 1.517458e+00 3.543622e+00 -3.108689e+00 3.396186e+00 2.089694e+00 -6.174070e-03 2.453651e+00 1.543027e+00 -7.347782e-01 1.754412e+00 1.962470e+00 -1.537162e-01 1.466616e-02 1.465489e-01 2.851354e-01 -8.371903e-02 1.942508e-01 4.616703e-01 1.020705e-01 2.463680e-01 1.507229e-01 6.421120e-02 9.141269e-02 4.077867e-03
<VARIANCE> 25
 4.180680e+01 2.814988e+01 3.605857e+01 3.152482e+01 2.938431e+01 2.979178e+01 2.551242e+01 3.162611e+01 2.775508e+01 2.706510e+01 2.768469e+01 1.920953e+01 1.224709e+00 1.556324e+00 1.398346e+00 1.365132e+00 2.226939e+00 1.649272e+00 1.530723e+00 1.635627e+00 1.558804e+00 1.514468e+00 1.405785e+00 1.235033e+00 1.292740e-03
<GCONST> 8.468922e+01
<MIXTURE> 45 1.364932e-02
<MEAN> 25
 -1.325076e+01 2.353987e+00 -3.657804e+00 3.327041e+00 6.483572e+00 3.961459e-01 5.344203e+00 2.327563e+00 3.566916e+00 2.534200e+00 1.727550e+00 2.233898e+00 -2.976584e+00 3.777393e-01 -6.602132e-01 -3.357067e-01 1.737797e-01 -2.160572e-02 5.647016e-01 4.450555e-01 3.102381e-01 3.771217e-01 7.332218e-02 3.811340e-01 1.197132e-01
<VARIANCE> 25
 3.114516e+01 2.688991e+01 3.611461e+01 3.849661e+01 2.653500e+01 2.636765e+01 2.584839e+01 2.129852e+01 2.191179e+01 1.827513e+01 2.577342e+01 1.235211e+01 2.045727e+00 4.559056e+00 2.697971e+00 2.878880e+00 2.488585e+00 2.198411e+00 3.177587e+00 2.286459e+00 2.473862e+00 2.025401e+00 1.738942e+00 1.544261e+00 4.542447e-03
<GCONST> 8.970226e+01
<MIXTURE> 46 9.336259e-03
<MEAN> 25
 -9.286136e+00 2.634276e+00 1.098588e+00 7.744781e+00 6.722290e+00 2.082911e+00 8.060444e+00 4.870440e+00 5.157673e+00 4.066325e+00 5.230879e+00 2.394256e+00 6.243717e-01 1.997040e-01 -3.124616e-01 9.595641e-01 9.576212e-01 1.068404e+00 1.903427e-01 8.536241e-02 7.917676e-01 5.694334e-01 5.800156e-01 5.697059e-01 -8.814824e-02
<VARIANCE> 25
 2.897229e+01 3.975722e+01 3.429280e+01 3.825097e+01 4.668336e+01 3.675435e+01 3.313936e+01 2.752020e+01 3.339293e+01 2.496906e+01 2.582818e+01 1.758201e+01 4.480349e+00 4.499384e+00 4.117662e+00 3.641857e+00 3.858409e+00 2.993608e+00 3.160722e+00 3.358331e+00 3.143100e+00 2.476060e+00 1.916031e+00 1.506273e+00 6.598861e-03
<GCONST> 9.589410e+01
<MIXTURE> 47 7.116147e-03
<MEAN> 25
 7.116456e+00 -7.816892e+00 -7.635151e+00 -6.464980e+00 1.182269e+00 4.313851e-01 -2.849709e+00 8.653350e-01 3.350972e+00 1.005474e+00 -4.014564e+00 -7.389904e+00 -2.421178e-01 -1.197986e+00 -5.221039e-01 -6.435862e-01 7.066742e-01 9.095826e-01 7.359117e-01 6.188855e-01 9.311964e-03 -6.640416e-01 -6.411461e-01 -3.491010e-01 2.799054e-02
<VARIANCE> 25
 9.900256e+00 1.988710e+01 1.847110e+01 2.972343e+01 3.491677e+01 5.074773e+01 4.769929e+01 4.240355e+01 4.152967e+01 4.758843e+01 4.569649e+01 3.716427e+01 5.324568e-01 8.237144e-01 1.337644e+00 1.887560e+00 1.848586e+00 2.336633e+00 2.291435e+00 3.363291e+00 2.439915e+00 2.272938e+00 2.330385e+00 1.979669e+00 5.630106e-04
<GCONST> 8.702306e+01
<MIXTURE> 48 7.116147e-03
<MEAN> 25
 7.116456e+00 -7.816892e+00 -7.635151e+00 -6.464980e+00 1.182269e+00 4.313851e-01 -2.849709e+00 8.653350e-01 3.350972e+00 1.005474e+00 -4.014564e+00 -7.389904e+00 -2.421178e-01 -1.197986e+00 -5.221039e-01 -6.435862e-01 7.066742e-01 9.095826e-01 7.359117e-01 6.188855e-01 9.311964e-03 -6.640416e-01 -6.411461e-01 -3.491010e-01 2.799054e-02
<VARIANCE> 25
 9.900256e+00 1.988710e+01 1.847110e+01 2.972343e+01 3.491677e+01 5.074773e+01 4.769929e+01 4.240355e+01 4.152967e+01 4.758843e+01 4.569649e+01 3.716427e+01 5.324568e-01 8.237144e-01 1.337644e+00 1.887560e+00 1.848586e+00 2.336633e+00 2.291435e+00 3.363291e+00 2.439915e+00 2.272938e+00 2.330385e+00 1.979669e+00 5.630106e-04
<GCONST> 8.702306e+01
<MIXTURE> 49 5.548473e-03
<MEAN> 25
 -5.746466e+00 1.010465e+00 -3.411427e-01 8.074117e+00 6.844566e+00 4.860147e+00 6.312877e+00 3.574545e+00 5.546253e+00 3.780231e+00 4.801481e+00 2.559088e+00 2.969194e-01 6.167108e-01 7.377133e-01 2.544924e-01 -2.210854e-01 -5.653505e-01 -9.993180e-01 -1.169753e+00 -9.311531e-01 -6.917798e-01 -4.463895e-01 -3.104772e-01 -2.020695e-04
<VARIANCE> 25
 1.000022e+01 1.052350e+01 1.347085e+01 1.494691e+01 1.576994e+01 1.795856e+01 1.886439e+01 2.225321e+01 1.797085e+01 1.567529e+01 1.744562e+01 1.356864e+01 3.298965e-01 2.312757e-01 3.668140e-01 7.726420e-01 8.836987e-01 1.070096e+00 9.067494e-01 9.582466e-01 1.077931e+00 1.198076e+00 1.252327e+00 1.101249e+00 1.255832e-05
<GCONST> 6.396348e+01
<MIXTURE> 50 6.234641e-03
<MEAN> 25
 -5.717044e+00 1.159075e+00 -1.939627e+00 5.699751e+00 5.624753e+00 2.290000e+00 4.415676e+00 1.916623e+00 3.692244e+00 1.166057e+00 2.420574e+00 2.438607e+00 8.604756e-02 1.484342e-01 1.229552e-01 -1.983559e-01 -5.185288e-01 -6.423858e-01 -4.513597e-01 -1.315497e-01 4.349951e-01 7.468699e-01 7.932407e-01 4.362039e-01 -1.015762e-05
<VARIANCE> 25
 1.174054e+01 1.225179e+01 1.410988e+01 1.404070e+01 1.864480e+01 1.517840e+01 1.761799e+01 1.732817e+01 2.010123e+01 1.639007e+01 1.804750e+01 1.492028e+01 1.412034e-01 2.279242e-01 3.712003e-01 4.643037e-01 5.638422e-01 7.382655e-01 8.475092e-01 1.059675e+00 9.180505e-01 9.587371e-01 8.308545e-01 1.085434e+00 7.836159e-07
<GCONST> 5.849559e+01
<MIXTURE> 51 6.234641e-03
<MEAN> 25
 -5.717044e+00 1.159075e+00 -1.939627e+00 5.699751e+00 5.624753e+00 2.290000e+00 4.415676e+00 1.916623e+00 3.692244e+00 1.166057e+00 2.420574e+00 2.438607e+00 8.604756e-02 1.484342e-01 1.229552e-01 -1.983559e-01 -5.185288e-01 -6.423858e-01 -4.513597e-01 -1.315497e-01 4.349951e-01 7.468699e-01 7.932407e-01 4.362039e-01 -1.015762e-05
<VARIANCE> 25
 1.174054e+01 1.225179e+01 1.410988e+01 1.404070e+01 1.864480e+01 1.517840e+01 1.761799e+01 1.732817e+01 2.010123e+01 1.639007e+01 1.804750e+01 1.492028e+01 1.412034e-01 2.279242e-01 3.712003e-01 4.643037e-01 5.638422e-01 7.382655e-01 8.475092e-01 1.059675e+00 9.180505e-01 9.587371e-01 8.308545e-01 1.085434e+00 7.836159e-07
<GCONST> 5.849559e+01
<MIXTURE> 52 6.367945e-03
<MEAN> 25
 1.064481e+01 2.648502e-01 -6.508233e+00 -1.403640e+01 -6.403316e+00 9.891948e+00 -1.018170e+00 -3.530646e+00 -4.037120e+00 -1.176833e+00 4.749158e+00 -9.512543e-02 -4.969330e-01 -3.728747e-01 -7.879068e-02 9.926652e-01 1.517530e+00 -7.310256e-01 -5.202445e-01 -4.860264e-01 3.950290e-01 1.102608e+00 2.791631e-01 -6.154325e-01 -1.311297e-02
<VARIANCE> 25
 7.417069e+00 1.955962e+01 1.913491e+01 3.217940e+01 5.111639e+01 2.679515e+01 6.953176e+01 4.839291e+01 3.620034e+01 4.567682e+01 4.279880e+01 2.418414e+01 4.369135e-01 1.247036e+00 1.199315e+00 2.248579e+00 2.387784e+00 1.997237e+00 2.886652e+00 2.890054e+00 2.967479e+00 1.942577e+00 2.894939e+00 2.222764e+00 1.135521e-03
<GCONST> 8.794444e+01
<MIXTURE> 53 6.367945e-03
<MEAN> 25
 1.064481e+01 2.648502e-01 -6.508233e+00 -1.403640e+01 -6.403316e+00 9.891948e+00 -1.018170e+00 -3.530646e+00 -4.037120e+00 -1.176833e+00 4.749158e+00 -9.512543e-02 -4.969330e-01 -3.728747e-01 -7.879068e-02 9.926652e-01 1.517530e+00 -7.310256e-01 -5.202445e-01 -4.860264e-01 3.950290e-01 1.102608e+00 2.791631e-01 -6.154325e-01 -1.311297e-02
<VARIANCE> 25
 7.417069e+00 1.955962e+01 1.913491e+01 3.217940e+01 5.111639e+01 2.679515e+01 6.953176e+01 4.839291e+01 3.620034e+01 4.567682e+01 4.279880e+01 2.418414e+01 4.369135e-01 1.247036e+00 1.199315e+00 2.248579e+00 2.387784e+00 1.997237e+00 2.886652e+00 2.890054e+00 2.967479e+00 1.942577e+00 2.894939e+00 2.222764e+00 1.135521e-03
<GCONST> 8.794444e+01
<MIXTURE> 54 7.368620e-03
<MEAN> 25
 -4.360260e+00 5.353588e-01 -8.062237e-01 7.845871e+00 6.985564e+00 4.538952e+00 5.252355e+00 4.343355e+00 4.408859e+00 3.456671e+00 4.453379e+00 2.010138e+00 8.232633e-04 4.149411e-02 2.984395e-02 5.023708e-02 5.422272e-02 4.603408e-02 5.310139e-02 1.075951e-01 2.576175e-02 3.345222e-02 5.180312e-02 -1.037074e-01 -1.080657e-05
<VARIANCE> 25
 1.183369e+01 1.096291e+01 8.650252e+00 1.737393e+01 1.395472e+01 1.264437e+01 1.347041e+01 1.138690e+01 1.118253e+01 1.375491e+01 1.637753e+01 1.287283e+01 4.066004e-02 9.373775e-02 1.513771e-01 2.147790e-01 3.067288e-01 4.242060e-01 4.559276e-01 6.002081e-01 5.148599e-01 5.492841e-01 5.387625e-01 5.697601e-01 8.860956e-07
<GCONST> 4.770612e+01
<MIXTURE> 55 7.368620e-03
<MEAN> 25
 -4.360260e+00 5.353588e-01 -8.062237e-01 7.845871e+00 6.985564e+00 4.538952e+00 5.252355e+00 4.343355e+00 4.408859e+00 3.456671e+00 4.453379e+00 2.010138e+00 8.232633e-04 4.149411e-02 2.984395e-02 5.023708e-02 5.422272e-02 4.603408e-02 5.310139e-02 1.075951e-01 2.576175e-02 3.345222e-02 5.180312e-02 -1.037074e-01 -1.080657e-05
<VARIANCE> 25
 1.183369e+01 1.096291e+01 8.650252e+00 1.737393e+01 1.395472e+01 1.264437e+01 1.347041e+01 1.138690e+01 1.118253e+01 1.375491e+01 1.637753e+01 1.287283e+01 4.066004e-02 9.373775e-02 1.513771e-01 2.147790e-01 3.067288e-01 4.242060e-01 4.559276e-01 6.002081e-01 5.148599e-01 5.492841e-01 5.387625e-01 5.697601e-01 8.860956e-07
<GCONST> 4.770612e+01
<MIXTURE> 56 6.132464e-03
<MEAN> 25
 7.362463e+00 -6.798100e+00 -8.960918e+00 -8.292418e+00 3.291873e+00 4.180818e+00 -6.417776e-01 -1.705677e+00 2.785584e+00 2.071589e+00 -3.533545e+00 -6.511312e+00 -5.947416e-02 3.902877e-02 -1.007223e-01 7.184114e-02 3.662776e-01 1.228715e-01 9.301183e-02 -2.390242e-01 -3.294155e-03 3.876745e-02 -1.942069e-01 4.760686e-02 -8.399460e-03
<VARIANCE> 25
 8.521029e+00 2.178816e+01 1.790288e+01 3.921222e+01 3.270424e+01 4.755035e+01 7.113181e+01 3.804026e+01 3.942175e+01 4.768747e+01 4.282311e+01 2.991494e+01 2.042105e-01 4.419274e-01 4.872000e-01 7.187114e-01 9.983723e-01 1.101490e+00 9.211692e-01 9.734136e-01 1.119623e+00 9.141919e-01 1.076014e+00 7.503901e-01 2.483949e-04
<GCONST> 7.571194e+01
<MIXTURE> 57 6.132464e-03
<MEAN> 25
 7.362463e+00 -6.798100e+00 -8.960918e+00 -8.292418e+00 3.291873e+00 4.180818e+00 -6.417776e-01 -1.705677e+00 2.785584e+00 2.071589e+00 -3.533545e+00 -6.511312e+00 -5.947416e-02 3.902877e-02 -1.007223e-01 7.184114e-02 3.662776e-01 1.228715e-01 9.301183e-02 -2.390242e-01 -3.294155e-03 3.876745e-02 -1.942069e-01 4.760686e-02 -8.399460e-03
<VARIANCE> 25
 8.521029e+00 2.178816e+01 1.790288e+01 3.921222e+01 3.270424e+01 4.755035e+01 7.113181e+01 3.804026e+01 3.942175e+01 4.768747e+01 4.282311e+01 2.991494e+01 2.042105e-01 4.419274e-01 4.872000e-01 7.187114e-01 9.983723e-01 1.101490e+00 9.211692e-01 9.734136e-01 1.119623e+00 9.141919e-01 1.076014e+00 7.503901e-01 2.483949e-04
<GCONST> 7.571194e+01
<MIXTURE> 58 6.172147e-03
<MEAN> 25
 2.240588e+00 -3.639918e+00 8.345182e+00 -4.471495e+00 -1.285762e+01 -7.922520e+00 2.828139e-01 2.505350e+00 -1.953505e+00 2.344869e+00 3.728284e-01 1.177907e+00 -1.094727e-01 -2.065080e-01 -6.477313e-02 -3.374838e-02 7.847605e-02 5.542957e-02 6.305549e-01 4.363924e-01 2.264633e-01 2.427477e-01 -2.667105e-01 -1.966242e-01 -7.340466e-03
<VARIANCE> 25
 6.183103e+00 1.284455e+01 1.657256e+01 2.170743e+01 1.940257e+01 3.969909e+01 4.014218e+01 2.810635e+01 2.679519e+01 2.865214e+01 2.322829e+01 2.819557e+01 2.799613e-01 7.954909e-01 6.147317e-01 1.106860e+00 7.475633e-01 1.169768e+00 1.055069e+00 1.148530e+00 1.385774e+00 9.536909e-01 7.753434e-01 8.327373e-01 8.152148e-04
<GCONST> 7.391051e+01
<MIXTURE> 59 6.172147e-03
<MEAN> 25
 2.240588e+00 -3.639918e+00 8.345182e+00 -4.471495e+00 -1.285762e+01 -7.922520e+00 2.828139e-01 2.505350e+00 -1.953505e+00 2.344869e+00 3.728284e-01 1.177907e+00 -1.094727e-01 -2.065080e-01 -6.477313e-02 -3.374838e-02 7.847605e-02 5.542957e-02 6.305549e-01 4.363924e-01 2.264633e-01 2.427477e-01 -2.667105e-01 -1.966242e-01 -7.340466e-03
<VARIANCE> 25
 6.183103e+00 1.284455e+01 1.657256e+01 2.170743e+01 1.940257e+01 3.969909e+01 4.014218e+01 2.810635e+01 2.679519e+01 2.865214e+01 2.322829e+01 2.819557e+01 2.799613e-01 7.954909e-01 6.147317e-01 1.106860e+00 7.475633e-01 1.169768e+00 1.055069e+00 1.148530e+00 1.385774e+00 9.536909e-01 7.753434e-01 8.327373e-01 8.152148e-04
<GCONST> 7.391051e+01
<MIXTURE> 60 4.479129e-03
<MEAN> 25
 -4.267570e+00 -6.617526e-01 -1.087172e+00 3.696427e+00 1.735775e+00 2.117496e+00 1.640128e+00 1.531911e+00 2.161042e+00 1.262897e+00 2.386431e+00 1.914328e+00 -2.835567e-02 5.635392e-02 1.012597e-01 1.301654e-01 1.293835e-01 1.295456e-01 1.790425e-01 3.223747e-01 5.450851e-01 6.643969e-01 5.563051e-01 3.032246e-01 -3.904652e-04
<VARIANCE> 25
 6.944357e+00 4.537122e+00 1.029112e+01 1.130336e+01 1.359669e+01 1.699767e+01 1.400593e+01 1.186098e+01 1.273858e+01 1.319794e+01 1.593453e+01 1.229799e+01 8.699065e-02 1.683671e-01 2.793024e-01 4.317968e-01 5.865474e-01 7.284657e-01 8.280391e-01 8.988339e-01 9.026729e-01 8.361782e-01 8.389033e-01 8.636839e-01 2.294115e-05
<GCONST> 5.634119e+01
<MIXTURE> 61 4.479129e-03
<MEAN> 25
 -4.267570e+00 -6.617526e-01 -1.087172e+00 3.696427e+00 1.735775e+00 2.117496e+00 1.640128e+00 1.531911e+00 2.161042e+00 1.262897e+00 2.386431e+00 1.914328e+00 -2.835567e-02 5.635392e-02 1.012597e-01 1.301654e-01 1.293835e-01 1.295456e-01 1.790425e-01 3.223747e-01 5.450851e-01 6.643969e-01 5.563051e-01 3.032246e-01 -3.904652e-04
<VARIANCE> 25
 6.944357e+00 4.537122e+00 1.029112e+01 1.130336e+01 1.359669e+01 1.699767e+01 1.400593e+01 1.186098e+01 1.273858e+01 1.319794e+01 1.593453e+01 1.229799e+01 8.699065e-02 1.683671e-01 2.793024e-01 4.317968e-01 5.865474e-01 7.284657e-01 8.280391e-01 8.988339e-01 9.026729e-01 8.361782e-01 8.389033e-01 8.636839e-01 2.294115e-05
<GCONST> 5.634119e+01
<MIXTURE> 62 3.278034e-03
<MEAN> 25
 -5.116163e+00 1.262674e+00 1.011128e+00 8.800728e+00 6.162686e+00 5.036925e+00 5.510370e+00 4.033729e+00 5.016561e+00 3.936114e+00 4.984396e+00 2.972306e+00 -9.991702e-01 -1.166549e+00 -9.502624e-01 -2.757387e-01 4.261112e-01 1.006427e+00 1.385913e+00 1.551508e+00 1.469803e+00 1.238573e+00 1.061875e+00 7.223556e-01 -1.257606e-03
<VARIANCE> 25
 9.949525e+00 1.000226e+01 1.311268e+01 1.674155e+01 1.755407e+01 1.749204e+01 1.962853e+01 1.902509e+01 1.895745e+01 1.871835e+01 2.156087e+01 1.483003e+01 4.036319e-01 4.303822e-01 5.532869e-01 7.767919e-01 1.030846e+00 1.186990e+00 1.247032e+00 1.273187e+00 1.340529e+00 1.363896e+00 1.398839e+00 1.368412e+00 1.626378e-05
<GCONST> 6.752316e+01
<MIXTURE> 63 4.351215e-03
<MEAN> 25
 -4.208059e+00 -2.362387e+00 -4.737957e+00 2.936826e+00 3.512533e+00 -3.700082e-01 3.042597e+00 1.502711e+00 2.381761e+00 -9.046226e-01 -1.090391e+00 2.279457e+00 -9.209223e-02 3.345661e-01 4.113828e-01 5.075352e-01 4.173356e-01 4.258931e-01 4.036878e-01 1.409297e-01 1.084245e-01 2.029681e-01 2.297813e-01 1.239875e-01 -4.426755e-03
<VARIANCE> 25
 8.754375e+00 1.461063e+01 1.696012e+01 1.618169e+01 1.886399e+01 2.654639e+01 2.357446e+01 2.442539e+01 2.557631e+01 2.157847e+01 1.989769e+01 1.796867e+01 2.703161e-01 4.581924e-01 6.162755e-01 7.166817e-01 9.346266e-01 1.192644e+00 1.225053e+00 1.345422e+00 1.443476e+00 1.520740e+00 1.435037e+00 1.300061e+00 1.735294e-04
<GCONST> 7.163063e+01
<MIXTURE> 64 4.351215e-03
<MEAN> 25
 -4.208059e+00 -2.362387e+00 -4.737957e+00 2.936826e+00 3.512533e+00 -3.700082e-01 3.042597e+00 1.502711e+00 2.381761e+00 -9.046226e-01 -1.090391e+00 2.279457e+00 -9.209223e-02 3.345661e-01 4.113828e-01 5.075352e-01 4.173356e-01 4.258931e-01 4.036878e-01 1.409297e-01 1.084245e-01 2.029681e-01 2.297813e-01 1.239875e-01 -4.426755e-03
<VARIANCE> 25
 8.754375e+00 1.461063e+01 1.696012e+01 1.618169e+01 1.886399e+01 2.654639e+01 2.357446e+01 2.442539e+01 2.557631e+01 2.157847e+01 1.989769e+01 1.796867e+01 2.703161e-01 4.581924e-01 6.162755e-01 7.166817e-01 9.346266e-01 1.192644e+00 1.225053e+00 1.345422e+00 1.443476e+00 1.520740e+00 1.435037e+00 1.300061e+00 1.735294e-04
<GCONST> 7.163063e+01
<MIXTURE> 65 1.721197e-02
<MEAN> 25
 8.511826e+00 1.308970e+00 1.069288e+00 1.541459e+00 -5.589804e+00 -2.604947e+00 -3.775236e+00 -5.781682e+00 -6.262121e+00 -5.459543e+00 -3.307177e+00 -1.824288e+00 1.883346e-01 2.178189e-01 -2.413225e-01 5.306702e-02 -2.565504e-01 4.576252e-01 9.527365e-02 -4.054282e-01 2.941041e-01 1.315948e-01 3.600002e-02 -1.359032e-01 -3.309213e-03
<VARIANCE> 25
 9.864459e+00 2.057012e+01 2.369551e+01 3.016754e+01 3.014632e+01 5.524062e+01 5.645041e+01 4.845383e+01 5.956898e+01 6.608617e+01 4.950684e+01 3.855207e+01 7.473420e-01 9.674144e-01 1.604617e+00 2.297695e+00 1.766663e+00 2.197679e+00 2.211249e+00 2.802527e+00 2.190069e+00 2.195631e+00 2.418372e+00 1.808244e+00 4.025909e-04
<GCONST> 8.838496e+01
<MIXTURE> 66 1.191532e-02
<MEAN> 25
 6.187047e+00 -4.475374e+00 -4.517486e+00 -3.500888e+00 6.196039e-01 -4.771910e+00 -5.866862e+00 1.570260e+00 3.642424e+00 1.767324e+00 -7.060187e+00 -2.825039e+00 -5.100454e-02 1.580438e+00 2.378407e+00 2.394256e+00 -1.063731e+00 -1.217075e+00 -5.625688e-01 -8.206988e-01 2.220810e-01 -3.869617e-01 2.747303e-01 9.389524e-01 -6.142699e-02
<VARIANCE> 25
 8.331547e+00 1.817192e+01 2.559719e+01 3.493515e+01 3.207810e+01 4.276554e+01 5.413258e+01 3.975079e+01 7.406549e+01 9.264210e+01 3.850687e+01 3.102652e+01 1.040795e+00 2.148964e+00 2.105601e+00 2.137654e+00 3.551851e+00 3.681636e+00 4.988539e+00 4.664855e+00 4.051754e+00 4.369434e+00 4.288146e+00 2.689215e+00 1.218107e-03
<GCONST> 9.521590e+01
<MIXTURE> 67 1.559142e-02
<MEAN> 25
 8.593777e+00 1.587688e+00 -5.042871e+00 -7.304135e+00 1.262911e+00 2.943774e+00 -4.375253e+00 -4.734263e+00 -3.246360e+00 1.409125e-01 1.799040e+00 -2.907746e+00 -1.071177e+00 2.134875e+00 1.088181e+00 3.052752e+00 1.860978e+00 -8.354424e-01 1.473303e+00 -1.274071e-01 -1.455002e-01 -1.569672e-01 -8.520621e-01 7.493463e-01 -1.186288e-01
<VARIANCE> 25
 1.048142e+01 3.559457e+01 2.709808e+01 4.600318e+01 3.986546e+01 4.122046e+01 5.964581e+01 5.866043e+01 6.994567e+01 5.254271e+01 5.621115e+01 4.041110e+01 1.710531e+00 3.482122e+00 3.034964e+00 4.270270e+00 3.920058e+00 3.879276e+00 3.918760e+00 5.108406e+00 4.851556e+00 4.753798e+00 4.591763e+00 3.230776e+00 2.698982e-03
<GCONST> 1.004842e+02
<MIXTURE> 68 1.485092e-02
<MEAN> 25
 -2.295586e+00 -2.235693e+00 -5.176029e+00 1.847396e+00 6.103503e+00 -1.454787e+00 1.199082e+00 -3.344396e-01 1.183085e+00 1.908197e+00 3.103031e-02 1.686300e+00 2.961676e+00 1.000902e+00 6.020218e-01 -1.872126e+00 -2.363942e+00 -1.460005e+00 -2.648109e+00 -1.524912e+00 -1.427767e+00 -9.304648e-01 -1.400835e+00 -4.976028e-01 1.184743e-01
<VARIANCE> 25
 2.709924e+01 3.503112e+01 6.617106e+01 5.660262e+01 3.970521e+01 4.435717e+01 4.978449e+01 4.539470e+01 4.066159e+01 4.445061e+01 3.756444e+01 1.974270e+01 1.956998e+00 3.283369e+00 6.043888e+00 5.942163e+00 3.778876e+00 6.099966e+00 4.725653e+00 4.263661e+00 4.148825e+00 5.322553e+00 4.785255e+00 3.385705e+00 5.454500e-03
<GCONST> 1.025872e+02
<MIXTURE> 69 1.204884e-02
<MEAN> 25
 4.620210e+00 -4.267758e+00 -3.780884e+00 -3.628048e+00 -3.592933e+00 -7.767550e+00 -8.295447e-01 1.905146e+00 -4.199603e-01 -4.545637e+00 -5.610756e+00 8.742309e-01 1.543432e+00 -2.249085e+00 -1.322617e+00 -2.228537e+00 -4.721873e-01 -3.833786e-01 -4.829484e-01 6.242508e-01 -5.287013e-01 -1.423595e+00 -2.113874e+00 -1.680603e-01 5.958468e-02
<VARIANCE> 25
 8.744830e+00 2.160244e+01 2.921752e+01 2.526897e+01 4.174453e+01 3.505633e+01 5.104715e+01 3.398423e+01 3.998264e+01 3.849373e+01 3.074713e+01 2.474372e+01 4.088107e+00 2.874190e+00 3.278022e+00 3.595570e+00 5.728060e+00 4.979413e+00 6.923320e+00 5.916786e+00 6.168761e+00 5.740359e+00 4.461595e+00 3.618431e+00 2.693765e-03
<GCONST> 9.893893e+01
<MIXTURE> 70 1.329190e-02
<MEAN> 25
 7.022845e+00 -1.960296e+00 -5.324657e+00 -3.221890e+00 -1.128559e+00 -1.583401e+00 -7.364574e+00 -5.971545e+00 6.932754e-01 2.538674e+00 1.601681e+00 -5.714286e+00 2.332070e+00 -2.243681e+00 -3.120393e-01 -2.400840e+00 -1.586580e+00 1.430138e+00 -1.719744e+00 9.966636e-01 4.699218e-01 6.490493e-01 1.213067e+00 -1.544610e+00 5.473097e-02
<VARIANCE> 25
 1.120752e+01 2.235909e+01 1.913748e+01 4.256367e+01 2.569088e+01 4.455698e+01 4.397001e+01 4.380805e+01 6.133941e+01 3.929520e+01 3.125081e+01 3.156310e+01 3.568519e+00 5.166340e+00 2.866419e+00 3.281213e+00 5.738457e+00 6.457654e+00 5.244949e+00 7.370431e+00 6.721311e+00 3.634025e+00 4.873770e+00 3.714646e+00 1.448575e-03
<GCONST> 9.943857e+01
<MIXTURE> 71 1.406903e-02
<MEAN> 25
 6.521765e+00 5.562350e+00 4.237350e+00 3.764156e+00 -1.830912e+00 -1.948017e+00 -1.997960e+00 -6.604959e+00 -5.505807e+00 -4.918982e+00 -4.038411e+00 -1.333827e+00 -1.792006e+00 -3.187937e-01 1.410919e-01 -1.881352e+00 4.898338e-01 -2.803007e-01 -2.810215e-01 1.390896e+00 4.119062e-01 1.257605e-01 1.023027e-01 4.204402e-01 3.713973e-02
<VARIANCE> 25
 1.886575e+01 3.113670e+01 1.882011e+01 7.548206e+01 3.586672e+01 3.734661e+01 3.646037e+01 3.387411e+01 6.417822e+01 4.451368e+01 2.945229e+01 3.937060e+01 2.270476e+00 2.968355e+00 4.901816e+00 5.570716e+00 6.034553e+00 4.029678e+00 4.429130e+00 5.852876e+00 3.553103e+00 4.469083e+00 3.704600e+00 2.838323e+00 1.660441e-03
<GCONST> 9.929224e+01
<MIXTURE> 72 8.134747e-03
<MEAN> 25
 3.799944e+00 -6.056234e+00 6.819004e+00 -2.026483e+00 -1.034583e+01 -1.023255e+01 -3.664680e+00 5.385676e+00 -3.933053e+00 -1.115773e+00 -2.523754e+00 1.876935e+00 1.064279e+00 -9.297301e-01 -2.892682e+00 6.334268e-01 1.869962e+00 -3.510777e-01 -1.132704e+00 1.638517e+00 1.485362e+00 -1.341566e-02 -9.214057e-01 -2.740810e-01 -5.312141e-03
<VARIANCE> 25
 9.396668e+00 2.010739e+01 2.926138e+01 2.727413e+01 2.193171e+01 2.478198e+01 6.012682e+01 4.688604e+01 6.061349e+01 5.320218e+01 3.270911e+01 2.387306e+01 5.034950e-01 8.928195e-01 2.135242e+00 1.178055e+00 1.848930e+00 4.099412e+00 3.170245e+00 2.520797e+00 1.906820e+00 3.015287e+00 1.824028e+00 1.862699e+00 4.984280e-04
<GCONST> 8.644671e+01
<MIXTURE> 73 1.213625e-02
<MEAN> 25
 -6.690112e+00 -1.443348e+00 -1.304969e+00 4.970650e+00 5.143749e+00 3.198309e+00 5.930290e+00 2.581336e+00 4.675899e+00 3.859918e+00 3.519934e+00 2.915239e+00 5.570133e-01 -1.313365e+00 -7.454152e-01 -2.437537e+00 -1.712350e+00 -1.895909e+00 -1.117383e+00 -4.804581e-01 -1.149084e+00 -3.526753e-01 -9.740853e-01 -1.886747e-01 1.564265e-01
<VARIANCE> 25
 1.703284e+01 1.478722e+01 1.353526e+01 2.323289e+01 2.813142e+01 2.649907e+01 1.824340e+01 2.394398e+01 1.564039e+01 1.785730e+01 2.281952e+01 1.299450e+01 3.753348e+00 3.225482e+00 6.781159e+00 4.489243e+00 6.194038e+00 4.032905e+00 4.413749e+00 4.167023e+00 3.837123e+00 4.005484e+00 3.157836e+00 2.321143e+00 4.232367e-03
<GCONST> 9.254353e+01
<MIXTURE> 74 1.756491e-02
<MEAN> 25
 3.533175e+00 -1.038402e+00 6.399774e+00 -3.705159e-01 -7.358422e+00 -8.226495e+00 -4.956136e+00 4.503202e+00 -4.265067e+00 -4.167737e+00 -1.335407e+00 -4.749549e-02 3.368671e-01 1.861828e+00 -9.169457e-01 1.560834e+00 1.514546e+00 7.385015e-01 1.167554e+00 -1.335331e+00 -3.085344e-01 -2.679191e-01 -2.783540e-01 -6.788108e-01 -6.898171e-02
<VARIANCE> 25
 1.533181e+01 2.043516e+01 3.708439e+01 4.754345e+01 3.432483e+01 2.978905e+01 6.536890e+01 4.972751e+01 4.064661e+01 6.191753e+01 3.340934e+01 2.105036e+01 2.438854e+00 1.970901e+00 5.346711e+00 2.276545e+00 3.349302e+00 3.133568e+00 3.898295e+00 4.556970e+00 3.080635e+00 3.296317e+00 2.986732e+00 1.873763e+00 1.289818e-03
<GCONST> 9.525614e+01
<MIXTURE> 75 9.711651e-03
<MEAN> 25
 1.639143e+00 -1.589747e+00 1.129176e+01 1.038323e+00 -1.136495e+01 -8.380176e+00 -8.459008e+00 1.922646e-02 -4.132069e+00 -6.477734e+00 3.431135e+00 1.083954e+00 1.923031e+00 -2.263602e+00 -2.058844e-01 3.996338e-01 -2.694871e+00 -7.392516e-01 -1.241104e+00 1.643692e+00 7.458700e-02 6.155690e-02 1.243380e+00 -6.902423e-01 3.586705e-02
<VARIANCE> 25
 1.034177e+01 1.575420e+01 2.998350e+01 1.998365e+01 2.367948e+01 2.260554e+01 3.107143e+01 2.438717e+01 4.897978e+01 2.485863e+01 2.030035e+01 2.052178e+01 2.923460e+00 2.666790e+00 4.681987e+00 2.919299e+00 4.333306e+00 3.794971e+00 3.196161e+00 2.956393e+00 2.857994e+00 2.775449e+00 2.259631e+00 1.751549e+00 1.029383e-03
<GCONST> 8.976814e+01
<MIXTURE> 76 1.052359e-02
<MEAN> 25
 -7.200918e+00 -6.526340e-01 -3.036989e+00 4.378643e+00 5.211899e+00 2.183543e+00 4.424641e+00 1.374796e+00 3.217675e+00 5.112935e-01 1.116227e+00 1.805154e+00 -3.321382e-02 -6.019928e-01 -5.757487e-01 -9.553146e-01 -6.817389e-01 -9.779662e-01 -4.081684e-01 -4.258216e-01 -2.062663e-01 -4.448342e-01 -4.787424e-01 -2.111445e-01 1.873374e-02
<VARIANCE> 25
 2.952955e+01 2.924082e+01 2.398602e+01 2.442449e+01 3.299226e+01 3.661414e+01 2.453641e+01 2.521999e+01 2.073973e+01 2.113905e+01 2.445864e+01 1.658297e+01 1.190234e+00 1.545859e+00 1.452665e+00 1.079472e+00 1.635270e+00 1.634731e+00 1.716911e+00 1.864457e+00 1.616098e+00 1.383925e+00 1.457281e+00 1.074114e+00 1.321343e-03
<GCONST> 8.252426e+01
<MIXTURE> 77 1.244626e-02
<MEAN> 25
 -5.487272e-01 7.291388e+00 1.365174e+01 -1.104270e+01 -6.943486e+00 1.490052e+00 -9.647328e+00 -4.809328e+00 -5.116674e+00 -2.006412e+00 -4.974309e+00 1.132313e+00 -6.334196e-03 -4.199424e-02 1.818412e-01 2.625087e-01 6.262039e-02 -8.803137e-02 -2.137907e-01 1.985766e-01 1.286664e-01 -3.005471e-01 5.700700e-02 -4.130020e-02 -3.135675e-03
<VARIANCE> 25
 8.531276e+00 2.369436e+01 2.742359e+01 4.206708e+01 2.668582e+01 4.038331e+01 3.073917e+01 4.826176e+01 4.755621e+01 4.590532e+01 3.391058e+01 4.692690e+01 2.713035e-01 7.495357e-01 5.798579e-01 1.002086e+00 1.056228e+00 1.266242e+00 1.247997e+00 1.508921e+00 9.233217e-01 1.047150e+00 8.492011e-01 8.368048e-01 6.026303e-04
<GCONST> 7.865056e+01
<MIXTURE> 78 9.702551e-03
<MEAN> 25
 -1.076463e+01 1.234606e+00 -1.001245e+00 2.918775e+00 4.616119e+00 -2.409991e+00 4.250879e+00 3.007510e+00 3.107612e+00 1.007195e+00 -8.552120e-01 2.570780e+00 2.122399e+00 -3.259298e-01 1.293922e-01 4.883274e-01 9.324639e-02 1.917694e-01 -1.543658e-01 -2.578385e-01 2.645803e-01 -1.958545e-02 -3.853019e-01 -4.441296e-01 -5.808575e-02
<VARIANCE> 25
 3.885510e+01 3.361579e+01 3.598799e+01 3.195473e+01 4.185102e+01 3.928010e+01 4.208546e+01 3.135971e+01 2.648110e+01 2.619167e+01 2.976092e+01 1.987922e+01 4.733084e+00 2.865447e+00 2.635489e+00 2.745548e+00 2.636692e+00 3.553291e+00 3.665384e+00 2.964368e+00 2.657571e+00 2.267907e+00 2.152757e+00 1.840834e+00 4.585945e-03
<GCONST> 9.468191e+01
<MIXTURE> 79 1.156824e-02
<MEAN> 25
 2.521480e+00 1.488544e+00 1.117001e+01 -6.219512e+00 -1.048219e+01 -1.028975e+00 -3.016224e+00 -3.034865e+00 -8.550772e+00 -3.231342e+00 -3.403386e+00 -9.830175e-01 1.550691e+00 -4.960964e-01 -1.864389e+00 2.616223e+00 2.032702e-01 -1.168669e+00 9.000364e-01 6.906943e-01 -3.167379e-01 -6.229367e-01 3.074721e-01 -4.445868e-01 -3.513363e-02
<VARIANCE> 25
 1.235729e+01 2.176857e+01 4.989696e+01 4.210065e+01 2.817607e+01 3.772324e+01 3.709969e+01 4.267423e+01 4.529722e+01 6.172974e+01 5.468089e+01 3.204657e+01 1.140674e+00 1.707022e+00 2.188677e+00 1.941584e+00 1.929975e+00 2.368485e+00 2.585058e+00 3.995306e+00 1.844089e+00 2.585536e+00 1.692306e+00 2.190097e+00 9.335591e-04
<GCONST> 9.079559e+01
<MIXTURE> 80 7.550998e-03
<MEAN> 25
 -1.552680e+01 4.527136e+00 -1.615201e+00 3.188526e+00 2.156182e+00 1.959044e+00 7.239913e+00 3.114938e+00 2.939654e+00 2.346027e+00 3.836988e+00 6.277468e-01 4.334209e+00 4.521427e-01 1.569143e+00 -1.220654e+00 -2.937611e+00 -2.744426e+00 -2.441410e+00 -2.207506e+00 -2.107352e+00 -2.121754e+00 -1.419190e+00 -7.929052e-01 -4.481796e-02
<VARIANCE> 25
 2.206769e+01 1.872076e+01 5.429681e+01 3.014739e+01 2.614487e+01 2.949016e+01 2.748757e+01 2.641914e+01 2.481575e+01 2.523515e+01 2.882976e+01 1.754275e+01 2.345249e+00 3.309244e+00 2.312547e+00 3.526643e+00 2.934983e+00 2.329705e+00 2.788686e+00 3.354284e+00 2.526036e+00 3.200858e+00 2.640366e+00 1.996898e+00 1.379284e-03
<GCONST> 9.074499e+01
<MIXTURE> 81 8.025434e-03
<MEAN> 25
 -9.296889e-01 4.498476e+00 1.076394e+01 -1.483700e+01 -9.352342e+00 1.203835e-01 -6.695885e+00 -7.190363e+00 -5.491005e+00 -1.764961e+00 -6.849990e+00 -7.644859e-01 6.461129e-02 -7.073898e-01 8.570122e-02 -5.158414e-01 -3.671744e-01 3.741221e-01 -1.456905e-01 3.679983e-01 4.151828e-04 -1.443587e-01 -4.724668e-01 1.377561e-02 1.560550e-02
<VARIANCE> 25
 9.301639e+00 3.257000e+01 2.639699e+01 2.828687e+01 3.105022e+01 4.799465e+01 4.122808e+01 3.621779e+01 4.826065e+01 4.213268e+01 2.712965e+01 4.249821e+01 7.479553e-01 2.156630e+00 1.453673e+00 2.610620e+00 2.689090e+00 2.177657e+00 4.603909e+00 2.556727e+00 2.448369e+00 2.817855e+00 2.054020e+00 2.139369e+00 1.191739e-03
<GCONST> 9.028333e+01
<MIXTURE> 82 8.213053e-03
<MEAN> 25
 -1.067570e+01 -4.130881e+00 1.727240e-02 -3.080514e+00 4.020993e+00 6.982313e-02 2.076403e+00 7.062672e-01 2.993306e+00 1.757635e+00 1.116816e+00 3.087294e+00 -1.339201e+00 -1.629203e-01 4.785212e-01 -2.229364e+00 -9.130930e-01 -1.212385e+00 -1.292718e+00 -7.336651e-01 -2.885504e-01 -5.132890e-02 -1.230316e-01 1.299933e-01 1.810766e-01
<VARIANCE> 25
 1.872177e+01 2.208948e+01 3.502327e+01 2.899669e+01 2.987886e+01 3.218443e+01 2.769677e+01 3.114330e+01 2.862507e+01 2.089078e+01 2.866642e+01 1.391411e+01 4.235022e+00 2.972869e+00 3.180893e+00 3.588144e+00 4.680701e+00 3.031675e+00 3.113295e+00 2.789139e+00 3.586735e+00 2.765720e+00 2.767250e+00 1.856189e+00 3.254784e-03
<GCONST> 9.289067e+01
<MIXTURE> 83 1.167529e-02
<MEAN> 25
 -1.999034e+01 5.338250e+00 -1.975487e+00 2.254835e-01 7.921584e+00 -1.503759e+00 6.104717e+00 3.444178e+00 1.213855e+00 2.263774e+00 1.132121e+00 2.988514e+00 -1.383813e-02 -3.904980e-01 1.054145e-02 -3.868594e-01 -4.173708e-01 -1.540065e-01 -8.672079e-02 -1.047425e-01 1.803049e-02 -1.591490e-02 -8.481309e-02 -5.235898e-02 4.405166e-03
<VARIANCE> 25
 8.871829e+00 1.626516e+01 2.792554e+01 2.821724e+01 2.039436e+01 2.487697e+01 2.905427e+01 2.557686e+01 1.994378e+01 2.151848e+01 2.586789e+01 1.398588e+01 1.062976e+00 9.567870e-01 1.193597e+00 1.027931e+00 1.410215e+00 1.279157e+00 1.313655e+00 1.347749e+00 1.388182e+00 1.259451e+00 1.202354e+00 1.020858e+00 8.730827e-04
<GCONST> 7.748397e+01
<MIXTURE> 84 1.066614e-02
<MEAN> 25
 2.074611e+00 9.772218e+00 6.043059e+00 7.302763e+00 2.619692e+00 -5.125998e-01 -7.724650e-02 -5.333720e+00 -4.709903e+00 -2.827106e+00 -2.895358e+00 -2.512499e+00 -1.914860e+00 -1.300636e+00 -1.565356e+00 1.091931e+00 1.790287e+00 1.102716e+00 1.595129e+00 1.135975e+00 1.272612e+00 5.027170e-01 -8.140883e-02 4.181642e-01 -8.176392e-02
<VARIANCE> 25
 2.068748e+01 2.226569e+01 2.341710e+01 2.337118e+01 2.489994e+01 2.500735e+01 3.362061e+01 2.504754e+01 3.145608e+01 2.074831e+01 1.872379e+01 2.711021e+01 1.909677e+00 2.633047e+00 3.497604e+00 2.749773e+00 3.370911e+00 3.054708e+00 2.699880e+00 3.678742e+00 3.119807e+00 2.955508e+00 3.978448e+00 2.296354e+00 3.228908e-03
<GCONST> 9.146955e+01
<MIXTURE> 85 7.591393e-03
<MEAN> 25
 -3.938002e+00 8.271677e+00 4.479676e+00 1.899710e+00 -2.985036e+00 -5.308228e+00 -1.558888e+00 -5.752631e+00 -3.982532e+00 -3.973436e+00 -6.972254e-01 -2.000754e+00 4.256692e+00 5.249166e-01 2.516029e+00 -1.652547e+00 -2.893040e+00 -2.465853e+00 -3.101950e+00 -2.216083e+00 -2.391071e+00 -1.330125e+00 -1.904782e+00 -3.945870e-01 2.801322e-02
<VARIANCE> 25
 5.576934e+01 3.833090e+01 5.125284e+01 4.660014e+01 4.316336e+01 2.909815e+01 2.596784e+01 2.151890e+01 2.771258e+01 2.477881e+01 2.441079e+01 1.986996e+01 3.759984e+00 3.983997e+00 5.251419e+00 5.226556e+00 4.241903e+00 3.063833e+00 3.065120e+00 4.539540e+00 2.981407e+00 3.012543e+00 3.838938e+00 2.711699e+00 8.020393e-03
<GCONST> 9.849908e+01
<MIXTURE> 86 1.273941e-02
<MEAN> 25
 -5.199322e+00 -1.022760e+00 -9.241050e-01 6.313878e+00 5.224990e+00 4.589031e+00 5.569052e+00 4.477688e+00 4.851830e+00 3.886601e+00 5.308528e+00 2.702353e+00 8.278896e-03 6.314509e-03 -2.474493e-02 -9.910280e-02 -1.162263e-01 -1.386074e-01 -2.725560e-01 -3.731732e-01 -3.499340e-01 -3.247680e-01 -2.214465e-01 -1.450804e-01 -6.180336e-04
<VARIANCE> 25
 8.595201e+00 6.151269e+00 9.968479e+00 1.192348e+01 1.637781e+01 1.399382e+01 1.435880e+01 1.284275e+01 1.359856e+01 1.374497e+01 1.384919e+01 1.246625e+01 1.055289e-01 1.931653e-01 3.217940e-01 5.126273e-01 6.251566e-01 7.950390e-01 7.263329e-01 8.084102e-01 8.055139e-01 8.638360e-01 8.974265e-01 9.084955e-01 5.132534e-05
<GCONST> 5.835556e+01
<MIXTURE> 87 1.100681e-02
<MEAN> 25
 -4.191377e+00 5.808384e+00 2.039784e+00 6.226624e+00 6.742515e+00 7.442335e-01 2.342712e+00 -2.491664e+00 -9.481981e-01 -2.290477e+00 -2.101119e+00 -1.627826e+00 -2.709297e+00 -3.148750e+00 -1.993542e+00 -2.254092e+00 -2.858364e-01 -6.305816e-01 2.409095e-01 1.344644e+00 1.217962e+00 9.417328e-01 8.666233e-01 1.298265e+00 9.874846e-02
<VARIANCE> 25
 3.575148e+01 3.214421e+01 2.856689e+01 5.528739e+01 3.005011e+01 2.818994e+01 2.277323e+01 2.201665e+01 2.734495e+01 2.246646e+01 2.373982e+01 2.416110e+01 5.550113e+00 2.406685e+00 3.393606e+00 3.649128e+00 5.596777e+00 3.630314e+00 3.212066e+00 2.818127e+00 3.222073e+00 2.628822e+00 2.773175e+00 2.525873e+00 4.721645e-03
<GCONST> 9.514072e+01
<MIXTURE> 88 1.256585e-02
<MEAN> 25
 -4.484066e+00 -9.665518e-01 -1.284881e+00 6.051188e+00 4.305348e+00 1.761250e+00 5.235006e+00 2.969251e+00 3.728658e+00 1.713557e+00 2.595487e+00 1.884342e+00 -1.071871e-01 3.610257e-01 2.379735e-02 2.372103e-01 4.494385e-01 1.330525e-01 2.474268e-01 -2.340095e-01 -3.254285e-01 -2.469315e-01 -3.455646e-02 -5.999854e-03 -8.503613e-03
<VARIANCE> 25
 8.504062e+00 1.339579e+01 1.778642e+01 1.329607e+01 2.151926e+01 2.264181e+01 2.386724e+01 1.898414e+01 2.103632e+01 1.764393e+01 1.901524e+01 1.482402e+01 1.179418e+00 2.037266e+00 2.303367e+00 2.720766e+00 2.408539e+00 3.034582e+00 2.568416e+00 2.193104e+00 2.093663e+00 2.030392e+00 2.655311e+00 2.041406e+00 1.215986e-03
<GCONST> 8.286607e+01
<MIXTURE> 89 9.333527e-03
<MEAN> 25
 5.959868e+00 -7.369256e+00 -3.730838e+00 -4.517724e+00 -5.449148e-01 -6.126930e+00 -8.473831e+00 7.169312e+00 2.982720e+00 -1.990976e+00 -5.185171e+00 -4.743615e+00 -6.195961e-01 3.208663e-01 2.118169e+00 4.971812e-01 -1.771304e+00 -1.353185e+00 4.297590e-01 1.513543e+00 -6.442350e-01 -1.395023e+00 8.061735e-02 1.965603e+00 -6.234918e-03
<VARIANCE> 25
 6.874010e+00 2.112644e+01 2.577106e+01 2.832281e+01 3.397524e+01 3.462120e+01 7.138103e+01 6.175263e+01 3.341042e+01 4.095269e+01 3.618277e+01 3.734905e+01 2.806118e-01 9.457673e-01 1.209942e+00 1.427535e+00 1.670530e+00 1.827578e+00 2.540500e+00 2.694337e+00 1.959885e+00 1.925200e+00 2.171250e+00 1.898190e+00 3.290847e-04
<GCONST> 8.439410e+01
<MIXTURE> 90 7.114505e-03
<MEAN> 25
 2.833879e+00 -9.476806e+00 -4.803453e+00 -3.527981e+00 -3.622222e+00 -1.540337e+00 3.347007e+00 8.469875e-01 -7.776924e+00 -1.024207e+01 -3.163922e+00 -9.838282e-01 -1.738283e-01 8.796061e-01 1.098081e+00 -8.398018e-01 -1.605346e+00 -5.119598e-02 6.842291e-01 -2.913339e-01 -1.726201e-01 7.437622e-01 1.536162e-01 -4.844009e-01 -1.084477e-02
<VARIANCE> 25
 1.072322e+01 1.800066e+01 1.890406e+01 3.036174e+01 3.598879e+01 3.208659e+01 3.661726e+01 3.668183e+01 3.449775e+01 2.645397e+01 2.687957e+01 2.595382e+01 2.154914e-01 6.062854e-01 8.370540e-01 1.021039e+00 1.405349e+00 1.990076e+00 1.838609e+00 1.705988e+00 1.777050e+00 1.602876e+00 1.452333e+00 1.342557e+00 2.069546e-04
<GCONST> 7.839154e+01
<MIXTURE> 91 7.852945e-03
<MEAN> 25
 6.041887e+00 -7.699530e+00 -8.232541e+00 -5.246964e+00 2.882480e+00 7.883107e-01 -6.425428e-01 2.449227e-01 2.120410e+00 1.317480e-01 -6.347469e+00 -4.731212e+00 9.846865e-02 9.541522e-01 2.174931e-01 4.268305e-01 1.043477e-01 -3.837000e-01 -3.696465e-01 -1.832627e-01 -3.624794e-02 4.908970e-01 -2.338419e-01 2.686979e-01 -3.251210e-02
<VARIANCE> 25
 9.136930e+00 1.980060e+01 1.719250e+01 3.554535e+01 3.405548e+01 5.239161e+01 6.185838e+01 3.892067e+01 5.223864e+01 8.627379e+01 4.194271e+01 3.957030e+01 4.944662e-01 8.541166e-01 1.275719e+00 1.245331e+00 2.277498e+00 2.388398e+00 2.263346e+00 2.224930e+00 2.150448e+00 1.955948e+00 1.906298e+00 1.706449e+00 5.331105e-04
<GCONST> 8.665166e+01
<MIXTURE> 92 7.852945e-03
<MEAN> 25
 6.041887e+00 -7.699530e+00 -8.232541e+00 -5.246964e+00 2.882480e+00 7.883107e-01 -6.425428e-01 2.449227e-01 2.120410e+00 1.317480e-01 -6.347469e+00 -4.731212e+00 9.846865e-02 9.541522e-01 2.174931e-01 4.268305e-01 1.043477e-01 -3.837000e-01 -3.696465e-01 -1.832627e-01 -3.624794e-02 4.908970e-01 -2.338419e-01 2.686979e-01 -3.251210e-02
<VARIANCE> 25
 9.136930e+00 1.980060e+01 1.719250e+01 3.554535e+01 3.405548e+01 5.239161e+01 6.185838e+01 3.892067e+01 5.223864e+01 8.627379e+01 4.194271e+01 3.957030e+01 4.944662e-01 8.541166e-01 1.275719e+00 1.245331e+00 2.277498e+00 2.388398e+00 2.263346e+00 2.224930e+00 2.150448e+00 1.955948e+00 1.906298e+00 1.706449e+00 5.331105e-04
<GCONST> 8.665166e+01
<MIXTURE> 93 6.122769e-03
<MEAN> 25
 -7.708841e+00 2.589554e-01 -2.365931e+00 5.752575e+00 7.172258e+00 3.828109e+00 7.065850e+00 3.304294e+00 4.889838e+00 2.270620e+00 2.079067e+00 3.155913e+00 -5.288566e-02 -1.316142e-01 -2.572984e-01 -3.761681e-01 -3.374082e-01 -2.057769e-01 -2.452542e-01 -1.383988e-01 -1.620547e-01 -2.064756e-01 -1.287535e-01 -8.917926e-02 -2.937835e-06
<VARIANCE> 25
 8.781436e+00 8.400705e+00 6.917970e+00 9.620126e+00 1.387479e+01 1.333863e+01 1.508763e+01 1.451413e+01 1.400879e+01 1.401993e+01 1.520268e+01 1.286741e+01 9.196508e-02 1.835740e-01 2.778794e-01 3.479715e-01 5.348638e-01 7.023683e-01 7.700124e-01 9.712916e-01 8.327442e-01 1.048764e+00 9.582868e-01 1.055211e+00 7.518715e-07
<GCONST> 5.369976e+01
<MIXTURE> 94 6.122769e-03
<MEAN> 25
 -7.708841e+00 2.589554e-01 -2.365931e+00 5.752575e+00 7.172258e+00 3.828109e+00 7.065850e+00 3.304294e+00 4.889838e+00 2.270620e+00 2.079067e+00 3.155913e+00 -5.288566e-02 -1.316142e-01 -2.572984e-01 -3.761681e-01 -3.374082e-01 -2.057769e-01 -2.452542e-01 -1.383988e-01 -1.620547e-01 -2.064756e-01 -1.287535e-01 -8.917926e-02 -2.937835e-06
<VARIANCE> 25
 8.781436e+00 8.400705e+00 6.917970e+00 9.620126e+00 1.387479e+01 1.333863e+01 1.508763e+01 1.451413e+01 1.400879e+01 1.401993e+01 1.520268e+01 1.286741e+01 9.196508e-02 1.835740e-01 2.778794e-01 3.479715e-01 5.348638e-01 7.023683e-01 7.700124e-01 9.712916e-01 8.327442e-01 1.048764e+00 9.582868e-01 1.055211e+00 7.518715e-07
<GCONST> 5.369976e+01
<MIXTURE> 95 5.258835e-03
<MEAN> 25
 -5.976442e+00 -4.076209e-01 -2.099179e+00 4.869119e+00 4.561916e+00 2.603578e+00 4.357475e+00 1.488331e+00 2.486971e+00 1.043910e+00 1.372434e+00 2.461451e+00 1.423328e-01 1.531095e-01 1.055016e-01 -1.050108e-01 -3.899032e-01 -6.908523e-01 -1.025378e+00 -1.263252e+00 -1.264551e+00 -1.028101e+00 -6.697512e-01 -3.411095e-01 -1.683106e-04
<VARIANCE> 25
 1.014549e+01 7.724655e+00 1.208120e+01 1.257961e+01 1.491040e+01 1.852137e+01 1.781165e+01 1.705923e+01 1.621119e+01 1.554733e+01 1.948369e+01 1.406987e+01 2.334829e-01 2.840415e-01 4.626826e-01 6.664751e-01 8.343064e-01 9.133989e-01 8.918802e-01 8.892569e-01 9.613099e-01 1.081280e+00 1.176846e+00 1.117577e+00 3.923539e-05
<GCONST> 6.358631e+01
<MIXTURE> 96 7.034694e-03
<MEAN> 25
 -5.717426e+00 2.058856e-01 -2.875901e+00 5.118385e+00 5.211875e+00 1.210913e+00 4.354865e+00 1.509980e+00 3.024038e+00 6.689186e-01 1.208667e+00 1.657758e+00 -1.387234e-02 1.996056e-02 2.038483e-01 4.004822e-01 5.446677e-01 5.446794e-01 3.218422e-01 -1.514695e-01 -6.144577e-01 -8.579677e-01 -5.132459e-01 -3.111767e-01 -1.212292e-05
<VARIANCE> 25
 1.259189e+01 1.004387e+01 1.372550e+01 1.283948e+01 1.788637e+01 1.826120e+01 1.778322e+01 1.864697e+01 2.252907e+01 1.770717e+01 1.845408e+01 1.724088e+01 1.381422e-01 2.462579e-01 2.882202e-01 4.577897e-01 4.498415e-01 6.680923e-01 8.197176e-01 8.890606e-01 1.211602e+00 1.360737e+00 8.903255e-01 1.104685e+00 7.772155e-07
<GCONST> 5.879383e+01
<MIXTURE> 97 7.034694e-03
<MEAN> 25
 -5.717426e+00 2.058856e-01 -2.875901e+00 5.118385e+00 5.211875e+00 1.210913e+00 4.354865e+00 1.509980e+00 3.024038e+00 6.689186e-01 1.208667e+00 1.657758e+00 -1.387234e-02 1.996056e-02 2.038483e-01 4.004822e-01 5.446677e-01 5.446794e-01 3.218422e-01 -1.514695e-01 -6.144577e-01 -8.579677e-01 -5.132459e-01 -3.111767e-01 -1.212292e-05
<VARIANCE> 25
 1.259189e+01 1.004387e+01 1.372550e+01 1.283948e+01 1.788637e+01 1.826120e+01 1.778322e+01 1.864697e+01 2.252907e+01 1.770717e+01 1.845408e+01 1.724088e+01 1.381422e-01 2.462579e-01 2.882202e-01 4.577897e-01 4.498415e-01 6.680923e-01 8.197176e-01 8.890606e-01 1.211602e+00 1.360737e+00 8.903255e-01 1.104685e+00 7.772155e-07
<GCONST> 5.879383e+01
<MIXTURE> 98 9.917808e-03
<MEAN> 25
 -1.417938e+00 8.086198e-01 4.086877e-01 5.644846e+00 2.542160e+00 9.786859e-01 3.619208e+00 1.603946e+00 2.122251e+00 1.309714e+00 -1.129475e-01 1.038516e-01 -1.606531e+00 -1.721353e+00 -1.547053e+00 -5.850954e-02 5.632847e-01 5.408466e-01 1.254659e+00 1.057888e+00 1.352816e+00 5.557902e-01 1.169291e+00 4.728062e-01 -4.883780e-02
<VARIANCE> 25
 1.268858e+01 3.046193e+01 4.117865e+01 3.664075e+01 4.111776e+01 4.215952e+01 4.380131e+01 2.723785e+01 3.638073e+01 2.497400e+01 2.099363e+01 2.073310e+01 1.224248e+00 1.615250e+00 3.003649e+00 2.445802e+00 2.690361e+00 2.832964e+00 2.243382e+00 2.111285e+00 2.975639e+00 2.611536e+00 2.330424e+00 1.937043e+00 2.545867e-03
<GCONST> 9.049980e+01
<MIXTURE> 99 6.696178e-03
<MEAN> 25
 -6.914320e+00 1.055771e+01 4.121678e+00 4.921153e+00 2.490826e+00 -5.403511e+00 -3.179552e+00 -5.530614e+00 -3.440130e+00 -2.798054e+00 -2.372131e+00 1.004245e-01 3.931933e-01 -7.631353e-01 3.705242e-01 -5.277393e-01 -9.067444e-01 -4.679175e-01 -4.869270e-01 -2.613627e-01 1.777009e-01 7.354656e-02 4.703230e-01 1.106084e-01 7.269767e-03
<VARIANCE> 25
 2.844371e+01 2.639531e+01 6.833891e+01 4.280307e+01 3.350152e+01 2.986508e+01 2.715717e+01 2.851077e+01 2.233027e+01 3.080907e+01 1.800585e+01 2.705324e+01 2.714888e+00 2.967683e+00 1.236625e+00 1.890030e+00 2.851880e+00 2.310888e+00 1.867701e+00 1.359058e+00 1.636427e+00 1.283730e+00 1.456492e+00 1.540333e+00 1.519965e-03
<GCONST> 8.764546e+01
<MIXTURE> 100 4.498084e-03
<MEAN> 25
 -1.603133e+00 6.344716e+00 1.028257e+01 -7.457324e+00 -1.077031e+01 -5.073145e+00 -4.949836e+00 -9.962108e+00 -4.726340e+00 -8.667898e-01 -2.730603e+00 -2.696573e+00 2.918108e+00 -1.263784e+00 1.299053e+00 -2.179516e+00 -3.422088e+00 -7.855173e-01 -1.221020e+00 -8.129551e-01 -1.473757e+00 3.458671e-01 -1.649860e+00 -2.854059e-01 2.098483e-03
<VARIANCE> 25
 1.363552e+01 2.107721e+01 2.248906e+01 2.643037e+01 2.310889e+01 2.371639e+01 2.917019e+01 2.171616e+01 2.750164e+01 2.271525e+01 2.240731e+01 2.141459e+01 1.805635e+00 3.966249e+00 2.918045e+00 4.318532e+00 4.187992e+00 4.541855e+00 4.013033e+00 4.364155e+00 4.166053e+00 3.891565e+00 3.932774e+00 3.222363e+00 1.677160e-03
<GCONST> 9.260935e+01
<MIXTURE> 101 6.007792e-03
<MEAN> 25
 8.124855e+00 -4.530046e+00 -5.654412e+00 -5.739800e+00 6.795144e-01 -9.627038e-01 -1.042229e+01 -7.509143e-01 8.008749e-01 3.936063e+00 -2.741049e+00 -4.140116e+00 7.711602e-01 7.439020e-01 -1.618779e+00 -1.696371e+00 1.116008e+00 2.569180e+00 2.073496e-01 -1.671877e+00 -1.212362e+00 1.106729e+00 1.479479e+00 -2.516835e-01 -4.043452e-03
<VARIANCE> 25
 8.689825e+00 2.041964e+01 2.657283e+01 4.482188e+01 3.209412e+01 3.120677e+01 5.302074e+01 3.970411e+01 4.468736e+01 4.811370e+01 5.106617e+01 2.540305e+01 3.916293e-01 6.562563e-01 1.199520e+00 1.981686e+00 1.602192e+00 2.679949e+00 2.310211e+00 2.202628e+00 2.277837e+00 2.083533e+00 2.035750e+00 2.069445e+00 3.715024e-04
<GCONST> 8.529971e+01
<MIXTURE> 102 6.007792e-03
<MEAN> 25
 8.124855e+00 -4.530046e+00 -5.654412e+00 -5.739800e+00 6.795144e-01 -9.627038e-01 -1.042229e+01 -7.509143e-01 8.008749e-01 3.936063e+00 -2.741049e+00 -4.140116e+00 7.711602e-01 7.439020e-01 -1.618779e+00 -1.696371e+00 1.116008e+00 2.569180e+00 2.073496e-01 -1.671877e+00 -1.212362e+00 1.106729e+00 1.479479e+00 -2.516835e-01 -4.043452e-03
<VARIANCE> 25
 8.689825e+00 2.041964e+01 2.657283e+01 4.482188e+01 3.209412e+01 3.120677e+01 5.302074e+01 3.970411e+01 4.468736e+01 4.811370e+01 5.106617e+01 2.540305e+01 3.916293e-01 6.562563e-01 1.199520e+00 1.981686e+00 1.602192e+00 2.679949e+00 2.310211e+00 2.202628e+00 2.277837e+00 2.083533e+00 2.035750e+00 2.069445e+00 3.715024e-04
<GCONST> 8.529971e+01
<MIXTURE> 103 5.694618e-03
<MEAN> 25
 3.227212e+00 -9.306810e+00 -6.007606e+00 -2.877562e+00 -1.441331e+00 -1.985482e+00 2.637382e+00 2.548798e+00 -4.586498e+00 -9.177263e+00 -4.900574e+00 2.191894e-01 -1.533747e-01 -1.484503e+00 -9.650465e-01 3.733980e-01 1.190624e+00 1.093747e+00 1.723318e-01 -2.799042e-01 -8.019424e-01 -9.357636e-01 3.261081e-03 1.167497e-01 2.604002e-02
<VARIANCE> 25
 1.173431e+01 2.099275e+01 2.322762e+01 3.255966e+01 4.783754e+01 3.444775e+01 4.719065e+01 3.658812e+01 4.154294e+01 2.923437e+01 3.042305e+01 2.662347e+01 6.313963e-01 1.245523e+00 1.515749e+00 1.904563e+00 2.892060e+00 2.597336e+00 2.849581e+00 2.535709e+00 2.560165e+00 2.490245e+00 2.130778e+00 1.970437e+00 8.182981e-04
<GCONST> 8.773517e+01
<MIXTURE> 104 5.694618e-03
<MEAN> 25
 3.227212e+00 -9.306810e+00 -6.007606e+00 -2.877562e+00 -1.441331e+00 -1.985482e+00 2.637382e+00 2.548798e+00 -4.586498e+00 -9.177263e+00 -4.900574e+00 2.191894e-01 -1.533747e-01 -1.484503e+00 -9.650465e-01 3.733980e-01 1.190624e+00 1.093747e+00 1.723318e-01 -2.799042e-01 -8.019424e-01 -9.357636e-01 3.261081e-03 1.167497e-01 2.604002e-02
<VARIANCE> 25
 1.173431e+01 2.099275e+01 2.322762e+01 3.255966e+01 4.783754e+01 3.444775e+01 4.719065e+01 3.658812e+01 4.154294e+01 2.923437e+01 3.042305e+01 2.662347e+01 6.313963e-01 1.245523e+00 1.515749e+00 1.904563e+00 2.892060e+00 2.597336e+00 2.849581e+00 2.535709e+00 2.560165e+00 2.490245e+00 2.130778e+00 1.970437e+00 8.182981e-04
<GCONST> 8.773517e+01
<MIXTURE> 105 4.710235e-03
<MEAN> 25
 2.435419e+00 -2.195875e+00 9.890916e+00 -3.326890e+00 -1.170460e+01 -5.659893e+00 -4.904819e+00 4.846247e-02 -3.790772e+00 -2.664724e+00 1.569478e+00 -1.785098e-01 -7.112015e-03 9.816851e-02 1.218573e-01 -1.077487e-01 -7.891793e-02 3.548302e-02 9.439354e-02 7.594498e-02 -1.990757e-01 1.677006e-01 1.015899e-02 -5.397765e-02 -3.411606e-03
<VARIANCE> 25
 1.088100e+01 2.470531e+01 3.685024e+01 3.657473e+01 3.175588e+01 4.421768e+01 3.453856e+01 3.930878e+01 3.238934e+01 3.501858e+01 4.282135e+01 2.923273e+01 7.484981e-02 2.015186e-01 3.079152e-01 2.511213e-01 3.634035e-01 4.020359e-01 4.659925e-01 4.531436e-01 6.264408e-01 4.909259e-01 3.535092e-01 3.383015e-01 1.074775e-04
<GCONST> 6.470038e+01
<MIXTURE> 106 4.710235e-03
<MEAN> 25
 2.435419e+00 -2.195875e+00 9.890916e+00 -3.326890e+00 -1.170460e+01 -5.659893e+00 -4.904819e+00 4.846247e-02 -3.790772e+00 -2.664724e+00 1.569478e+00 -1.785098e-01 -7.112015e-03 9.816851e-02 1.218573e-01 -1.077487e-01 -7.891793e-02 3.548302e-02 9.439354e-02 7.594498e-02 -1.990757e-01 1.677006e-01 1.015899e-02 -5.397765e-02 -3.411606e-03
<VARIANCE> 25
 1.088100e+01 2.470531e+01 3.685024e+01 3.657473e+01 3.175588e+01 4.421768e+01 3.453856e+01 3.930878e+01 3.238934e+01 3.501858e+01 4.282135e+01 2.923273e+01 7.484981e-02 2.015186e-01 3.079152e-01 2.511213e-01 3.634035e-01 4.020359e-01 4.659925e-01 4.531436e-01 6.264408e-01 4.909259e-01 3.535092e-01 3.383015e-01 1.074775e-04
<GCONST> 6.470038e+01
<MIXTURE> 107 5.452374e-03
<MEAN> 25
 8.831282e+00 -2.558455e+00 -7.713026e+00 -9.854134e+00 1.188062e-01 3.766774e+00 -6.765552e+00 -4.393843e+00 -6.938754e-01 3.795062e+00 2.122310e+00 -5.144062e+00 -7.246972e-01 -5.862520e-01 8.166337e-01 1.701546e+00 5.539703e-01 -2.193251e+00 -7.770560e-01 4.849460e-01 1.874771e+00 1.988662e-01 -1.686843e+00 -9.021027e-01 -5.301876e-03
<VARIANCE> 25
 7.889362e+00 1.690027e+01 2.472076e+01 3.542344e+01 4.236613e+01 3.536147e+01 7.980380e+01 3.910773e+01 3.983721e+01 3.477798e+01 6.127577e+01 2.589380e+01 3.321420e-01 9.286925e-01 1.194576e+00 2.152096e+00 2.206739e+00 2.643568e+00 2.286436e+00 3.300937e+00 1.984041e+00 2.795232e+00 2.083893e+00 1.946855e+00 6.372736e-04
<GCONST> 8.688392e+01
<MIXTURE> 108 5.452374e-03
<MEAN> 25
 8.831282e+00 -2.558455e+00 -7.713026e+00 -9.854134e+00 1.188062e-01 3.766774e+00 -6.765552e+00 -4.393843e+00 -6.938754e-01 3.795062e+00 2.122310e+00 -5.144062e+00 -7.246972e-01 -5.862520e-01 8.166337e-01 1.701546e+00 5.539703e-01 -2.193251e+00 -7.770560e-01 4.849460e-01 1.874771e+00 1.988662e-01 -1.686843e+00 -9.021027e-01 -5.301876e-03
<VARIANCE> 25
 7.889362e+00 1.690027e+01 2.472076e+01 3.542344e+01 4.236613e+01 3.536147e+01 7.980380e+01 3.910773e+01 3.983721e+01 3.477798e+01 6.127577e+01 2.589380e+01 3.321420e-01 9.286925e-01 1.194576e+00 2.152096e+00 2.206739e+00 2.643568e+00 2.286436e+00 3.300937e+00 1.984041e+00 2.795232e+00 2.083893e+00 1.946855e+00 6.372736e-04
<GCONST> 8.688392e+01
<MIXTURE> 109 6.661064e-03
<MEAN> 25
 4.126066e+00 -1.049908e+01 -8.276833e+00 -1.329699e+00 2.662865e+00 6.505761e-03 -1.682996e-02 1.384230e+00 -2.633445e+00 -8.332758e+00 -5.341322e+00 2.466076e-02 -3.475248e-02 -1.314186e-01 -3.560935e-02 2.369606e-01 1.893360e-01 1.356827e-01 -1.271167e-01 -1.146614e-01 -3.043509e-02 -1.169792e-01 2.178159e-01 1.922694e-02 -3.488338e-03
<VARIANCE> 25
 9.219278e+00 1.832688e+01 1.988844e+01 3.133969e+01 4.134336e+01 3.667417e+01 4.652337e+01 3.472300e+01 4.667855e+01 3.592913e+01 2.978371e+01 2.811686e+01 1.918039e-01 4.211200e-01 5.384535e-01 6.540568e-01 1.236923e+00 1.023482e+00 1.256021e+00 1.094281e+00 1.126399e+00 9.660608e-01 8.763154e-01 8.895123e-01 1.810086e-04
<GCONST> 7.459069e+01
<MIXTURE> 110 6.661064e-03
<MEAN> 25
 4.126066e+00 -1.049908e+01 -8.276833e+00 -1.329699e+00 2.662865e+00 6.505761e-03 -1.682996e-02 1.384230e+00 -2.633445e+00 -8.332758e+00 -5.341322e+00 2.466076e-02 -3.475248e-02 -1.314186e-01 -3.560935e-02 2.369606e-01 1.893360e-01 1.356827e-01 -1.271167e-01 -1.146614e-01 -3.043509e-02 -1.169792e-01 2.178159e-01 1.922694e-02 -3.488338e-03
<VARIANCE> 25
 9.219278e+00 1.832688e+01 1.988844e+01 3.133969e+01 4.134336e+01 3.667417e+01 4.652337e+01 3.472300e+01 4.667855e+01 3.592913e+01 2.978371e+01 2.811686e+01 1.918039e-01 4.211200e-01 5.384535e-01 6.540568e-01 1.236923e+00 1.023482e+00 1.256021e+00 1.094281e+00 1.126399e+00 9.660608e-01 8.763154e-01 8.895123e-01 1.810086e-04
<GCONST> 7.459069e+01
<MIXTURE> 111 4.337247e-03
<MEAN> 25
 -4.475220e+00 -9.051787e-01 -1.722031e+00 1.688211e+00 9.664630e-01 9.638807e-01 3.152778e-01 2.109267e-01 9.013867e-02 -5.424058e-01 -6.293177e-01 1.964088e+00 -2.112340e-02 -3.261463e-02 -7.224711e-02 -7.355016e-02 -3.734037e-02 6.550665e-03 -1.109775e-03 -5.940301e-02 -1.406225e-01 -2.030986e-01 -1.899502e-01 -1.062317e-01 -2.145869e-04
<VARIANCE> 25
 7.007012e+00 4.980954e+00 1.021677e+01 9.406495e+00 1.311913e+01 2.384256e+01 1.466693e+01 1.317017e+01 1.160600e+01 1.191302e+01 1.363001e+01 1.158954e+01 7.920033e-02 1.637116e-01 2.752507e-01 4.204487e-01 5.694774e-01 7.060195e-01 8.006519e-01 8.581666e-01 8.929135e-01 8.559973e-01 8.623133e-01 8.483891e-01 2.230976e-05
<GCONST> 5.598537e+01
<MIXTURE> 112 4.337247e-03
<MEAN> 25
 -4.475220e+00 -9.051787e-01 -1.722031e+00 1.688211e+00 9.664630e-01 9.638807e-01 3.152778e-01 2.109267e-01 9.013867e-02 -5.424058e-01 -6.293177e-01 1.964088e+00 -2.112340e-02 -3.261463e-02 -7.224711e-02 -7.355016e-02 -3.734037e-02 6.550665e-03 -1.109775e-03 -5.940301e-02 -1.406225e-01 -2.030986e-01 -1.899502e-01 -1.062317e-01 -2.145869e-04
<VARIANCE> 25
 7.007012e+00 4.980954e+00 1.021677e+01 9.406495e+00 1.311913e+01 2.384256e+01 1.466693e+01 1.317017e+01 1.160600e+01 1.191302e+01 1.363001e+01 1.158954e+01 7.920033e-02 1.637116e-01 2.752507e-01 4.204487e-01 5.694774e-01 7.060195e-01 8.006519e-01 8.581666e-01 8.929135e-01 8.559973e-01 8.623133e-01 8.483891e-01 2.230976e-05
<GCONST> 5.598537e+01
<MIXTURE> 113 5.938666e-03
<MEAN> 25
 1.029457e+01 1.388068e+00 -8.516713e+00 -1.743392e+01 -1.755508e+00 6.452243e+00 -5.156883e+00 -1.657498e+00 -6.115335e+00 -7.573027e-01 8.967630e-01 1.269166e-01 -1.392411e-02 2.613489e-02 -8.601910e-02 -9.877155e-02 1.311409e-01 1.409459e-01 9.147380e-02 -1.059910e-01 9.737623e-03 4.045748e-03 2.395436e-01 -2.200493e-02 -1.473293e-03
<VARIANCE> 25
 8.902480e+00 1.602116e+01 2.753818e+01 3.334339e+01 5.242944e+01 3.617722e+01 3.623387e+01 3.616885e+01 3.562360e+01 4.287238e+01 3.598532e+01 2.684478e+01 1.167912e-01 3.045962e-01 2.925901e-01 6.127331e-01 6.135356e-01 6.136218e-01 8.908140e-01 9.770026e-01 9.251512e-01 9.032013e-01 6.919667e-01 6.781365e-01 1.141696e-04
<GCONST> 7.047533e+01
<MIXTURE> 114 5.938666e-03
<MEAN> 25
 1.029457e+01 1.388068e+00 -8.516713e+00 -1.743392e+01 -1.755508e+00 6.452243e+00 -5.156883e+00 -1.657498e+00 -6.115335e+00 -7.573027e-01 8.967630e-01 1.269166e-01 -1.392411e-02 2.613489e-02 -8.601910e-02 -9.877155e-02 1.311409e-01 1.409459e-01 9.147380e-02 -1.059910e-01 9.737623e-03 4.045748e-03 2.395436e-01 -2.200493e-02 -1.473293e-03
<VARIANCE> 25
 8.902480e+00 1.602116e+01 2.753818e+01 3.334339e+01 5.242944e+01 3.617722e+01 3.623387e+01 3.616885e+01 3.562360e+01 4.287238e+01 3.598532e+01 2.684478e+01 1.167912e-01 3.045962e-01 2.925901e-01 6.127331e-01 6.135356e-01 6.136218e-01 8.908140e-01 9.770026e-01 9.251512e-01 9.032013e-01 6.919667e-01 6.781365e-01 1.141696e-04
<GCONST> 7.047533e+01
<MIXTURE> 115 2.935202e-03
<MEAN> 25
 -4.540127e+00 -2.634497e-01 -3.550369e+00 3.330582e+00 2.544529e+00 -1.059672e+00 2.532553e+00 7.016113e-01 2.327249e+00 -8.465645e-02 -7.714856e-02 2.463158e+00 -2.017822e-02 -6.396585e-02 -2.662209e-01 -4.388426e-01 -5.412317e-01 -7.866566e-01 -6.705687e-01 -5.063852e-01 -4.626993e-01 -5.389392e-01 -4.645527e-01 -2.651998e-01 -2.790475e-06
<VARIANCE> 25
 1.052928e+01 1.062951e+01 1.380475e+01 1.296850e+01 1.278737e+01 2.010316e+01 1.631814e+01 1.990804e+01 2.324797e+01 1.715902e+01 1.853720e+01 1.592702e+01 2.205209e-01 3.930404e-01 4.997105e-01 5.425747e-01 6.646454e-01 9.378535e-01 1.051114e+00 1.028392e+00 9.976420e-01 9.689016e-01 1.175758e+00 1.151109e+00 8.808236e-07
<GCONST> 6.104223e+01
<MIXTURE> 116 2.935202e-03
<MEAN> 25
 -4.540127e+00 -2.634497e-01 -3.550369e+00 3.330582e+00 2.544529e+00 -1.059672e+00 2.532553e+00 7.016113e-01 2.327249e+00 -8.465645e-02 -7.714856e-02 2.463158e+00 -2.017822e-02 -6.396585e-02 -2.662209e-01 -4.388426e-01 -5.412317e-01 -7.866566e-01 -6.705687e-01 -5.063852e-01 -4.626993e-01 -5.389392e-01 -4.645527e-01 -2.651998e-01 -2.790475e-06
<VARIANCE> 25
 1.052928e+01 1.062951e+01 1.380475e+01 1.296850e+01 1.278737e+01 2.010316e+01 1.631814e+01 1.990804e+01 2.324797e+01 1.715902e+01 1.853720e+01 1.592702e+01 2.205209e-01 3.930404e-01 4.997105e-01 5.425747e-01 6.646454e-01 9.378535e-01 1.051114e+00 1.028392e+00 9.976420e-01 9.689016e-01 1.175758e+00 1.151109e+00 8.808236e-07
<GCONST> 6.104223e+01
<MIXTURE> 117 6.506003e-03
<MEAN> 25
 -6.152183e+00 2.058098e+00 1.048561e-01 8.655423e+00 7.556757e+00 5.470839e+00 7.341206e+00 4.604475e+00 7.080709e+00 4.591200e+00 5.859596e+00 2.239884e+00 -1.780386e-02 -1.893334e-01 -4.433188e-01 -5.540904e-01 -4.727072e-01 -2.431882e-01 -4.023767e-01 -3.090597e-01 -4.078883e-01 -5.059505e-01 -4.431271e-01 -3.100296e-02 -6.521062e-06
<VARIANCE> 25
 9.507471e+00 8.163258e+00 9.386813e+00 1.448820e+01 1.753142e+01 1.377894e+01 1.592371e+01 1.669049e+01 1.407675e+01 1.351348e+01 1.518233e+01 1.424792e+01 2.158776e-01 2.899922e-01 5.264595e-01 5.477586e-01 8.603576e-01 1.589208e+00 1.182537e+00 1.028831e+00 1.092795e+00 1.215874e+00 1.121300e+00 1.163863e+00 7.142224e-07
<GCONST> 5.979887e+01
<MIXTURE> 118 6.506003e-03
<MEAN> 25
 -6.152183e+00 2.058098e+00 1.048561e-01 8.655423e+00 7.556757e+00 5.470839e+00 7.341206e+00 4.604475e+00 7.080709e+00 4.591200e+00 5.859596e+00 2.239884e+00 -1.780386e-02 -1.893334e-01 -4.433188e-01 -5.540904e-01 -4.727072e-01 -2.431882e-01 -4.023767e-01 -3.090597e-01 -4.078883e-01 -5.059505e-01 -4.431271e-01 -3.100296e-02 -6.521062e-06
<VARIANCE> 25
 9.507471e+00 8.163258e+00 9.386813e+00 1.448820e+01 1.753142e+01 1.377894e+01 1.592371e+01 1.669049e+01 1.407675e+01 1.351348e+01 1.518233e+01 1.424792e+01 2.158776e-01 2.899922e-01 5.264595e-01 5.477586e-01 8.603576e-01 1.589208e+00 1.182537e+00 1.028831e+00 1.092795e+00 1.215874e+00 1.121300e+00 1.163863e+00 7.142224e-07
<GCONST> 5.979887e+01
<MIXTURE> 119 4.297961e-03
<MEAN> 25
 -4.973213e+00 -7.629529e+00 2.238306e+00 2.020429e+00 2.232163e+00 2.050186e-01 5.287771e+00 5.945664e+00 1.158357e+00 9.617221e-01 6.609032e+00 1.562594e+00 -5.076774e-02 -7.867655e-02 3.822801e-02 -5.579653e-02 -1.202615e-01 -1.757251e-01 -6.860122e-02 -1.459951e-02 -9.353042e-02 -1.107725e-01 -5.011670e-02 -5.541018e-02 1.093842e-03
<VARIANCE> 25
 8.491171e+00 9.823295e+00 1.656941e+01 2.016169e+01 2.286106e+01 2.317588e+01 2.504947e+01 2.646223e+01 2.503575e+01 2.805466e+01 2.039721e+01 2.041496e+01 1.606600e-01 2.834392e-01 4.597954e-01 6.330235e-01 8.228565e-01 1.014276e+00 1.098626e+00 1.275979e+00 1.287498e+00 1.247199e+00 1.205929e+00 1.115202e+00 2.314120e-04
<GCONST> 6.976941e+01
<MIXTURE> 120 4.297961e-03
<MEAN> 25
 -4.973213e+00 -7.629529e+00 2.238306e+00 2.020429e+00 2.232163e+00 2.050186e-01 5.287771e+00 5.945664e+00 1.158357e+00 9.617221e-01 6.609032e+00 1.562594e+00 -5.076774e-02 -7.867655e-02 3.822801e-02 -5.579653e-02 -1.202615e-01 -1.757251e-01 -6.860122e-02 -1.459951e-02 -9.353042e-02 -1.107725e-01 -5.011670e-02 -5.541018e-02 1.093842e-03
<VARIANCE> 25
 8.491171e+00 9.823295e+00 1.656941e+01 2.016169e+01 2.286106e+01 2.317588e+01 2.504947e+01 2.646223e+01 2.503575e+01 2.805466e+01 2.039721e+01 2.041496e+01 1.606600e-01 2.834392e-01 4.597954e-01 6.330235e-01 8.228565e-01 1.014276e+00 1.098626e+00 1.275979e+00 1.287498e+00 1.247199e+00 1.205929e+00 1.115202e+00 2.314120e-04
<GCONST> 6.976941e+01
<MIXTURE> 121 4.567511e-03
<MEAN> 25
 2.084939e-01 -2.524457e+00 5.154494e+00 -1.290162e+01 -1.264680e+01 -1.666951e+00 9.972306e-01 -5.105401e+00 -4.199158e+00 -4.897690e-01 -5.505919e+00 -4.311609e+00 2.407091e-02 1.323550e-01 -4.142331e-02 7.965907e-02 1.585713e-01 7.817233e-02 -7.933103e-02 -1.830516e-01 -2.684284e-01 -2.574005e-01 -1.146144e-01 9.542387e-04 -7.436835e-03
<VARIANCE> 25
 7.734498e+00 1.560282e+01 1.728301e+01 2.036293e+01 2.440611e+01 2.925788e+01 2.955375e+01 2.459324e+01 3.528242e+01 2.833399e+01 1.976381e+01 2.118666e+01 1.549717e-01 6.429696e-01 6.229715e-01 7.047764e-01 7.706256e-01 1.150258e+00 1.117923e+00 1.120770e+00 1.217731e+00 1.192641e+00 9.414400e-01 8.717040e-01 2.108459e-04
<GCONST> 7.139460e+01
<MIXTURE> 122 4.567511e-03
<MEAN> 25
 2.084939e-01 -2.524457e+00 5.154494e+00 -1.290162e+01 -1.264680e+01 -1.666951e+00 9.972306e-01 -5.105401e+00 -4.199158e+00 -4.897690e-01 -5.505919e+00 -4.311609e+00 2.407091e-02 1.323550e-01 -4.142331e-02 7.965907e-02 1.585713e-01 7.817233e-02 -7.933103e-02 -1.830516e-01 -2.684284e-01 -2.574005e-01 -1.146144e-01 9.542387e-04 -7.436835e-03
<VARIANCE> 25
 7.734498e+00 1.560282e+01 1.728301e+01 2.036293e+01 2.440611e+01 2.925788e+01 2.955375e+01 2.459324e+01 3.528242e+01 2.833399e+01 1.976381e+01 2.118666e+01 1.549717e-01 6.429696e-01 6.229715e-01 7.047764e-01 7.706256e-01 1.150258e+00 1.117923e+00 1.120770e+00 1.217731e+00 1.192641e+00 9.414400e-01 8.717040e-01 2.108459e-04
<GCONST> 7.139460e+01
<MIXTURE> 123 4.393044e-03
<MEAN> 25
 -4.319631e+00 9.729179e-01 8.276546e-02 6.160363e+00 5.325207e+00 3.507638e+00 3.312808e+00 3.968286e-01 3.069440e-01 -5.826464e-01 5.915217e-02 8.356944e-01 -4.756001e-01 -7.783449e-01 -8.512800e-01 -6.199241e-01 -2.659343e-01 8.467165e-02 3.799578e-01 6.312092e-01 7.707496e-01 7.621526e-01 7.257122e-01 5.435483e-01 -2.880963e-03
<VARIANCE> 25
 1.068616e+01 1.021199e+01 1.556949e+01 1.715092e+01 2.197487e+01 2.705622e+01 2.175474e+01 1.908381e+01 1.907442e+01 1.768953e+01 2.220775e+01 1.958652e+01 3.722019e-01 3.595081e-01 5.221726e-01 7.164228e-01 9.763646e-01 1.178783e+00 1.189829e+00 1.204040e+00 1.215587e+00 1.172041e+00 1.202602e+00 1.214430e+00 9.761053e-05
<GCONST> 6.954357e+01
<MIXTURE> 124 4.069876e-03
<MEAN> 25
 -6.775517e+00 -8.846848e-01 -3.001848e+00 4.897599e+00 5.123694e+00 3.181803e+00 5.601343e+00 2.590800e+00 3.638341e+00 1.337909e+00 1.122697e+00 2.982107e+00 -1.799624e-01 -3.188318e-01 -3.617730e-01 -2.169116e-01 1.374810e-01 5.696118e-01 8.226590e-01 8.622082e-01 6.576143e-01 3.736807e-01 8.167466e-02 -8.249646e-02 3.964381e-05
<VARIANCE> 25
 1.099997e+01 8.135429e+00 1.105690e+01 1.278636e+01 1.200045e+01 1.993422e+01 1.545486e+01 1.662712e+01 1.793663e+01 1.569653e+01 1.822914e+01 1.409804e+01 1.173450e-01 1.640342e-01 2.649378e-01 3.956134e-01 5.957702e-01 7.311230e-01 7.428951e-01 7.885202e-01 8.973009e-01 1.095919e+00 9.827970e-01 1.034362e+00 1.688220e-05
<GCONST> 5.904682e+01
<MIXTURE> 125 4.069876e-03
<MEAN> 25
 -6.775517e+00 -8.846848e-01 -3.001848e+00 4.897599e+00 5.123694e+00 3.181803e+00 5.601343e+00 2.590800e+00 3.638341e+00 1.337909e+00 1.122697e+00 2.982107e+00 -1.799624e-01 -3.188318e-01 -3.617730e-01 -2.169116e-01 1.374810e-01 5.696118e-01 8.226590e-01 8.622082e-01 6.576143e-01 3.736807e-01 8.167466e-02 -8.249646e-02 3.964381e-05
<VARIANCE> 25
 1.099997e+01 8.135429e+00 1.105690e+01 1.278636e+01 1.200045e+01 1.993422e+01 1.545486e+01 1.662712e+01 1.793663e+01 1.569653e+01 1.822914e+01 1.409804e+01 1.173450e-01 1.640342e-01 2.649378e-01 3.956134e-01 5.957702e-01 7.311230e-01 7.428951e-01 7.885202e-01 8.973009e-01 1.095919e+00 9.827970e-01 1.034362e+00 1.688220e-05
<GCONST> 5.904682e+01
<MIXTURE> 126 2.402244e-03
<MEAN> 25
 -3.793275e+00 -6.920946e+00 -5.286233e+00 2.324979e+00 4.278440e+00 -3.251274e+00 8.161104e-02 3.546538e+00 3.342894e+00 -2.699979e+00 -1.433268e+00 3.035411e+00 -2.930676e-03 -4.474083e-03 -3.638927e-02 -1.583298e-01 -3.160282e-01 -3.907385e-01 -2.724274e-01 -1.573897e-01 -1.146751e-01 -1.203357e-01 -1.019724e-01 -3.533854e-02 -1.476224e-03
<VARIANCE> 25
 7.430793e+00 1.271644e+01 1.382028e+01 1.511410e+01 2.463685e+01 2.368664e+01 2.274476e+01 2.837194e+01 3.128114e+01 2.618866e+01 2.176744e+01 1.933909e+01 1.709066e-01 3.552940e-01 4.830132e-01 5.676504e-01 7.543888e-01 9.957830e-01 1.122517e+00 1.259817e+00 1.331890e+00 1.318746e+00 1.221784e+00 1.154859e+00 2.104329e-04
<GCONST> 6.983327e+01
<MIXTURE> 127 2.402244e-03
<MEAN> 25
 -3.793275e+00 -6.920946e+00 -5.286233e+00 2.324979e+00 4.278440e+00 -3.251274e+00 8.161104e-02 3.546538e+00 3.342894e+00 -2.699979e+00 -1.433268e+00 3.035411e+00 -2.930676e-03 -4.474083e-03 -3.638927e-02 -1.583298e-01 -3.160282e-01 -3.907385e-01 -2.724274e-01 -1.573897e-01 -1.146751e-01 -1.203357e-01 -1.019724e-01 -3.533854e-02 -1.476224e-03
<VARIANCE> 25
 7.430793e+00 1.271644e+01 1.382028e+01 1.511410e+01 2.463685e+01 2.368664e+01 2.274476e+01 2.837194e+01 3.128114e+01 2.618866e+01 2.176744e+01 1.933909e+01 1.709066e-01 3.552940e-01 4.830132e-01 5.676504e-01 7.543888e-01 9.957830e-01 1.122517e+00 1.259817e+00 1.331890e+00 1.318746e+00 1.221784e+00 1.154859e+00 2.104329e-04
<GCONST> 6.983327e+01
<MIXTURE> 128 3.790457e-03
<MEAN> 25
 -4.306962e+00 1.756309e+00 -1.112130e+00 6.317788e+00 4.498713e+00 1.396019e+00 3.896036e+00 1.953051e+00 4.250459e+00 3.554859e+00 3.478920e+00 2.712721e+00 -3.165243e-01 -1.912432e-01 9.058728e-02 6.932279e-01 1.083627e+00 1.002843e+00 6.640626e-01 5.854816e-02 -5.613671e-01 -9.372765e-01 -6.564214e-01 -3.591544e-01 -3.090439e-05
<VARIANCE> 25
 1.085313e+01 1.100982e+01 1.692736e+01 1.777285e+01 2.188264e+01 2.044238e+01 2.248331e+01 2.400040e+01 2.745719e+01 2.358485e+01 2.484258e+01 2.032113e+01 8.407781e-01 1.076358e+00 1.290985e+00 1.464068e+00 1.465996e+00 1.793885e+00 2.125123e+00 2.105438e+00 2.267432e+00 2.121782e+00 1.676898e+00 1.818572e+00 8.515258e-07
<GCONST> 7.324010e+01
<TRANSP> 3
 0.000000e+00 1.000000e+00 0.000000e+00
 0.000000e+00 9.999990e-01 9.999998e-07
 0.000000e+00 0.000000e+00 0.000000e+00
<ENDHMM>
