~o
<STREAMINFO> 1 25
<VECSIZE> 25<NULLD><MFCC_E_D_N><DIAGC>
~h "jmodel"
<BEGINHMM>
<NUMSTATES> 3
<STATE> 2
<NUMMIXES> 128
<MIXTURE> 1 5.748963e-03
<MEAN> 25
 -2.633508e+00 3.257141e+00 2.311227e+00 8.775132e+00 4.488103e+00 3.463067e+00 4.157116e+00 3.898251e+00 5.756839e+00 5.198464e+00 5.781551e+00 3.036680e+00 -2.009459e+00 -1.627111e+00 -8.257523e-01 1.057422e+00 1.511032e+00 2.173914e+00 2.150096e+00 2.082201e+00 1.662850e+00 1.260161e+00 1.547164e+00 5.994741e-01 -4.610676e-02
<VARIANCE> 25
 1.011154e+01 1.218190e+01 1.470488e+01 1.840711e+01 2.383829e+01 2.178791e+01 2.228510e+01 2.170323e+01 2.098034e+01 2.250767e+01 2.108955e+01 1.694440e+01 1.771404e+00 2.083810e+00 3.065912e+00 3.177587e+00 3.909612e+00 3.455759e+00 3.285489e+00 3.319335e+00 3.546844e+00 3.659245e+00 3.541867e+00 2.836231e+00 3.127642e-03
<GCONST> 8.850983e+01
<MIXTURE> 2 4.549242e-03
<MEAN> 25
 -4.936145e+00 1.538676e+00 8.415121e-01 9.883395e+00 7.103616e+00 7.218771e+00 7.910025e+00 6.635129e+00 8.203085e+00 6.200517e+00 7.306719e+00 3.125093e+00 -7.372744e-02 1.607411e-02 1.086252e-01 2.087175e-01 2.607584e-01 2.815624e-01 3.348078e-01 3.743953e-01 3.740556e-01 3.575180e-01 2.170347e-01 8.773433e-02 1.147888e-06
<VARIANCE> 25
 6.583759e+00 9.331873e+00 1.036668e+01 1.500325e+01 1.873930e+01 1.563269e+01 1.672770e+01 2.006159e+01 1.606100e+01 1.711032e+01 1.851207e+01 1.383936e+01 1.209329e-01 2.318537e-01 3.510361e-01 4.645698e-01 6.152347e-01 7.951327e-01 9.251249e-01 1.047045e+00 1.122326e+00 1.086101e+00 1.035646e+00 9.680114e-01 9.345351e-07
<GCONST> 5.795249e+01
<MIXTURE> 3 4.549242e-03
<MEAN> 25
 -4.936145e+00 1.538676e+00 8.415121e-01 9.883395e+00 7.103616e+00 7.218771e+00 7.910025e+00 6.635129e+00 8.203085e+00 6.200517e+00 7.306719e+00 3.125093e+00 -7.372744e-02 1.607411e-02 1.086252e-01 2.087175e-01 2.607584e-01 2.815624e-01 3.348078e-01 3.743953e-01 3.740556e-01 3.575180e-01 2.170347e-01 8.773433e-02 1.147888e-06
<VARIANCE> 25
 6.583759e+00 9.331873e+00 1.036668e+01 1.500325e+01 1.873930e+01 1.563269e+01 1.672770e+01 2.006159e+01 1.606100e+01 1.711032e+01 1.851207e+01 1.383936e+01 1.209329e-01 2.318537e-01 3.510361e-01 4.645698e-01 6.152347e-01 7.951327e-01 9.251249e-01 1.047045e+00 1.122326e+00 1.086101e+00 1.035646e+00 9.680114e-01 9.345351e-07
<GCONST> 5.795249e+01
<MIXTURE> 4 1.671429e-02
<MEAN> 25
 2.811545e+00 2.327587e+00 -5.135862e+00 5.496873e-02 4.744019e+00 3.516090e+00 2.696330e+00 4.406151e-01 2.452848e+00 2.016198e+00 -1.886915e+00 -1.314867e+00 -3.245589e+00 1.239163e+00 1.603130e+00 3.004487e+00 1.981522e+00 -8.688831e-01 1.407011e+00 9.425440e-01 9.994807e-01 4.508861e-01 7.361296e-01 2.993155e-01 -8.459660e-02
<VARIANCE> 25
 2.724487e+01 2.490382e+01 3.601997e+01 2.994745e+01 4.569577e+01 5.725002e+01 5.369156e+01 5.500683e+01 6.400537e+01 4.479630e+01 3.496621e+01 4.501790e+01 2.292234e+00 3.395671e+00 4.242514e+00 4.162917e+00 5.157485e+00 7.233737e+00 4.580935e+00 4.517108e+00 6.770985e+00 5.426404e+00 6.793814e+00 4.050498e+00 6.937922e-03
<GCONST> 1.041534e+02
<MIXTURE> 5 3.206198e-03
<MEAN> 25
 -3.149586e+00 2.316290e+00 -2.948429e-01 8.109369e+00 6.634249e+00 5.271380e+00 6.755013e+00 5.053789e+00 5.928244e+00 4.139544e+00 4.570119e+00 2.724980e+00 -4.325464e-01 8.530725e-01 1.218865e+00 1.164944e+00 4.630758e-01 -5.761337e-02 1.037172e-01 -8.920450e-02 2.185977e-01 7.036130e-01 3.615938e-01 8.169782e-02 -2.288608e-05
<VARIANCE> 25
 9.257094e+00 1.354842e+01 2.463190e+01 2.920876e+01 1.765821e+01 2.086755e+01 1.867993e+01 2.066499e+01 2.481277e+01 1.844855e+01 2.041310e+01 1.610897e+01 1.127805e+00 1.406640e+00 1.736863e+00 1.695791e+00 2.119302e+00 2.117681e+00 2.266544e+00 2.046091e+00 2.445032e+00 2.041790e+00 1.892825e+00 1.717899e+00 8.258103e-07
<GCONST> 7.450172e+01
<MIXTURE> 6 5.475854e-03
<MEAN> 25
 1.080471e+01 -9.393617e-01 -6.570371e+00 -1.014306e+01 -3.055822e+00 6.510248e+00 -5.727283e+00 -4.390745e+00 -3.435364e+00 2.509341e+00 4.552918e+00 -8.870317e-01 5.587921e-01 1.085496e+00 -3.826953e-01 -1.505020e+00 -6.970809e-01 1.313576e+00 1.585536e+00 2.888007e-01 -1.753852e+00 -1.012459e+00 3.668778e-01 1.486297e+00 -1.199171e-02
<VARIANCE> 25
 1.209812e+01 2.173508e+01 3.387116e+01 3.853694e+01 3.767573e+01 3.599611e+01 4.088100e+01 4.053822e+01 3.591196e+01 4.036333e+01 3.689878e+01 3.805367e+01 3.572014e-01 9.884871e-01 9.884320e-01 1.603433e+00 1.505616e+00 2.141971e+00 1.905921e+00 2.264905e+00 3.186805e+00 1.686410e+00 2.738262e+00 1.609790e+00 6.193360e-04
<GCONST> 8.567567e+01
<MIXTURE> 7 5.475854e-03
<MEAN> 25
 1.080471e+01 -9.393617e-01 -6.570371e+00 -1.014306e+01 -3.055822e+00 6.510248e+00 -5.727283e+00 -4.390745e+00 -3.435364e+00 2.509341e+00 4.552918e+00 -8.870317e-01 5.587921e-01 1.085496e+00 -3.826953e-01 -1.505020e+00 -6.970809e-01 1.313576e+00 1.585536e+00 2.888007e-01 -1.753852e+00 -1.012459e+00 3.668778e-01 1.486297e+00 -1.199171e-02
<VARIANCE> 25
 1.209812e+01 2.173508e+01 3.387116e+01 3.853694e+01 3.767573e+01 3.599611e+01 4.088100e+01 4.053822e+01 3.591196e+01 4.036333e+01 3.689878e+01 3.805367e+01 3.572014e-01 9.884871e-01 9.884320e-01 1.603433e+00 1.505616e+00 2.141971e+00 1.905921e+00 2.264905e+00 3.186805e+00 1.686410e+00 2.738262e+00 1.609790e+00 6.193360e-04
<GCONST> 8.567567e+01
<MIXTURE> 8 1.165917e-02
<MEAN> 25
 -4.944500e+00 2.437904e+00 6.135947e-01 8.817231e+00 7.856245e+00 5.410422e+00 7.100927e+00 5.083692e+00 5.827987e+00 4.925697e+00 4.983678e+00 2.834818e+00 -9.050414e-01 -1.634434e+00 -8.507618e-01 -1.265088e+00 -8.326114e-01 -9.017488e-01 -3.865303e-01 -4.741376e-01 -3.359851e-01 -5.341287e-02 -9.513514e-02 1.214446e-01 9.883390e-02
<VARIANCE> 25
 6.973584e+00 8.886174e+00 1.118434e+01 1.215261e+01 1.461232e+01 1.483163e+01 1.840513e+01 1.393952e+01 1.487815e+01 1.411805e+01 1.726480e+01 1.449616e+01 2.634744e+00 2.694500e+00 4.621099e+00 3.849532e+00 3.246131e+00 2.847621e+00 3.431864e+00 2.768754e+00 2.180164e+00 1.916504e+00 2.275067e+00 1.710716e+00 6.204013e-03
<GCONST> 8.380180e+01
<MIXTURE> 9 1.199672e-02
<MEAN> 25
 1.046936e+01 1.657072e+00 -5.863222e+00 -8.330521e+00 -5.186733e+00 6.130987e+00 -1.741701e+00 -3.116781e+00 -6.256201e+00 -4.190058e+00 1.905321e+00 -8.943121e-01 8.784858e-01 3.379625e-02 -2.665114e-01 -3.113442e+00 -1.813548e+00 1.620136e+00 -1.526095e+00 5.466146e-01 5.257110e-01 -1.048646e-01 1.233821e+00 2.591079e-01 6.036628e-02
<VARIANCE> 25
 1.805248e+01 2.388093e+01 3.927671e+01 5.837610e+01 5.133233e+01 3.817152e+01 1.042831e+02 5.043712e+01 4.338131e+01 5.721351e+01 3.264805e+01 2.362010e+01 2.425805e+00 1.991280e+00 3.601217e+00 4.018938e+00 3.825064e+00 6.147083e+00 3.512811e+00 5.060181e+00 7.329592e+00 3.361813e+00 5.074001e+00 2.358367e+00 1.718828e-03
<GCONST> 9.996677e+01
<MIXTURE> 10 6.596976e-03
<MEAN> 25
 1.081948e+00 7.592054e+00 5.326034e+00 7.302472e+00 1.483750e+00 -1.555098e+00 -9.387433e-02 -1.644471e+00 6.553185e-01 4.830944e-01 4.802534e-01 9.793875e-01 -1.873570e+00 -5.034803e-01 -4.931436e-01 3.085720e+00 2.437780e+00 2.732712e+00 2.235086e+00 2.114151e+00 1.697934e+00 1.320001e+00 2.145614e+00 2.239095e-01 -1.404872e-01
<VARIANCE> 25
 1.875889e+01 2.244362e+01 2.194209e+01 2.751528e+01 4.235994e+01 3.438171e+01 4.492218e+01 3.338070e+01 2.556077e+01 2.715671e+01 2.716846e+01 2.399871e+01 2.070966e+00 3.582635e+00 5.935744e+00 5.241693e+00 5.903038e+00 4.722274e+00 4.608238e+00 4.594394e+00 4.590598e+00 4.891785e+00 4.374523e+00 3.480376e+00 2.786289e-03
<GCONST> 9.778577e+01
<MIXTURE> 11 1.633820e-02
<MEAN> 25
 8.217383e+00 3.464721e+00 4.019548e+00 5.406096e+00 -3.635916e+00 -1.467750e+00 -2.601605e+00 -6.916595e+00 -3.746467e+00 -2.790688e-01 -2.734413e+00 -1.714176e+00 -2.564357e-01 4.365997e-01 1.625364e-01 3.435762e-01 5.555165e-01 -2.436487e-01 3.220667e-01 -2.650447e-01 -1.477242e-01 -3.855629e-03 -6.624623e-02 1.145063e-01 -1.518412e-02
<VARIANCE> 25
 1.191771e+01 2.736953e+01 2.867059e+01 3.780844e+01 3.705803e+01 3.931737e+01 5.812549e+01 5.280772e+01 4.339098e+01 3.712291e+01 3.284556e+01 3.077634e+01 1.007061e+00 1.281905e+00 2.008744e+00 2.521499e+00 2.120870e+00 2.319659e+00 2.039332e+00 2.763990e+00 2.440075e+00 2.027674e+00 1.862833e+00 1.633815e+00 9.432597e-04
<GCONST> 8.928530e+01
<MIXTURE> 12 5.904134e-03
<MEAN> 25
 1.072084e+01 4.192091e+00 -3.711599e+00 -1.611224e+01 -9.156079e+00 9.597839e+00 -2.045402e+00 -2.503802e+00 -2.698715e+00 -4.122328e+00 1.494659e+00 1.658545e+00 3.686945e-02 2.723568e-01 1.273157e-01 -3.348833e-01 -2.989615e-01 -1.753570e-02 5.184135e-01 5.835935e-01 -2.534708e-03 -4.631252e-01 -3.258375e-01 1.252195e-01 -6.808907e-03
<VARIANCE> 25
 8.560944e+00 1.890630e+01 2.352966e+01 2.961281e+01 3.596860e+01 3.554356e+01 5.046773e+01 4.282249e+01 4.245486e+01 4.593965e+01 3.464491e+01 2.983472e+01 2.297165e-01 6.877281e-01 6.388838e-01 1.128325e+00 1.102447e+00 9.116874e-01 1.284894e+00 1.263474e+00 1.133502e+00 1.202527e+00 1.091487e+00 8.697035e-01 4.899146e-04
<GCONST> 7.788195e+01
<MIXTURE> 13 5.904134e-03
<MEAN> 25
 1.072084e+01 4.192091e+00 -3.711599e+00 -1.611224e+01 -9.156079e+00 9.597839e+00 -2.045402e+00 -2.503802e+00 -2.698715e+00 -4.122328e+00 1.494659e+00 1.658545e+00 3.686945e-02 2.723568e-01 1.273157e-01 -3.348833e-01 -2.989615e-01 -1.753570e-02 5.184135e-01 5.835935e-01 -2.534708e-03 -4.631252e-01 -3.258375e-01 1.252195e-01 -6.808907e-03
<VARIANCE> 25
 8.560944e+00 1.890630e+01 2.352966e+01 2.961281e+01 3.596860e+01 3.554356e+01 5.046773e+01 4.282249e+01 4.245486e+01 4.593965e+01 3.464491e+01 2.983472e+01 2.297165e-01 6.877281e-01 6.388838e-01 1.128325e+00 1.102447e+00 9.116874e-01 1.284894e+00 1.263474e+00 1.133502e+00 1.202527e+00 1.091487e+00 8.697035e-01 4.899146e-04
<GCONST> 7.788195e+01
<MIXTURE> 14 6.488954e-03
<MEAN> 25
 -4.379476e+00 -2.855290e-01 -4.155295e-01 8.808527e+00 7.654736e+00 7.125029e+00 7.831255e+00 7.145769e+00 7.145368e+00 5.352191e+00 6.680675e+00 4.055840e+00 -2.670711e-01 1.821928e-01 3.311270e-01 2.883733e-01 -7.237585e-02 7.708958e-02 1.410349e-01 1.981660e-01 2.733874e-01 5.206257e-01 4.708514e-01 6.429226e-02 -8.816737e-03
<VARIANCE> 25
 9.471369e+00 1.418897e+01 1.858967e+01 1.752374e+01 2.077215e+01 2.025953e+01 2.102760e+01 2.097894e+01 1.993731e+01 2.401385e+01 2.137157e+01 1.618227e+01 1.001343e+00 1.650236e+00 1.976534e+00 1.933342e+00 2.422164e+00 2.280569e+00 2.260753e+00 2.340552e+00 2.243497e+00 2.465780e+00 2.409808e+00 1.883144e+00 1.012668e-03
<GCONST> 8.232851e+01
<MIXTURE> 15 2.475190e-03
<MEAN> 25
 -5.430001e+00 -5.797094e-01 -2.089029e-01 7.395295e+00 5.798407e+00 5.686216e+00 6.075416e+00 4.924346e+00 5.160873e+00 4.160171e+00 5.480308e+00 2.564699e+00 -1.220304e-01 -3.192732e-02 7.050357e-02 2.385460e-01 4.845724e-01 7.850774e-01 1.069956e+00 1.183956e+00 1.064410e+00 7.616220e-01 4.246437e-01 1.521324e-01 -8.443135e-05
<VARIANCE> 25
 6.917748e+00 5.997259e+00 8.949013e+00 1.276166e+01 1.454417e+01 1.423329e+01 1.489735e+01 1.518633e+01 1.397375e+01 1.408431e+01 1.500829e+01 1.246317e+01 1.237895e-01 2.063407e-01 3.203388e-01 5.032028e-01 7.000247e-01 7.910020e-01 7.576314e-01 7.869505e-01 9.213483e-01 1.021451e+00 1.064502e+00 1.033562e+00 2.768497e-05
<GCONST> 5.861772e+01
<MIXTURE> 16 2.475190e-03
<MEAN> 25
 -5.430001e+00 -5.797094e-01 -2.089029e-01 7.395295e+00 5.798407e+00 5.686216e+00 6.075416e+00 4.924346e+00 5.160873e+00 4.160171e+00 5.480308e+00 2.564699e+00 -1.220304e-01 -3.192732e-02 7.050357e-02 2.385460e-01 4.845724e-01 7.850774e-01 1.069956e+00 1.183956e+00 1.064410e+00 7.616220e-01 4.246437e-01 1.521324e-01 -8.443135e-05
<VARIANCE> 25
 6.917748e+00 5.997259e+00 8.949013e+00 1.276166e+01 1.454417e+01 1.423329e+01 1.489735e+01 1.518633e+01 1.397375e+01 1.408431e+01 1.500829e+01 1.246317e+01 1.237895e-01 2.063407e-01 3.203388e-01 5.032028e-01 7.000247e-01 7.910020e-01 7.576314e-01 7.869505e-01 9.213483e-01 1.021451e+00 1.064502e+00 1.033562e+00 2.768497e-05
<GCONST> 5.861772e+01
<MIXTURE> 17 9.518312e-03
<MEAN> 25
 4.852377e+00 -1.354810e+00 8.486176e+00 1.415715e+00 -7.048433e+00 -5.931394e+00 -5.728724e+00 -4.420614e-01 -1.928852e+00 -2.762779e+00 9.064618e-01 7.616775e-02 -5.939798e-01 -9.307380e-01 2.076248e+00 -2.520304e+00 -1.916570e+00 -7.884964e-01 -4.468596e-01 1.940307e+00 -8.911096e-01 1.303184e-01 8.437003e-01 8.075106e-01 6.755216e-02
<VARIANCE> 25
 1.608559e+01 2.750233e+01 3.672937e+01 3.655775e+01 3.843230e+01 4.439336e+01 4.728109e+01 3.279143e+01 3.543400e+01 2.401386e+01 3.203812e+01 2.345524e+01 1.834228e+00 2.327495e+00 4.345240e+00 3.202677e+00 4.116520e+00 6.123796e+00 6.324528e+00 7.754195e+00 3.793068e+00 3.117536e+00 2.902726e+00 2.535138e+00 1.812550e-03
<GCONST> 9.675562e+01
<MIXTURE> 18 1.221018e-02
<MEAN> 25
 4.401650e+00 3.559998e+00 8.547253e+00 6.037407e+00 -4.097760e+00 -7.155195e+00 -1.587787e+00 -1.062263e+00 -3.566242e+00 -2.219014e+00 -1.348270e+00 8.663925e-01 -9.313047e-01 2.355482e+00 -1.246055e+00 1.907192e+00 3.052853e+00 1.221847e+00 1.895587e+00 -4.547405e-01 1.029773e+00 8.452991e-01 -6.725397e-01 -4.694407e-01 -1.217021e-01
<VARIANCE> 25
 1.780239e+01 2.044504e+01 4.238121e+01 3.922065e+01 4.300051e+01 3.649498e+01 6.427243e+01 2.980607e+01 5.050807e+01 2.824560e+01 2.817857e+01 2.078861e+01 2.756787e+00 2.477035e+00 4.130077e+00 4.732523e+00 3.841345e+00 6.020092e+00 4.260927e+00 4.527035e+00 4.680027e+00 5.260649e+00 4.189476e+00 2.519374e+00 3.920585e-03
<GCONST> 9.882519e+01
<MIXTURE> 19 9.912824e-03
<MEAN> 25
 -1.336710e+01 2.276090e+00 -3.885666e+00 7.297493e-01 4.442698e+00 -2.186700e-01 3.781037e+00 9.806137e-01 3.557184e+00 1.420550e-01 -4.849564e-02 1.772453e+00 2.496060e+00 1.839733e+00 2.438245e+00 8.315683e-01 -8.519217e-01 -9.711351e-01 -9.881433e-01 -1.629099e+00 -1.398617e+00 -1.137811e+00 -5.702959e-01 -7.215035e-01 -2.187069e-02
<VARIANCE> 25
 5.344611e+01 2.154941e+01 7.257934e+01 5.466145e+01 2.736366e+01 2.976838e+01 2.463630e+01 2.811498e+01 2.720044e+01 2.390071e+01 2.509331e+01 1.528820e+01 2.616421e+00 1.804502e+00 2.603792e+00 2.456775e+00 2.351891e+00 1.903106e+00 2.015180e+00 2.235799e+00 1.871167e+00 1.934510e+00 1.989335e+00 1.407827e+00 2.746198e-03
<GCONST> 8.978245e+01
<MIXTURE> 20 6.308331e-03
<MEAN> 25
 -1.404841e+01 7.796120e+00 -3.270688e-01 6.864140e+00 4.532097e+00 3.302395e-01 5.920684e+00 5.748979e-01 8.195786e-01 5.345928e-01 2.511904e+00 -4.044284e-01 -3.558015e+00 -8.146344e-01 -2.059858e+00 4.873866e-01 1.513886e+00 1.715084e+00 2.022663e+00 2.078384e+00 2.071059e+00 1.794472e+00 1.366534e+00 7.846769e-01 5.086832e-02
<VARIANCE> 25
 1.702333e+01 2.128971e+01 3.657241e+01 3.528605e+01 4.310280e+01 3.247427e+01 2.916037e+01 2.831116e+01 2.549893e+01 2.947497e+01 2.248365e+01 1.837509e+01 2.676478e+00 1.944782e+00 3.251682e+00 2.913815e+00 2.523181e+00 2.746104e+00 2.187860e+00 2.024792e+00 1.971697e+00 2.536771e+00 2.635870e+00 1.759827e+00 1.682345e-03
<GCONST> 8.968762e+01
<MIXTURE> 21 7.928653e-03
<MEAN> 25
 4.057785e+00 -4.834679e+00 7.176417e+00 -1.722915e+00 -1.023627e+01 -9.811003e+00 -4.957088e+00 3.941776e+00 -2.833401e+00 -4.084615e+00 1.143159e+00 2.394459e-01 -7.582975e-01 1.134710e+00 2.333292e+00 -2.146524e-01 -1.097067e+00 3.668841e-01 5.602527e-01 -1.076711e+00 -2.139567e+00 2.027899e-01 8.696047e-01 2.370204e-01 -1.161044e-02
<VARIANCE> 25
 8.207374e+00 1.588150e+01 4.754522e+01 2.291400e+01 2.726929e+01 3.187889e+01 4.947983e+01 3.780193e+01 3.380464e+01 2.975194e+01 3.181792e+01 2.574546e+01 5.372274e-01 8.819569e-01 1.795828e+00 1.360083e+00 2.295753e+00 3.225865e+00 4.231405e+00 2.579800e+00 1.819804e+00 2.548296e+00 2.175697e+00 2.145513e+00 3.540050e-04
<GCONST> 8.540123e+01
<MIXTURE> 22 8.827789e-03
<MEAN> 25
 -1.839406e+01 6.329151e+00 -6.021853e+00 7.345620e+00 4.625097e+00 1.834286e+00 9.106608e+00 1.815687e+00 5.778241e+00 2.973630e+00 4.825536e+00 1.489180e+00 -5.819278e-01 -2.293144e-01 -2.533829e-01 -1.253284e-01 9.737378e-02 6.798234e-02 1.617512e-02 2.434548e-01 3.433324e-01 -4.370834e-02 1.063152e-01 2.498672e-01 7.645431e-03
<VARIANCE> 25
 8.850348e+00 1.524123e+01 3.902209e+01 2.234828e+01 2.927633e+01 1.862644e+01 2.042274e+01 1.601228e+01 1.887974e+01 2.437994e+01 2.054051e+01 1.306645e+01 1.179757e+00 1.526433e+00 1.383425e+00 1.313872e+00 1.517941e+00 1.440933e+00 1.466259e+00 1.268263e+00 1.407974e+00 1.497793e+00 1.366937e+00 1.119934e+00 1.399167e-03
<GCONST> 7.862682e+01
<MIXTURE> 23 6.455497e-03
<MEAN> 25
 7.969708e+00 2.448738e+00 3.042181e+00 2.419491e+00 -4.885593e+00 -3.139057e+00 -4.276546e+00 -6.509688e+00 -3.477380e+00 -1.049638e+00 -4.130031e+00 -2.134063e+00 3.417532e-02 1.764185e-01 9.268767e-03 5.632766e-02 -1.073977e-03 4.785858e-02 2.031434e-02 -4.562510e-02 9.645515e-03 4.923907e-02 3.235259e-03 3.997446e-02 -4.363163e-03
<VARIANCE> 25
 1.044113e+01 2.233536e+01 2.480631e+01 4.098671e+01 3.802215e+01 5.467522e+01 5.987718e+01 5.493915e+01 4.854408e+01 4.729652e+01 4.846638e+01 4.035464e+01 1.181809e-01 2.945969e-01 3.797569e-01 4.923036e-01 6.024072e-01 7.135040e-01 7.802005e-01 8.792588e-01 8.862451e-01 8.796881e-01 8.207853e-01 7.600349e-01 8.811431e-05
<GCONST> 7.306523e+01
<MIXTURE> 24 6.455497e-03
<MEAN> 25
 7.969708e+00 2.448738e+00 3.042181e+00 2.419491e+00 -4.885593e+00 -3.139057e+00 -4.276546e+00 -6.509688e+00 -3.477380e+00 -1.049638e+00 -4.130031e+00 -2.134063e+00 3.417532e-02 1.764185e-01 9.268767e-03 5.632766e-02 -1.073977e-03 4.785858e-02 2.031434e-02 -4.562510e-02 9.645515e-03 4.923907e-02 3.235259e-03 3.997446e-02 -4.363163e-03
<VARIANCE> 25
 1.044113e+01 2.233536e+01 2.480631e+01 4.098671e+01 3.802215e+01 5.467522e+01 5.987718e+01 5.493915e+01 4.854408e+01 4.729652e+01 4.846638e+01 4.035464e+01 1.181809e-01 2.945969e-01 3.797569e-01 4.923036e-01 6.024072e-01 7.135040e-01 7.802005e-01 8.792588e-01 8.862451e-01 8.796881e-01 8.207853e-01 7.600349e-01 8.811431e-05
<GCONST> 7.306523e+01
<MIXTURE> 25 1.118642e-02
<MEAN> 25
 6.776369e-01 2.090326e+00 1.846614e+01 -3.854801e+00 -1.021541e+01 -1.214055e+00 -8.499862e+00 -2.475165e+00 -9.216598e+00 -5.472210e+00 2.858111e+00 5.644815e-01 -2.474039e-01 6.904677e-01 3.116811e-01 -6.455941e-02 4.369449e-01 4.470494e-01 5.029854e-01 -2.669341e-01 -4.713884e-01 2.393739e-01 2.001131e-02 -1.592033e-01 -1.826151e-02
<VARIANCE> 25
 7.662191e+00 2.825051e+01 3.076695e+01 3.907895e+01 5.424278e+01 5.755700e+01 4.800146e+01 2.272375e+01 2.896590e+01 3.463330e+01 2.370537e+01 2.220162e+01 5.910639e-01 9.906597e-01 1.558147e+00 1.452006e+00 1.828192e+00 1.962151e+00 2.082979e+00 1.376680e+00 1.849373e+00 2.696267e+00 1.079323e+00 1.160038e+00 1.277097e-03
<GCONST> 8.441445e+01
<MIXTURE> 26 7.727677e-03
<MEAN> 25
 3.100250e+00 -6.047246e+00 -1.068852e+01 -2.376343e-01 6.682055e+00 8.797034e+00 4.546031e+00 3.541376e-03 3.767484e+00 2.233107e+00 -3.510000e+00 -2.908133e+00 -7.823375e-01 5.078809e-01 -8.074910e-03 4.449618e-01 2.570465e-01 1.543805e-01 1.995673e-01 2.699603e-01 4.180709e-01 -1.756895e-01 4.496322e-01 4.282819e-01 -4.902202e-02
<VARIANCE> 25
 2.687168e+01 2.493260e+01 2.362483e+01 4.910316e+01 3.658649e+01 8.651868e+01 4.096697e+01 3.511621e+01 3.461557e+01 5.978152e+01 3.382366e+01 4.498214e+01 1.703851e+00 1.704712e+00 2.649261e+00 2.768760e+00 2.088655e+00 2.890854e+00 2.469005e+00 2.437753e+00 1.919281e+00 2.117422e+00 1.730235e+00 1.615759e+00 2.533890e-03
<GCONST> 9.290844e+01
<MIXTURE> 27 7.727677e-03
<MEAN> 25
 3.100250e+00 -6.047246e+00 -1.068852e+01 -2.376343e-01 6.682055e+00 8.797034e+00 4.546031e+00 3.541376e-03 3.767484e+00 2.233107e+00 -3.510000e+00 -2.908133e+00 -7.823375e-01 5.078809e-01 -8.074910e-03 4.449618e-01 2.570465e-01 1.543805e-01 1.995673e-01 2.699603e-01 4.180709e-01 -1.756895e-01 4.496322e-01 4.282819e-01 -4.902202e-02
<VARIANCE> 25
 2.687168e+01 2.493260e+01 2.362483e+01 4.910316e+01 3.658649e+01 8.651868e+01 4.096697e+01 3.511621e+01 3.461557e+01 5.978152e+01 3.382366e+01 4.498214e+01 1.703851e+00 1.704712e+00 2.649261e+00 2.768760e+00 2.088655e+00 2.890854e+00 2.469005e+00 2.437753e+00 1.919281e+00 2.117422e+00 1.730235e+00 1.615759e+00 2.533890e-03
<GCONST> 9.290844e+01
<MIXTURE> 28 5.036674e-03
<MEAN> 25
 -5.335338e+00 5.563217e-01 -1.703524e+00 6.752242e+00 6.037668e+00 3.211600e+00 5.461476e+00 3.046468e+00 4.266070e+00 2.168780e+00 2.474252e+00 2.794353e+00 -1.262698e-01 1.815916e-01 4.986386e-01 7.947922e-01 8.214754e-01 6.829858e-01 5.980793e-01 3.157731e-01 3.622975e-01 4.536332e-01 3.449298e-01 2.798173e-01 -1.017207e-05
<VARIANCE> 25
 9.469014e+00 1.029118e+01 1.198184e+01 1.334271e+01 1.564773e+01 1.703165e+01 1.711182e+01 2.286340e+01 2.008669e+01 1.494758e+01 1.813220e+01 1.473334e+01 2.179625e-01 4.350529e-01 3.577182e-01 4.360624e-01 5.461115e-01 9.403681e-01 1.015204e+00 1.259804e+00 1.149369e+00 1.108759e+00 9.650018e-01 1.043810e+00 8.186337e-07
<GCONST> 6.004773e+01
<MIXTURE> 29 5.036674e-03
<MEAN> 25
 -5.335338e+00 5.563217e-01 -1.703524e+00 6.752242e+00 6.037668e+00 3.211600e+00 5.461476e+00 3.046468e+00 4.266070e+00 2.168780e+00 2.474252e+00 2.794353e+00 -1.262698e-01 1.815916e-01 4.986386e-01 7.947922e-01 8.214754e-01 6.829858e-01 5.980793e-01 3.157731e-01 3.622975e-01 4.536332e-01 3.449298e-01 2.798173e-01 -1.017207e-05
<VARIANCE> 25
 9.469014e+00 1.029118e+01 1.198184e+01 1.334271e+01 1.564773e+01 1.703165e+01 1.711182e+01 2.286340e+01 2.008669e+01 1.494758e+01 1.813220e+01 1.473334e+01 2.179625e-01 4.350529e-01 3.577182e-01 4.360624e-01 5.461115e-01 9.403681e-01 1.015204e+00 1.259804e+00 1.149369e+00 1.108759e+00 9.650018e-01 1.043810e+00 8.186337e-07
<GCONST> 6.004773e+01
<MIXTURE> 30 8.917812e-03
<MEAN> 25
 -4.505633e+00 -1.268235e-01 6.142823e-01 9.079702e+00 7.843280e+00 7.452744e+00 7.628496e+00 6.885941e+00 6.540634e+00 4.856755e+00 6.927410e+00 3.476239e+00 -2.731800e-02 2.407170e-02 4.880862e-02 8.882364e-02 7.964762e-02 4.053393e-02 1.495467e-02 7.768232e-03 1.289679e-02 5.299925e-02 6.198840e-02 3.516592e-02 -5.482286e-04
<VARIANCE> 25
 6.883342e+00 1.012614e+01 1.037124e+01 1.359410e+01 1.597137e+01 1.651928e+01 1.912545e+01 1.818245e+01 1.608629e+01 1.832674e+01 2.146822e+01 1.428022e+01 9.718697e-02 2.021479e-01 3.277996e-01 4.813473e-01 6.165747e-01 7.171733e-01 7.847868e-01 8.290002e-01 8.735641e-01 9.375866e-01 9.122286e-01 8.584639e-01 5.017391e-05
<GCONST> 6.061201e+01
<MIXTURE> 31 4.136493e-03
<MEAN> 25
 -3.143631e+00 -5.802918e+00 -4.492280e-01 4.443595e+00 3.690720e+00 1.378050e+00 5.026600e+00 6.672976e+00 3.167716e+00 1.300573e+00 6.337190e+00 2.918393e+00 2.609142e-01 5.241361e-01 -1.791530e-01 3.285958e-01 1.026293e-01 4.766882e-01 2.322562e-01 4.222479e-02 4.203283e-01 3.711786e-01 9.494642e-02 7.196396e-02 -1.776211e-02
<VARIANCE> 25
 7.187817e+00 1.500157e+01 2.047341e+01 2.009388e+01 2.388016e+01 2.448293e+01 2.318130e+01 2.412117e+01 2.823244e+01 2.762812e+01 1.998122e+01 1.860793e+01 1.940511e-01 5.234194e-01 6.169773e-01 7.642819e-01 9.204675e-01 1.085421e+00 1.205167e+00 1.418379e+00 1.330291e+00 1.300424e+00 1.176374e+00 1.136073e+00 2.475051e-04
<GCONST> 7.195266e+01
<MIXTURE> 32 4.136493e-03
<MEAN> 25
 -3.143631e+00 -5.802918e+00 -4.492280e-01 4.443595e+00 3.690720e+00 1.378050e+00 5.026600e+00 6.672976e+00 3.167716e+00 1.300573e+00 6.337190e+00 2.918393e+00 2.609142e-01 5.241361e-01 -1.791530e-01 3.285958e-01 1.026293e-01 4.766882e-01 2.322562e-01 4.222479e-02 4.203283e-01 3.711786e-01 9.494642e-02 7.196396e-02 -1.776211e-02
<VARIANCE> 25
 7.187817e+00 1.500157e+01 2.047341e+01 2.009388e+01 2.388016e+01 2.448293e+01 2.318130e+01 2.412117e+01 2.823244e+01 2.762812e+01 1.998122e+01 1.860793e+01 1.940511e-01 5.234194e-01 6.169773e-01 7.642819e-01 9.204675e-01 1.085421e+00 1.205167e+00 1.418379e+00 1.330291e+00 1.300424e+00 1.176374e+00 1.136073e+00 2.475051e-04
<GCONST> 7.195266e+01
<MIXTURE> 33 1.508826e-02
<MEAN> 25
 7.024868e+00 -3.531249e+00 -2.810605e+00 -2.848543e+00 -1.617273e+00 -5.853150e+00 -6.307931e+00 2.627180e+00 3.735509e+00 4.413834e-01 -4.607776e+00 -2.853374e+00 8.808439e-01 -1.347934e+00 -2.479127e+00 -1.704718e+00 9.561012e-01 1.715939e+00 -8.785954e-01 9.675587e-01 1.087275e+00 5.456347e-01 -7.389555e-02 -1.355516e+00 3.751476e-02
<VARIANCE> 25
 1.130042e+01 2.850582e+01 2.470515e+01 3.439694e+01 3.325187e+01 5.104626e+01 4.280384e+01 4.060344e+01 3.996923e+01 5.264964e+01 3.100511e+01 2.391567e+01 1.311982e+00 1.868832e+00 2.102166e+00 1.907778e+00 4.154174e+00 4.105801e+00 5.549116e+00 7.217748e+00 4.545955e+00 3.592968e+00 3.308858e+00 2.194490e+00 1.223767e-03
<GCONST> 9.450703e+01
<MIXTURE> 34 1.588179e-02
<MEAN> 25
 9.622775e+00 -5.489655e-01 6.753487e-01 2.241494e+00 -4.515955e+00 -5.433146e-01 -5.315774e+00 -5.114201e+00 -1.969938e+00 -2.362563e+00 -2.069463e+00 -2.801190e+00 -1.450951e-01 9.013612e-01 1.147436e+00 3.033341e+00 1.781145e-02 -2.066869e-01 1.254050e+00 -1.636930e+00 -8.877326e-01 -9.329604e-02 -9.266546e-01 2.884839e-01 -5.864404e-02
<VARIANCE> 25
 1.284041e+01 2.499753e+01 4.551479e+01 7.185043e+01 3.870277e+01 5.217378e+01 7.324694e+01 4.463666e+01 9.560548e+01 5.045100e+01 4.290436e+01 3.059059e+01 1.230842e+00 2.109724e+00 4.349223e+00 4.729647e+00 4.384938e+00 8.286468e+00 5.793985e+00 5.674255e+00 6.833490e+00 5.103809e+00 4.859764e+00 3.798090e+00 9.612973e-04
<GCONST> 1.017584e+02
<MIXTURE> 35 1.467755e-02
<MEAN> 25
 -2.213841e+00 -3.920316e+00 -1.060427e+01 5.878039e-01 9.692110e+00 -4.749334e-01 1.947200e+00 3.656884e+00 3.006520e+00 5.904864e+00 -1.714134e+00 2.923149e-01 2.402350e-01 -1.103187e+00 -1.260929e+00 -1.254698e+00 1.099680e-01 -1.026131e+00 -1.062258e+00 -8.985369e-03 2.133964e-01 1.293853e-01 -5.033671e-01 -2.886572e-01 8.067878e-02
<VARIANCE> 25
 2.135698e+01 2.122737e+01 3.177404e+01 4.271755e+01 4.136220e+01 5.486567e+01 4.200809e+01 2.942133e+01 4.453896e+01 3.535888e+01 2.807436e+01 2.499417e+01 4.759317e+00 2.749694e+00 5.055527e+00 4.565826e+00 4.633548e+00 5.258824e+00 3.333048e+00 3.834912e+00 4.749044e+00 3.764251e+00 3.543152e+00 3.663183e+00 5.252647e-03
<GCONST> 9.968886e+01
<MIXTURE> 36 1.093293e-02
<MEAN> 25
 4.699218e+00 -4.128175e+00 7.091917e+00 1.395054e+00 -1.090257e+01 -9.267117e+00 -8.013256e+00 3.952302e+00 -2.558845e+00 -4.678399e+00 3.121538e+00 -5.960123e-01 2.560318e-01 2.032787e-01 -6.363502e-01 -1.735348e-01 5.770895e-01 3.174194e-01 -5.257298e-01 1.901114e-01 -4.258047e-02 2.634302e-01 -4.329946e-01 -3.715285e-01 -1.442832e-02
<VARIANCE> 25
 9.182462e+00 1.507883e+01 2.548890e+01 2.871800e+01 2.852862e+01 3.154469e+01 5.382027e+01 3.180834e+01 3.416470e+01 3.289128e+01 2.778917e+01 2.587507e+01 4.153684e-01 6.616145e-01 1.680948e+00 1.349006e+00 1.829604e+00 1.979131e+00 2.121555e+00 1.652856e+00 2.785143e+00 1.883180e+00 1.382187e+00 1.387016e+00 6.305854e-04
<GCONST> 8.233101e+01
<MIXTURE> 37 1.246826e-02
<MEAN> 25
 2.848233e+00 5.531503e+00 1.360804e+01 -4.807021e+00 -7.495456e+00 3.309568e-01 -6.393085e+00 -6.383314e+00 -6.879961e+00 -1.609076e+00 -2.044799e+00 4.069469e-02 3.665292e-01 2.484160e-01 -1.358674e+00 3.788499e+00 2.049920e+00 -6.585921e-01 1.783645e+00 -7.510620e-01 9.672554e-01 2.905750e-02 1.941885e-01 -2.573100e-01 -7.859555e-02
<VARIANCE> 25
 1.801518e+01 2.558977e+01 3.525246e+01 8.016384e+01 3.285178e+01 3.803372e+01 5.374646e+01 3.029757e+01 4.151456e+01 4.144549e+01 3.119646e+01 2.411425e+01 3.428108e+00 3.095408e+00 2.571034e+00 4.361625e+00 4.294700e+00 7.218566e+00 4.037406e+00 4.668532e+00 3.783811e+00 3.219568e+00 3.415986e+00 2.245292e+00 2.872301e-03
<GCONST> 9.846050e+01
<MIXTURE> 38 1.154525e-02
<MEAN> 25
 -4.794759e+00 8.375219e+00 5.501903e+00 3.399844e+00 2.260368e-01 -4.537476e+00 1.233431e+00 -3.212227e+00 -2.006243e+00 -2.184237e+00 -8.703001e-01 -2.589671e-02 -4.880142e+00 1.631593e+00 -1.715844e+00 1.500117e+00 2.974216e+00 7.742541e-01 2.302071e+00 8.923722e-01 1.228288e+00 4.103281e-01 6.230074e-01 -7.318377e-02 3.812033e-02
<VARIANCE> 25
 2.983633e+01 2.586315e+01 7.012676e+01 2.838290e+01 5.298565e+01 3.320262e+01 2.928675e+01 3.123923e+01 3.095935e+01 3.481157e+01 2.046020e+01 2.341450e+01 2.248054e+00 3.286822e+00 5.517298e+00 7.434195e+00 3.740681e+00 1.070892e+01 5.343238e+00 3.394348e+00 3.366268e+00 3.715511e+00 3.550681e+00 2.543569e+00 1.757044e-03
<GCONST> 9.832265e+01
<MIXTURE> 39 9.501865e-03
<MEAN> 25
 1.341544e+00 1.929960e+00 1.200295e+01 -9.528311e+00 -1.122711e+01 -7.817601e-02 -5.198804e+00 -5.212838e+00 -7.118627e+00 3.692776e-02 -2.198579e+00 -1.034968e+00 -6.311000e-01 1.524878e+00 1.360979e+00 -1.364147e+00 3.573969e-01 1.611951e+00 -5.482252e-01 -1.371733e+00 -2.620436e-01 2.984116e-01 -3.620124e-01 4.160340e-01 -5.598145e-03
<VARIANCE> 25
 7.533109e+00 2.414050e+01 4.536718e+01 3.283699e+01 5.251677e+01 6.082410e+01 4.642025e+01 3.211808e+01 4.357719e+01 3.001385e+01 3.463229e+01 2.650446e+01 7.126556e-01 1.155370e+00 1.872080e+00 2.221923e+00 2.247989e+00 3.320113e+00 3.128864e+00 2.830342e+00 2.736338e+00 2.604533e+00 1.687364e+00 1.726292e+00 1.064618e-03
<GCONST> 8.944109e+01
<MIXTURE> 40 1.030800e-02
<MEAN> 25
 -9.865017e+00 1.448384e+00 -7.968124e-01 8.187188e+00 4.623426e+00 4.157886e+00 5.915008e+00 4.378168e+00 4.533712e+00 4.635309e+00 5.256094e+00 1.628679e+00 2.953161e-02 -1.738170e-01 -1.206957e-01 -1.153167e-01 -3.189379e-02 -1.679419e-01 1.303941e-02 1.803510e-01 2.908431e-02 -2.308416e-02 1.251293e-01 5.981280e-02 5.047471e-03
<VARIANCE> 25
 3.811852e+01 2.708552e+01 3.369183e+01 2.223520e+01 3.081872e+01 2.264062e+01 2.171210e+01 1.754689e+01 1.728577e+01 1.941465e+01 2.127301e+01 1.297420e+01 9.954073e-01 8.225276e-01 8.000075e-01 9.868162e-01 1.358825e+00 1.247347e+00 1.292891e+00 1.135135e+00 1.152590e+00 1.044523e+00 1.172070e+00 1.043772e+00 7.416958e-04
<GCONST> 7.708799e+01
<MIXTURE> 41 6.713375e-03
<MEAN> 25
 1.463684e+00 1.910897e+00 1.185842e+01 -6.604561e+00 -1.013785e+01 -3.467868e+00 -4.141408e+00 -4.238364e+00 -4.436448e+00 1.360554e+00 -1.437701e+00 1.029469e-01 2.685130e-01 -7.961816e-01 1.764648e+00 -3.321770e+00 -2.469481e+00 1.660577e-01 -9.420056e-01 4.191900e-01 -1.052878e+00 8.242806e-01 -9.730645e-01 4.376883e-01 7.763990e-02
<VARIANCE> 25
 1.283889e+01 2.610031e+01 3.220280e+01 3.727863e+01 3.751823e+01 5.044599e+01 4.228342e+01 3.492438e+01 2.822670e+01 3.551890e+01 3.028109e+01 2.178109e+01 3.167342e+00 2.825503e+00 4.136312e+00 3.158020e+00 4.370669e+00 5.331598e+00 5.198868e+00 5.919525e+00 5.011470e+00 4.004092e+00 4.412368e+00 2.562758e+00 2.826463e-03
<GCONST> 9.798946e+01
<MIXTURE> 42 1.106211e-02
<MEAN> 25
 -1.869021e+00 4.732957e+00 3.196603e+00 3.740877e+00 3.040500e-01 -8.088798e+00 -1.768228e+00 -3.604844e+00 7.643418e-01 -2.491297e+00 -2.149606e+00 8.201882e-01 4.960671e+00 -7.516144e-01 3.358755e+00 -4.714288e-01 -2.499520e+00 -1.364652e+00 -2.894452e+00 -5.861358e-01 -9.705918e-01 -5.112471e-01 3.057907e-01 -4.470285e-01 1.241944e-02
<VARIANCE> 25
 3.890173e+01 2.570575e+01 6.060898e+01 2.817774e+01 2.954026e+01 3.386670e+01 3.103398e+01 2.485700e+01 3.224378e+01 2.582485e+01 1.391736e+01 1.918388e+01 4.217175e+00 3.764564e+00 8.289290e+00 4.520558e+00 3.494288e+00 4.478169e+00 3.671315e+00 4.407707e+00 3.858054e+00 5.089251e+00 3.511041e+00 2.673336e+00 4.272571e-03
<GCONST> 9.784959e+01
<MIXTURE> 43 7.108249e-03
<MEAN> 25
 3.007181e+00 -6.057248e+00 -2.135322e+00 -5.167533e+00 -7.225866e+00 -3.347697e+00 4.185056e+00 1.285764e+00 -5.068676e+00 -7.046175e+00 -4.373638e+00 -1.138574e+00 2.367634e-01 2.166468e+00 1.847755e+00 -4.290208e-02 -1.376402e+00 -8.164664e-01 -9.619834e-01 -7.386150e-01 7.978352e-01 1.515031e+00 3.744764e-01 4.306851e-02 -4.419291e-02
<VARIANCE> 25
 1.030672e+01 2.146754e+01 2.713669e+01 3.430710e+01 3.850217e+01 3.580849e+01 3.250093e+01 3.878845e+01 3.864065e+01 3.771675e+01 2.593127e+01 2.926109e+01 6.725219e-01 1.216940e+00 1.688621e+00 2.723094e+00 2.418295e+00 2.337440e+00 2.586122e+00 3.006981e+00 2.559727e+00 2.587432e+00 2.307151e+00 1.886964e+00 9.485035e-04
<GCONST> 8.797636e+01
<MIXTURE> 44 7.328289e-03
<MEAN> 25
 -1.474854e+01 1.393256e+00 2.765004e+00 -3.645593e+00 3.504671e+00 1.629880e+00 2.767865e-01 2.205019e+00 1.348953e+00 -1.078575e+00 1.339716e+00 1.918950e+00 -7.137264e-02 9.004893e-02 1.573529e-02 1.979144e-01 -9.739795e-02 2.405415e-01 4.963135e-01 2.520390e-01 3.036573e-01 1.681014e-01 2.130312e-02 1.940671e-01 3.554696e-03
<VARIANCE> 25
 4.499102e+01 2.479554e+01 4.242360e+01 3.033615e+01 2.789481e+01 2.798015e+01 2.451700e+01 2.821581e+01 2.566665e+01 2.714206e+01 2.606680e+01 1.742395e+01 1.255848e+00 1.608388e+00 1.901100e+00 1.526788e+00 2.134208e+00 1.562757e+00 1.839050e+00 1.547423e+00 1.453745e+00 1.556482e+00 1.378898e+00 1.291202e+00 1.289027e-03
<GCONST> 8.474667e+01
<MIXTURE> 45 1.364932e-02
<MEAN> 25
 -1.439261e+01 2.298122e+00 -4.411494e+00 2.095770e+00 6.020665e+00 -7.474598e-01 5.164743e+00 2.573114e+00 4.157448e+00 2.554234e+00 1.335353e+00 1.832409e+00 -3.284461e+00 4.046165e-01 -9.226337e-01 -3.960258e-01 -1.117145e-01 -2.185931e-01 3.580018e-01 2.648796e-01 2.181967e-01 -6.927072e-02 6.001030e-01 1.023009e+00 9.820939e-02
<VARIANCE> 25
 3.334024e+01 2.208745e+01 5.132306e+01 4.106421e+01 2.594555e+01 2.048252e+01 3.735227e+01 2.347781e+01 3.605878e+01 1.963761e+01 2.186055e+01 1.691429e+01 3.051809e+00 2.658886e+00 5.503315e+00 2.420614e+00 2.682469e+00 2.665809e+00 2.326294e+00 1.870029e+00 1.858931e+00 1.514977e+00 1.770153e+00 3.399723e+00 3.598762e-03
<GCONST> 9.105293e+01
<MIXTURE> 46 9.336259e-03
<MEAN> 25
 -9.951246e+00 3.266105e+00 4.677918e-01 8.074735e+00 6.679558e+00 1.833300e+00 7.647445e+00 4.281293e+00 4.717688e+00 3.916232e+00 4.202538e+00 1.978715e+00 1.140340e+00 1.428145e-01 3.490389e-01 1.215520e+00 8.894579e-01 3.730000e-01 1.710137e-01 -3.264365e-02 4.567901e-01 4.372679e-01 5.673311e-01 7.705558e-01 -9.145898e-02
<VARIANCE> 25
 3.492576e+01 3.493301e+01 4.211122e+01 3.886393e+01 3.891047e+01 3.435357e+01 3.500605e+01 4.385219e+01 2.503279e+01 3.259255e+01 2.439896e+01 1.815207e+01 4.161897e+00 3.413415e+00 5.964229e+00 5.935465e+00 3.576586e+00 4.362511e+00 2.966938e+00 4.203647e+00 3.009504e+00 2.572947e+00 2.665675e+00 2.139532e+00 7.758915e-03
<GCONST> 9.820618e+01
<MIXTURE> 47 7.116147e-03
<MEAN> 25
 8.588787e+00 -7.559686e+00 -8.912776e+00 -5.733838e+00 5.131020e-01 1.567806e+00 -1.385951e+00 1.692953e+00 3.362577e+00 1.309021e+00 -3.184507e+00 -6.898365e+00 -8.146266e-02 -1.167011e+00 -9.776400e-01 -1.772366e-01 2.529521e-01 1.004062e+00 1.255590e+00 -1.527502e-01 9.933727e-02 -1.063612e+00 -1.215839e-01 -6.493229e-01 2.724164e-02
<VARIANCE> 25
 1.210441e+01 1.919352e+01 2.569040e+01 2.813580e+01 2.990248e+01 4.604202e+01 4.258971e+01 3.524350e+01 3.503597e+01 6.829277e+01 6.457111e+01 2.951753e+01 4.796838e-01 7.420820e-01 1.200853e+00 1.485711e+00 1.999185e+00 2.415667e+00 2.219576e+00 2.388341e+00 2.213855e+00 1.797206e+00 2.565332e+00 1.717909e+00 5.153185e-04
<GCONST> 8.593462e+01
<MIXTURE> 48 7.116147e-03
<MEAN> 25
 8.588787e+00 -7.559686e+00 -8.912776e+00 -5.733838e+00 5.131020e-01 1.567806e+00 -1.385951e+00 1.692953e+00 3.362577e+00 1.309021e+00 -3.184507e+00 -6.898365e+00 -8.146266e-02 -1.167011e+00 -9.776400e-01 -1.772366e-01 2.529521e-01 1.004062e+00 1.255590e+00 -1.527502e-01 9.933727e-02 -1.063612e+00 -1.215839e-01 -6.493229e-01 2.724164e-02
<VARIANCE> 25
 1.210441e+01 1.919352e+01 2.569040e+01 2.813580e+01 2.990248e+01 4.604202e+01 4.258971e+01 3.524350e+01 3.503597e+01 6.829277e+01 6.457111e+01 2.951753e+01 4.796838e-01 7.420820e-01 1.200853e+00 1.485711e+00 1.999185e+00 2.415667e+00 2.219576e+00 2.388341e+00 2.213855e+00 1.797206e+00 2.565332e+00 1.717909e+00 5.153185e-04
<GCONST> 8.593462e+01
<MIXTURE> 49 5.548473e-03
<MEAN> 25
 -5.087788e+00 3.557720e-01 1.677342e-01 8.452253e+00 6.151639e+00 5.617795e+00 6.069873e+00 4.488447e+00 5.028699e+00 3.722927e+00 4.931231e+00 2.860228e+00 3.658643e-01 6.556261e-01 7.021559e-01 3.534131e-01 -1.963863e-01 -6.689306e-01 -1.008139e+00 -1.121324e+00 -9.558555e-01 -6.794350e-01 -4.925103e-01 -2.712441e-01 -2.081300e-05
<VARIANCE> 25
 9.605099e+00 1.004047e+01 1.427062e+01 1.587088e+01 1.591506e+01 1.713696e+01 1.943959e+01 1.942613e+01 1.825156e+01 1.794548e+01 2.063987e+01 1.428833e+01 2.808053e-01 2.638908e-01 3.597396e-01 6.113943e-01 8.699792e-01 9.740874e-01 9.939260e-01 1.052488e+00 1.134961e+00 1.221629e+00 1.280475e+00 1.208163e+00 1.434415e-05
<GCONST> 6.433298e+01
<MIXTURE> 50 6.234641e-03
<MEAN> 25
 -4.560818e+00 7.262375e-03 -1.743280e+00 6.103244e+00 4.230497e+00 2.153925e+00 3.775508e+00 2.252127e+00 3.191419e+00 1.414336e+00 2.165882e+00 2.708573e+00 3.990985e-02 1.947733e-01 7.176282e-02 -1.822361e-01 -4.839477e-01 -5.778782e-01 -3.860704e-01 -4.275143e-02 4.482142e-01 8.019281e-01 7.533990e-01 4.643345e-01 -1.239827e-05
<VARIANCE> 25
 1.053879e+01 1.181154e+01 1.614243e+01 1.543232e+01 1.571704e+01 1.838818e+01 1.817666e+01 2.119513e+01 2.181546e+01 1.697244e+01 2.074652e+01 1.526122e+01 1.441940e-01 2.525276e-01 3.767720e-01 5.180402e-01 5.927060e-01 7.395134e-01 9.614079e-01 1.098062e+00 1.062981e+00 9.189110e-01 9.016312e-01 9.690735e-01 9.525609e-07
<GCONST> 5.984141e+01
<MIXTURE> 51 6.234641e-03
<MEAN> 25
 -4.560818e+00 7.262375e-03 -1.743280e+00 6.103244e+00 4.230497e+00 2.153925e+00 3.775508e+00 2.252127e+00 3.191419e+00 1.414336e+00 2.165882e+00 2.708573e+00 3.990985e-02 1.947733e-01 7.176282e-02 -1.822361e-01 -4.839477e-01 -5.778782e-01 -3.860704e-01 -4.275143e-02 4.482142e-01 8.019281e-01 7.533990e-01 4.643345e-01 -1.239827e-05
<VARIANCE> 25
 1.053879e+01 1.181154e+01 1.614243e+01 1.543232e+01 1.571704e+01 1.838818e+01 1.817666e+01 2.119513e+01 2.181546e+01 1.697244e+01 2.074652e+01 1.526122e+01 1.441940e-01 2.525276e-01 3.767720e-01 5.180402e-01 5.927060e-01 7.395134e-01 9.614079e-01 1.098062e+00 1.062981e+00 9.189110e-01 9.016312e-01 9.690735e-01 9.525609e-07
<GCONST> 5.984141e+01
<MIXTURE> 52 6.367945e-03
<MEAN> 25
 1.063697e+01 1.703513e+00 -6.312467e+00 -1.396420e+01 -5.380267e+00 9.054774e+00 -1.853988e+00 -2.088734e+00 -4.802467e+00 -2.870016e+00 3.967515e+00 7.941876e-01 -5.303547e-01 -4.963546e-01 -3.358827e-02 1.163124e+00 1.630322e+00 -4.194889e-01 -6.203748e-01 -4.154033e-01 2.501020e-01 1.166850e+00 3.429118e-01 -5.645354e-01 -1.542664e-02
<VARIANCE> 25
 1.013490e+01 2.301180e+01 3.077431e+01 3.677128e+01 4.566262e+01 2.816032e+01 5.066485e+01 4.964240e+01 3.879114e+01 4.628135e+01 4.306030e+01 3.783355e+01 5.086229e-01 1.341584e+00 1.191240e+00 2.745098e+00 2.914515e+00 2.122083e+00 3.046952e+00 3.477988e+00 2.990518e+00 2.370957e+00 2.469539e+00 1.958556e+00 1.414188e-03
<GCONST> 9.026742e+01
<MIXTURE> 53 6.367945e-03
<MEAN> 25
 1.063697e+01 1.703513e+00 -6.312467e+00 -1.396420e+01 -5.380267e+00 9.054774e+00 -1.853988e+00 -2.088734e+00 -4.802467e+00 -2.870016e+00 3.967515e+00 7.941876e-01 -5.303547e-01 -4.963546e-01 -3.358827e-02 1.163124e+00 1.630322e+00 -4.194889e-01 -6.203748e-01 -4.154033e-01 2.501020e-01 1.166850e+00 3.429118e-01 -5.645354e-01 -1.542664e-02
<VARIANCE> 25
 1.013490e+01 2.301180e+01 3.077431e+01 3.677128e+01 4.566262e+01 2.816032e+01 5.066485e+01 4.964240e+01 3.879114e+01 4.628135e+01 4.306030e+01 3.783355e+01 5.086229e-01 1.341584e+00 1.191240e+00 2.745098e+00 2.914515e+00 2.122083e+00 3.046952e+00 3.477988e+00 2.990518e+00 2.370957e+00 2.469539e+00 1.958556e+00 1.414188e-03
<GCONST> 9.026742e+01
<MIXTURE> 54 7.368620e-03
<MEAN> 25
 -3.637363e+00 8.432038e-02 -7.134504e-01 8.020999e+00 6.516609e+00 4.619044e+00 4.728621e+00 4.645404e+00 4.103074e+00 3.549320e+00 4.428945e+00 2.309925e+00 -4.732321e-03 2.681132e-02 3.062744e-02 5.151170e-02 5.112379e-02 4.555560e-02 4.110424e-02 2.652185e-02 3.040250e-02 2.824788e-02 1.132838e-02 1.146063e-03 -1.205475e-05
<VARIANCE> 25
 9.137052e+00 1.053838e+01 9.313959e+00 1.807205e+01 1.353293e+01 1.343609e+01 1.221766e+01 1.156269e+01 1.150132e+01 1.367911e+01 1.769121e+01 1.245424e+01 4.125671e-02 8.810656e-02 1.556660e-01 2.314487e-01 3.073308e-01 3.947972e-01 4.760064e-01 5.243970e-01 5.476287e-01 5.291314e-01 5.131162e-01 5.172980e-01 9.884283e-07
<GCONST> 4.741751e+01
<MIXTURE> 55 7.368620e-03
<MEAN> 25
 -3.637363e+00 8.432038e-02 -7.134504e-01 8.020999e+00 6.516609e+00 4.619044e+00 4.728621e+00 4.645404e+00 4.103074e+00 3.549320e+00 4.428945e+00 2.309925e+00 -4.732321e-03 2.681132e-02 3.062744e-02 5.151170e-02 5.112379e-02 4.555560e-02 4.110424e-02 2.652185e-02 3.040250e-02 2.824788e-02 1.132838e-02 1.146063e-03 -1.205475e-05
<VARIANCE> 25
 9.137052e+00 1.053838e+01 9.313959e+00 1.807205e+01 1.353293e+01 1.343609e+01 1.221766e+01 1.156269e+01 1.150132e+01 1.367911e+01 1.769121e+01 1.245424e+01 4.125671e-02 8.810656e-02 1.556660e-01 2.314487e-01 3.073308e-01 3.947972e-01 4.760064e-01 5.243970e-01 5.476287e-01 5.291314e-01 5.131162e-01 5.172980e-01 9.884283e-07
<GCONST> 4.741751e+01
<MIXTURE> 56 6.132464e-03
<MEAN> 25
 8.542022e+00 -6.981330e+00 -1.036291e+01 -7.060315e+00 1.712487e+00 5.314369e+00 -6.589724e-01 -1.187884e+00 2.954377e+00 8.019029e-01 -1.371295e+00 -8.181494e+00 -3.339520e-02 1.699069e-01 -2.131761e-02 -7.527045e-02 8.260264e-02 3.003300e-01 1.303506e-01 -2.064877e-01 -1.484108e-02 8.675768e-02 -1.471743e-01 -2.531528e-01 -6.709220e-03
<VARIANCE> 25
 9.788565e+00 1.789403e+01 2.619937e+01 3.986105e+01 3.778591e+01 5.299881e+01 5.286007e+01 2.877139e+01 3.259933e+01 5.386715e+01 5.398579e+01 2.948555e+01 1.660583e-01 4.342136e-01 4.259040e-01 6.534795e-01 8.134980e-01 1.212149e+00 8.571694e-01 8.171874e-01 8.489429e-01 1.209833e+00 1.156745e+00 8.957632e-01 3.307687e-04
<GCONST> 7.560593e+01
<MIXTURE> 57 6.132464e-03
<MEAN> 25
 8.542022e+00 -6.981330e+00 -1.036291e+01 -7.060315e+00 1.712487e+00 5.314369e+00 -6.589724e-01 -1.187884e+00 2.954377e+00 8.019029e-01 -1.371295e+00 -8.181494e+00 -3.339520e-02 1.699069e-01 -2.131761e-02 -7.527045e-02 8.260264e-02 3.003300e-01 1.303506e-01 -2.064877e-01 -1.484108e-02 8.675768e-02 -1.471743e-01 -2.531528e-01 -6.709220e-03
<VARIANCE> 25
 9.788565e+00 1.789403e+01 2.619937e+01 3.986105e+01 3.778591e+01 5.299881e+01 5.286007e+01 2.877139e+01 3.259933e+01 5.386715e+01 5.398579e+01 2.948555e+01 1.660583e-01 4.342136e-01 4.259040e-01 6.534795e-01 8.134980e-01 1.212149e+00 8.571694e-01 8.171874e-01 8.489429e-01 1.209833e+00 1.156745e+00 8.957632e-01 3.307687e-04
<GCONST> 7.560593e+01
<MIXTURE> 58 6.172147e-03
<MEAN> 25
 2.665455e+00 -3.277035e+00 8.181690e+00 -5.662917e+00 -1.405805e+01 -5.736882e+00 1.180670e-01 1.910842e+00 -2.984681e+00 1.972871e+00 7.388961e-01 -5.436957e-01 -4.525568e-02 -1.076843e-01 -2.110968e-01 -1.702428e-01 -7.842752e-02 3.876446e-01 4.046185e-01 2.570538e-01 2.492093e-02 4.515296e-02 -2.125696e-01 -2.569720e-01 -2.418425e-03
<VARIANCE> 25
 6.507200e+00 1.325202e+01 2.142297e+01 2.442499e+01 2.437246e+01 4.138297e+01 4.563449e+01 3.847332e+01 3.135522e+01 2.757380e+01 2.206776e+01 2.038722e+01 2.686307e-01 7.338064e-01 7.646228e-01 1.100387e+00 8.879877e-01 1.548611e+00 1.064345e+00 1.329741e+00 1.268044e+00 9.895056e-01 9.686128e-01 9.546148e-01 6.363849e-04
<GCONST> 7.558043e+01
<MIXTURE> 59 6.172147e-03
<MEAN> 25
 2.665455e+00 -3.277035e+00 8.181690e+00 -5.662917e+00 -1.405805e+01 -5.736882e+00 1.180670e-01 1.910842e+00 -2.984681e+00 1.972871e+00 7.388961e-01 -5.436957e-01 -4.525568e-02 -1.076843e-01 -2.110968e-01 -1.702428e-01 -7.842752e-02 3.876446e-01 4.046185e-01 2.570538e-01 2.492093e-02 4.515296e-02 -2.125696e-01 -2.569720e-01 -2.418425e-03
<VARIANCE> 25
 6.507200e+00 1.325202e+01 2.142297e+01 2.442499e+01 2.437246e+01 4.138297e+01 4.563449e+01 3.847332e+01 3.135522e+01 2.757380e+01 2.206776e+01 2.038722e+01 2.686307e-01 7.338064e-01 7.646228e-01 1.100387e+00 8.879877e-01 1.548611e+00 1.064345e+00 1.329741e+00 1.268044e+00 9.895056e-01 9.686128e-01 9.546148e-01 6.363849e-04
<GCONST> 7.558043e+01
<MIXTURE> 60 4.479129e-03
<MEAN> 25
 -4.263795e+00 -6.653136e-01 -1.086129e+00 3.697157e+00 1.732222e+00 2.118281e+00 1.638684e+00 1.533426e+00 2.161009e+00 1.263985e+00 2.386022e+00 1.915428e+00 -2.856278e-02 5.665201e-02 1.009755e-01 1.302394e-01 1.294794e-01 1.292721e-01 1.789365e-01 3.224558e-01 5.451701e-01 6.646654e-01 5.562454e-01 3.034699e-01 -3.906600e-04
<VARIANCE> 25
 6.934124e+00 4.527442e+00 1.028817e+01 1.130603e+01 1.357958e+01 1.700040e+01 1.400050e+01 1.187754e+01 1.275084e+01 1.319675e+01 1.593590e+01 1.229243e+01 8.694305e-02 1.684069e-01 2.793993e-01 4.320337e-01 5.863974e-01 7.278578e-01 8.282398e-01 8.989270e-01 9.024828e-01 8.358164e-01 8.391878e-01 8.625744e-01 2.295041e-05
<GCONST> 5.633660e+01
<MIXTURE> 61 4.479129e-03
<MEAN> 25
 -4.263795e+00 -6.653136e-01 -1.086129e+00 3.697157e+00 1.732222e+00 2.118281e+00 1.638684e+00 1.533426e+00 2.161009e+00 1.263985e+00 2.386022e+00 1.915428e+00 -2.856278e-02 5.665201e-02 1.009755e-01 1.302394e-01 1.294794e-01 1.292721e-01 1.789365e-01 3.224558e-01 5.451701e-01 6.646654e-01 5.562454e-01 3.034699e-01 -3.906600e-04
<VARIANCE> 25
 6.934124e+00 4.527442e+00 1.028817e+01 1.130603e+01 1.357958e+01 1.700040e+01 1.400050e+01 1.187754e+01 1.275084e+01 1.319675e+01 1.593590e+01 1.229243e+01 8.694305e-02 1.684069e-01 2.793993e-01 4.320337e-01 5.863974e-01 7.278578e-01 8.282398e-01 8.989270e-01 9.024828e-01 8.358164e-01 8.391878e-01 8.625744e-01 2.295041e-05
<GCONST> 5.633660e+01
<MIXTURE> 62 3.278034e-03
<MEAN> 25
 -5.031624e+00 2.492983e+00 1.028862e+00 9.041939e+00 7.688689e+00 5.199473e+00 6.388113e+00 3.405524e+00 4.973534e+00 3.336024e+00 3.701672e+00 2.382906e+00 -1.017282e+00 -1.253779e+00 -9.262915e-01 -2.804707e-01 3.326549e-01 6.671681e-01 1.502986e+00 1.577277e+00 1.414666e+00 1.293499e+00 8.037450e-01 4.834965e-01 -1.022231e-03
<VARIANCE> 25
 7.916483e+00 1.248859e+01 1.038297e+01 1.334015e+01 1.988769e+01 1.501797e+01 1.773888e+01 1.825353e+01 1.563212e+01 1.738661e+01 2.152896e+01 1.479968e+01 3.448695e-01 4.641764e-01 4.758302e-01 6.979846e-01 1.039661e+00 1.292119e+00 1.022385e+00 1.028758e+00 1.114341e+00 1.076238e+00 1.320011e+00 1.224810e+00 1.304313e-05
<GCONST> 6.514636e+01
<MIXTURE> 63 4.351215e-03
<MEAN> 25
 -3.885569e+00 -3.045732e+00 -5.698701e+00 2.242940e+00 4.013912e+00 -1.100610e+00 2.534712e+00 2.443780e+00 3.540035e+00 -1.287460e-01 -7.847158e-01 2.267771e+00 -8.906140e-02 3.734993e-01 4.103207e-01 5.053978e-01 3.749593e-01 4.719146e-01 4.375110e-01 1.443950e-01 1.981762e-01 2.398812e-01 1.970487e-01 5.042139e-02 -4.243294e-03
<VARIANCE> 25
 8.995835e+00 1.602783e+01 1.971914e+01 1.618540e+01 1.887240e+01 2.832058e+01 1.970527e+01 2.408658e+01 3.014014e+01 2.386451e+01 1.840021e+01 1.574834e+01 2.817202e-01 6.254089e-01 6.248521e-01 7.208282e-01 8.225845e-01 1.026768e+00 1.094508e+00 1.313957e+00 1.280493e+00 1.411231e+00 1.122836e+00 1.205466e+00 1.661307e-04
<GCONST> 7.122726e+01
<MIXTURE> 64 4.351215e-03
<MEAN> 25
 -3.885569e+00 -3.045732e+00 -5.698701e+00 2.242940e+00 4.013912e+00 -1.100610e+00 2.534712e+00 2.443780e+00 3.540035e+00 -1.287460e-01 -7.847158e-01 2.267771e+00 -8.906140e-02 3.734993e-01 4.103207e-01 5.053978e-01 3.749593e-01 4.719146e-01 4.375110e-01 1.443950e-01 1.981762e-01 2.398812e-01 1.970487e-01 5.042139e-02 -4.243294e-03
<VARIANCE> 25
 8.995835e+00 1.602783e+01 1.971914e+01 1.618540e+01 1.887240e+01 2.832058e+01 1.970527e+01 2.408658e+01 3.014014e+01 2.386451e+01 1.840021e+01 1.574834e+01 2.817202e-01 6.254089e-01 6.248521e-01 7.208282e-01 8.225845e-01 1.026768e+00 1.094508e+00 1.313957e+00 1.280493e+00 1.411231e+00 1.122836e+00 1.205466e+00 1.661307e-04
<GCONST> 7.122726e+01
<MIXTURE> 65 1.721197e-02
<MEAN> 25
 9.643392e+00 6.960148e-02 3.159050e+00 7.954052e-01 -5.376995e+00 -2.565237e+00 -5.096242e+00 -6.702728e+00 -6.253416e+00 -4.885219e+00 -4.390100e+00 -1.151049e+00 3.613479e-01 -1.178992e-01 2.949581e-01 6.367459e-02 -2.972947e-01 4.152079e-01 -2.026126e-01 1.444664e-01 -7.013439e-02 8.882610e-02 -1.448840e-01 1.446186e-01 -4.375687e-03
<VARIANCE> 25
 1.430060e+01 1.830157e+01 5.632217e+01 2.786427e+01 2.893991e+01 7.140469e+01 1.281781e+02 6.013193e+01 6.386757e+01 7.571539e+01 4.538441e+01 4.537514e+01 7.493125e-01 8.128343e-01 1.735134e+00 2.652154e+00 1.634401e+00 2.616080e+00 2.134650e+00 2.980787e+00 3.227774e+00 2.016280e+00 1.956410e+00 1.996072e+00 3.377721e-04
<GCONST> 9.114641e+01
<MIXTURE> 66 1.191532e-02
<MEAN> 25
 7.199863e+00 -4.418280e+00 -5.593483e+00 -5.074256e+00 2.169225e-01 -4.299041e+00 -6.996548e+00 1.218133e+00 1.484906e+00 -1.436372e+00 -5.203879e+00 -4.411065e+00 -4.385068e-02 1.589956e+00 2.307730e+00 2.386972e+00 -1.051748e+00 -1.385331e+00 -1.394065e-01 -7.147519e-01 2.071210e-01 -4.812325e-01 -3.061062e-01 1.267454e+00 -6.391546e-02
<VARIANCE> 25
 1.027712e+01 2.137312e+01 2.478931e+01 3.103788e+01 4.306735e+01 5.286085e+01 5.048977e+01 4.179417e+01 5.721680e+01 6.599755e+01 3.922304e+01 4.133252e+01 1.178806e+00 2.324789e+00 2.229370e+00 2.748994e+00 4.038961e+00 4.033077e+00 4.441509e+00 4.739621e+00 4.778424e+00 5.188449e+00 3.654000e+00 3.303797e+00 1.365346e-03
<GCONST> 9.676060e+01
<MIXTURE> 67 1.559142e-02
<MEAN> 25
 1.098200e+01 8.130265e-01 -5.783349e+00 -6.014188e+00 -1.591006e+00 4.741365e+00 -6.061258e-01 -1.647669e+00 -6.851025e+00 -8.871385e-02 2.246652e+00 1.965917e-01 -1.670753e+00 1.853998e+00 8.164464e-01 2.640888e+00 1.745474e+00 -4.081113e-01 1.878072e+00 -1.978327e-01 -1.199220e-01 3.220338e-01 -1.438322e+00 2.135023e-01 -1.030066e-01
<VARIANCE> 25
 1.651909e+01 3.133161e+01 4.574689e+01 3.626066e+01 4.675079e+01 3.683698e+01 6.133677e+01 4.506303e+01 6.217004e+01 7.727562e+01 4.005166e+01 4.020732e+01 2.084231e+00 3.174045e+00 2.927562e+00 3.623646e+00 5.413051e+00 5.117398e+00 4.101037e+00 4.292785e+00 9.109262e+00 5.846920e+00 4.933156e+00 4.627848e+00 2.661772e-03
<GCONST> 1.024624e+02
<MIXTURE> 68 1.485092e-02
<MEAN> 25
 -2.481563e+00 -1.968879e+00 -3.783105e+00 2.419369e+00 4.645996e+00 -9.922925e-01 2.072141e+00 1.608752e+00 2.346121e+00 1.862862e+00 1.624587e-01 1.429513e+00 2.740884e+00 2.754493e-01 4.148746e-01 -2.447383e+00 -2.564041e+00 -1.507649e+00 -2.540751e+00 -1.386884e+00 -1.391957e+00 -1.552036e+00 -1.813315e+00 -1.153997e+00 1.123330e-01
<VARIANCE> 25
 2.471064e+01 2.804456e+01 6.015322e+01 5.403885e+01 4.379142e+01 4.905711e+01 4.214399e+01 3.611699e+01 3.660800e+01 3.958762e+01 3.238200e+01 2.275180e+01 1.756244e+00 3.630023e+00 8.919991e+00 5.604779e+00 5.178414e+00 5.496786e+00 5.646449e+00 5.220079e+00 5.506417e+00 4.717771e+00 4.765684e+00 3.199345e+00 7.389538e-03
<GCONST> 1.030263e+02
<MIXTURE> 69 1.204884e-02
<MEAN> 25
 4.657030e+00 -4.061971e+00 -3.625236e+00 -3.280724e+00 -3.436446e+00 -7.866570e+00 -9.961118e-01 2.423913e+00 1.782909e-01 -3.932730e+00 -5.555487e+00 6.005816e-01 1.871642e+00 -2.227770e+00 -1.193020e+00 -2.133174e+00 -5.614319e-01 -2.209402e-01 -5.520700e-01 6.802148e-01 -4.275501e-01 -1.355949e+00 -2.064311e+00 -2.805184e-01 6.333248e-02
<VARIANCE> 25
 8.809875e+00 2.150571e+01 2.678687e+01 2.587940e+01 4.006755e+01 3.494438e+01 4.838843e+01 3.032051e+01 4.108451e+01 4.498161e+01 2.990332e+01 2.500753e+01 4.289267e+00 2.733632e+00 3.434127e+00 3.639197e+00 5.478461e+00 5.342974e+00 6.911025e+00 5.960383e+00 6.216002e+00 5.685677e+00 4.322639e+00 3.840242e+00 2.415524e-03
<GCONST> 9.883768e+01
<MIXTURE> 70 1.329190e-02
<MEAN> 25
 8.319294e+00 -3.573367e+00 -4.675946e+00 -2.009105e+00 -1.187409e+00 -3.982512e-01 -6.582968e+00 -1.018257e+00 2.861981e+00 4.685905e+00 -8.010435e-01 -4.810619e+00 3.007567e+00 -1.494115e+00 -6.966304e-01 -2.028081e+00 -1.421099e+00 1.621409e+00 -7.606635e-01 8.564308e-02 -1.537108e-01 5.244301e-01 7.666458e-01 -9.294878e-01 5.244949e-02
<VARIANCE> 25
 1.227920e+01 3.010502e+01 2.350788e+01 3.732822e+01 2.349392e+01 3.855583e+01 3.480153e+01 5.415970e+01 4.088806e+01 4.103998e+01 3.114228e+01 2.206449e+01 4.968236e+00 2.673287e+00 3.419614e+00 3.988181e+00 3.938514e+00 6.736644e+00 5.170502e+00 5.081234e+00 7.703389e+00 4.615244e+00 4.463980e+00 4.187632e+00 1.958232e-03
<GCONST> 9.895461e+01
<MIXTURE> 71 1.406903e-02
<MEAN> 25
 7.047582e+00 4.380248e+00 5.197310e+00 3.369637e+00 -2.826598e+00 -3.514198e+00 -1.017611e+00 -7.592434e+00 -4.774624e+00 -2.499752e+00 -3.556302e+00 -1.739538e+00 -2.025578e+00 -7.919664e-03 -8.014378e-01 -2.041139e+00 1.035318e+00 -4.779608e-01 -6.244306e-01 2.084662e+00 1.234878e+00 -2.902026e-02 5.473141e-01 -1.266502e-01 2.982033e-02
<VARIANCE> 25
 2.265836e+01 3.427867e+01 3.151278e+01 4.782465e+01 3.396061e+01 4.579370e+01 6.912351e+01 4.855432e+01 4.094770e+01 3.753857e+01 3.340718e+01 2.512672e+01 1.818729e+00 2.845100e+00 4.564190e+00 5.005776e+00 4.937636e+00 1.167666e+01 6.273429e+00 6.533965e+00 6.429439e+00 2.993561e+00 3.547860e+00 2.504739e+00 1.280390e-03
<GCONST> 1.004799e+02
<MIXTURE> 72 8.134747e-03
<MEAN> 25
 3.811903e+00 -3.649204e+00 5.908773e+00 -2.764152e+00 -1.051904e+01 -9.457416e+00 -2.475261e+00 2.586101e+00 -4.902936e+00 -1.726144e+00 -1.946155e+00 1.011549e+00 8.683292e-01 -7.879261e-01 -2.507752e+00 4.993931e-01 1.986241e+00 -6.663876e-01 -1.194297e+00 1.576577e+00 1.798877e+00 -5.284350e-01 -1.371302e+00 4.092161e-01 -4.860231e-03
<VARIANCE> 25
 1.025620e+01 1.842940e+01 3.434583e+01 3.770816e+01 3.087288e+01 3.209306e+01 3.889484e+01 4.139653e+01 4.138597e+01 4.276458e+01 3.674652e+01 2.945402e+01 4.741472e-01 9.785239e-01 1.999433e+00 1.431643e+00 2.432354e+00 2.231035e+00 3.140136e+00 2.686163e+00 2.471264e+00 2.886123e+00 2.039847e+00 2.023696e+00 5.409813e-04
<GCONST> 8.707097e+01
<MIXTURE> 73 1.213625e-02
<MEAN> 25
 -6.517312e+00 -7.829937e-01 -3.538777e+00 5.334821e+00 3.996272e+00 2.046026e+00 6.013829e+00 2.090789e+00 4.368058e+00 3.106840e+00 2.826532e+00 2.678259e+00 6.756498e-01 -1.160566e+00 -3.327586e-01 -2.126635e+00 -1.845488e+00 -2.100394e+00 -1.517984e+00 -6.777818e-01 -8.353782e-01 -6.202205e-01 -9.349904e-01 -3.737291e-01 1.668742e-01
<VARIANCE> 25
 1.168796e+01 1.107575e+01 1.784891e+01 1.694117e+01 2.042456e+01 2.034327e+01 2.034600e+01 1.836281e+01 1.460616e+01 1.592345e+01 2.068112e+01 1.549443e+01 4.652429e+00 2.224342e+00 7.321420e+00 4.336594e+00 5.322968e+00 3.694762e+00 3.803148e+00 3.751897e+00 3.671303e+00 3.076032e+00 3.017428e+00 2.270644e+00 4.527218e-03
<GCONST> 9.007635e+01
<MIXTURE> 74 1.756491e-02
<MEAN> 25
 3.975385e+00 -2.063924e+00 7.591116e+00 -1.526310e+00 -8.835412e+00 -7.119273e+00 -4.657107e+00 1.715398e+00 -6.123485e+00 -4.444974e+00 -9.556220e-01 5.248358e-01 -4.924655e-02 1.819078e+00 -5.030385e-01 2.004237e+00 1.696422e+00 4.544638e-01 1.273512e+00 -2.070599e+00 4.280935e-01 -4.993655e-02 -2.085653e-01 -2.947865e-01 -6.737649e-02
<VARIANCE> 25
 9.570948e+00 1.730094e+01 6.411866e+01 3.182896e+01 3.271601e+01 4.053589e+01 6.874217e+01 4.736434e+01 4.585513e+01 6.895928e+01 2.968884e+01 2.665092e+01 3.136255e+00 1.784458e+00 3.309913e+00 2.609049e+00 3.293312e+00 4.624070e+00 4.572088e+00 4.241616e+00 4.385396e+00 3.841800e+00 2.290496e+00 2.134552e+00 1.686023e-03
<GCONST> 9.628040e+01
<MIXTURE> 75 9.711651e-03
<MEAN> 25
 2.965117e+00 -2.489686e+00 1.246834e+01 -3.745808e-01 -1.136966e+01 -7.397941e+00 -8.220708e+00 -4.997545e-01 -3.799345e+00 -5.079476e+00 2.877912e+00 1.149072e+00 1.597724e+00 -1.710680e+00 1.034544e+00 -8.316827e-01 -2.655352e+00 -4.572640e-01 -2.186296e+00 1.350278e+00 -8.781468e-01 -2.163555e-01 9.589342e-01 -5.769152e-01 4.434703e-02
<VARIANCE> 25
 9.151665e+00 1.809323e+01 4.247797e+01 2.572999e+01 2.527042e+01 3.119838e+01 3.760463e+01 2.234283e+01 3.046229e+01 2.333000e+01 1.486944e+01 1.622028e+01 1.964950e+00 1.463526e+00 4.258866e+00 2.371616e+00 3.278132e+00 5.015588e+00 4.159753e+00 2.925518e+00 3.171981e+00 4.024517e+00 2.252975e+00 2.378899e+00 1.530282e-03
<GCONST> 8.991946e+01
<MIXTURE> 76 1.052359e-02
<MEAN> 25
 -8.061979e+00 -9.269046e-01 -5.580184e+00 4.413288e+00 4.786073e+00 8.131731e-01 4.156806e+00 2.095322e+00 3.745358e+00 8.970541e-01 1.454648e-01 1.254550e+00 -1.668129e-02 -7.290628e-01 -4.566908e-01 -6.051875e-01 -4.597787e-01 -7.774445e-01 -7.975047e-01 -2.757172e-01 -1.806873e-01 -4.242016e-01 -1.712866e-01 -2.353708e-01 1.597730e-02
<VARIANCE> 25
 4.864458e+01 2.717268e+01 4.984543e+01 2.409982e+01 4.192399e+01 2.724499e+01 2.915895e+01 2.246757e+01 2.097357e+01 2.925554e+01 2.799588e+01 1.772107e+01 1.215191e+00 1.062151e+00 1.564528e+00 1.228102e+00 1.873428e+00 1.625199e+00 1.624600e+00 1.451741e+00 1.446444e+00 1.385469e+00 1.625656e+00 1.282168e+00 1.108047e-03
<GCONST> 8.388066e+01
<MIXTURE> 77 1.244626e-02
<MEAN> 25
 -1.134569e+00 8.240851e+00 1.669886e+01 -1.004818e+01 -4.840427e+00 -8.904095e-01 -8.387728e+00 -6.958314e+00 -4.795047e+00 -8.098508e-01 -4.586947e+00 5.642462e-01 -4.633500e-02 3.812091e-01 9.075632e-02 3.890216e-01 3.069699e-01 1.505320e-01 -9.882660e-05 -6.179579e-02 2.763259e-01 -2.293096e-01 1.777498e-02 -4.205642e-02 -1.703510e-02
<VARIANCE> 25
 1.015353e+01 1.684573e+01 6.969241e+01 4.113626e+01 4.212035e+01 4.148663e+01 3.175321e+01 2.504245e+01 3.384667e+01 2.761908e+01 3.126247e+01 3.866140e+01 2.826956e-01 7.672902e-01 5.918528e-01 9.447033e-01 1.325051e+00 8.372984e-01 1.021012e+00 8.501249e-01 9.695388e-01 1.170222e+00 7.770554e-01 8.752522e-01 5.773440e-04
<GCONST> 7.726825e+01
<MIXTURE> 78 9.702551e-03
<MEAN> 25
 -1.271162e+01 1.364803e+00 -4.233036e+00 6.060623e-01 4.196190e+00 -2.608689e+00 2.226071e+00 2.977381e+00 3.625595e+00 1.111360e+00 -6.359556e-01 2.614077e+00 2.737227e+00 -1.618326e-01 -2.855596e-01 1.068484e+00 3.583449e-02 3.091663e-01 -3.756750e-01 -4.703867e-01 8.106388e-01 -3.910907e-03 -5.219530e-01 -4.913141e-01 -5.645598e-02
<VARIANCE> 25
 3.988996e+01 2.793736e+01 5.013570e+01 6.288391e+01 4.182141e+01 2.113309e+01 5.419550e+01 3.263084e+01 2.219995e+01 3.525045e+01 2.470786e+01 1.992868e+01 5.505308e+00 2.356237e+00 4.185531e+00 5.906167e+00 2.796090e+00 2.390697e+00 2.976751e+00 2.915759e+00 2.079560e+00 2.552502e+00 1.793787e+00 2.256248e+00 3.949403e-03
<GCONST> 9.550723e+01
<MIXTURE> 79 1.156824e-02
<MEAN> 25
 4.919456e+00 1.982709e+00 9.912504e+00 -7.919036e+00 -1.030700e+01 2.189366e+00 -1.946094e+00 -7.423901e+00 -1.021127e+01 -2.688421e+00 -4.076813e-01 -9.045240e-01 1.766674e+00 -6.536607e-01 -1.262203e+00 2.545177e+00 7.837641e-01 -1.130190e+00 1.288175e+00 -3.127163e-01 -2.139560e-01 -7.647363e-01 2.788176e-01 1.080858e-01 -3.640843e-02
<VARIANCE> 25
 2.626575e+01 1.936167e+01 2.950001e+01 5.206345e+01 2.763718e+01 5.596329e+01 4.235239e+01 3.475115e+01 4.156452e+01 4.615244e+01 3.822457e+01 2.598418e+01 1.310163e+00 1.928951e+00 1.519816e+00 2.665125e+00 2.860322e+00 3.735053e+00 3.113384e+00 4.209167e+00 2.292932e+00 4.008068e+00 1.913231e+00 1.547608e+00 8.307702e-04
<GCONST> 9.209172e+01
<MIXTURE> 80 7.550998e-03
<MEAN> 25
 -1.538409e+01 4.296546e+00 -1.573949e+00 2.146152e+00 3.160291e+00 -1.983401e-01 5.793776e+00 1.319249e+00 2.909548e+00 1.436716e+00 3.991888e+00 1.330644e+00 4.691343e+00 3.461909e-01 2.514644e+00 -8.789840e-01 -2.772310e+00 -2.616421e+00 -2.373136e+00 -2.111047e+00 -1.998518e+00 -1.630094e+00 -1.284701e+00 -5.674511e-01 -4.667566e-02
<VARIANCE> 25
 1.910957e+01 1.778469e+01 5.917590e+01 3.731084e+01 2.624721e+01 3.521290e+01 2.610688e+01 2.932764e+01 3.113320e+01 2.727337e+01 2.366317e+01 1.785693e+01 2.496223e+00 2.458158e+00 4.618419e+00 3.771670e+00 3.505085e+00 2.402102e+00 2.403292e+00 2.857483e+00 2.309221e+00 2.669333e+00 2.943751e+00 1.792034e+00 1.464940e-03
<GCONST> 9.142037e+01
<MIXTURE> 81 8.025434e-03
<MEAN> 25
 -8.435400e-01 4.129747e+00 1.049329e+01 -1.473590e+01 -9.243832e+00 -1.100182e+00 -6.750967e+00 -8.052535e+00 -4.643357e+00 -8.102306e-01 -7.018916e+00 -1.795623e+00 2.292844e-01 -5.583937e-01 -1.044066e-01 -6.679057e-01 -3.928343e-01 4.656597e-01 4.534006e-01 1.558608e-01 -3.397883e-01 1.045804e-01 -3.665856e-01 -6.359084e-02 9.872613e-03
<VARIANCE> 25
 1.107287e+01 3.129573e+01 2.695799e+01 2.833014e+01 3.404357e+01 3.363837e+01 4.615944e+01 2.851988e+01 3.995193e+01 3.220969e+01 2.838412e+01 3.196369e+01 9.243570e-01 2.230265e+00 1.665751e+00 2.901210e+00 2.593323e+00 2.273401e+00 3.510099e+00 2.254726e+00 3.016353e+00 2.546963e+00 2.413012e+00 2.015845e+00 1.169909e-03
<GCONST> 8.964129e+01
<MIXTURE> 82 8.213053e-03
<MEAN> 25
 -1.100435e+01 -3.905448e+00 -1.776405e+00 -3.794455e+00 2.716889e+00 -9.598769e-01 1.000206e+00 -6.593234e-01 1.278964e+00 9.143235e-01 1.480089e-02 2.817391e+00 -1.327881e+00 -4.721823e-01 2.055492e-01 -2.351832e+00 -1.454925e+00 -1.531742e+00 -1.834570e+00 -5.790404e-01 -3.320290e-01 -1.362033e-01 1.961363e-01 2.524415e-01 1.784143e-01
<VARIANCE> 25
 1.837821e+01 1.890330e+01 3.794764e+01 3.050763e+01 2.363695e+01 3.371999e+01 2.849951e+01 2.398576e+01 2.499946e+01 2.120470e+01 2.432996e+01 1.415421e+01 4.018896e+00 2.686703e+00 3.721154e+00 2.999634e+00 3.949982e+00 2.663498e+00 2.914349e+00 2.390951e+00 3.324439e+00 1.931430e+00 2.410435e+00 1.851594e+00 2.825330e-03
<GCONST> 9.074747e+01
<MIXTURE> 83 1.167529e-02
<MEAN> 25
 -2.077916e+01 4.555328e+00 -6.345602e+00 1.516134e+00 8.013861e+00 -1.605831e+00 6.574079e+00 1.957260e+00 3.704834e+00 1.413545e+00 3.073415e-01 3.129795e+00 -7.217009e-02 -2.890752e-01 -4.276853e-02 -4.878576e-01 -4.877066e-01 -4.573111e-01 -4.190928e-01 -2.426339e-01 -3.340369e-01 -1.038333e-01 -3.142207e-01 -3.387609e-01 9.989577e-04
<VARIANCE> 25
 9.635780e+00 1.116203e+01 5.655066e+01 2.945941e+01 2.235341e+01 1.675617e+01 2.224820e+01 1.952606e+01 2.328020e+01 2.141459e+01 1.834898e+01 1.569643e+01 8.568549e-01 8.765534e-01 1.341104e+00 8.575841e-01 1.641045e+00 1.108408e+00 1.287022e+00 1.174432e+00 1.366290e+00 1.050792e+00 1.343436e+00 1.050122e+00 6.399764e-04
<GCONST> 7.613421e+01
<MIXTURE> 84 1.066614e-02
<MEAN> 25
 7.589738e-01 9.100846e+00 7.563368e+00 7.451034e+00 3.610310e+00 1.539366e-01 5.571102e-01 -4.209348e+00 -4.059233e+00 -2.184191e+00 -2.268736e+00 -1.059880e+00 -1.764253e+00 -9.094718e-01 -1.201555e+00 1.013880e+00 2.013080e+00 1.217707e+00 1.302001e+00 1.283518e+00 1.322489e+00 3.373577e-01 1.569680e-01 -6.667646e-02 -8.237134e-02
<VARIANCE> 25
 2.263725e+01 1.537111e+01 4.416280e+01 2.263218e+01 3.264699e+01 2.609672e+01 3.634610e+01 2.119879e+01 2.465771e+01 2.118809e+01 2.099891e+01 2.145410e+01 1.757653e+00 2.460277e+00 3.956960e+00 3.195518e+00 3.353331e+00 2.994381e+00 3.216249e+00 3.311482e+00 3.767268e+00 2.650495e+00 3.405684e+00 2.675465e+00 3.348414e-03
<GCONST> 9.195497e+01
<MIXTURE> 85 7.591393e-03
<MEAN> 25
 -2.248923e+00 7.686697e+00 6.164397e+00 1.396699e+00 -3.349816e+00 -5.649260e+00 -3.927051e+00 -6.571254e+00 -2.978060e+00 -3.676773e+00 -2.369187e-02 -1.104148e+00 4.391739e+00 1.392970e-01 2.801482e+00 -2.386727e+00 -3.479462e+00 -2.148551e+00 -3.003827e+00 -2.006567e+00 -2.530799e+00 -9.005195e-01 -1.653849e+00 -2.620869e-01 2.177297e-02
<VARIANCE> 25
 3.874447e+01 2.480719e+01 4.909357e+01 3.509298e+01 3.412048e+01 3.200175e+01 3.076920e+01 3.151649e+01 2.437338e+01 2.170137e+01 2.319972e+01 2.103353e+01 3.334716e+00 3.590873e+00 6.003428e+00 4.661988e+00 3.914458e+00 4.126203e+00 3.881872e+00 3.998371e+00 3.273553e+00 4.801243e+00 4.806426e+00 3.120630e+00 5.557039e-03
<GCONST> 9.820945e+01
<MIXTURE> 86 1.273941e-02
<MEAN> 25
 -4.959844e+00 -1.204478e+00 -8.154150e-01 6.330103e+00 5.024869e+00 4.652565e+00 5.337343e+00 4.608829e+00 4.687778e+00 3.886907e+00 5.321887e+00 2.691326e+00 -8.217643e-03 -8.670045e-03 -3.917000e-02 -6.000842e-02 -1.172473e-01 -1.855270e-01 -2.651617e-01 -3.302682e-01 -3.510519e-01 -3.179862e-01 -2.280127e-01 -1.021528e-01 -5.481146e-04
<VARIANCE> 25
 7.943478e+00 5.653569e+00 1.001021e+01 1.227680e+01 1.590970e+01 1.437431e+01 1.355226e+01 1.326495e+01 1.329165e+01 1.437698e+01 1.431888e+01 1.274645e+01 9.991314e-02 1.950366e-01 3.177184e-01 4.880715e-01 6.361098e-01 7.312511e-01 7.455510e-01 7.683237e-01 8.290725e-01 8.825272e-01 9.100483e-01 9.022077e-01 5.311220e-05
<GCONST> 5.816938e+01
<MIXTURE> 87 1.100681e-02
<MEAN> 25
 -5.091838e+00 4.355686e+00 3.829784e+00 3.881642e+00 5.124072e+00 1.002657e+00 2.392666e+00 -4.681943e-01 -4.058826e-01 -2.117110e+00 -1.661415e+00 -2.110692e-01 -2.686990e+00 -2.517551e+00 -2.735076e+00 -2.761807e+00 1.848401e-02 6.398956e-02 -4.089819e-01 9.640326e-01 9.079187e-01 2.784106e-01 8.363338e-01 9.914370e-01 8.754703e-02
<VARIANCE> 25
 5.815358e+01 2.848563e+01 4.964745e+01 4.078906e+01 2.643029e+01 2.649558e+01 3.775621e+01 2.083811e+01 1.915660e+01 2.381553e+01 2.427338e+01 1.946443e+01 4.773544e+00 2.131996e+00 4.661699e+00 3.847792e+00 4.552451e+00 5.465333e+00 6.192348e+00 2.793945e+00 3.039885e+00 3.319587e+00 3.703881e+00 2.419137e+00 6.170249e-03
<GCONST> 9.716145e+01
<MIXTURE> 88 1.256585e-02
<MEAN> 25
 -4.609829e+00 -5.540411e-01 -1.375180e+00 5.280868e+00 5.954734e+00 3.156429e+00 5.120843e+00 3.101140e+00 3.636662e+00 2.975302e+00 2.319257e+00 2.496021e+00 1.658349e-01 1.519965e-01 1.643956e-01 4.678524e-01 9.555778e-02 4.539771e-02 -8.781918e-02 -2.152178e-01 -1.885663e-01 -9.999105e-03 -4.262165e-02 1.448989e-01 -5.792751e-03
<VARIANCE> 25
 9.496374e+00 1.318419e+01 1.748769e+01 1.729370e+01 2.215787e+01 1.937151e+01 1.845030e+01 1.770159e+01 1.593581e+01 1.885250e+01 2.362002e+01 1.601731e+01 1.546449e+00 1.800467e+00 3.074576e+00 2.417432e+00 2.538950e+00 2.635407e+00 2.411143e+00 2.829121e+00 2.092451e+00 2.857965e+00 2.543797e+00 2.735330e+00 1.398867e-03
<GCONST> 8.398739e+01
<MIXTURE> 89 9.333527e-03
<MEAN> 25
 6.298107e+00 -6.959706e+00 -3.356452e+00 -2.659976e+00 -1.729049e+00 -5.307952e+00 -6.089159e+00 3.417775e+00 3.445219e+00 -2.927927e+00 -5.817808e+00 -3.178221e+00 -5.705038e-01 1.247880e-01 2.070158e+00 8.458280e-01 -1.848998e+00 -1.599752e+00 7.902849e-01 1.303192e+00 -8.785619e-01 -1.224815e+00 4.432769e-01 1.519284e+00 -4.304338e-03
<VARIANCE> 25
 9.736968e+00 2.611587e+01 3.309856e+01 3.647834e+01 3.523288e+01 4.231906e+01 5.799206e+01 5.343385e+01 3.775140e+01 4.150338e+01 3.542756e+01 3.188739e+01 3.403969e-01 8.320546e-01 1.572246e+00 1.329801e+00 1.953492e+00 2.219352e+00 2.795686e+00 1.999733e+00 2.380370e+00 2.228089e+00 2.278893e+00 1.439790e+00 3.631316e-04
<GCONST> 8.591387e+01
<MIXTURE> 90 7.114505e-03
<MEAN> 25
 2.448771e+00 -9.722823e+00 -4.751516e+00 -3.973203e+00 -3.390239e+00 -1.826696e+00 3.351547e+00 1.188993e+00 -7.523975e+00 -1.020883e+01 -3.417109e+00 -7.426299e-01 -1.634315e-01 9.086025e-01 1.167572e+00 -8.540003e-01 -1.611477e+00 -2.090888e-01 6.423781e-01 -2.084962e-01 -1.698241e-01 7.347435e-01 1.827479e-01 -5.508431e-01 -1.114864e-02
<VARIANCE> 25
 8.517762e+00 1.775613e+01 1.983599e+01 2.800154e+01 3.689636e+01 3.233113e+01 3.876110e+01 3.638903e+01 3.529760e+01 2.771312e+01 2.707109e+01 2.613296e+01 2.234564e-01 6.122751e-01 7.870167e-01 1.042716e+00 1.469500e+00 1.594970e+00 1.784080e+00 1.653438e+00 1.814117e+00 1.680413e+00 1.494382e+00 1.308115e+00 2.147170e-04
<GCONST> 7.815429e+01
<MIXTURE> 91 7.852945e-03
<MEAN> 25
 7.177591e+00 -7.427030e+00 -8.889129e+00 -4.210770e+00 2.297942e+00 2.293385e+00 -6.646826e-01 5.310149e-01 1.407716e+00 -5.582048e-01 -4.973823e+00 -6.279166e+00 1.848554e-01 9.153636e-01 2.376074e-01 3.747300e-01 -9.199601e-02 -1.531093e-01 -3.771199e-01 -7.340042e-02 -1.461019e-01 4.434768e-01 -1.302734e-01 6.651293e-02 -3.340583e-02
<VARIANCE> 25
 1.177761e+01 1.879874e+01 1.969039e+01 3.889100e+01 4.052116e+01 7.261553e+01 5.460281e+01 3.364306e+01 5.061477e+01 8.191871e+01 3.824323e+01 4.089328e+01 4.177363e-01 8.170326e-01 1.210566e+00 1.310490e+00 2.086694e+00 2.667688e+00 2.423537e+00 2.105465e+00 1.970711e+00 2.550143e+00 1.962019e+00 1.716872e+00 5.227596e-04
<GCONST> 8.718129e+01
<MIXTURE> 92 7.852945e-03
<MEAN> 25
 7.177591e+00 -7.427030e+00 -8.889129e+00 -4.210770e+00 2.297942e+00 2.293385e+00 -6.646826e-01 5.310149e-01 1.407716e+00 -5.582048e-01 -4.973823e+00 -6.279166e+00 1.848554e-01 9.153636e-01 2.376074e-01 3.747300e-01 -9.199601e-02 -1.531093e-01 -3.771199e-01 -7.340042e-02 -1.461019e-01 4.434768e-01 -1.302734e-01 6.651293e-02 -3.340583e-02
<VARIANCE> 25
 1.177761e+01 1.879874e+01 1.969039e+01 3.889100e+01 4.052116e+01 7.261553e+01 5.460281e+01 3.364306e+01 5.061477e+01 8.191871e+01 3.824323e+01 4.089328e+01 4.177363e-01 8.170326e-01 1.210566e+00 1.310490e+00 2.086694e+00 2.667688e+00 2.423537e+00 2.105465e+00 1.970711e+00 2.550143e+00 1.962019e+00 1.716872e+00 5.227596e-04
<GCONST> 8.718129e+01
<MIXTURE> 93 6.122769e-03
<MEAN> 25
 -6.769311e+00 -7.129691e-01 -2.402623e+00 5.992689e+00 6.189553e+00 3.784336e+00 6.422609e+00 3.954572e+00 4.208727e+00 2.457334e+00 1.632460e+00 3.542898e+00 -7.057939e-02 -1.772645e-01 -2.838055e-01 -3.322864e-01 -3.128886e-01 -2.643571e-01 -2.832378e-01 -2.056711e-01 -2.127217e-01 -1.262800e-01 -4.872409e-02 8.600774e-03 -3.596787e-06
<VARIANCE> 25
 8.839154e+00 6.729997e+00 7.848571e+00 1.136272e+01 1.225383e+01 1.548926e+01 1.576100e+01 1.739063e+01 1.434527e+01 1.384616e+01 1.651716e+01 1.323635e+01 8.211585e-02 1.601864e-01 2.614801e-01 3.727758e-01 4.837040e-01 6.248481e-01 8.899300e-01 1.024022e+00 9.053270e-01 8.431129e-01 9.108374e-01 8.987725e-01 9.372295e-07
<GCONST> 5.376242e+01
<MIXTURE> 94 6.122769e-03
<MEAN> 25
 -6.769311e+00 -7.129691e-01 -2.402623e+00 5.992689e+00 6.189553e+00 3.784336e+00 6.422609e+00 3.954572e+00 4.208727e+00 2.457334e+00 1.632460e+00 3.542898e+00 -7.057939e-02 -1.772645e-01 -2.838055e-01 -3.322864e-01 -3.128886e-01 -2.643571e-01 -2.832378e-01 -2.056711e-01 -2.127217e-01 -1.262800e-01 -4.872409e-02 8.600774e-03 -3.596787e-06
<VARIANCE> 25
 8.839154e+00 6.729997e+00 7.848571e+00 1.136272e+01 1.225383e+01 1.548926e+01 1.576100e+01 1.739063e+01 1.434527e+01 1.384616e+01 1.651716e+01 1.323635e+01 8.211585e-02 1.601864e-01 2.614801e-01 3.727758e-01 4.837040e-01 6.248481e-01 8.899300e-01 1.024022e+00 9.053270e-01 8.431129e-01 9.108374e-01 8.987725e-01 9.372295e-07
<GCONST> 5.376242e+01
<MIXTURE> 95 5.258835e-03
<MEAN> 25
 -5.829467e+00 -7.360044e-01 -1.989344e+00 4.898965e+00 4.228564e+00 2.808518e+00 4.176907e+00 1.665027e+00 2.227524e+00 8.734995e-01 1.195472e+00 2.593460e+00 1.454017e-01 1.462251e-01 8.494876e-02 -8.324420e-02 -3.782085e-01 -7.171111e-01 -1.056122e+00 -1.281872e+00 -1.263888e+00 -9.912841e-01 -6.489792e-01 -3.072623e-01 -1.421859e-04
<VARIANCE> 25
 1.023634e+01 6.492548e+00 1.223088e+01 1.278275e+01 1.401055e+01 1.831228e+01 1.792498e+01 1.690941e+01 1.541872e+01 1.542779e+01 1.997460e+01 1.434426e+01 2.095235e-01 2.934430e-01 4.539618e-01 6.293633e-01 8.004628e-01 8.966171e-01 9.122397e-01 9.242018e-01 9.702575e-01 1.076712e+00 1.160861e+00 1.114737e+00 4.193883e-05
<GCONST> 6.326466e+01
<MIXTURE> 96 7.034694e-03
<MEAN> 25
 -5.079462e+00 -1.932391e-01 -2.249350e+00 5.322681e+00 4.292037e+00 1.650365e+00 3.720119e+00 1.747660e+00 2.459731e+00 9.305701e-01 1.127189e+00 2.741705e+00 -5.242983e-02 9.247797e-02 2.081929e-01 4.598621e-01 5.680847e-01 5.232356e-01 2.729286e-01 -2.132053e-01 -4.213009e-01 -6.260698e-01 -5.770618e-01 -2.848494e-01 -1.043131e-05
<VARIANCE> 25
 1.112771e+01 1.098711e+01 1.256553e+01 1.386770e+01 1.661471e+01 1.895749e+01 1.810303e+01 2.202578e+01 2.023495e+01 1.595496e+01 1.843902e+01 1.483068e+01 1.220686e-01 2.173022e-01 3.019611e-01 4.081647e-01 4.996657e-01 6.719378e-01 8.544774e-01 1.069430e+00 9.535760e-01 8.944744e-01 8.641558e-01 1.039543e+00 9.237676e-07
<GCONST> 5.797691e+01
<MIXTURE> 97 7.034694e-03
<MEAN> 25
 -5.079462e+00 -1.932391e-01 -2.249350e+00 5.322681e+00 4.292037e+00 1.650365e+00 3.720119e+00 1.747660e+00 2.459731e+00 9.305701e-01 1.127189e+00 2.741705e+00 -5.242983e-02 9.247797e-02 2.081929e-01 4.598621e-01 5.680847e-01 5.232356e-01 2.729286e-01 -2.132053e-01 -4.213009e-01 -6.260698e-01 -5.770618e-01 -2.848494e-01 -1.043131e-05
<VARIANCE> 25
 1.112771e+01 1.098711e+01 1.256553e+01 1.386770e+01 1.661471e+01 1.895749e+01 1.810303e+01 2.202578e+01 2.023495e+01 1.595496e+01 1.843902e+01 1.483068e+01 1.220686e-01 2.173022e-01 3.019611e-01 4.081647e-01 4.996657e-01 6.719378e-01 8.544774e-01 1.069430e+00 9.535760e-01 8.944744e-01 8.641558e-01 1.039543e+00 9.237676e-07
<GCONST> 5.797691e+01
<MIXTURE> 98 9.917808e-03
<MEAN> 25
 -1.712217e+00 2.003344e+00 2.645880e-01 5.055346e+00 4.588212e+00 2.915568e+00 3.850554e+00 1.655699e+00 1.259038e+00 8.082709e-01 4.237919e-01 9.614327e-01 -1.832396e+00 -1.510707e+00 -9.718131e-01 1.124350e-01 6.324901e-01 6.329339e-01 1.212857e+00 1.425376e+00 1.578805e+00 1.082223e+00 1.136261e+00 7.370929e-01 -3.474034e-02
<VARIANCE> 25
 1.380823e+01 2.572400e+01 3.065661e+01 3.282592e+01 4.635975e+01 3.296403e+01 3.348825e+01 2.553587e+01 2.772054e+01 2.718448e+01 2.480373e+01 2.159590e+01 1.274423e+00 1.369849e+00 2.441961e+00 2.378375e+00 3.097087e+00 2.727460e+00 2.699532e+00 2.774350e+00 2.607671e+00 2.640163e+00 2.861178e+00 2.296726e+00 2.378965e-03
<GCONST> 8.995977e+01
<MIXTURE> 99 6.696178e-03
<MEAN> 25
 -5.872824e+00 9.979939e+00 1.488787e+01 2.766489e+00 4.094175e+00 -5.063581e+00 -1.183184e+00 -4.635036e+00 -3.280200e+00 -3.923352e+00 -2.323323e+00 2.218981e+00 2.999109e-01 -5.383354e-01 -3.033936e-01 7.404464e-02 -7.094327e-01 -1.523638e-03 8.933688e-02 -1.027663e-01 3.860786e-01 6.283762e-02 3.608916e-01 -3.078102e-02 -1.877067e-02
<VARIANCE> 25
 2.263689e+01 1.684755e+01 9.908057e+01 2.231042e+01 3.363575e+01 2.637899e+01 3.048582e+01 1.963525e+01 2.283025e+01 2.087700e+01 1.754071e+01 2.378058e+01 1.493609e+00 1.718804e+00 1.738377e+00 1.454978e+00 2.466166e+00 1.864834e+00 2.101924e+00 1.163949e+00 1.417885e+00 1.332343e+00 1.083260e+00 1.217530e+00 1.962906e-03
<GCONST> 8.394540e+01
<MIXTURE> 100 4.498084e-03
<MEAN> 25
 -1.299679e+00 6.421941e+00 1.123744e+01 -7.564897e+00 -1.093850e+01 -4.830739e+00 -5.273490e+00 -8.973877e+00 -4.537641e+00 -2.052413e+00 -2.297381e+00 -2.104923e+00 3.019950e+00 -1.197553e+00 1.429808e+00 -2.298195e+00 -3.504728e+00 -5.730813e-01 -1.116838e+00 -7.318205e-01 -1.656348e+00 1.878648e-01 -1.353335e+00 -6.304857e-02 8.067369e-03
<VARIANCE> 25
 1.279667e+01 1.883778e+01 2.536605e+01 2.379518e+01 2.090801e+01 2.422471e+01 2.813487e+01 2.737396e+01 2.477996e+01 2.831630e+01 2.079440e+01 2.125249e+01 1.953097e+00 3.487810e+00 2.792744e+00 3.852725e+00 3.895610e+00 4.638919e+00 4.322132e+00 4.157878e+00 3.977100e+00 3.586869e+00 4.025730e+00 3.114210e+00 1.743397e-03
<GCONST> 9.226579e+01
<MIXTURE> 101 6.007792e-03
<MEAN> 25
 8.609994e+00 -3.802249e+00 -6.422069e+00 -6.491707e+00 7.129771e-01 -1.165493e+00 -1.005662e+01 -1.810091e+00 1.907219e+00 2.985772e+00 -2.079986e+00 -4.965326e+00 7.630044e-01 6.474784e-01 -1.461994e+00 -1.599891e+00 9.962499e-01 2.291668e+00 2.559405e-01 -1.369976e+00 -1.239567e+00 9.021189e-01 1.476818e+00 -3.479277e-01 -5.491973e-03
<VARIANCE> 25
 1.147677e+01 1.736693e+01 2.926091e+01 4.131789e+01 3.416930e+01 3.921296e+01 3.779116e+01 3.511037e+01 3.586967e+01 4.355145e+01 5.052604e+01 2.738440e+01 4.721152e-01 7.255809e-01 1.181273e+00 1.505354e+00 1.629101e+00 1.971912e+00 2.065280e+00 1.932823e+00 2.589620e+00 2.250218e+00 1.841471e+00 2.047719e+00 3.584805e-04
<GCONST> 8.452834e+01
<MIXTURE> 102 6.007792e-03
<MEAN> 25
 8.609994e+00 -3.802249e+00 -6.422069e+00 -6.491707e+00 7.129771e-01 -1.165493e+00 -1.005662e+01 -1.810091e+00 1.907219e+00 2.985772e+00 -2.079986e+00 -4.965326e+00 7.630044e-01 6.474784e-01 -1.461994e+00 -1.599891e+00 9.962499e-01 2.291668e+00 2.559405e-01 -1.369976e+00 -1.239567e+00 9.021189e-01 1.476818e+00 -3.479277e-01 -5.491973e-03
<VARIANCE> 25
 1.147677e+01 1.736693e+01 2.926091e+01 4.131789e+01 3.416930e+01 3.921296e+01 3.779116e+01 3.511037e+01 3.586967e+01 4.355145e+01 5.052604e+01 2.738440e+01 4.721152e-01 7.255809e-01 1.181273e+00 1.505354e+00 1.629101e+00 1.971912e+00 2.065280e+00 1.932823e+00 2.589620e+00 2.250218e+00 1.841471e+00 2.047719e+00 3.584805e-04
<GCONST> 8.452834e+01
<MIXTURE> 103 5.694618e-03
<MEAN> 25
 3.433676e+00 -9.456698e+00 -6.153301e+00 -3.025341e+00 -1.321813e+00 -1.920520e+00 2.515907e+00 2.490090e+00 -4.678129e+00 -9.268403e+00 -5.032320e+00 3.123690e-01 -1.538101e-01 -1.484192e+00 -9.708506e-01 3.827272e-01 1.205089e+00 1.020410e+00 1.631049e-01 -2.659423e-01 -7.831525e-01 -9.485049e-01 -4.425851e-02 1.014066e-01 2.665860e-02
<VARIANCE> 25
 1.121627e+01 2.025522e+01 2.283945e+01 3.207458e+01 4.812535e+01 3.525286e+01 4.771006e+01 3.661432e+01 4.363629e+01 2.946509e+01 3.000816e+01 2.663646e+01 6.432925e-01 1.255319e+00 1.543619e+00 1.940920e+00 2.918957e+00 2.398600e+00 2.879402e+00 2.559883e+00 2.562997e+00 2.507922e+00 2.107734e+00 2.052865e+00 8.127853e-04
<GCONST> 8.775166e+01
<MIXTURE> 104 5.694618e-03
<MEAN> 25
 3.433676e+00 -9.456698e+00 -6.153301e+00 -3.025341e+00 -1.321813e+00 -1.920520e+00 2.515907e+00 2.490090e+00 -4.678129e+00 -9.268403e+00 -5.032320e+00 3.123690e-01 -1.538101e-01 -1.484192e+00 -9.708506e-01 3.827272e-01 1.205089e+00 1.020410e+00 1.631049e-01 -2.659423e-01 -7.831525e-01 -9.485049e-01 -4.425851e-02 1.014066e-01 2.665860e-02
<VARIANCE> 25
 1.121627e+01 2.025522e+01 2.283945e+01 3.207458e+01 4.812535e+01 3.525286e+01 4.771006e+01 3.661432e+01 4.363629e+01 2.946509e+01 3.000816e+01 2.663646e+01 6.432925e-01 1.255319e+00 1.543619e+00 1.940920e+00 2.918957e+00 2.398600e+00 2.879402e+00 2.559883e+00 2.562997e+00 2.507922e+00 2.107734e+00 2.052865e+00 8.127853e-04
<GCONST> 8.775166e+01
<MIXTURE> 105 4.710235e-03
<MEAN> 25
 2.215811e+00 -1.554155e+00 9.389665e+00 -2.701555e+00 -1.164648e+01 -4.949697e+00 -4.434650e+00 -7.502398e-01 -3.907815e+00 -3.305595e+00 1.494745e+00 -1.118351e+00 1.400292e-03 3.865237e-02 4.515022e-02 -4.072693e-02 2.378169e-03 6.039830e-02 -1.226159e-02 3.509357e-02 -3.012356e-02 -7.408275e-04 3.821199e-02 -3.754921e-02 -2.140636e-03
<VARIANCE> 25
 1.316534e+01 2.850485e+01 4.179799e+01 4.431332e+01 3.745696e+01 5.349830e+01 4.574055e+01 4.286917e+01 3.972838e+01 4.251197e+01 4.143659e+01 3.048089e+01 8.742362e-02 1.890344e-01 3.401684e-01 2.919572e-01 3.694871e-01 4.372590e-01 4.646741e-01 5.060143e-01 4.926684e-01 4.985485e-01 4.235324e-01 4.003301e-01 8.853065e-05
<GCONST> 6.696235e+01
<MIXTURE> 106 4.710235e-03
<MEAN> 25
 2.215811e+00 -1.554155e+00 9.389665e+00 -2.701555e+00 -1.164648e+01 -4.949697e+00 -4.434650e+00 -7.502398e-01 -3.907815e+00 -3.305595e+00 1.494745e+00 -1.118351e+00 1.400292e-03 3.865237e-02 4.515022e-02 -4.072693e-02 2.378169e-03 6.039830e-02 -1.226159e-02 3.509357e-02 -3.012356e-02 -7.408275e-04 3.821199e-02 -3.754921e-02 -2.140636e-03
<VARIANCE> 25
 1.316534e+01 2.850485e+01 4.179799e+01 4.431332e+01 3.745696e+01 5.349830e+01 4.574055e+01 4.286917e+01 3.972838e+01 4.251197e+01 4.143659e+01 3.048089e+01 8.742362e-02 1.890344e-01 3.401684e-01 2.919572e-01 3.694871e-01 4.372590e-01 4.646741e-01 5.060143e-01 4.926684e-01 4.985485e-01 4.235324e-01 4.003301e-01 8.853065e-05
<GCONST> 6.696235e+01
<MIXTURE> 107 5.452374e-03
<MEAN> 25
 8.804143e+00 -2.396784e+00 -8.315334e+00 -8.760321e+00 1.136302e+00 3.538557e+00 -7.458494e+00 -3.876102e+00 -8.290821e-01 3.860062e+00 5.975647e-01 -6.197636e+00 -6.050768e-01 -7.785510e-01 1.020136e+00 1.599751e+00 1.541074e-01 -1.910977e+00 -1.077290e+00 9.257908e-01 1.752102e+00 2.603399e-01 -1.608677e+00 -6.976876e-01 -3.400632e-03
<VARIANCE> 25
 9.402042e+00 2.175184e+01 2.936907e+01 4.416117e+01 4.391151e+01 3.576738e+01 5.430725e+01 3.492358e+01 4.600654e+01 4.145008e+01 4.805555e+01 4.031808e+01 3.810036e-01 9.652656e-01 1.762739e+00 2.557188e+00 2.033972e+00 2.653214e+00 2.882796e+00 2.382817e+00 2.479372e+00 3.257187e+00 1.933708e+00 2.514471e+00 6.533846e-04
<GCONST> 8.892012e+01
<MIXTURE> 108 5.452374e-03
<MEAN> 25
 8.804143e+00 -2.396784e+00 -8.315334e+00 -8.760321e+00 1.136302e+00 3.538557e+00 -7.458494e+00 -3.876102e+00 -8.290821e-01 3.860062e+00 5.975647e-01 -6.197636e+00 -6.050768e-01 -7.785510e-01 1.020136e+00 1.599751e+00 1.541074e-01 -1.910977e+00 -1.077290e+00 9.257908e-01 1.752102e+00 2.603399e-01 -1.608677e+00 -6.976876e-01 -3.400632e-03
<VARIANCE> 25
 9.402042e+00 2.175184e+01 2.936907e+01 4.416117e+01 4.391151e+01 3.576738e+01 5.430725e+01 3.492358e+01 4.600654e+01 4.145008e+01 4.805555e+01 4.031808e+01 3.810036e-01 9.652656e-01 1.762739e+00 2.557188e+00 2.033972e+00 2.653214e+00 2.882796e+00 2.382817e+00 2.479372e+00 3.257187e+00 1.933708e+00 2.514471e+00 6.533846e-04
<GCONST> 8.892012e+01
<MIXTURE> 109 6.661064e-03
<MEAN> 25
 3.946560e+00 -1.055663e+01 -8.351065e+00 -1.317746e+00 2.871193e+00 -2.138675e-01 -1.450556e-02 1.598646e+00 -2.335763e+00 -8.151327e+00 -5.231158e+00 -1.115912e-02 -3.115759e-02 -1.194474e-01 -2.590823e-02 2.511387e-01 1.878494e-01 1.199960e-01 -1.168675e-01 -1.091837e-01 -4.418181e-02 -1.420070e-01 2.148239e-01 1.068970e-02 -3.423224e-03
<VARIANCE> 25
 1.012567e+01 1.769004e+01 1.961330e+01 3.070798e+01 4.052242e+01 3.707557e+01 4.624344e+01 3.449380e+01 4.785660e+01 3.617199e+01 2.969634e+01 2.796632e+01 1.934257e-01 4.233339e-01 5.314774e-01 6.398575e-01 1.218093e+00 9.781519e-01 1.256551e+00 1.101911e+00 1.125649e+00 9.466320e-01 8.661916e-01 8.814848e-01 1.818450e-04
<GCONST> 7.450468e+01
<MIXTURE> 110 6.661064e-03
<MEAN> 25
 3.946560e+00 -1.055663e+01 -8.351065e+00 -1.317746e+00 2.871193e+00 -2.138675e-01 -1.450556e-02 1.598646e+00 -2.335763e+00 -8.151327e+00 -5.231158e+00 -1.115912e-02 -3.115759e-02 -1.194474e-01 -2.590823e-02 2.511387e-01 1.878494e-01 1.199960e-01 -1.168675e-01 -1.091837e-01 -4.418181e-02 -1.420070e-01 2.148239e-01 1.068970e-02 -3.423224e-03
<VARIANCE> 25
 1.012567e+01 1.769004e+01 1.961330e+01 3.070798e+01 4.052242e+01 3.707557e+01 4.624344e+01 3.449380e+01 4.785660e+01 3.617199e+01 2.969634e+01 2.796632e+01 1.934257e-01 4.233339e-01 5.314774e-01 6.398575e-01 1.218093e+00 9.781519e-01 1.256551e+00 1.101911e+00 1.125649e+00 9.466320e-01 8.661916e-01 8.814848e-01 1.818450e-04
<GCONST> 7.450468e+01
<MIXTURE> 111 4.337247e-03
<MEAN> 25
 -4.473884e+00 -9.063255e-01 -1.721005e+00 1.688001e+00 9.647532e-01 9.644146e-01 3.143111e-01 2.110151e-01 8.899072e-02 -5.414455e-01 -6.300139e-01 1.964543e+00 -2.106648e-02 -3.247137e-02 -7.234477e-02 -7.354243e-02 -3.728570e-02 6.406856e-03 -1.092473e-03 -5.924845e-02 -1.404472e-01 -2.029591e-01 -1.901420e-01 -1.064462e-01 -2.147328e-04
<VARIANCE> 25
 7.001185e+00 4.976943e+00 1.021284e+01 9.407891e+00 1.310901e+01 2.384220e+01 1.466650e+01 1.316654e+01 1.160095e+01 1.191218e+01 1.362871e+01 1.158853e+01 7.918957e-02 1.635709e-01 2.752747e-01 4.205318e-01 5.694571e-01 7.053977e-01 8.006003e-01 8.582698e-01 8.927900e-01 8.559669e-01 8.621274e-01 8.478500e-01 2.231662e-05
<GCONST> 5.597942e+01
<MIXTURE> 112 4.337247e-03
<MEAN> 25
 -4.473884e+00 -9.063255e-01 -1.721005e+00 1.688001e+00 9.647532e-01 9.644146e-01 3.143111e-01 2.110151e-01 8.899072e-02 -5.414455e-01 -6.300139e-01 1.964543e+00 -2.106648e-02 -3.247137e-02 -7.234477e-02 -7.354243e-02 -3.728570e-02 6.406856e-03 -1.092473e-03 -5.924845e-02 -1.404472e-01 -2.029591e-01 -1.901420e-01 -1.064462e-01 -2.147328e-04
<VARIANCE> 25
 7.001185e+00 4.976943e+00 1.021284e+01 9.407891e+00 1.310901e+01 2.384220e+01 1.466650e+01 1.316654e+01 1.160095e+01 1.191218e+01 1.362871e+01 1.158853e+01 7.918957e-02 1.635709e-01 2.752747e-01 4.205318e-01 5.694571e-01 7.053977e-01 8.006003e-01 8.582698e-01 8.927900e-01 8.559669e-01 8.621274e-01 8.478500e-01 2.231662e-05
<GCONST> 5.597942e+01
<MIXTURE> 113 5.938666e-03
<MEAN> 25
 9.995200e+00 1.847999e+00 -8.625388e+00 -1.703898e+01 -1.246433e+00 5.815821e+00 -5.287690e+00 -1.545469e+00 -5.711004e+00 -4.837690e-01 2.874976e-01 -8.304432e-02 3.432391e-03 1.533140e-02 -4.969792e-02 -1.153250e-01 9.616075e-02 1.423551e-01 8.524818e-02 6.116389e-02 -6.636614e-02 -7.261750e-02 1.765048e-01 4.410388e-02 -1.531778e-03
<VARIANCE> 25
 8.817948e+00 1.675381e+01 3.069337e+01 3.368349e+01 5.391293e+01 3.497552e+01 4.001956e+01 3.876479e+01 3.696814e+01 4.667028e+01 3.598302e+01 2.903771e+01 1.209443e-01 3.200997e-01 3.181360e-01 6.291836e-01 6.132246e-01 6.456190e-01 8.026173e-01 8.656808e-01 9.467453e-01 9.288396e-01 7.138417e-01 7.113153e-01 1.243820e-04
<GCONST> 7.122781e+01
<MIXTURE> 114 5.938666e-03
<MEAN> 25
 9.995200e+00 1.847999e+00 -8.625388e+00 -1.703898e+01 -1.246433e+00 5.815821e+00 -5.287690e+00 -1.545469e+00 -5.711004e+00 -4.837690e-01 2.874976e-01 -8.304432e-02 3.432391e-03 1.533140e-02 -4.969792e-02 -1.153250e-01 9.616075e-02 1.423551e-01 8.524818e-02 6.116389e-02 -6.636614e-02 -7.261750e-02 1.765048e-01 4.410388e-02 -1.531778e-03
<VARIANCE> 25
 8.817948e+00 1.675381e+01 3.069337e+01 3.368349e+01 5.391293e+01 3.497552e+01 4.001956e+01 3.876479e+01 3.696814e+01 4.667028e+01 3.598302e+01 2.903771e+01 1.209443e-01 3.200997e-01 3.181360e-01 6.291836e-01 6.132246e-01 6.456190e-01 8.026173e-01 8.656808e-01 9.467453e-01 9.288396e-01 7.138417e-01 7.113153e-01 1.243820e-04
<GCONST> 7.122781e+01
<MIXTURE> 115 2.935202e-03
<MEAN> 25
 -4.028276e+00 -7.524924e-01 -3.111897e+00 3.657176e+00 2.416629e+00 -4.271048e-01 2.242300e+00 4.254740e-01 1.401216e+00 -1.903154e-02 4.408939e-02 2.685011e+00 3.129603e-02 -7.202318e-02 -2.309187e-01 -4.372999e-01 -6.323854e-01 -6.693478e-01 -5.914051e-01 -5.088761e-01 -4.855767e-01 -4.558524e-01 -3.427507e-01 -1.634570e-01 -3.147542e-06
<VARIANCE> 25
 9.270869e+00 9.893337e+00 1.353498e+01 1.269219e+01 1.349324e+01 1.754090e+01 1.710805e+01 2.092193e+01 1.804063e+01 1.721420e+01 1.918241e+01 1.465936e+01 2.036984e-01 3.471215e-01 4.849564e-01 5.630310e-01 6.343446e-01 7.977167e-01 1.007776e+00 1.130675e+00 1.074920e+00 9.948553e-01 1.025437e+00 1.064966e+00 9.985503e-07
<GCONST> 6.017670e+01
<MIXTURE> 116 2.935202e-03
<MEAN> 25
 -4.028276e+00 -7.524924e-01 -3.111897e+00 3.657176e+00 2.416629e+00 -4.271048e-01 2.242300e+00 4.254740e-01 1.401216e+00 -1.903154e-02 4.408939e-02 2.685011e+00 3.129603e-02 -7.202318e-02 -2.309187e-01 -4.372999e-01 -6.323854e-01 -6.693478e-01 -5.914051e-01 -5.088761e-01 -4.855767e-01 -4.558524e-01 -3.427507e-01 -1.634570e-01 -3.147542e-06
<VARIANCE> 25
 9.270869e+00 9.893337e+00 1.353498e+01 1.269219e+01 1.349324e+01 1.754090e+01 1.710805e+01 2.092193e+01 1.804063e+01 1.721420e+01 1.918241e+01 1.465936e+01 2.036984e-01 3.471215e-01 4.849564e-01 5.630310e-01 6.343446e-01 7.977167e-01 1.007776e+00 1.130675e+00 1.074920e+00 9.948553e-01 1.025437e+00 1.064966e+00 9.985503e-07
<GCONST> 6.017670e+01
<MIXTURE> 117 6.506003e-03
<MEAN> 25
 -4.805540e+00 1.592470e+00 6.729363e-01 9.640080e+00 7.163226e+00 6.005391e+00 7.032368e+00 5.147459e+00 6.492894e+00 4.758009e+00 5.435235e+00 2.561400e+00 -7.071272e-02 -3.180783e-01 -3.639786e-01 -3.938040e-01 -3.932324e-01 -3.014179e-01 -3.246693e-01 -2.962076e-01 -4.423656e-01 -3.148605e-01 -1.925731e-01 -6.432422e-02 -7.864640e-06
<VARIANCE> 25
 6.460433e+00 9.268446e+00 9.463571e+00 1.283584e+01 1.909605e+01 1.469077e+01 1.804133e+01 1.783623e+01 1.475916e+01 1.472270e+01 2.107977e+01 1.354986e+01 2.057687e-01 3.534426e-01 3.942728e-01 5.612987e-01 8.316426e-01 9.440293e-01 1.145820e+00 1.368850e+00 1.142509e+00 1.126635e+00 1.072796e+00 1.065048e+00 8.687448e-07
<GCONST> 5.979391e+01
<MIXTURE> 118 6.506003e-03
<MEAN> 25
 -4.805540e+00 1.592470e+00 6.729363e-01 9.640080e+00 7.163226e+00 6.005391e+00 7.032368e+00 5.147459e+00 6.492894e+00 4.758009e+00 5.435235e+00 2.561400e+00 -7.071272e-02 -3.180783e-01 -3.639786e-01 -3.938040e-01 -3.932324e-01 -3.014179e-01 -3.246693e-01 -2.962076e-01 -4.423656e-01 -3.148605e-01 -1.925731e-01 -6.432422e-02 -7.864640e-06
<VARIANCE> 25
 6.460433e+00 9.268446e+00 9.463571e+00 1.283584e+01 1.909605e+01 1.469077e+01 1.804133e+01 1.783623e+01 1.475916e+01 1.472270e+01 2.107977e+01 1.354986e+01 2.057687e-01 3.534426e-01 3.942728e-01 5.612987e-01 8.316426e-01 9.440293e-01 1.145820e+00 1.368850e+00 1.142509e+00 1.126635e+00 1.072796e+00 1.065048e+00 8.687448e-07
<GCONST> 5.979391e+01
<MIXTURE> 119 4.297961e-03
<MEAN> 25
 -4.946641e+00 -7.662295e+00 2.144815e+00 1.994266e+00 2.272410e+00 1.431524e-01 5.230670e+00 5.952130e+00 1.224686e+00 9.862051e-01 6.574933e+00 1.566920e+00 -4.899755e-02 -7.776654e-02 3.653733e-02 -5.499635e-02 -1.262769e-01 -1.760375e-01 -6.172601e-02 -1.086134e-02 -9.279168e-02 -1.155005e-01 -5.545088e-02 -5.858838e-02 1.083399e-03
<VARIANCE> 25
 8.539495e+00 9.859300e+00 1.728867e+01 2.011680e+01 2.281551e+01 2.352674e+01 2.504692e+01 2.632061e+01 2.524880e+01 2.792695e+01 2.041350e+01 2.027943e+01 1.602796e-01 2.812284e-01 4.591751e-01 6.373615e-01 8.002438e-01 1.000786e+00 1.098829e+00 1.281294e+00 1.283307e+00 1.246915e+00 1.183924e+00 1.112403e+00 2.307001e-04
<GCONST> 6.975549e+01
<MIXTURE> 120 4.297961e-03
<MEAN> 25
 -4.946641e+00 -7.662295e+00 2.144815e+00 1.994266e+00 2.272410e+00 1.431524e-01 5.230670e+00 5.952130e+00 1.224686e+00 9.862051e-01 6.574933e+00 1.566920e+00 -4.899755e-02 -7.776654e-02 3.653733e-02 -5.499635e-02 -1.262769e-01 -1.760375e-01 -6.172601e-02 -1.086134e-02 -9.279168e-02 -1.155005e-01 -5.545088e-02 -5.858838e-02 1.083399e-03
<VARIANCE> 25
 8.539495e+00 9.859300e+00 1.728867e+01 2.011680e+01 2.281551e+01 2.352674e+01 2.504692e+01 2.632061e+01 2.524880e+01 2.792695e+01 2.041350e+01 2.027943e+01 1.602796e-01 2.812284e-01 4.591751e-01 6.373615e-01 8.002438e-01 1.000786e+00 1.098829e+00 1.281294e+00 1.283307e+00 1.246915e+00 1.183924e+00 1.112403e+00 2.307001e-04
<GCONST> 6.975549e+01
<MIXTURE> 121 4.567511e-03
<MEAN> 25
 2.093495e-01 -2.525984e+00 5.161047e+00 -1.290043e+01 -1.265467e+01 -1.664882e+00 9.844788e-01 -5.097759e+00 -4.204586e+00 -4.878795e-01 -5.499425e+00 -4.312004e+00 2.394806e-02 1.330778e-01 -4.231814e-02 7.839359e-02 1.586630e-01 8.173934e-02 -7.916591e-02 -1.838072e-01 -2.698682e-01 -2.576880e-01 -1.149456e-01 7.930847e-04 -7.439978e-03
<VARIANCE> 25
 7.729744e+00 1.559582e+01 1.732751e+01 2.034735e+01 2.446561e+01 2.923057e+01 2.973710e+01 2.465908e+01 3.528379e+01 2.832168e+01 1.980485e+01 2.116222e+01 1.549157e-01 6.430742e-01 6.231968e-01 7.059004e-01 7.700040e-01 1.160550e+00 1.117163e+00 1.120554e+00 1.218421e+00 1.191793e+00 9.410160e-01 8.715128e-01 2.107002e-04
<GCONST> 7.141369e+01
<MIXTURE> 122 4.567511e-03
<MEAN> 25
 2.093495e-01 -2.525984e+00 5.161047e+00 -1.290043e+01 -1.265467e+01 -1.664882e+00 9.844788e-01 -5.097759e+00 -4.204586e+00 -4.878795e-01 -5.499425e+00 -4.312004e+00 2.394806e-02 1.330778e-01 -4.231814e-02 7.839359e-02 1.586630e-01 8.173934e-02 -7.916591e-02 -1.838072e-01 -2.698682e-01 -2.576880e-01 -1.149456e-01 7.930847e-04 -7.439978e-03
<VARIANCE> 25
 7.729744e+00 1.559582e+01 1.732751e+01 2.034735e+01 2.446561e+01 2.923057e+01 2.973710e+01 2.465908e+01 3.528379e+01 2.832168e+01 1.980485e+01 2.116222e+01 1.549157e-01 6.430742e-01 6.231968e-01 7.059004e-01 7.700040e-01 1.160550e+00 1.117163e+00 1.120554e+00 1.218421e+00 1.191793e+00 9.410160e-01 8.715128e-01 2.107002e-04
<GCONST> 7.141369e+01
<MIXTURE> 123 4.393044e-03
<MEAN> 25
 -4.396474e+00 1.128147e+00 4.258865e-02 6.235661e+00 5.792606e+00 3.509066e+00 3.571529e+00 4.520140e-01 4.342551e-01 4.240683e-02 8.114946e-02 7.807864e-01 -4.546081e-01 -7.780786e-01 -8.380032e-01 -5.935794e-01 -3.914483e-01 4.803561e-02 4.576997e-01 7.216873e-01 7.494137e-01 7.722081e-01 7.605684e-01 4.964570e-01 -3.090177e-03
<VARIANCE> 25
 1.007752e+01 1.020004e+01 1.474103e+01 1.758709e+01 2.418183e+01 2.599974e+01 2.172853e+01 1.796260e+01 1.838800e+01 2.292609e+01 2.089482e+01 1.880660e+01 4.002669e-01 3.588270e-01 4.948350e-01 7.039237e-01 1.336289e+00 1.093030e+00 1.213204e+00 1.183024e+00 1.141896e+00 1.117031e+00 1.258149e+00 1.144398e+00 9.316461e-05
<GCONST> 6.963750e+01
<MIXTURE> 124 4.069876e-03
<MEAN> 25
 -6.558174e+00 -1.180319e+00 -2.915957e+00 5.129187e+00 5.012655e+00 3.391865e+00 5.408563e+00 2.565164e+00 3.209095e+00 1.295766e+00 1.133166e+00 3.044205e+00 -2.052047e-01 -3.226497e-01 -3.628864e-01 -2.165488e-01 1.265406e-01 5.184592e-01 8.101907e-01 8.626681e-01 6.563300e-01 3.311734e-01 7.609932e-02 -2.316816e-02 3.933812e-05
<VARIANCE> 25
 1.097896e+01 7.175757e+00 1.112381e+01 1.248949e+01 1.240064e+01 1.974855e+01 1.555979e+01 1.713709e+01 1.544330e+01 1.607805e+01 1.913657e+01 1.441081e+01 1.044843e-01 1.685842e-01 2.697858e-01 4.174186e-01 5.941800e-01 7.057968e-01 7.453391e-01 8.135926e-01 9.143262e-01 9.818659e-01 1.007130e+00 9.894673e-01 1.790287e-05
<GCONST> 5.883460e+01
<MIXTURE> 125 4.069876e-03
<MEAN> 25
 -6.558174e+00 -1.180319e+00 -2.915957e+00 5.129187e+00 5.012655e+00 3.391865e+00 5.408563e+00 2.565164e+00 3.209095e+00 1.295766e+00 1.133166e+00 3.044205e+00 -2.052047e-01 -3.226497e-01 -3.628864e-01 -2.165488e-01 1.265406e-01 5.184592e-01 8.101907e-01 8.626681e-01 6.563300e-01 3.311734e-01 7.609932e-02 -2.316816e-02 3.933812e-05
<VARIANCE> 25
 1.097896e+01 7.175757e+00 1.112381e+01 1.248949e+01 1.240064e+01 1.974855e+01 1.555979e+01 1.713709e+01 1.544330e+01 1.607805e+01 1.913657e+01 1.441081e+01 1.044843e-01 1.685842e-01 2.697858e-01 4.174186e-01 5.941800e-01 7.057968e-01 7.453391e-01 8.135926e-01 9.143262e-01 9.818659e-01 1.007130e+00 9.894673e-01 1.790287e-05
<GCONST> 5.883460e+01
<MIXTURE> 126 2.402244e-03
<MEAN> 25
 -2.960022e+00 -8.554797e+00 -6.802335e+00 1.129736e+00 5.525607e+00 -4.805519e+00 -5.157806e-01 4.525725e+00 5.079792e+00 -7.908224e-01 -5.424529e-01 1.803605e+00 2.787022e-02 -5.707050e-03 1.743020e-02 -2.146405e-01 -3.744767e-01 -2.408696e-01 -6.179277e-02 5.331008e-04 -5.587804e-02 -5.962452e-02 -5.586980e-03 1.742811e-02 -1.823532e-03
<VARIANCE> 25
 5.367893e+00 1.056086e+01 1.150862e+01 1.210690e+01 1.773737e+01 1.849254e+01 1.715392e+01 2.206870e+01 2.441310e+01 2.172183e+01 1.555490e+01 1.671883e+01 1.492594e-01 3.135647e-01 4.324530e-01 6.920972e-01 6.996680e-01 8.802321e-01 1.015929e+00 1.364723e+00 1.197370e+00 1.178313e+00 9.603540e-01 1.129330e+00 1.931326e-04
<GCONST> 6.593233e+01
<MIXTURE> 127 2.402244e-03
<MEAN> 25
 -2.960022e+00 -8.554797e+00 -6.802335e+00 1.129736e+00 5.525607e+00 -4.805519e+00 -5.157806e-01 4.525725e+00 5.079792e+00 -7.908224e-01 -5.424529e-01 1.803605e+00 2.787022e-02 -5.707050e-03 1.743020e-02 -2.146405e-01 -3.744767e-01 -2.408696e-01 -6.179277e-02 5.331008e-04 -5.587804e-02 -5.962452e-02 -5.586980e-03 1.742811e-02 -1.823532e-03
<VARIANCE> 25
 5.367893e+00 1.056086e+01 1.150862e+01 1.210690e+01 1.773737e+01 1.849254e+01 1.715392e+01 2.206870e+01 2.441310e+01 2.172183e+01 1.555490e+01 1.671883e+01 1.492594e-01 3.135647e-01 4.324530e-01 6.920972e-01 6.996680e-01 8.802321e-01 1.015929e+00 1.364723e+00 1.197370e+00 1.178313e+00 9.603540e-01 1.129330e+00 1.931326e-04
<GCONST> 6.593233e+01
<MIXTURE> 128 3.790457e-03
<MEAN> 25
 -4.092063e+00 2.504158e+00 -1.026264e+00 5.879253e+00 4.880591e+00 1.153708e+00 4.075263e+00 2.668622e+00 4.423190e+00 4.538010e+00 3.286968e+00 3.083153e+00 -4.022993e-01 -2.783791e-01 5.078630e-02 9.790169e-01 1.094918e+00 8.558066e-01 5.389391e-01 1.297402e-01 -3.320400e-01 -6.176478e-01 -5.990946e-01 -4.824733e-01 -2.518157e-05
<VARIANCE> 25
 7.922369e+00 1.081693e+01 1.252412e+01 1.575134e+01 1.798029e+01 1.566161e+01 1.884345e+01 2.073915e+01 2.537037e+01 2.120990e+01 2.179282e+01 2.069040e+01 9.474267e-01 1.231596e+00 1.643307e+00 1.792232e+00 1.860870e+00 1.666537e+00 1.751604e+00 2.596743e+00 1.948524e+00 1.820468e+00 2.129691e+00 1.736779e+00 6.868445e-07
<GCONST> 7.195436e+01
<TRANSP> 3
 0.000000e+00 1.000000e+00 0.000000e+00
 0.000000e+00 9.999990e-01 9.999998e-07
 0.000000e+00 0.000000e+00 0.000000e+00
<ENDHMM>
