~o
<STREAMINFO> 1 25
<VECSIZE> 25<NULLD><MFCC_E_D_N><DIAGC>
~h "jmodel"
<BEGINHMM>
<NUMSTATES> 3
<STATE> 2
<NUMMIXES> 128
<MIXTURE> 1 5.748963e-03
<MEAN> 25
 -2.567028e+00 3.176367e+00 2.312315e+00 8.713574e+00 4.387515e+00 3.422804e+00 4.067729e+00 3.928650e+00 5.801724e+00 5.260369e+00 5.850506e+00 3.062788e+00 -1.998842e+00 -1.626937e+00 -8.586956e-01 1.062577e+00 1.555184e+00 2.233091e+00 2.153188e+00 2.079397e+00 1.691701e+00 1.264376e+00 1.555404e+00 6.039791e-01 -4.691734e-02
<VARIANCE> 25
 1.008029e+01 1.175091e+01 1.488646e+01 1.900653e+01 2.327627e+01 2.221109e+01 2.183567e+01 2.191329e+01 2.110477e+01 2.254044e+01 2.108854e+01 1.708502e+01 1.788230e+00 2.115122e+00 3.025365e+00 3.245266e+00 3.740268e+00 3.344909e+00 3.304391e+00 3.379947e+00 3.516459e+00 3.734424e+00 3.533218e+00 2.841365e+00 3.106897e-03
<GCONST> 8.849878e+01
<MIXTURE> 2 4.549242e-03
<MEAN> 25
 -4.875405e+00 1.311546e+00 9.943160e-01 9.899569e+00 6.692123e+00 7.424783e+00 7.846946e+00 6.957919e+00 8.373155e+00 6.372520e+00 7.624173e+00 3.074663e+00 -6.200607e-02 4.165781e-02 1.425157e-01 2.258737e-01 2.653120e-01 2.814134e-01 2.953753e-01 3.195499e-01 3.497134e-01 3.088875e-01 1.971773e-01 8.008645e-02 1.228307e-06
<VARIANCE> 25
 6.953824e+00 8.902347e+00 1.065104e+01 1.591195e+01 1.723576e+01 1.556292e+01 1.689883e+01 1.848582e+01 1.658637e+01 1.739248e+01 1.811114e+01 1.433950e+01 1.252463e-01 2.266586e-01 3.364745e-01 4.671401e-01 6.492744e-01 8.149146e-01 9.299561e-01 1.003139e+00 1.051705e+00 1.077769e+00 1.075624e+00 1.013913e+00 9.999651e-07
<GCONST> 5.804383e+01
<MIXTURE> 3 4.549242e-03
<MEAN> 25
 -4.875405e+00 1.311546e+00 9.943160e-01 9.899569e+00 6.692123e+00 7.424783e+00 7.846946e+00 6.957919e+00 8.373155e+00 6.372520e+00 7.624173e+00 3.074663e+00 -6.200607e-02 4.165781e-02 1.425157e-01 2.258737e-01 2.653120e-01 2.814134e-01 2.953753e-01 3.195499e-01 3.497134e-01 3.088875e-01 1.971773e-01 8.008645e-02 1.228307e-06
<VARIANCE> 25
 6.953824e+00 8.902347e+00 1.065104e+01 1.591195e+01 1.723576e+01 1.556292e+01 1.689883e+01 1.848582e+01 1.658637e+01 1.739248e+01 1.811114e+01 1.433950e+01 1.252463e-01 2.266586e-01 3.364745e-01 4.671401e-01 6.492744e-01 8.149146e-01 9.299561e-01 1.003139e+00 1.051705e+00 1.077769e+00 1.075624e+00 1.013913e+00 9.999651e-07
<GCONST> 5.804383e+01
<MIXTURE> 4 1.671429e-02
<MEAN> 25
 3.441891e+00 2.685748e+00 -3.860405e+00 4.031797e-01 4.521138e+00 -1.127699e+00 1.178676e-01 -4.430568e-01 1.695059e+00 1.722413e+00 -1.947284e+00 -4.051363e-01 -2.803426e+00 1.501655e+00 1.588862e+00 3.043336e+00 8.413330e-01 4.550138e-01 1.312980e+00 6.437217e-01 8.287828e-01 3.365141e-01 1.283609e+00 8.214354e-01 -9.179872e-02
<VARIANCE> 25
 1.920199e+01 2.717345e+01 2.718209e+01 3.913151e+01 4.240670e+01 7.053173e+01 5.967652e+01 5.058400e+01 5.136652e+01 5.780987e+01 4.523561e+01 3.553151e+01 2.202539e+00 5.447184e+00 3.674766e+00 4.688675e+00 4.612874e+00 5.649818e+00 5.934306e+00 6.565213e+00 5.707804e+00 5.934596e+00 5.582462e+00 4.097269e+00 6.785205e-03
<GCONST> 1.044820e+02
<MIXTURE> 5 3.206198e-03
<MEAN> 25
 -3.410835e+00 2.175874e+00 6.085802e-01 9.423199e+00 6.693117e+00 6.320822e+00 7.109465e+00 4.722102e+00 5.496223e+00 3.834002e+00 4.656766e+00 2.605674e+00 -3.245284e-01 7.532992e-01 1.222826e+00 1.032651e+00 3.085354e-01 -9.835587e-02 -8.549160e-02 3.387485e-02 4.560892e-01 6.828893e-01 4.039481e-01 8.890880e-02 -2.752917e-05
<VARIANCE> 25
 1.027433e+01 1.395558e+01 2.346328e+01 2.561515e+01 2.021197e+01 1.942586e+01 2.009802e+01 2.033810e+01 2.139449e+01 2.143339e+01 2.407354e+01 1.634228e+01 1.208698e+00 1.243144e+00 1.359074e+00 1.671671e+00 2.282878e+00 2.376584e+00 2.301656e+00 2.272883e+00 2.316378e+00 2.236327e+00 2.083200e+00 1.872439e+00 9.989593e-07
<GCONST> 7.516305e+01
<MIXTURE> 6 5.475854e-03
<MEAN> 25
 9.640590e+00 -3.980900e-01 -6.664592e+00 -1.091597e+01 -2.060761e+00 6.665581e+00 -5.846856e+00 -5.257092e+00 -3.683107e+00 1.889550e+00 4.601943e+00 -1.220870e+00 4.845554e-01 8.808603e-01 -3.553812e-01 -1.460829e+00 -6.348766e-01 1.314921e+00 1.538088e+00 2.482169e-01 -1.195192e+00 -1.215932e+00 3.168360e-01 1.204632e+00 -8.317765e-03
<VARIANCE> 25
 9.161803e+00 1.690987e+01 2.377318e+01 3.996878e+01 3.661141e+01 3.075803e+01 4.384705e+01 3.779317e+01 4.089304e+01 3.975215e+01 4.176567e+01 2.821741e+01 3.091080e-01 8.720844e-01 9.456682e-01 1.968740e+00 1.590205e+00 2.011407e+00 1.913056e+00 2.053280e+00 2.424812e+00 1.984980e+00 2.229829e+00 1.469984e+00 6.095887e-04
<GCONST> 8.394875e+01
<MIXTURE> 7 5.475854e-03
<MEAN> 25
 9.640590e+00 -3.980900e-01 -6.664592e+00 -1.091597e+01 -2.060761e+00 6.665581e+00 -5.846856e+00 -5.257092e+00 -3.683107e+00 1.889550e+00 4.601943e+00 -1.220870e+00 4.845554e-01 8.808603e-01 -3.553812e-01 -1.460829e+00 -6.348766e-01 1.314921e+00 1.538088e+00 2.482169e-01 -1.195192e+00 -1.215932e+00 3.168360e-01 1.204632e+00 -8.317765e-03
<VARIANCE> 25
 9.161803e+00 1.690987e+01 2.377318e+01 3.996878e+01 3.661141e+01 3.075803e+01 4.384705e+01 3.779317e+01 4.089304e+01 3.975215e+01 4.176567e+01 2.821741e+01 3.091080e-01 8.720844e-01 9.456682e-01 1.968740e+00 1.590205e+00 2.011407e+00 1.913056e+00 2.053280e+00 2.424812e+00 1.984980e+00 2.229829e+00 1.469984e+00 6.095887e-04
<GCONST> 8.394875e+01
<MIXTURE> 8 1.165917e-02
<MEAN> 25
 -4.728108e+00 1.362037e+00 1.291488e+00 9.557062e+00 6.574954e+00 6.254257e+00 6.479387e+00 5.686937e+00 6.658267e+00 5.630489e+00 6.571759e+00 3.151504e+00 -6.295987e-01 -1.425010e+00 -1.070745e+00 -1.731180e+00 -2.312439e-01 -9.452496e-01 -1.777124e-01 -2.901063e-01 -2.531445e-01 -1.734347e-01 -2.137259e-01 8.122268e-02 9.886975e-02
<VARIANCE> 25
 9.349193e+00 9.846738e+00 1.161354e+01 1.607026e+01 1.663515e+01 1.571092e+01 1.813145e+01 1.751464e+01 1.704235e+01 1.738679e+01 1.888220e+01 1.400717e+01 2.756440e+00 2.816282e+00 3.907176e+00 3.761547e+00 3.455722e+00 3.315760e+00 3.128946e+00 3.080862e+00 2.871380e+00 2.657541e+00 2.434373e+00 1.901662e+00 6.681743e-03
<GCONST> 8.629211e+01
<MIXTURE> 9 1.199672e-02
<MEAN> 25
 8.874302e+00 3.159588e+00 -5.765745e+00 -9.859565e+00 -1.612457e+00 4.258563e+00 -2.098048e+00 -2.005413e+00 -6.064667e+00 -9.833542e-02 8.358678e-01 1.668863e-01 1.441220e+00 -5.298835e-02 -6.215307e-01 -2.432624e+00 -1.596622e+00 8.117057e-01 -9.793884e-01 -3.282003e-01 -3.838222e-01 -2.917387e-01 6.353973e-01 -7.566915e-02 7.117912e-02
<VARIANCE> 25
 1.264334e+01 1.976402e+01 3.251353e+01 5.376704e+01 4.841777e+01 3.336146e+01 3.999131e+01 4.772736e+01 4.232067e+01 4.991969e+01 3.331416e+01 2.457080e+01 1.887139e+00 2.252751e+00 4.315002e+00 4.972667e+00 4.529921e+00 3.721187e+00 3.874487e+00 5.534513e+00 5.047207e+00 4.332806e+00 3.762332e+00 2.660485e+00 2.030455e-03
<GCONST> 9.783145e+01
<MIXTURE> 10 6.596976e-03
<MEAN> 25
 8.253103e-01 7.617590e+00 5.364230e+00 7.142732e+00 1.596382e+00 -2.123997e+00 -5.251439e-01 -1.683860e+00 8.671246e-01 8.647075e-01 8.370029e-01 6.602742e-01 -1.921807e+00 -6.718155e-01 -4.573166e-01 3.017573e+00 2.460999e+00 2.709596e+00 2.372015e+00 2.272658e+00 1.860420e+00 1.541243e+00 2.330092e+00 5.238614e-01 -1.379265e-01
<VARIANCE> 25
 1.950469e+01 2.075419e+01 2.231829e+01 2.903425e+01 3.835231e+01 3.500006e+01 3.515246e+01 3.381092e+01 2.758854e+01 2.900614e+01 2.691990e+01 2.496531e+01 2.235046e+00 3.419734e+00 5.525432e+00 5.210346e+00 5.544731e+00 4.460476e+00 4.691169e+00 4.846370e+00 4.385014e+00 5.024854e+00 4.445930e+00 3.190150e+00 2.709823e-03
<GCONST> 9.746173e+01
<MIXTURE> 11 1.633820e-02
<MEAN> 25
 6.646758e+00 2.737561e+00 2.343946e+00 4.779489e+00 -1.621735e+00 -2.428652e+00 -3.370363e+00 -5.759824e+00 -3.029528e+00 6.529275e-01 -1.053798e+00 -1.162086e+00 -2.241482e-01 2.758898e-01 1.968465e-01 -5.132493e-02 8.357208e-01 -1.081275e-01 2.508005e-01 -2.462073e-01 8.756725e-02 1.946591e-01 -3.082984e-01 4.656845e-01 -1.506490e-02
<VARIANCE> 25
 9.233880e+00 1.702149e+01 1.584911e+01 2.138090e+01 3.614349e+01 4.094650e+01 3.894788e+01 3.405563e+01 2.980536e+01 2.771823e+01 2.784445e+01 2.437262e+01 1.021469e+00 9.857978e-01 1.334440e+00 2.175797e+00 2.254493e+00 2.633017e+00 2.416000e+00 2.423111e+00 2.098082e+00 1.946771e+00 1.808747e+00 1.321382e+00 1.396469e-03
<GCONST> 8.488252e+01
<MIXTURE> 12 5.904134e-03
<MEAN> 25
 1.075871e+01 3.739131e+00 -4.503146e+00 -1.597704e+01 -8.684627e+00 8.634764e+00 -8.937905e-01 -1.921016e+00 -1.728170e+00 -4.874247e+00 1.773891e+00 7.140948e-01 6.781806e-02 2.933559e-01 7.904336e-02 -3.679258e-01 -3.105873e-01 2.980023e-02 3.063390e-01 4.468571e-01 1.421361e-01 -3.847912e-01 -3.853502e-01 5.297212e-02 -6.293877e-03
<VARIANCE> 25
 8.914271e+00 2.099984e+01 2.334488e+01 3.521781e+01 4.212469e+01 3.099934e+01 4.177602e+01 4.892837e+01 4.407614e+01 3.757245e+01 3.795854e+01 2.890117e+01 2.467072e-01 6.882211e-01 6.867699e-01 1.168954e+00 1.185580e+00 1.053276e+00 1.171277e+00 1.386539e+00 1.241337e+00 1.222192e+00 1.221396e+00 9.569654e-01 5.784808e-04
<GCONST> 7.893282e+01
<MIXTURE> 13 5.904134e-03
<MEAN> 25
 1.075871e+01 3.739131e+00 -4.503146e+00 -1.597704e+01 -8.684627e+00 8.634764e+00 -8.937905e-01 -1.921016e+00 -1.728170e+00 -4.874247e+00 1.773891e+00 7.140948e-01 6.781806e-02 2.933559e-01 7.904336e-02 -3.679258e-01 -3.105873e-01 2.980023e-02 3.063390e-01 4.468571e-01 1.421361e-01 -3.847912e-01 -3.853502e-01 5.297212e-02 -6.293877e-03
<VARIANCE> 25
 8.914271e+00 2.099984e+01 2.334488e+01 3.521781e+01 4.212469e+01 3.099934e+01 4.177602e+01 4.892837e+01 4.407614e+01 3.757245e+01 3.795854e+01 2.890117e+01 2.467072e-01 6.882211e-01 6.867699e-01 1.168954e+00 1.185580e+00 1.053276e+00 1.171277e+00 1.386539e+00 1.241337e+00 1.222192e+00 1.221396e+00 9.569654e-01 5.784808e-04
<GCONST> 7.893282e+01
<MIXTURE> 14 6.488954e-03
<MEAN> 25
 -4.304888e+00 -3.856356e-01 -3.167175e-01 8.890747e+00 7.507370e+00 7.376957e+00 7.828441e+00 7.319465e+00 7.251437e+00 5.212598e+00 6.858779e+00 4.090757e+00 -2.739875e-01 1.932389e-01 3.636126e-01 3.075137e-01 7.384155e-03 6.219743e-02 9.591674e-02 1.754941e-01 2.947757e-01 5.419831e-01 5.059637e-01 7.360816e-02 -9.324502e-03
<VARIANCE> 25
 9.343211e+00 1.385165e+01 1.860930e+01 1.797036e+01 2.089857e+01 1.958483e+01 2.147928e+01 2.060746e+01 2.006638e+01 2.397344e+01 2.138916e+01 1.600293e+01 9.604064e-01 1.637789e+00 1.773780e+00 1.936085e+00 2.244961e+00 2.256481e+00 2.257026e+00 2.240014e+00 2.281970e+00 2.511135e+00 2.193868e+00 1.812498e+00 1.029058e-03
<GCONST> 8.191798e+01
<MIXTURE> 15 2.475190e-03
<MEAN> 25
 -5.420092e+00 -6.460208e-01 -2.037793e-01 7.363456e+00 5.718702e+00 5.703180e+00 6.062402e+00 4.979564e+00 5.167973e+00 4.152114e+00 5.502703e+00 2.537891e+00 -1.212112e-01 -2.935122e-02 7.437176e-02 2.431031e-01 4.896912e-01 7.864753e-01 1.071246e+00 1.181070e+00 1.058446e+00 7.572070e-01 4.198834e-01 1.524240e-01 -8.498761e-05
<VARIANCE> 25
 7.004904e+00 5.607017e+00 9.038483e+00 1.283731e+01 1.407226e+01 1.429483e+01 1.491836e+01 1.488906e+01 1.410653e+01 1.418441e+01 1.509325e+01 1.250711e+01 1.246938e-01 2.061189e-01 3.202151e-01 5.033383e-01 6.993157e-01 7.932274e-01 7.650172e-01 7.929346e-01 9.097042e-01 1.025529e+00 1.070714e+00 1.042230e+00 2.795745e-05
<GCONST> 5.859787e+01
<MIXTURE> 16 2.475190e-03
<MEAN> 25
 -5.420092e+00 -6.460208e-01 -2.037793e-01 7.363456e+00 5.718702e+00 5.703180e+00 6.062402e+00 4.979564e+00 5.167973e+00 4.152114e+00 5.502703e+00 2.537891e+00 -1.212112e-01 -2.935122e-02 7.437176e-02 2.431031e-01 4.896912e-01 7.864753e-01 1.071246e+00 1.181070e+00 1.058446e+00 7.572070e-01 4.198834e-01 1.524240e-01 -8.498761e-05
<VARIANCE> 25
 7.004904e+00 5.607017e+00 9.038483e+00 1.283731e+01 1.407226e+01 1.429483e+01 1.491836e+01 1.488906e+01 1.410653e+01 1.418441e+01 1.509325e+01 1.250711e+01 1.246938e-01 2.061189e-01 3.202151e-01 5.033383e-01 6.993157e-01 7.932274e-01 7.650172e-01 7.929346e-01 9.097042e-01 1.025529e+00 1.070714e+00 1.042230e+00 2.795745e-05
<GCONST> 5.859787e+01
<MIXTURE> 17 9.518312e-03
<MEAN> 25
 3.572163e+00 -5.450950e-01 6.158230e+00 2.597355e+00 -5.881256e+00 -5.286203e+00 -3.861993e+00 -5.173179e-01 -2.502972e+00 -3.270961e+00 -4.962488e-01 4.873346e-01 -6.370286e-01 -1.003927e+00 1.298767e+00 -1.808253e+00 -2.450857e+00 -1.892410e-01 -9.059671e-02 7.129540e-01 -6.441685e-01 -1.284640e-01 7.863123e-01 2.498018e-01 7.883861e-02
<VARIANCE> 25
 1.501873e+01 2.975567e+01 2.650221e+01 3.502082e+01 4.389318e+01 5.428997e+01 4.356110e+01 3.335417e+01 3.272306e+01 2.599483e+01 2.650418e+01 2.596218e+01 1.726087e+00 2.662997e+00 3.591980e+00 3.319271e+00 3.947155e+00 4.836684e+00 5.307449e+00 5.349014e+00 4.704795e+00 3.569415e+00 3.047808e+00 2.578014e+00 1.948836e-03
<GCONST> 9.616070e+01
<MIXTURE> 18 1.221018e-02
<MEAN> 25
 3.798425e+00 4.295087e+00 6.500397e+00 4.586729e+00 -4.437232e+00 -8.035849e+00 -1.798596e+00 -8.632368e-01 -3.518521e+00 -2.078327e+00 -1.056715e+00 7.216377e-01 -7.842134e-01 2.041374e+00 -2.154061e-01 1.911175e+00 3.073941e+00 1.504956e+00 8.577659e-01 -2.861993e-01 7.868402e-01 4.217891e-01 -2.385932e-01 -1.100872e-01 -1.171544e-01
<VARIANCE> 25
 1.535708e+01 2.497846e+01 3.217953e+01 2.551037e+01 3.984292e+01 3.483609e+01 3.902013e+01 3.514345e+01 3.803672e+01 3.415645e+01 3.190212e+01 2.963879e+01 2.489037e+00 3.098060e+00 4.487499e+00 4.120258e+00 3.876410e+00 4.378242e+00 4.435478e+00 4.361440e+00 4.761851e+00 4.328024e+00 4.386850e+00 3.529924e+00 4.393168e-03
<GCONST> 9.817912e+01
<MIXTURE> 19 9.912824e-03
<MEAN> 25
 -8.508948e+00 2.052095e+00 3.472852e-01 5.348561e-01 2.908959e+00 2.171920e+00 2.437673e+00 8.498058e-01 2.349424e+00 2.472274e-01 1.234861e+00 1.420082e+00 1.997716e+00 1.495988e+00 2.028540e+00 7.596210e-01 -1.064777e+00 -1.029808e+00 -1.193256e+00 -1.512290e+00 -1.609172e+00 -8.737317e-01 -5.966965e-01 -5.004544e-01 4.967526e-03
<VARIANCE> 25
 6.531582e+01 2.816849e+01 3.907226e+01 4.940932e+01 3.023022e+01 3.010333e+01 2.977042e+01 2.500795e+01 2.457432e+01 2.565216e+01 2.495436e+01 1.936683e+01 2.212923e+00 2.145338e+00 1.818557e+00 2.220156e+00 2.277757e+00 1.764277e+00 2.020039e+00 1.898616e+00 1.802875e+00 1.952351e+00 2.148738e+00 1.827184e+00 2.578289e-03
<GCONST> 8.943689e+01
<MIXTURE> 20 6.308331e-03
<MEAN> 25
 -1.385218e+01 8.102778e+00 2.475075e-01 5.663121e+00 4.836949e+00 1.212963e+00 5.053142e+00 6.443958e-01 9.021895e-01 7.264291e-01 2.278795e+00 -3.646658e-01 -3.205451e+00 -7.393510e-01 -1.490024e+00 2.720457e-01 1.445980e+00 2.004661e+00 1.880586e+00 2.198280e+00 2.141661e+00 1.840301e+00 1.496862e+00 9.676681e-01 4.662959e-02
<VARIANCE> 25
 1.950574e+01 2.780289e+01 3.396378e+01 3.724247e+01 2.888108e+01 2.808867e+01 2.837078e+01 2.982007e+01 2.587584e+01 2.637895e+01 2.450238e+01 1.955769e+01 2.055582e+00 2.215343e+00 1.862278e+00 2.421890e+00 2.606834e+00 2.193141e+00 2.249556e+00 2.527596e+00 2.092652e+00 2.908125e+00 2.501778e+00 1.761147e+00 1.773459e-03
<GCONST> 8.898051e+01
<MIXTURE> 21 7.928653e-03
<MEAN> 25
 3.989097e+00 -4.298531e+00 5.903269e+00 -1.361835e+00 -1.031347e+01 -8.318615e+00 -3.877224e+00 5.071653e+00 -3.331799e+00 -3.187526e+00 -4.309150e-01 8.077062e-01 -7.997121e-01 1.299478e+00 2.375206e+00 -1.018169e-01 -1.333991e+00 3.740332e-01 7.419927e-01 -1.518828e+00 -1.778452e+00 3.435407e-01 1.125009e+00 3.321728e-01 -1.093425e-02
<VARIANCE> 25
 8.054673e+00 1.715402e+01 2.661575e+01 2.556399e+01 2.605573e+01 3.102772e+01 5.021960e+01 4.129433e+01 4.998162e+01 2.904036e+01 3.378617e+01 2.238227e+01 3.914718e-01 9.030642e-01 1.984984e+00 1.178089e+00 2.322797e+00 2.025278e+00 3.422611e+00 2.450598e+00 2.377555e+00 2.341448e+00 2.147751e+00 2.111644e+00 4.164286e-04
<GCONST> 8.456884e+01
<MIXTURE> 22 8.827789e-03
<MEAN> 25
 -1.719893e+01 7.947036e+00 -4.394364e+00 6.771078e+00 4.836867e+00 1.869550e+00 7.981625e+00 1.497056e+00 5.378142e+00 3.388465e+00 5.512110e+00 1.054219e+00 -3.029210e-01 -2.536404e-01 -1.036526e-01 -1.486604e-01 -7.904529e-02 9.993827e-02 2.239101e-01 3.268288e-01 3.751983e-01 2.536232e-01 1.690491e-01 2.069491e-01 7.272717e-03
<VARIANCE> 25
 1.157309e+01 2.018390e+01 1.682446e+01 2.535254e+01 2.115801e+01 2.499445e+01 1.884131e+01 1.755479e+01 1.622256e+01 1.939964e+01 1.920493e+01 1.280348e+01 1.019758e+00 1.258127e+00 1.229589e+00 1.469707e+00 1.296802e+00 1.394950e+00 1.393832e+00 1.853918e+00 1.670274e+00 1.466660e+00 1.222939e+00 1.112793e+00 1.574375e-03
<GCONST> 7.791805e+01
<MIXTURE> 23 6.455497e-03
<MEAN> 25
 7.770274e+00 2.256417e+00 2.650754e+00 2.142771e+00 -4.568979e+00 -2.812587e+00 -3.827248e+00 -6.224045e+00 -3.364022e+00 -5.217106e-01 -3.781602e+00 -1.990977e+00 3.305157e-02 1.361509e-01 2.497075e-03 3.572106e-02 -2.778983e-03 2.858776e-02 7.964443e-02 -6.862019e-02 5.524863e-02 -1.084819e-02 -2.959583e-02 6.097754e-02 -4.287764e-03
<VARIANCE> 25
 1.026231e+01 2.134265e+01 2.684048e+01 3.931711e+01 3.669211e+01 5.288425e+01 5.984702e+01 5.196997e+01 4.708242e+01 4.957616e+01 4.623360e+01 3.780556e+01 1.133926e-01 3.156864e-01 3.598362e-01 4.948575e-01 6.058775e-01 7.483506e-01 8.417853e-01 8.614792e-01 9.150666e-01 9.251255e-01 8.180249e-01 7.608650e-01 8.486731e-05
<GCONST> 7.294942e+01
<MIXTURE> 24 6.455497e-03
<MEAN> 25
 7.770274e+00 2.256417e+00 2.650754e+00 2.142771e+00 -4.568979e+00 -2.812587e+00 -3.827248e+00 -6.224045e+00 -3.364022e+00 -5.217106e-01 -3.781602e+00 -1.990977e+00 3.305157e-02 1.361509e-01 2.497075e-03 3.572106e-02 -2.778983e-03 2.858776e-02 7.964443e-02 -6.862019e-02 5.524863e-02 -1.084819e-02 -2.959583e-02 6.097754e-02 -4.287764e-03
<VARIANCE> 25
 1.026231e+01 2.134265e+01 2.684048e+01 3.931711e+01 3.669211e+01 5.288425e+01 5.984702e+01 5.196997e+01 4.708242e+01 4.957616e+01 4.623360e+01 3.780556e+01 1.133926e-01 3.156864e-01 3.598362e-01 4.948575e-01 6.058775e-01 7.483506e-01 8.417853e-01 8.614792e-01 9.150666e-01 9.251255e-01 8.180249e-01 7.608650e-01 8.486731e-05
<GCONST> 7.294942e+01
<MIXTURE> 25 1.118642e-02
<MEAN> 25
 4.677194e-01 3.469026e+00 1.517072e+01 -7.429462e-01 -1.126156e+01 -9.400762e-01 -5.088614e+00 -3.560295e+00 -7.500616e+00 -4.634837e+00 3.419839e+00 -6.642456e-01 -1.249833e-01 2.180716e-01 1.198393e-01 3.484803e-01 -1.128233e-02 -3.154085e-01 3.098688e-01 -5.203184e-02 -2.928886e-01 3.123903e-01 -8.679326e-02 -1.381393e-01 -5.454229e-03
<VARIANCE> 25
 7.531898e+00 1.859471e+01 2.586084e+01 2.860139e+01 2.707543e+01 4.053553e+01 2.704770e+01 2.798477e+01 2.445435e+01 3.275433e+01 1.947507e+01 2.744556e+01 5.655655e-01 1.365354e+00 1.209358e+00 1.359278e+00 2.277882e+00 3.152289e+00 1.656352e+00 1.475055e+00 1.494799e+00 1.702938e+00 1.227397e+00 1.130569e+00 1.303668e-03
<GCONST> 8.181499e+01
<MIXTURE> 26 7.727677e-03
<MEAN> 25
 2.386207e+00 -6.156217e+00 -9.891953e+00 -6.819420e-01 7.731068e+00 5.567205e+00 4.046214e+00 -5.497178e-01 1.991335e+00 -6.687572e-01 -2.851585e+00 -1.208979e+00 -6.453237e-01 5.938260e-01 4.079273e-01 7.048251e-01 1.586634e-01 2.647844e-01 2.820815e-01 3.717877e-01 3.474468e-01 -3.285909e-02 4.128865e-01 3.558453e-01 -5.153292e-02
<VARIANCE> 25
 2.406006e+01 3.288040e+01 2.715423e+01 5.876337e+01 3.749900e+01 4.167611e+01 4.352868e+01 4.286148e+01 3.883255e+01 5.352663e+01 3.756446e+01 4.505051e+01 1.560497e+00 1.895022e+00 1.887782e+00 2.063521e+00 2.183446e+00 2.299124e+00 2.473815e+00 2.686173e+00 2.312006e+00 2.496418e+00 2.061425e+00 2.008140e+00 3.148671e-03
<GCONST> 9.331849e+01
<MIXTURE> 27 7.727677e-03
<MEAN> 25
 2.386207e+00 -6.156217e+00 -9.891953e+00 -6.819420e-01 7.731068e+00 5.567205e+00 4.046214e+00 -5.497178e-01 1.991335e+00 -6.687572e-01 -2.851585e+00 -1.208979e+00 -6.453237e-01 5.938260e-01 4.079273e-01 7.048251e-01 1.586634e-01 2.647844e-01 2.820815e-01 3.717877e-01 3.474468e-01 -3.285909e-02 4.128865e-01 3.558453e-01 -5.153292e-02
<VARIANCE> 25
 2.406006e+01 3.288040e+01 2.715423e+01 5.876337e+01 3.749900e+01 4.167611e+01 4.352868e+01 4.286148e+01 3.883255e+01 5.352663e+01 3.756446e+01 4.505051e+01 1.560497e+00 1.895022e+00 1.887782e+00 2.063521e+00 2.183446e+00 2.299124e+00 2.473815e+00 2.686173e+00 2.312006e+00 2.496418e+00 2.061425e+00 2.008140e+00 3.148671e-03
<GCONST> 9.331849e+01
<MIXTURE> 28 5.036674e-03
<MEAN> 25
 -5.280815e+00 -4.827563e-02 -1.556073e+00 6.565471e+00 5.184803e+00 3.668937e+00 5.394107e+00 3.135996e+00 3.964350e+00 2.157340e+00 2.645349e+00 3.187887e+00 -1.168377e-01 2.416172e-01 5.064356e-01 7.898409e-01 8.266551e-01 7.181420e-01 4.780853e-01 3.895080e-01 4.090092e-01 4.698013e-01 3.720989e-01 2.036835e-01 -9.723354e-06
<VARIANCE> 25
 1.144189e+01 8.320265e+00 1.190817e+01 1.466688e+01 1.449560e+01 1.836072e+01 1.766936e+01 1.862827e+01 1.687547e+01 1.880458e+01 2.016503e+01 1.471902e+01 2.513029e-01 3.463120e-01 4.202143e-01 4.572771e-01 6.104434e-01 8.447438e-01 1.126558e+00 1.119901e+00 1.138891e+00 1.015231e+00 1.014880e+00 1.051993e+00 9.809514e-07
<GCONST> 6.035438e+01
<MIXTURE> 29 5.036674e-03
<MEAN> 25
 -5.280815e+00 -4.827563e-02 -1.556073e+00 6.565471e+00 5.184803e+00 3.668937e+00 5.394107e+00 3.135996e+00 3.964350e+00 2.157340e+00 2.645349e+00 3.187887e+00 -1.168377e-01 2.416172e-01 5.064356e-01 7.898409e-01 8.266551e-01 7.181420e-01 4.780853e-01 3.895080e-01 4.090092e-01 4.698013e-01 3.720989e-01 2.036835e-01 -9.723354e-06
<VARIANCE> 25
 1.144189e+01 8.320265e+00 1.190817e+01 1.466688e+01 1.449560e+01 1.836072e+01 1.766936e+01 1.862827e+01 1.687547e+01 1.880458e+01 2.016503e+01 1.471902e+01 2.513029e-01 3.463120e-01 4.202143e-01 4.572771e-01 6.104434e-01 8.447438e-01 1.126558e+00 1.119901e+00 1.138891e+00 1.015231e+00 1.014880e+00 1.051993e+00 9.809514e-07
<GCONST> 6.035438e+01
<MIXTURE> 30 8.917812e-03
<MEAN> 25
 -4.445612e+00 -2.235930e-01 6.078324e-01 9.008043e+00 7.744888e+00 7.519286e+00 7.597684e+00 6.863050e+00 6.566922e+00 4.854182e+00 7.004761e+00 3.463915e+00 -2.432200e-02 2.725796e-02 4.728523e-02 8.156443e-02 8.940541e-02 5.088477e-02 4.983952e-03 -7.483873e-03 1.352689e-02 7.424498e-02 6.650062e-02 2.114725e-02 -5.842702e-04
<VARIANCE> 25
 7.132396e+00 9.853102e+00 1.053860e+01 1.429195e+01 1.570229e+01 1.628871e+01 1.898994e+01 1.804376e+01 1.624303e+01 1.840566e+01 2.104865e+01 1.438471e+01 9.653413e-02 1.991652e-01 3.311300e-01 4.827532e-01 6.207269e-01 7.224149e-01 7.732569e-01 8.078982e-01 8.698308e-01 9.877646e-01 9.149576e-01 8.754351e-01 5.071706e-05
<GCONST> 6.068803e+01
<MIXTURE> 31 4.136493e-03
<MEAN> 25
 -2.776921e+00 -5.407842e+00 -2.613072e-02 3.931549e+00 2.817413e+00 1.710608e+00 4.733326e+00 5.849534e+00 3.516022e+00 2.124234e-01 5.353373e+00 2.277750e+00 3.373915e-01 4.650550e-01 -2.394284e-01 2.059737e-01 7.599289e-02 5.935666e-01 1.947557e-01 -5.916212e-02 3.282171e-01 3.507668e-01 2.938639e-01 1.262355e-01 -1.880228e-02
<VARIANCE> 25
 7.969352e+00 1.259297e+01 1.455482e+01 1.787923e+01 2.304193e+01 2.179000e+01 2.032604e+01 2.221984e+01 2.328307e+01 2.647196e+01 2.433456e+01 1.713917e+01 2.184221e-01 4.120678e-01 6.396725e-01 8.083816e-01 1.014349e+00 1.152586e+00 1.227075e+00 1.255355e+00 1.300239e+00 1.303767e+00 1.392443e+00 9.542033e-01 2.512396e-04
<GCONST> 7.094975e+01
<MIXTURE> 32 4.136493e-03
<MEAN> 25
 -2.776921e+00 -5.407842e+00 -2.613072e-02 3.931549e+00 2.817413e+00 1.710608e+00 4.733326e+00 5.849534e+00 3.516022e+00 2.124234e-01 5.353373e+00 2.277750e+00 3.373915e-01 4.650550e-01 -2.394284e-01 2.059737e-01 7.599289e-02 5.935666e-01 1.947557e-01 -5.916212e-02 3.282171e-01 3.507668e-01 2.938639e-01 1.262355e-01 -1.880228e-02
<VARIANCE> 25
 7.969352e+00 1.259297e+01 1.455482e+01 1.787923e+01 2.304193e+01 2.179000e+01 2.032604e+01 2.221984e+01 2.328307e+01 2.647196e+01 2.433456e+01 1.713917e+01 2.184221e-01 4.120678e-01 6.396725e-01 8.083816e-01 1.014349e+00 1.152586e+00 1.227075e+00 1.255355e+00 1.300239e+00 1.303767e+00 1.392443e+00 9.542033e-01 2.512396e-04
<GCONST> 7.094975e+01
<MIXTURE> 33 1.508826e-02
<MEAN> 25
 6.342393e+00 -3.772380e+00 -2.035111e+00 -2.325739e+00 -1.902463e+00 -5.265605e+00 -7.067570e+00 1.719684e+00 2.081098e+00 -2.868752e-01 -4.619012e+00 -2.736760e+00 6.306611e-01 -1.106785e+00 -2.279786e+00 -1.822823e+00 1.366362e+00 1.392066e+00 -6.655796e-01 7.423263e-01 9.027312e-01 5.085649e-01 -2.829427e-01 -1.253098e+00 3.371593e-02
<VARIANCE> 25
 1.000247e+01 2.023926e+01 2.798226e+01 3.540899e+01 3.930958e+01 4.207507e+01 4.699306e+01 4.555131e+01 4.251323e+01 4.273429e+01 3.292358e+01 2.734225e+01 1.098728e+00 1.840848e+00 2.356943e+00 2.110120e+00 4.167984e+00 3.364913e+00 4.387409e+00 5.747123e+00 4.150859e+00 4.589962e+00 3.150070e+00 2.590281e+00 1.671877e-03
<GCONST> 9.437246e+01
<MIXTURE> 34 1.588179e-02
<MEAN> 25
 8.854480e+00 1.705092e-02 8.794373e-02 1.200923e+00 -2.834949e+00 -1.493268e+00 -6.007167e+00 -4.671734e+00 -1.802631e+00 2.155064e-01 -2.626378e+00 -3.718344e+00 -2.908961e-02 1.332990e+00 1.459746e+00 2.371339e+00 -3.398394e-02 -1.459807e-01 7.739637e-01 -1.607197e+00 -8.620676e-01 2.234210e-01 -5.256725e-01 2.405451e-01 -6.177314e-02
<VARIANCE> 25
 7.805395e+00 3.051722e+01 2.907234e+01 4.936597e+01 4.237077e+01 4.964014e+01 5.540693e+01 5.585458e+01 5.194973e+01 4.285014e+01 4.759373e+01 3.131552e+01 1.257462e+00 2.005888e+00 4.205883e+00 4.051635e+00 5.552585e+00 5.763131e+00 5.456690e+00 6.192287e+00 5.231694e+00 5.004377e+00 5.003938e+00 3.827728e+00 1.165175e-03
<GCONST> 9.960193e+01
<MIXTURE> 35 1.467755e-02
<MEAN> 25
 -1.801729e+00 -4.892690e+00 -9.195148e+00 2.163854e-02 9.392368e+00 6.973854e-01 2.126556e+00 2.116263e+00 1.297201e+00 4.722970e+00 -3.608021e-01 1.377567e+00 5.742232e-01 -1.030693e+00 -1.344804e+00 -1.483566e+00 4.027223e-01 -8.776588e-01 -6.744359e-01 -1.629489e-01 -2.396267e-01 4.802040e-01 -6.611440e-01 -3.655615e-01 1.022502e-01
<VARIANCE> 25
 1.909329e+01 2.812755e+01 4.557441e+01 5.780821e+01 3.942702e+01 5.282315e+01 4.997252e+01 4.180140e+01 4.799711e+01 3.617582e+01 3.597631e+01 3.144486e+01 3.187133e+00 3.335972e+00 6.291872e+00 5.303524e+00 4.858739e+00 5.308708e+00 4.552092e+00 4.384952e+00 4.806228e+00 5.245973e+00 3.848182e+00 3.662254e+00 5.126498e-03
<GCONST> 1.026011e+02
<MIXTURE> 36 1.093293e-02
<MEAN> 25
 4.379206e+00 -2.689376e+00 6.085911e+00 2.824943e+00 -9.065057e+00 -7.886518e+00 -6.434447e+00 2.836406e+00 -2.989326e+00 -2.929673e+00 1.451946e+00 3.364769e-01 2.815342e-01 4.839737e-02 -8.584175e-01 6.775327e-03 1.182079e+00 2.772940e-02 -3.088056e-01 1.785663e-01 3.140771e-01 6.218119e-01 -3.412173e-01 -2.174780e-01 -1.637031e-02
<VARIANCE> 25
 9.164927e+00 1.514362e+01 2.047546e+01 2.448776e+01 3.243124e+01 2.908219e+01 4.132480e+01 3.349649e+01 3.935866e+01 3.406948e+01 2.649786e+01 2.190403e+01 4.849256e-01 6.121027e-01 1.407874e+00 1.130101e+00 1.766762e+00 1.784827e+00 2.510119e+00 2.302489e+00 2.519132e+00 1.554100e+00 1.118939e+00 1.337873e+00 6.818051e-04
<GCONST> 8.137437e+01
<MIXTURE> 37 1.246826e-02
<MEAN> 25
 5.476639e-01 7.729758e+00 1.202597e+01 -5.523189e+00 -8.027380e+00 -1.042989e+00 -5.099988e+00 -8.267869e+00 -3.746459e+00 -8.806269e-01 -3.679491e+00 -1.246111e+00 1.706104e-01 6.494834e-01 -1.345710e+00 3.560329e+00 1.980843e+00 -2.929573e-01 1.095821e+00 4.210638e-01 5.427858e-01 -3.261069e-01 5.424555e-01 -1.019098e-01 -9.430789e-02
<VARIANCE> 25
 1.582993e+01 2.610676e+01 3.080321e+01 5.088872e+01 3.378960e+01 3.185665e+01 4.397211e+01 3.543247e+01 3.857019e+01 3.587953e+01 3.761665e+01 3.102445e+01 2.977589e+00 3.412408e+00 3.010538e+00 4.151564e+00 4.613564e+00 3.764110e+00 4.191712e+00 3.849921e+00 3.499391e+00 3.614363e+00 3.865039e+00 2.779630e+00 3.961288e-03
<GCONST> 9.781615e+01
<MIXTURE> 38 1.154525e-02
<MEAN> 25
 -4.530833e+00 9.035695e+00 3.365057e+00 2.624519e+00 9.213870e-01 -4.738307e+00 -9.035211e-01 -3.790649e+00 -2.523396e+00 -2.036537e+00 -6.771562e-01 -5.977842e-01 -4.344717e+00 1.691736e+00 -5.042900e-01 1.130286e+00 2.032565e+00 1.322489e+00 1.848516e+00 5.006855e-01 1.050558e+00 8.326440e-02 1.247002e+00 2.748868e-01 5.042131e-02
<VARIANCE> 25
 2.544262e+01 2.620457e+01 4.595015e+01 2.706649e+01 4.425225e+01 3.261856e+01 3.162119e+01 4.562724e+01 2.730571e+01 3.635607e+01 2.192196e+01 2.583953e+01 1.843614e+00 3.694452e+00 2.982852e+00 4.656162e+00 3.706536e+00 3.807298e+00 3.769387e+00 4.891510e+00 4.698005e+00 4.171835e+00 3.780512e+00 2.671890e+00 1.629073e-03
<GCONST> 9.634356e+01
<MIXTURE> 39 9.501865e-03
<MEAN> 25
 1.344355e+00 2.596956e+00 1.013347e+01 -9.008100e+00 -1.120699e+01 -9.259413e-01 -3.113989e+00 -6.427202e+00 -4.604385e+00 8.236688e-01 -3.719679e+00 -2.136931e+00 -7.409973e-01 1.523526e+00 1.619191e+00 -1.356556e+00 5.666669e-02 1.210081e+00 -1.147385e+00 -1.286578e+00 4.196759e-01 4.280592e-01 -4.944334e-01 1.105433e-01 1.930611e-03
<VARIANCE> 25
 8.732675e+00 2.956091e+01 3.132220e+01 3.962180e+01 3.680544e+01 4.279516e+01 4.455217e+01 3.454440e+01 3.941058e+01 3.323692e+01 3.575703e+01 3.005038e+01 7.221153e-01 1.534651e+00 1.505452e+00 2.928367e+00 2.470539e+00 2.815680e+00 3.148527e+00 2.761687e+00 2.652527e+00 2.594558e+00 2.169060e+00 2.037013e+00 1.209878e-03
<GCONST> 8.986861e+01
<MIXTURE> 40 1.030800e-02
<MEAN> 25
 -8.842735e+00 2.342503e+00 -1.394620e+00 7.514361e+00 3.791581e+00 5.056777e+00 5.207241e+00 4.057339e+00 4.576115e+00 3.939163e+00 5.272805e+00 1.531571e+00 -9.333540e-02 -2.861825e-01 -3.192782e-02 -2.332667e-01 -1.320440e-01 -1.058912e-01 1.070829e-01 6.254636e-02 8.476671e-03 -3.274884e-02 4.458283e-02 -7.800087e-04 2.405368e-03
<VARIANCE> 25
 4.482761e+01 2.759986e+01 2.857679e+01 2.906066e+01 2.456059e+01 2.125412e+01 1.877645e+01 1.731088e+01 1.651420e+01 1.913294e+01 2.028311e+01 1.386966e+01 7.176944e-01 7.435131e-01 8.207261e-01 1.118590e+00 1.074263e+00 1.223428e+00 1.273370e+00 1.303442e+00 1.206318e+00 1.208438e+00 1.107228e+00 1.032963e+00 8.029240e-04
<GCONST> 7.667663e+01
<MIXTURE> 41 6.713375e-03
<MEAN> 25
 1.319632e+00 1.856477e+00 1.035476e+01 -6.758350e+00 -1.037436e+01 -3.604799e+00 -2.664686e+00 -5.004337e+00 -4.627414e+00 2.451139e+00 -1.732916e+00 -8.194587e-01 9.014343e-02 -7.296919e-01 1.687883e+00 -3.455637e+00 -2.449037e+00 -1.268965e-01 -5.104774e-01 -3.881143e-01 -8.960743e-01 1.086933e+00 -1.052279e+00 8.100404e-02 8.531146e-02
<VARIANCE> 25
 1.139545e+01 2.908920e+01 3.248873e+01 4.097253e+01 3.829504e+01 4.163164e+01 3.790861e+01 2.924696e+01 3.235678e+01 2.990351e+01 3.137198e+01 2.725452e+01 3.119437e+00 3.290423e+00 3.779155e+00 4.076308e+00 4.813127e+00 5.731550e+00 4.613652e+00 4.554819e+00 4.055130e+00 4.161727e+00 3.758566e+00 3.160620e+00 2.907334e-03
<GCONST> 9.784148e+01
<MIXTURE> 42 1.106211e-02
<MEAN> 25
 -1.849186e+00 4.503983e+00 4.167572e+00 2.544631e+00 1.489519e-01 -6.213302e+00 -1.256166e+00 -2.298209e+00 -1.349863e+00 -1.363132e+00 -1.728897e+00 9.374182e-01 3.943540e+00 -5.305665e-01 1.477665e+00 2.262224e-01 -2.784555e+00 -1.177413e+00 -2.212115e+00 -5.723373e-01 -9.470443e-01 -5.478167e-01 5.557929e-01 -8.756483e-01 3.090680e-03
<VARIANCE> 25
 3.204734e+01 2.132775e+01 4.703690e+01 2.528235e+01 3.437570e+01 3.628331e+01 3.389180e+01 2.325208e+01 2.494549e+01 2.581717e+01 1.878618e+01 1.792248e+01 3.685435e+00 4.459588e+00 5.137222e+00 3.944844e+00 4.382833e+00 4.992781e+00 4.395690e+00 4.957370e+00 4.418425e+00 4.322050e+00 3.645024e+00 3.190357e+00 4.326973e-03
<GCONST> 9.757603e+01
<MIXTURE> 43 7.108249e-03
<MEAN> 25
 3.156570e+00 -6.292391e+00 -2.245363e+00 -5.168068e+00 -7.354566e+00 -3.377792e+00 4.138165e+00 1.316256e+00 -5.018478e+00 -7.069692e+00 -4.304200e+00 -1.249255e+00 2.391726e-01 2.160234e+00 1.907272e+00 -1.271466e-01 -1.424244e+00 -7.928779e-01 -9.693431e-01 -7.808359e-01 8.145761e-01 1.463036e+00 3.448920e-01 1.788849e-02 -4.482683e-02
<VARIANCE> 25
 9.650620e+00 1.962910e+01 2.720874e+01 3.512140e+01 3.860057e+01 3.674961e+01 3.313827e+01 3.965673e+01 3.987857e+01 3.870710e+01 2.648543e+01 2.941953e+01 6.948736e-01 1.251792e+00 1.570759e+00 2.490135e+00 2.369889e+00 2.377807e+00 2.642139e+00 3.016579e+00 2.603987e+00 2.573965e+00 2.323648e+00 1.916543e+00 9.569429e-04
<GCONST> 8.796535e+01
<MIXTURE> 44 7.328289e-03
<MEAN> 25
 -1.603600e+01 2.310652e+00 2.317536e+00 -3.966086e+00 2.666273e+00 2.067904e+00 -3.319560e-01 2.463883e+00 2.367827e+00 -1.487944e+00 9.104071e-01 1.139525e+00 -1.666333e-01 5.754495e-02 1.359278e-01 4.021400e-01 5.588095e-02 1.270558e-01 3.927467e-01 1.415007e-01 4.755740e-01 2.189313e-01 -8.036868e-02 -2.170882e-01 3.597278e-03
<VARIANCE> 25
 3.762725e+01 2.352492e+01 2.604014e+01 2.543581e+01 2.227834e+01 2.782149e+01 2.026452e+01 2.171068e+01 2.407240e+01 2.201096e+01 2.185368e+01 1.797905e+01 1.183929e+00 1.205957e+00 1.083714e+00 1.675537e+00 1.668174e+00 1.872085e+00 1.218873e+00 1.297409e+00 1.363126e+00 1.158962e+00 1.128049e+00 1.447660e+00 1.032227e-03
<GCONST> 8.061221e+01
<MIXTURE> 45 1.364932e-02
<MEAN> 25
 -1.271005e+01 4.111295e+00 -8.424288e-01 1.327930e+00 4.523804e+00 -3.896624e-02 3.562676e+00 2.118131e+00 3.004593e+00 1.406513e+00 2.333510e+00 2.496853e+00 -3.042252e+00 4.455970e-01 -7.971367e-01 -7.753967e-01 3.565499e-01 1.437991e-01 5.727575e-01 1.964222e-01 4.515731e-02 -2.278753e-02 1.028200e-01 6.170268e-02 1.110618e-01
<VARIANCE> 25
 3.122390e+01 2.853233e+01 2.877480e+01 4.074435e+01 3.307364e+01 2.551871e+01 3.088637e+01 2.516834e+01 2.114390e+01 2.272978e+01 2.418971e+01 1.353058e+01 2.204729e+00 2.828886e+00 2.805849e+00 2.594839e+00 2.200453e+00 2.341620e+00 1.987869e+00 2.160901e+00 2.036728e+00 1.845887e+00 1.966579e+00 1.411522e+00 3.697726e-03
<GCONST> 8.882396e+01
<MIXTURE> 46 9.336259e-03
<MEAN> 25
 -9.421421e+00 2.327816e+00 1.192840e+00 7.522458e+00 5.957720e+00 3.297772e+00 7.055871e+00 4.476932e+00 5.682124e+00 4.706556e+00 5.011962e+00 2.906129e+00 1.052139e+00 -2.395966e-01 4.424104e-02 9.853767e-01 5.978386e-01 9.485040e-01 3.925918e-01 6.777210e-01 4.725992e-01 5.102184e-01 6.314209e-01 5.176274e-01 -1.052971e-01
<VARIANCE> 25
 3.450696e+01 4.381240e+01 3.842638e+01 5.007957e+01 5.068081e+01 4.090052e+01 3.695455e+01 3.527896e+01 3.314305e+01 3.092443e+01 2.825232e+01 2.020635e+01 3.910575e+00 4.123661e+00 3.865851e+00 4.172567e+00 4.161034e+00 3.694785e+00 3.375484e+00 3.109124e+00 2.972899e+00 2.862932e+00 2.317420e+00 1.786062e+00 7.937401e-03
<GCONST> 9.828996e+01
<MIXTURE> 47 7.116147e-03
<MEAN> 25
 7.254485e+00 -7.166057e+00 -7.686977e+00 -6.308394e+00 1.536565e+00 8.252948e-01 -2.196892e+00 1.155847e+00 2.855110e+00 3.386781e-01 -4.163072e+00 -6.576720e+00 -1.767866e-01 -1.231271e+00 -6.881756e-01 -4.245421e-01 5.995097e-01 8.034054e-01 8.958431e-01 2.880116e-01 1.457649e-01 -8.748110e-01 -4.649673e-01 -4.577113e-01 2.921410e-02
<VARIANCE> 25
 1.068575e+01 2.211041e+01 2.028969e+01 3.317341e+01 3.543047e+01 5.171184e+01 4.547197e+01 3.995810e+01 4.415660e+01 4.897061e+01 4.773650e+01 3.333937e+01 5.141950e-01 7.806355e-01 1.102198e+00 1.649092e+00 1.962862e+00 2.177321e+00 2.304913e+00 2.476609e+00 2.200818e+00 2.142997e+00 2.137030e+00 1.972976e+00 5.722602e-04
<GCONST> 8.639655e+01
<MIXTURE> 48 7.116147e-03
<MEAN> 25
 7.254485e+00 -7.166057e+00 -7.686977e+00 -6.308394e+00 1.536565e+00 8.252948e-01 -2.196892e+00 1.155847e+00 2.855110e+00 3.386781e-01 -4.163072e+00 -6.576720e+00 -1.767866e-01 -1.231271e+00 -6.881756e-01 -4.245421e-01 5.995097e-01 8.034054e-01 8.958431e-01 2.880116e-01 1.457649e-01 -8.748110e-01 -4.649673e-01 -4.577113e-01 2.921410e-02
<VARIANCE> 25
 1.068575e+01 2.211041e+01 2.028969e+01 3.317341e+01 3.543047e+01 5.171184e+01 4.547197e+01 3.995810e+01 4.415660e+01 4.897061e+01 4.773650e+01 3.333937e+01 5.141950e-01 7.806355e-01 1.102198e+00 1.649092e+00 1.962862e+00 2.177321e+00 2.304913e+00 2.476609e+00 2.200818e+00 2.142997e+00 2.137030e+00 1.972976e+00 5.722602e-04
<GCONST> 8.639655e+01
<MIXTURE> 49 5.548473e-03
<MEAN> 25
 -5.071719e+00 3.421231e-01 1.692017e-01 8.434811e+00 6.132494e+00 5.621734e+00 6.060906e+00 4.480073e+00 5.026888e+00 3.715528e+00 4.927661e+00 2.844741e+00 3.661084e-01 6.557180e-01 7.027336e-01 3.532431e-01 -1.988105e-01 -6.639382e-01 -1.008448e+00 -1.121566e+00 -9.525351e-01 -6.805891e-01 -4.932759e-01 -2.709643e-01 -1.814882e-05
<VARIANCE> 25
 9.671571e+00 1.007115e+01 1.423625e+01 1.597076e+01 1.596010e+01 1.710937e+01 1.941294e+01 1.942002e+01 1.819236e+01 1.796288e+01 2.060346e+01 1.439339e+01 2.798563e-01 2.627108e-01 3.591383e-01 6.102064e-01 8.704349e-01 9.886301e-01 9.918646e-01 1.051657e+00 1.138492e+00 1.216959e+00 1.278049e+00 1.205922e+00 1.446475e-05
<GCONST> 6.435452e+01
<MIXTURE> 50 6.234641e-03
<MEAN> 25
 -4.466512e+00 3.402557e-02 -1.459268e+00 6.029702e+00 4.103325e+00 2.311954e+00 3.686134e+00 1.972075e+00 2.896790e+00 1.231311e+00 2.181835e+00 2.758519e+00 5.969849e-02 1.650395e-01 8.456659e-02 -1.559882e-01 -4.962901e-01 -6.237273e-01 -4.193875e-01 -4.226600e-02 4.378128e-01 7.564260e-01 7.190138e-01 4.443875e-01 -4.175863e-05
<VARIANCE> 25
 1.172983e+01 1.106993e+01 1.401909e+01 1.611381e+01 1.557376e+01 1.827040e+01 1.816195e+01 1.918486e+01 1.856801e+01 1.817865e+01 2.118205e+01 1.514610e+01 1.422265e-01 2.413431e-01 3.935402e-01 5.257313e-01 5.961477e-01 7.313979e-01 9.581425e-01 1.102566e+00 1.048424e+00 9.090360e-01 9.177245e-01 9.675774e-01 1.014471e-06
<GCONST> 5.963966e+01
<MIXTURE> 51 6.234641e-03
<MEAN> 25
 -4.466512e+00 3.402557e-02 -1.459268e+00 6.029702e+00 4.103325e+00 2.311954e+00 3.686134e+00 1.972075e+00 2.896790e+00 1.231311e+00 2.181835e+00 2.758519e+00 5.969849e-02 1.650395e-01 8.456659e-02 -1.559882e-01 -4.962901e-01 -6.237273e-01 -4.193875e-01 -4.226600e-02 4.378128e-01 7.564260e-01 7.190138e-01 4.443875e-01 -4.175863e-05
<VARIANCE> 25
 1.172983e+01 1.106993e+01 1.401909e+01 1.611381e+01 1.557376e+01 1.827040e+01 1.816195e+01 1.918486e+01 1.856801e+01 1.817865e+01 2.118205e+01 1.514610e+01 1.422265e-01 2.413431e-01 3.935402e-01 5.257313e-01 5.961477e-01 7.313979e-01 9.581425e-01 1.102566e+00 1.048424e+00 9.090360e-01 9.177245e-01 9.675774e-01 1.014471e-06
<GCONST> 5.963966e+01
<MIXTURE> 52 6.367945e-03
<MEAN> 25
 1.011166e+01 2.042744e+00 -6.195340e+00 -1.424940e+01 -4.200030e+00 8.518098e+00 -2.740188e+00 -3.060484e+00 -4.423566e+00 -2.096235e+00 3.344438e+00 7.391755e-01 -3.844542e-01 -4.771371e-01 -6.914897e-02 1.138999e+00 1.333605e+00 -4.701694e-01 -6.013690e-01 -6.583315e-01 4.547509e-02 1.242441e+00 3.857475e-01 -5.477644e-01 -1.377909e-02
<VARIANCE> 25
 9.306842e+00 2.045571e+01 2.527263e+01 3.890310e+01 4.575352e+01 3.082842e+01 4.649141e+01 4.882189e+01 4.305357e+01 4.637883e+01 3.989560e+01 2.995006e+01 4.501509e-01 1.479566e+00 1.315483e+00 2.752823e+00 2.333869e+00 2.199291e+00 2.982191e+00 2.793528e+00 3.003023e+00 2.668825e+00 2.516661e+00 2.274139e+00 1.545365e-03
<GCONST> 8.974028e+01
<MIXTURE> 53 6.367945e-03
<MEAN> 25
 1.011166e+01 2.042744e+00 -6.195340e+00 -1.424940e+01 -4.200030e+00 8.518098e+00 -2.740188e+00 -3.060484e+00 -4.423566e+00 -2.096235e+00 3.344438e+00 7.391755e-01 -3.844542e-01 -4.771371e-01 -6.914897e-02 1.138999e+00 1.333605e+00 -4.701694e-01 -6.013690e-01 -6.583315e-01 4.547509e-02 1.242441e+00 3.857475e-01 -5.477644e-01 -1.377909e-02
<VARIANCE> 25
 9.306842e+00 2.045571e+01 2.527263e+01 3.890310e+01 4.575352e+01 3.082842e+01 4.649141e+01 4.882189e+01 4.305357e+01 4.637883e+01 3.989560e+01 2.995006e+01 4.501509e-01 1.479566e+00 1.315483e+00 2.752823e+00 2.333869e+00 2.199291e+00 2.982191e+00 2.793528e+00 3.003023e+00 2.668825e+00 2.516661e+00 2.274139e+00 1.545365e-03
<GCONST> 8.974028e+01
<MIXTURE> 54 7.368620e-03
<MEAN> 25
 -3.255591e+00 -7.190592e-02 -7.228476e-01 7.722028e+00 6.286658e+00 4.588684e+00 4.541625e+00 4.332088e+00 4.206183e+00 3.282572e+00 4.422196e+00 2.200482e+00 1.055493e-02 2.620543e-02 4.149869e-02 5.384459e-02 5.689628e-02 4.061379e-02 3.789909e-02 4.512719e-02 -6.980319e-04 2.514452e-02 7.099206e-03 1.706744e-02 -8.447738e-06
<VARIANCE> 25
 1.120224e+01 1.010419e+01 8.895668e+00 1.909743e+01 1.342603e+01 1.295980e+01 1.226367e+01 1.225305e+01 1.120996e+01 1.464627e+01 1.698776e+01 1.218806e+01 4.257303e-02 8.431172e-02 1.536416e-01 2.243206e-01 3.278504e-01 3.918602e-01 4.434815e-01 5.123461e-01 5.389699e-01 4.972476e-01 5.106338e-01 4.966654e-01 1.007942e-06
<GCONST> 4.738873e+01
<MIXTURE> 55 7.368620e-03
<MEAN> 25
 -3.255591e+00 -7.190592e-02 -7.228476e-01 7.722028e+00 6.286658e+00 4.588684e+00 4.541625e+00 4.332088e+00 4.206183e+00 3.282572e+00 4.422196e+00 2.200482e+00 1.055493e-02 2.620543e-02 4.149869e-02 5.384459e-02 5.689628e-02 4.061379e-02 3.789909e-02 4.512719e-02 -6.980319e-04 2.514452e-02 7.099206e-03 1.706744e-02 -8.447738e-06
<VARIANCE> 25
 1.120224e+01 1.010419e+01 8.895668e+00 1.909743e+01 1.342603e+01 1.295980e+01 1.226367e+01 1.225305e+01 1.120996e+01 1.464627e+01 1.698776e+01 1.218806e+01 4.257303e-02 8.431172e-02 1.536416e-01 2.243206e-01 3.278504e-01 3.918602e-01 4.434815e-01 5.123461e-01 5.389699e-01 4.972476e-01 5.106338e-01 4.966654e-01 1.007942e-06
<GCONST> 4.738873e+01
<MIXTURE> 56 6.132464e-03
<MEAN> 25
 7.298122e+00 -5.441685e+00 -8.712840e+00 -7.038656e+00 3.665913e+00 3.087365e+00 4.095136e-01 -1.950271e+00 1.745322e-01 2.493340e+00 -1.974013e+00 -5.366214e+00 4.690766e-02 -1.179072e-01 -7.038949e-02 1.209873e-02 2.668825e-01 1.279710e-01 1.231072e-01 -2.002673e-01 8.863137e-03 -1.862846e-01 -1.538352e-01 2.698503e-02 -6.894745e-03
<VARIANCE> 25
 7.365376e+00 2.109956e+01 1.532025e+01 3.539372e+01 2.576299e+01 3.999545e+01 5.817643e+01 2.891261e+01 3.631252e+01 3.740154e+01 3.185558e+01 2.921715e+01 1.972530e-01 4.059024e-01 4.396150e-01 6.089706e-01 6.565035e-01 1.127412e+00 9.760622e-01 8.207080e-01 7.791738e-01 9.502996e-01 9.075452e-01 6.825755e-01 1.882796e-04
<GCONST> 7.198154e+01
<MIXTURE> 57 6.132464e-03
<MEAN> 25
 7.298122e+00 -5.441685e+00 -8.712840e+00 -7.038656e+00 3.665913e+00 3.087365e+00 4.095136e-01 -1.950271e+00 1.745322e-01 2.493340e+00 -1.974013e+00 -5.366214e+00 4.690766e-02 -1.179072e-01 -7.038949e-02 1.209873e-02 2.668825e-01 1.279710e-01 1.231072e-01 -2.002673e-01 8.863137e-03 -1.862846e-01 -1.538352e-01 2.698503e-02 -6.894745e-03
<VARIANCE> 25
 7.365376e+00 2.109956e+01 1.532025e+01 3.539372e+01 2.576299e+01 3.999545e+01 5.817643e+01 2.891261e+01 3.631252e+01 3.740154e+01 3.185558e+01 2.921715e+01 1.972530e-01 4.059024e-01 4.396150e-01 6.089706e-01 6.565035e-01 1.127412e+00 9.760622e-01 8.207080e-01 7.791738e-01 9.502996e-01 9.075452e-01 6.825755e-01 1.882796e-04
<GCONST> 7.198154e+01
<MIXTURE> 58 6.172147e-03
<MEAN> 25
 2.584023e+00 -2.886661e+00 7.215825e+00 -4.733619e+00 -1.303776e+01 -5.305404e+00 8.387421e-01 1.050390e+00 -3.209177e+00 2.143237e+00 4.535684e-01 -2.958226e-01 -3.482389e-02 -1.503536e-01 -1.611836e-01 -3.468455e-02 8.207390e-02 2.642358e-01 5.512342e-01 3.876548e-01 1.513348e-02 1.293335e-02 -1.058586e-01 -1.581367e-01 -4.668619e-03
<VARIANCE> 25
 6.551820e+00 1.366642e+01 1.918756e+01 2.560705e+01 2.483505e+01 4.387166e+01 3.502958e+01 3.329259e+01 3.765226e+01 3.162823e+01 2.011429e+01 2.044749e+01 2.876602e-01 7.373770e-01 7.381245e-01 1.043768e+00 1.202377e+00 1.165437e+00 1.235149e+00 1.456563e+00 1.059771e+00 1.104899e+00 9.354707e-01 8.288613e-01 6.689766e-04
<GCONST> 7.550240e+01
<MIXTURE> 59 6.172147e-03
<MEAN> 25
 2.584023e+00 -2.886661e+00 7.215825e+00 -4.733619e+00 -1.303776e+01 -5.305404e+00 8.387421e-01 1.050390e+00 -3.209177e+00 2.143237e+00 4.535684e-01 -2.958226e-01 -3.482389e-02 -1.503536e-01 -1.611836e-01 -3.468455e-02 8.207390e-02 2.642358e-01 5.512342e-01 3.876548e-01 1.513348e-02 1.293335e-02 -1.058586e-01 -1.581367e-01 -4.668619e-03
<VARIANCE> 25
 6.551820e+00 1.366642e+01 1.918756e+01 2.560705e+01 2.483505e+01 4.387166e+01 3.502958e+01 3.329259e+01 3.765226e+01 3.162823e+01 2.011429e+01 2.044749e+01 2.876602e-01 7.373770e-01 7.381245e-01 1.043768e+00 1.202377e+00 1.165437e+00 1.235149e+00 1.456563e+00 1.059771e+00 1.104899e+00 9.354707e-01 8.288613e-01 6.689766e-04
<GCONST> 7.550240e+01
<MIXTURE> 60 4.479129e-03
<MEAN> 25
 -3.289495e+00 -8.280895e-01 -1.036780e+00 3.011765e+00 1.333003e+00 2.531020e+00 1.625528e+00 1.552766e+00 2.704945e+00 4.054143e-01 2.426546e+00 1.448417e+00 -2.074278e-02 4.127539e-02 8.157719e-02 1.566188e-01 1.261393e-01 1.039470e-01 2.088170e-01 2.349213e-01 5.548068e-01 6.361033e-01 5.915628e-01 3.172678e-01 -7.391036e-04
<VARIANCE> 25
 1.049706e+01 4.301399e+00 9.195028e+00 1.276598e+01 1.297625e+01 1.632661e+01 1.272032e+01 1.069104e+01 1.353780e+01 1.562720e+01 1.413434e+01 1.224516e+01 8.633889e-02 1.766947e-01 2.769560e-01 4.426830e-01 5.504628e-01 7.987633e-01 9.700269e-01 8.665563e-01 8.741472e-01 8.265855e-01 8.274814e-01 7.859155e-01 2.250245e-05
<GCONST> 5.656509e+01
<MIXTURE> 61 4.479129e-03
<MEAN> 25
 -3.289495e+00 -8.280895e-01 -1.036780e+00 3.011765e+00 1.333003e+00 2.531020e+00 1.625528e+00 1.552766e+00 2.704945e+00 4.054143e-01 2.426546e+00 1.448417e+00 -2.074278e-02 4.127539e-02 8.157719e-02 1.566188e-01 1.261393e-01 1.039470e-01 2.088170e-01 2.349213e-01 5.548068e-01 6.361033e-01 5.915628e-01 3.172678e-01 -7.391036e-04
<VARIANCE> 25
 1.049706e+01 4.301399e+00 9.195028e+00 1.276598e+01 1.297625e+01 1.632661e+01 1.272032e+01 1.069104e+01 1.353780e+01 1.562720e+01 1.413434e+01 1.224516e+01 8.633889e-02 1.766947e-01 2.769560e-01 4.426830e-01 5.504628e-01 7.987633e-01 9.700269e-01 8.665563e-01 8.741472e-01 8.265855e-01 8.274814e-01 7.859155e-01 2.250245e-05
<GCONST> 5.656509e+01
<MIXTURE> 62 3.278034e-03
<MEAN> 25
 -5.090990e+00 1.242206e+00 1.024977e+00 8.817314e+00 6.130906e+00 5.049836e+00 5.499841e+00 4.033386e+00 4.986562e+00 3.917600e+00 4.966729e+00 2.950545e+00 -1.003202e+00 -1.166559e+00 -9.531742e-01 -2.768140e-01 4.275377e-01 1.005035e+00 1.384454e+00 1.552151e+00 1.478660e+00 1.243564e+00 1.067023e+00 7.258929e-01 -1.265207e-03
<VARIANCE> 25
 9.877737e+00 9.978457e+00 1.312256e+01 1.674063e+01 1.741175e+01 1.753609e+01 1.969871e+01 1.911214e+01 1.885867e+01 1.872508e+01 2.155831e+01 1.479509e+01 4.017443e-01 4.320683e-01 5.541192e-01 7.792359e-01 1.035039e+00 1.192148e+00 1.252568e+00 1.279437e+00 1.329729e+00 1.363828e+00 1.399836e+00 1.371553e+00 1.632120e-05
<GCONST> 6.752940e+01
<MIXTURE> 63 4.351215e-03
<MEAN> 25
 -3.450864e+00 -3.055271e+00 -3.645860e+00 2.393111e+00 2.702272e+00 2.553963e-01 2.789453e+00 1.831557e+00 2.918422e+00 -1.586185e+00 -8.171251e-01 1.661895e+00 -7.868691e-02 3.031316e-01 3.291278e-01 4.655813e-01 3.933081e-01 4.961537e-01 3.107572e-01 1.566892e-01 1.872037e-01 2.259160e-01 2.689434e-01 1.623383e-01 -4.502105e-03
<VARIANCE> 25
 1.062926e+01 1.356815e+01 1.617820e+01 1.475579e+01 1.654237e+01 2.528911e+01 1.984120e+01 1.998056e+01 2.262504e+01 2.084979e+01 1.671660e+01 1.568901e+01 3.354013e-01 3.994798e-01 6.623511e-01 7.205172e-01 9.968026e-01 1.165654e+00 1.403615e+00 1.209595e+00 1.238868e+00 1.453498e+00 1.281397e+00 1.146735e+00 2.026673e-04
<GCONST> 7.053687e+01
<MIXTURE> 64 4.351215e-03
<MEAN> 25
 -3.450864e+00 -3.055271e+00 -3.645860e+00 2.393111e+00 2.702272e+00 2.553963e-01 2.789453e+00 1.831557e+00 2.918422e+00 -1.586185e+00 -8.171251e-01 1.661895e+00 -7.868691e-02 3.031316e-01 3.291278e-01 4.655813e-01 3.933081e-01 4.961537e-01 3.107572e-01 1.566892e-01 1.872037e-01 2.259160e-01 2.689434e-01 1.623383e-01 -4.502105e-03
<VARIANCE> 25
 1.062926e+01 1.356815e+01 1.617820e+01 1.475579e+01 1.654237e+01 2.528911e+01 1.984120e+01 1.998056e+01 2.262504e+01 2.084979e+01 1.671660e+01 1.568901e+01 3.354013e-01 3.994798e-01 6.623511e-01 7.205172e-01 9.968026e-01 1.165654e+00 1.403615e+00 1.209595e+00 1.238868e+00 1.453498e+00 1.281397e+00 1.146735e+00 2.026673e-04
<GCONST> 7.053687e+01
<MIXTURE> 65 1.721197e-02
<MEAN> 25
 7.295475e+00 1.657195e+00 1.402572e+00 3.933421e-01 -4.559883e+00 -3.766260e+00 -5.813414e+00 -4.876429e+00 -4.870154e+00 -3.649620e-01 -4.045047e+00 -1.129190e+00 1.669275e-01 3.779850e-02 -3.883823e-02 1.005801e-01 -2.000446e-01 2.073276e-01 -1.323153e-02 -5.111273e-02 1.382822e-01 1.311959e-01 -1.782017e-01 -1.177035e-01 -9.121363e-04
<VARIANCE> 25
 9.108435e+00 1.561609e+01 2.852501e+01 3.067878e+01 3.646288e+01 4.933743e+01 5.705830e+01 6.004193e+01 4.934421e+01 6.407133e+01 5.056622e+01 4.236010e+01 5.057253e-01 8.204424e-01 1.465480e+00 1.583312e+00 2.075066e+00 1.969789e+00 2.465674e+00 3.461399e+00 3.194620e+00 2.163424e+00 2.002586e+00 1.971925e+00 5.015208e-04
<GCONST> 8.826402e+01
<MIXTURE> 66 1.191532e-02
<MEAN> 25
 6.586802e+00 -3.878206e+00 -5.482936e+00 -4.924209e+00 1.639688e+00 -5.184267e+00 -5.982433e+00 8.722463e-01 7.816154e-01 -1.366218e+00 -5.973936e+00 -3.653256e+00 -1.611005e-01 1.798778e+00 2.076870e+00 2.312739e+00 -1.189578e+00 -1.251320e+00 -4.250684e-02 -7.324996e-01 -1.420049e-01 -2.929484e-01 4.079191e-02 9.454846e-01 -5.978699e-02
<VARIANCE> 25
 8.285990e+00 2.100064e+01 2.504690e+01 3.085870e+01 3.675065e+01 5.030198e+01 6.043152e+01 4.279031e+01 5.001828e+01 6.614608e+01 3.430717e+01 3.383883e+01 1.324422e+00 2.503933e+00 2.438593e+00 2.278011e+00 3.899137e+00 3.983409e+00 4.117695e+00 4.918586e+00 3.935749e+00 4.698876e+00 4.203807e+00 3.104747e+00 1.518910e-03
<GCONST> 9.595880e+01
<MIXTURE> 67 1.559142e-02
<MEAN> 25
 8.965684e+00 2.023138e+00 -5.966683e+00 -8.244279e+00 9.216511e-01 3.062667e+00 -3.294023e+00 -2.254393e+00 -3.755819e+00 8.003321e-01 -6.729028e-02 -1.753122e+00 -1.075895e+00 1.832143e+00 1.060345e+00 3.067690e+00 1.384999e+00 -5.076042e-01 1.294077e+00 1.148445e-01 1.602571e-01 2.415109e-01 -2.671980e-01 6.210613e-01 -1.294276e-01
<VARIANCE> 25
 1.148809e+01 3.872957e+01 3.067523e+01 5.583312e+01 4.899761e+01 5.423840e+01 6.200366e+01 5.259098e+01 6.460587e+01 5.696117e+01 5.554586e+01 4.727653e+01 2.176382e+00 3.471917e+00 3.278224e+00 4.507357e+00 4.513026e+00 4.537300e+00 4.702579e+00 5.079289e+00 5.463775e+00 4.780571e+00 5.130881e+00 3.734195e+00 3.093456e-03
<GCONST> 1.028945e+02
<MIXTURE> 68 1.485092e-02
<MEAN> 25
 -1.934956e+00 -2.288941e+00 -4.005565e+00 1.236380e+00 5.236694e+00 -6.906593e-01 2.120452e+00 1.767554e+00 1.906777e+00 1.752863e+00 4.503289e-01 1.846614e+00 2.731349e+00 5.372528e-01 3.454439e-03 -2.539085e+00 -2.403836e+00 -1.565040e+00 -2.344490e+00 -1.757328e+00 -1.656600e+00 -1.418155e+00 -1.937541e+00 -1.030986e+00 1.022146e-01
<VARIANCE> 25
 2.584653e+01 3.154404e+01 5.809839e+01 5.184758e+01 4.597829e+01 5.431895e+01 4.478470e+01 4.167199e+01 4.082904e+01 4.327536e+01 3.693293e+01 2.552061e+01 1.901467e+00 3.684316e+00 5.855379e+00 5.888407e+00 4.717168e+00 5.557550e+00 5.697141e+00 4.988161e+00 4.937740e+00 5.398372e+00 5.089071e+00 3.427723e+00 6.068965e-03
<GCONST> 1.034791e+02
<MIXTURE> 69 1.204884e-02
<MEAN> 25
 4.642561e+00 -4.112055e+00 -3.368597e+00 -3.482622e+00 -3.504958e+00 -7.642250e+00 -1.311050e+00 2.155991e+00 -3.573407e-01 -4.538268e+00 -5.662694e+00 9.490796e-01 1.641590e+00 -2.154202e+00 -1.281208e+00 -2.218421e+00 -5.512744e-01 -3.243994e-01 -5.127295e-01 6.950981e-01 -6.994636e-01 -1.380393e+00 -2.130616e+00 -1.625438e-01 6.084451e-02
<VARIANCE> 25
 8.668941e+00 2.130903e+01 2.701475e+01 2.558389e+01 4.329235e+01 3.583595e+01 5.263755e+01 3.109433e+01 3.941906e+01 3.819485e+01 3.012840e+01 2.412956e+01 3.455727e+00 2.970849e+00 3.291810e+00 3.610677e+00 5.650874e+00 4.943368e+00 7.125900e+00 6.145014e+00 5.947530e+00 6.029117e+00 4.332267e+00 3.607875e+00 2.473931e-03
<GCONST> 9.859769e+01
<MIXTURE> 70 1.329190e-02
<MEAN> 25
 7.363432e+00 -1.917111e+00 -3.729734e+00 -3.489928e+00 -2.475571e-01 -7.105631e-01 -7.321037e+00 -3.815856e+00 1.389270e-01 3.105183e+00 -6.976614e-02 -4.611142e+00 1.900375e+00 -1.062757e+00 -8.396155e-01 -2.110341e+00 -1.487626e+00 1.131210e+00 -1.324022e+00 -1.071254e-01 2.178825e-01 6.377386e-02 6.904757e-01 -1.347540e+00 5.772701e-02
<VARIANCE> 25
 1.001463e+01 2.174751e+01 2.775013e+01 4.527597e+01 3.489196e+01 4.261916e+01 5.123156e+01 4.298291e+01 5.018735e+01 3.365572e+01 4.342015e+01 2.777852e+01 3.359699e+00 3.161550e+00 4.565307e+00 4.923836e+00 5.009509e+00 6.225966e+00 6.568910e+00 7.333677e+00 6.254801e+00 5.398326e+00 5.640202e+00 4.340892e+00 2.478548e-03
<GCONST> 1.015031e+02
<MIXTURE> 71 1.406903e-02
<MEAN> 25
 6.140225e+00 4.919062e+00 4.282085e+00 2.949424e+00 -3.176350e+00 -3.212424e+00 -3.479549e+00 -6.513901e+00 -4.574064e+00 -2.426700e+00 -5.151845e+00 -2.527063e+00 -1.554851e+00 -6.368675e-01 -1.841339e-01 -1.636528e+00 1.100074e+00 -2.153675e-01 1.144922e-01 1.395544e+00 3.016318e-01 -1.650459e-01 5.732866e-01 1.976314e-01 3.948571e-02
<VARIANCE> 25
 1.835584e+01 2.465334e+01 2.261009e+01 4.226049e+01 4.298892e+01 3.987340e+01 4.249587e+01 4.113023e+01 3.749849e+01 4.191087e+01 3.425715e+01 3.827340e+01 1.749620e+00 2.962292e+00 4.960342e+00 4.769952e+00 4.650492e+00 4.657727e+00 4.706881e+00 5.562817e+00 4.564224e+00 3.942631e+00 3.705460e+00 3.120039e+00 1.396032e-03
<GCONST> 9.828875e+01
<MIXTURE> 72 8.134747e-03
<MEAN> 25
 3.245224e+00 -2.683537e+00 5.286509e+00 -8.402535e-01 -1.010653e+01 -8.834330e+00 -2.796443e+00 1.442699e+00 -5.141675e+00 -1.810124e+00 -2.044435e+00 9.711114e-01 7.764610e-01 -7.394122e-01 -2.401443e+00 5.176176e-01 2.204447e+00 -7.967919e-01 -1.226723e+00 1.463995e+00 1.866619e+00 -4.778298e-01 -1.146681e+00 2.799557e-01 -6.302161e-03
<VARIANCE> 25
 1.010870e+01 1.990792e+01 2.710363e+01 4.192930e+01 2.839689e+01 2.999791e+01 3.577440e+01 3.226681e+01 3.657917e+01 3.832931e+01 3.195504e+01 2.452049e+01 4.527995e-01 8.488039e-01 1.800865e+00 1.249898e+00 1.823999e+00 2.372887e+00 2.925442e+00 2.426111e+00 2.659667e+00 2.618968e+00 1.815410e+00 1.901182e+00 4.802523e-04
<GCONST> 8.481386e+01
<MIXTURE> 73 1.213625e-02
<MEAN> 25
 -5.547219e+00 -8.148041e-01 -1.295304e+00 4.872265e+00 4.259361e+00 2.303840e+00 5.509316e+00 3.382408e+00 4.338746e+00 3.424644e+00 4.164018e+00 2.955052e+00 7.969996e-01 -1.018196e+00 -9.303718e-01 -2.636349e+00 -1.261815e+00 -1.744518e+00 -9.066094e-01 -5.022215e-01 -9.176244e-01 -6.570422e-01 -1.102142e+00 -2.784673e-01 1.534464e-01
<VARIANCE> 25
 1.326497e+01 1.329217e+01 1.511554e+01 2.260204e+01 2.308648e+01 2.476636e+01 2.052805e+01 2.011621e+01 1.765124e+01 1.891357e+01 2.342634e+01 1.602555e+01 3.994969e+00 3.064571e+00 5.903940e+00 4.667079e+00 6.173583e+00 4.518441e+00 4.299319e+00 4.241623e+00 3.854423e+00 4.391357e+00 3.498579e+00 2.660887e+00 4.387397e-03
<GCONST> 9.274758e+01
<MIXTURE> 74 1.756491e-02
<MEAN> 25
 4.027316e+00 -1.452015e+00 5.290178e+00 -7.747474e-01 -8.307352e+00 -7.336740e+00 -2.859942e+00 1.825957e+00 -5.186129e+00 -1.772763e+00 -2.548046e+00 9.639761e-01 2.256098e-02 1.831469e+00 -1.047439e-02 1.522146e+00 1.332344e+00 5.848975e-01 3.754954e-01 -1.423710e+00 6.842362e-01 -7.971710e-02 -1.090356e-01 -2.193642e-01 -6.870921e-02
<VARIANCE> 25
 1.079178e+01 1.852268e+01 3.195406e+01 3.347065e+01 3.272344e+01 3.912413e+01 5.203978e+01 4.531211e+01 4.761723e+01 4.183216e+01 3.817768e+01 3.145207e+01 2.261652e+00 2.139626e+00 3.376778e+00 2.558474e+00 3.499023e+00 3.501694e+00 4.842617e+00 3.957191e+00 4.812213e+00 3.797232e+00 3.339013e+00 2.839961e+00 1.878099e-03
<GCONST> 9.589684e+01
<MIXTURE> 75 9.711651e-03
<MEAN> 25
 2.674103e+00 -8.683300e-01 1.020206e+01 1.624392e+00 -1.133936e+01 -7.467885e+00 -5.459215e+00 -8.879708e-01 -3.813978e+00 -4.497066e+00 2.463150e+00 5.030751e-01 1.690063e+00 -1.532053e+00 2.318148e-01 -3.504044e-01 -2.492621e+00 -3.414650e-01 -1.885093e+00 1.334425e+00 -5.884862e-01 -2.288947e-01 8.187408e-01 -5.447420e-01 3.771488e-02
<VARIANCE> 25
 9.893023e+00 1.676684e+01 2.929022e+01 2.703808e+01 2.498899e+01 3.171134e+01 3.380356e+01 2.859089e+01 3.344562e+01 2.739875e+01 2.237649e+01 1.985499e+01 2.099423e+00 1.877493e+00 3.611576e+00 2.186898e+00 3.649024e+00 3.842548e+00 4.687579e+00 4.051537e+00 4.273868e+00 3.044988e+00 2.924609e+00 2.311023e+00 1.404490e-03
<GCONST> 9.112991e+01
<MIXTURE> 76 1.052359e-02
<MEAN> 25
 -4.155638e+00 -1.116332e+00 -2.374743e+00 2.277891e+00 4.064935e+00 1.323342e+00 4.193594e+00 1.519080e+00 2.104044e+00 9.107054e-01 1.204667e+00 1.182932e+00 5.717972e-02 -3.962644e-01 -2.198028e-01 -8.177111e-01 -6.139741e-01 -7.462896e-01 -5.330117e-01 -3.369210e-01 -6.180882e-01 -1.015535e-01 -3.281582e-01 -6.105245e-02 1.761158e-02
<VARIANCE> 25
 3.586654e+01 2.704739e+01 2.238458e+01 2.486168e+01 2.334257e+01 3.238456e+01 2.344465e+01 2.406849e+01 1.901886e+01 3.074939e+01 2.401820e+01 2.026312e+01 1.056902e+00 1.009257e+00 1.157560e+00 1.387749e+00 1.258893e+00 1.591738e+00 1.614951e+00 1.537982e+00 1.803269e+00 1.944690e+00 1.130720e+00 1.013068e+00 1.066117e-03
<GCONST> 8.135864e+01
<MIXTURE> 77 1.244626e-02
<MEAN> 25
 -4.828504e-03 7.589247e+00 1.191436e+01 -1.106343e+01 -7.120073e+00 2.325317e-01 -9.938979e+00 -6.524914e+00 -4.634249e+00 2.967018e-01 -3.739762e+00 4.423401e-02 1.421619e-01 -8.659144e-02 1.830251e-02 3.456940e-01 -2.140898e-01 1.627377e-02 2.920235e-02 -9.530473e-02 -4.534454e-02 8.363307e-02 -1.715227e-01 1.433080e-01 -6.861657e-03
<VARIANCE> 25
 9.816004e+00 2.165936e+01 2.457841e+01 3.703087e+01 2.900938e+01 3.143534e+01 3.305513e+01 2.985698e+01 3.681040e+01 2.945652e+01 3.578605e+01 3.990971e+01 2.935191e-01 8.824825e-01 5.882132e-01 1.066993e+00 1.437351e+00 9.480319e-01 1.137209e+00 9.797464e-01 1.243108e+00 1.006374e+00 1.005782e+00 8.150018e-01 5.001279e-04
<GCONST> 7.710844e+01
<MIXTURE> 78 9.702551e-03
<MEAN> 25
 -1.081832e+01 1.647263e+00 -1.799406e+00 2.196669e+00 4.249688e+00 -2.738904e+00 3.582092e+00 2.120426e+00 2.631308e+00 7.646053e-01 -3.966324e-01 2.509425e+00 2.365114e+00 -4.244043e-01 2.468169e-01 4.946227e-01 -1.069435e-01 -6.412423e-02 -3.339244e-01 -6.663653e-02 1.185121e-01 1.129940e-01 -3.174218e-01 -4.549707e-01 -5.951631e-02
<VARIANCE> 25
 4.458043e+01 3.510786e+01 3.062307e+01 3.014118e+01 3.714169e+01 3.637835e+01 3.312181e+01 3.227048e+01 2.588885e+01 2.697833e+01 2.462060e+01 2.078569e+01 4.650326e+00 2.681410e+00 2.617997e+00 2.903198e+00 2.626955e+00 3.477296e+00 3.038275e+00 2.676457e+00 2.295957e+00 2.385998e+00 2.076411e+00 1.959799e+00 4.282153e-03
<GCONST> 9.361036e+01
<MIXTURE> 79 1.156824e-02
<MEAN> 25
 2.471040e+00 1.338699e+00 9.020003e+00 -5.855996e+00 -1.223317e+01 -1.905053e+00 -2.290709e+00 -6.081570e+00 -6.750918e+00 7.021609e-01 -3.578730e+00 -2.590777e+00 1.106163e+00 -5.166937e-01 -1.401058e+00 2.204641e+00 4.513356e-01 -1.517215e+00 6.189678e-01 1.030702e+00 -5.080014e-01 -3.285910e-01 3.470660e-01 1.211857e-01 -3.307777e-02
<VARIANCE> 25
 1.301620e+01 2.303902e+01 3.455325e+01 5.004967e+01 3.109500e+01 4.075937e+01 4.061588e+01 3.529801e+01 3.579501e+01 3.820343e+01 4.064120e+01 3.193872e+01 9.804837e-01 2.052807e+00 1.747009e+00 2.100910e+00 2.483645e+00 2.679184e+00 3.045496e+00 3.462043e+00 2.391964e+00 2.858764e+00 2.128248e+00 2.123374e+00 1.231492e-03
<GCONST> 9.088972e+01
<MIXTURE> 80 7.550998e-03
<MEAN> 25
 -1.452037e+01 4.266536e+00 1.048426e+00 1.543473e+00 2.154932e+00 1.503671e+00 5.461661e+00 2.244661e+00 2.885136e+00 2.209026e+00 4.162182e+00 1.155590e+00 4.273010e+00 -6.524562e-02 1.698874e+00 -1.059065e+00 -2.839357e+00 -2.666483e+00 -2.293561e+00 -1.980335e+00 -2.071891e+00 -1.620819e+00 -1.373171e+00 -3.789072e-01 -4.682965e-02
<VARIANCE> 25
 1.933910e+01 1.860477e+01 3.291893e+01 4.656496e+01 2.806560e+01 2.685612e+01 3.271732e+01 2.646294e+01 2.425459e+01 2.634954e+01 2.797210e+01 1.633697e+01 2.186731e+00 2.439556e+00 2.440971e+00 3.762665e+00 3.102454e+00 2.544374e+00 2.735755e+00 2.898228e+00 2.561847e+00 2.462452e+00 3.121662e+00 2.360444e+00 1.421679e-03
<GCONST> 9.045229e+01
<MIXTURE> 81 8.025434e-03
<MEAN> 25
 -8.861977e-01 3.941843e+00 1.020468e+01 -1.411077e+01 -9.207130e+00 -1.399940e+00 -7.248799e+00 -8.112757e+00 -4.541882e+00 -1.982440e-01 -6.975366e+00 -1.363450e+00 1.763978e-01 -6.385977e-01 -1.326366e-02 -4.241121e-01 -5.970458e-01 3.472804e-01 3.418228e-01 1.540074e-01 -1.211817e-01 1.706188e-01 -5.351629e-01 -1.146194e-01 1.079673e-02
<VARIANCE> 25
 9.974493e+00 3.073496e+01 2.442646e+01 3.232087e+01 3.190569e+01 2.834285e+01 4.439448e+01 2.752675e+01 3.698392e+01 3.041849e+01 2.796401e+01 3.714268e+01 7.819977e-01 2.131302e+00 1.437929e+00 2.976471e+00 2.762953e+00 1.988281e+00 3.179826e+00 2.124535e+00 2.454775e+00 2.494544e+00 2.192311e+00 1.993443e+00 1.096824e-03
<GCONST> 8.828074e+01
<MIXTURE> 82 8.213053e-03
<MEAN> 25
 -9.964108e+00 -3.890619e+00 1.641178e+00 -2.972559e+00 3.108525e+00 6.693221e-01 1.988286e+00 9.340382e-01 2.975051e+00 1.724207e+00 1.740481e+00 3.083038e+00 -1.316211e+00 -1.251719e-01 2.864581e-01 -2.602629e+00 -1.103861e+00 -1.262890e+00 -1.011653e+00 -8.676895e-01 -3.153527e-01 -4.767243e-01 -3.168365e-01 -9.571135e-02 1.782471e-01
<VARIANCE> 25
 1.809511e+01 2.502093e+01 3.233255e+01 3.088933e+01 3.300500e+01 3.226122e+01 3.177665e+01 3.293577e+01 3.081229e+01 2.512622e+01 3.076213e+01 1.748756e+01 3.758448e+00 3.044899e+00 3.319921e+00 3.267001e+00 3.568353e+00 3.286485e+00 2.948068e+00 3.017057e+00 2.794640e+00 2.491776e+00 2.448060e+00 1.864075e+00 3.446290e-03
<GCONST> 9.308912e+01
<MIXTURE> 83 1.167529e-02
<MEAN> 25
 -1.950792e+01 5.949732e+00 -1.368523e+00 -8.118905e-01 6.849285e+00 -8.503675e-01 4.315232e+00 2.892332e+00 2.529196e+00 1.556998e+00 3.057141e-01 1.592156e+00 1.235429e-01 -2.679194e-01 1.495253e-01 -4.163425e-01 -3.916305e-01 -1.018411e-01 -1.759943e-01 -1.910422e-01 3.821756e-03 8.704113e-02 -5.255116e-02 -1.047298e-02 2.159966e-04
<VARIANCE> 25
 9.438207e+00 1.558781e+01 2.490981e+01 1.934736e+01 2.022888e+01 2.086072e+01 2.244337e+01 1.880547e+01 2.144766e+01 2.054433e+01 1.947213e+01 1.771935e+01 9.719510e-01 9.576324e-01 1.086377e+00 1.494251e+00 1.185001e+00 1.329510e+00 1.102882e+00 1.225190e+00 1.346488e+00 1.143151e+00 9.884208e-01 1.450106e+00 8.175222e-04
<GCONST> 7.598832e+01
<MIXTURE> 84 1.066614e-02
<MEAN> 25
 1.242541e+00 8.747055e+00 7.031029e+00 7.852326e+00 2.858224e+00 -1.023315e+00 -1.616067e+00 -4.464046e+00 -4.004214e+00 -2.808363e+00 -2.414208e+00 -1.417755e+00 -1.744897e+00 -1.159507e+00 -1.175771e+00 1.214408e+00 2.253088e+00 1.486575e+00 1.443517e+00 1.240324e+00 1.179131e+00 3.868776e-01 3.863595e-01 4.208674e-01 -7.039297e-02
<VARIANCE> 25
 2.287103e+01 1.967712e+01 2.220217e+01 2.426050e+01 2.919198e+01 2.841170e+01 2.821045e+01 2.656402e+01 2.503185e+01 2.498768e+01 2.311446e+01 2.512195e+01 2.129138e+00 2.480229e+00 3.774904e+00 3.397015e+00 3.199713e+00 3.377642e+00 3.218286e+00 3.397289e+00 3.421334e+00 3.250469e+00 3.533811e+00 2.772249e+00 3.483321e-03
<GCONST> 9.250647e+01
<MIXTURE> 85 7.591393e-03
<MEAN> 25
 -2.993087e+00 7.757090e+00 5.812249e+00 1.116148e+00 -3.614873e+00 -4.841949e+00 -3.297644e+00 -5.997210e+00 -3.537898e+00 -3.435987e+00 -4.763147e-01 -1.642677e+00 3.829097e+00 3.328398e-01 1.794546e+00 -1.897867e+00 -3.350126e+00 -2.467409e+00 -2.788721e+00 -2.293682e+00 -2.308991e+00 -1.187206e+00 -2.166988e+00 -5.454565e-01 9.198846e-03
<VARIANCE> 25
 4.094787e+01 2.226356e+01 3.515585e+01 3.717800e+01 3.780196e+01 4.431661e+01 3.155381e+01 2.632895e+01 2.501114e+01 2.546297e+01 2.473889e+01 2.021795e+01 3.046781e+00 4.094333e+00 3.817670e+00 5.315721e+00 4.182166e+00 3.799307e+00 3.796344e+00 3.853044e+00 3.655424e+00 3.856394e+00 4.214881e+00 3.399004e+00 5.387070e-03
<GCONST> 9.782211e+01
<MIXTURE> 86 1.273941e-02
<MEAN> 25
 -4.393867e+00 -1.487726e+00 -1.156166e+00 5.674139e+00 4.763075e+00 4.712881e+00 5.182434e+00 4.558095e+00 5.133629e+00 3.560215e+00 5.230520e+00 1.912642e+00 1.140725e-02 3.098048e-03 -2.862587e-02 -8.660173e-02 -1.460603e-01 -1.519132e-01 -3.750334e-01 -3.371415e-01 -3.361552e-01 -2.384755e-01 -2.377057e-01 -1.313087e-01 -1.423596e-03
<VARIANCE> 25
 9.417458e+00 5.474780e+00 9.834332e+00 1.361769e+01 1.467297e+01 1.361261e+01 1.349250e+01 1.172918e+01 1.316110e+01 1.480639e+01 1.296786e+01 1.642929e+01 9.607610e-02 2.036057e-01 3.556793e-01 4.535961e-01 6.882203e-01 7.454343e-01 8.023772e-01 6.858468e-01 7.898932e-01 1.132134e+00 8.604764e-01 8.844482e-01 5.473778e-05
<GCONST> 5.856104e+01
<MIXTURE> 87 1.100681e-02
<MEAN> 25
 -3.294002e+00 4.511420e+00 3.477135e+00 6.854177e+00 5.524033e+00 8.827156e-01 1.651079e+00 -9.766583e-01 -5.523000e-01 -8.674896e-01 -8.070748e-01 1.352417e-02 -2.143523e+00 -2.727594e+00 -2.076938e+00 -2.225203e+00 -1.931959e-02 -1.988009e-01 6.154408e-01 1.274623e+00 1.393901e+00 1.042067e+00 9.212784e-01 9.881999e-01 1.035619e-01
<VARIANCE> 25
 3.811139e+01 2.950885e+01 2.795758e+01 3.450013e+01 2.856244e+01 3.150269e+01 2.844214e+01 2.690868e+01 2.552151e+01 2.475035e+01 2.475887e+01 2.313371e+01 3.906960e+00 2.831204e+00 3.897843e+00 3.608451e+00 4.733481e+00 4.289639e+00 4.104591e+00 3.880675e+00 3.522812e+00 3.473041e+00 3.387406e+00 2.715488e+00 4.948032e-03
<GCONST> 9.632581e+01
<MIXTURE> 88 1.256585e-02
<MEAN> 25
 -2.494712e+00 -1.324050e+00 -1.251716e+00 4.515316e+00 4.075675e+00 3.086344e+00 4.204542e+00 2.925464e+00 3.373985e+00 1.174374e+00 2.033664e+00 1.266881e+00 1.276462e-01 2.217461e-01 1.047100e-02 1.398419e-01 3.621265e-01 3.690899e-01 7.770443e-02 -5.090562e-01 -1.342708e-01 -2.247025e-01 -6.462801e-02 -2.166203e-01 -2.939552e-03
<VARIANCE> 25
 1.101372e+01 8.415826e+00 1.162317e+01 1.584159e+01 1.812579e+01 1.978938e+01 1.669381e+01 1.437166e+01 1.500092e+01 1.887956e+01 1.827357e+01 1.629989e+01 1.056493e+00 1.303668e+00 2.124239e+00 2.291825e+00 2.841438e+00 2.347680e+00 2.509181e+00 2.285688e+00 2.970661e+00 2.941693e+00 1.809089e+00 1.898690e+00 1.402447e-03
<GCONST> 8.077689e+01
<MIXTURE> 89 9.333527e-03
<MEAN> 25
 6.063561e+00 -6.788504e+00 -3.487422e+00 -3.126258e+00 -1.639877e+00 -5.569133e+00 -6.158584e+00 4.127964e+00 3.362401e+00 -2.799191e+00 -6.001490e+00 -3.239621e+00 -5.736361e-01 1.519917e-01 1.976470e+00 8.924819e-01 -1.844212e+00 -1.640104e+00 8.880243e-01 1.271654e+00 -7.982389e-01 -1.303290e+00 3.998931e-01 1.529000e+00 -4.812706e-03
<VARIANCE> 25
 8.926902e+00 2.664604e+01 3.135287e+01 3.009953e+01 3.608629e+01 4.159973e+01 6.003928e+01 4.208286e+01 4.019249e+01 4.207057e+01 3.559125e+01 3.245400e+01 3.519005e-01 8.369254e-01 1.478229e+00 1.317037e+00 1.964309e+00 2.117457e+00 2.561280e+00 2.030576e+00 2.279531e+00 2.144024e+00 2.315083e+00 1.465632e+00 3.694012e-04
<GCONST> 8.532479e+01
<MIXTURE> 90 7.114505e-03
<MEAN> 25
 2.434777e+00 -9.013504e+00 -4.308591e+00 -3.648451e+00 -2.909975e+00 -8.432921e-01 3.207950e+00 1.139052e+00 -6.749533e+00 -1.012715e+01 -3.155642e+00 -9.354926e-01 -1.839733e-01 8.384203e-01 1.115100e+00 -8.343666e-01 -1.546518e+00 -2.062953e-01 6.452836e-01 -1.055461e-01 -9.895385e-02 6.109760e-01 2.498493e-01 -6.191481e-01 -1.138154e-02
<VARIANCE> 25
 7.807738e+00 2.022253e+01 1.967521e+01 2.666233e+01 3.550632e+01 3.713594e+01 3.745063e+01 3.304615e+01 3.661618e+01 2.573798e+01 2.506734e+01 2.418915e+01 2.424653e-01 6.157043e-01 7.339547e-01 9.951187e-01 1.381721e+00 1.510436e+00 1.728013e+00 1.656984e+00 1.825139e+00 1.744590e+00 1.467688e+00 1.339939e+00 2.148932e-04
<GCONST> 7.779333e+01
<MIXTURE> 91 7.852945e-03
<MEAN> 25
 6.320654e+00 -7.096007e+00 -8.239462e+00 -5.079452e+00 4.160872e+00 -2.946739e-01 -1.392317e+00 3.689462e-01 4.270929e-01 -1.719756e+00 -4.829279e+00 -4.978998e+00 2.398125e-01 9.741540e-01 2.040466e-01 4.433067e-01 -7.672851e-02 -5.243839e-01 -4.788073e-01 -8.252154e-02 -3.884917e-02 3.153523e-01 -4.014239e-02 5.301428e-02 -3.364297e-02
<VARIANCE> 25
 9.206031e+00 2.231290e+01 1.879206e+01 3.695804e+01 3.195821e+01 5.359581e+01 5.310077e+01 3.692569e+01 4.935613e+01 6.891280e+01 3.477818e+01 3.780319e+01 4.582913e-01 8.516489e-01 1.168179e+00 1.322991e+00 1.991347e+00 2.475712e+00 2.218263e+00 2.166236e+00 2.077445e+00 2.213431e+00 1.876696e+00 1.889780e+00 5.525155e-04
<GCONST> 8.610563e+01
<MIXTURE> 92 7.852945e-03
<MEAN> 25
 6.320654e+00 -7.096007e+00 -8.239462e+00 -5.079452e+00 4.160872e+00 -2.946739e-01 -1.392317e+00 3.689462e-01 4.270929e-01 -1.719756e+00 -4.829279e+00 -4.978998e+00 2.398125e-01 9.741540e-01 2.040466e-01 4.433067e-01 -7.672851e-02 -5.243839e-01 -4.788073e-01 -8.252154e-02 -3.884917e-02 3.153523e-01 -4.014239e-02 5.301428e-02 -3.364297e-02
<VARIANCE> 25
 9.206031e+00 2.231290e+01 1.879206e+01 3.695804e+01 3.195821e+01 5.359581e+01 5.310077e+01 3.692569e+01 4.935613e+01 6.891280e+01 3.477818e+01 3.780319e+01 4.582913e-01 8.516489e-01 1.168179e+00 1.322991e+00 1.991347e+00 2.475712e+00 2.218263e+00 2.166236e+00 2.077445e+00 2.213431e+00 1.876696e+00 1.889780e+00 5.525155e-04
<GCONST> 8.610563e+01
<MIXTURE> 93 6.122769e-03
<MEAN> 25
 -6.794599e+00 -9.659005e-01 -2.399336e+00 5.778648e+00 5.892925e+00 3.925074e+00 6.115282e+00 3.602718e+00 4.125221e+00 2.487388e+00 1.823034e+00 3.694710e+00 -6.121469e-02 -1.551173e-01 -2.595288e-01 -3.295503e-01 -3.328483e-01 -2.866808e-01 -2.176235e-01 -1.722195e-01 -1.659537e-01 -1.509348e-01 -1.048789e-01 -3.469231e-02 -6.381603e-06
<VARIANCE> 25
 9.376930e+00 6.018409e+00 8.165804e+00 1.146702e+01 1.154370e+01 1.594252e+01 1.526015e+01 1.642263e+01 1.472542e+01 1.465963e+01 1.675179e+01 1.345473e+01 8.261798e-02 1.534203e-01 2.670874e-01 3.814613e-01 4.975432e-01 6.438918e-01 7.774138e-01 8.861617e-01 9.148964e-01 8.738788e-01 8.898749e-01 9.154524e-01 1.000153e-06
<GCONST> 5.364388e+01
<MIXTURE> 94 6.122769e-03
<MEAN> 25
 -6.794599e+00 -9.659005e-01 -2.399336e+00 5.778648e+00 5.892925e+00 3.925074e+00 6.115282e+00 3.602718e+00 4.125221e+00 2.487388e+00 1.823034e+00 3.694710e+00 -6.121469e-02 -1.551173e-01 -2.595288e-01 -3.295503e-01 -3.328483e-01 -2.866808e-01 -2.176235e-01 -1.722195e-01 -1.659537e-01 -1.509348e-01 -1.048789e-01 -3.469231e-02 -6.381603e-06
<VARIANCE> 25
 9.376930e+00 6.018409e+00 8.165804e+00 1.146702e+01 1.154370e+01 1.594252e+01 1.526015e+01 1.642263e+01 1.472542e+01 1.465963e+01 1.675179e+01 1.345473e+01 8.261798e-02 1.534203e-01 2.670874e-01 3.814613e-01 4.975432e-01 6.438918e-01 7.774138e-01 8.861617e-01 9.148964e-01 8.738788e-01 8.898749e-01 9.154524e-01 1.000153e-06
<GCONST> 5.364388e+01
<MIXTURE> 95 5.258835e-03
<MEAN> 25
 -5.510796e+00 -7.708098e-01 -1.907367e+00 4.572317e+00 4.144744e+00 2.672903e+00 4.078400e+00 1.806749e+00 2.285562e+00 9.389288e-01 1.092037e+00 2.137407e+00 1.651491e-01 1.218795e-01 7.871863e-02 -7.404707e-02 -4.122809e-01 -6.641344e-01 -1.042368e+00 -1.230973e+00 -1.274915e+00 -9.768578e-01 -6.272900e-01 -2.782081e-01 -1.980688e-04
<VARIANCE> 25
 1.144621e+01 6.535186e+00 1.203900e+01 1.409510e+01 1.359716e+01 1.919786e+01 1.718417e+01 1.663997e+01 1.543052e+01 1.589141e+01 2.003532e+01 1.755625e+01 2.107661e-01 3.148058e-01 4.577234e-01 6.039388e-01 7.926069e-01 9.363792e-01 8.923462e-01 9.229816e-01 1.018663e+00 1.057613e+00 1.122798e+00 1.087236e+00 4.480105e-05
<GCONST> 6.375116e+01
<MIXTURE> 96 7.034694e-03
<MEAN> 25
 -4.460746e+00 -7.137989e-01 -1.994437e+00 4.831801e+00 3.665455e+00 2.372293e+00 3.513564e+00 1.696594e+00 2.747026e+00 5.876610e-01 1.117012e+00 2.747994e+00 -2.099203e-02 1.212713e-01 2.124409e-01 3.786958e-01 5.206918e-01 5.251193e-01 2.082139e-01 -1.067544e-01 -4.210198e-01 -6.530674e-01 -5.697647e-01 -3.114034e-01 -4.860480e-05
<VARIANCE> 25
 1.398297e+01 9.623125e+00 1.294932e+01 1.448454e+01 1.434390e+01 2.215044e+01 1.683301e+01 1.828487e+01 1.739411e+01 1.769116e+01 1.869130e+01 1.352895e+01 1.141847e-01 2.354511e-01 3.175924e-01 4.339478e-01 4.847936e-01 6.957509e-01 8.825142e-01 9.252279e-01 9.640623e-01 8.383484e-01 8.462025e-01 9.048771e-01 9.769032e-07
<GCONST> 5.762951e+01
<MIXTURE> 97 7.034694e-03
<MEAN> 25
 -4.460746e+00 -7.137989e-01 -1.994437e+00 4.831801e+00 3.665455e+00 2.372293e+00 3.513564e+00 1.696594e+00 2.747026e+00 5.876610e-01 1.117012e+00 2.747994e+00 -2.099203e-02 1.212713e-01 2.124409e-01 3.786958e-01 5.206918e-01 5.251193e-01 2.082139e-01 -1.067544e-01 -4.210198e-01 -6.530674e-01 -5.697647e-01 -3.114034e-01 -4.860480e-05
<VARIANCE> 25
 1.398297e+01 9.623125e+00 1.294932e+01 1.448454e+01 1.434390e+01 2.215044e+01 1.683301e+01 1.828487e+01 1.739411e+01 1.769116e+01 1.869130e+01 1.352895e+01 1.141847e-01 2.354511e-01 3.175924e-01 4.339478e-01 4.847936e-01 6.957509e-01 8.825142e-01 9.252279e-01 9.640623e-01 8.383484e-01 8.462025e-01 9.048771e-01 9.769032e-07
<GCONST> 5.762951e+01
<MIXTURE> 98 9.917808e-03
<MEAN> 25
 -3.029316e-01 6.325616e-01 -4.063504e-02 4.024093e+00 3.923467e+00 1.978162e+00 2.830857e+00 1.163084e+00 1.261938e+00 1.027993e+00 4.350255e-01 8.741465e-01 -1.484020e+00 -1.247723e+00 -7.350591e-01 -1.330881e-01 5.558732e-01 9.242081e-01 1.434708e+00 1.506971e+00 1.568032e+00 5.085304e-01 1.059668e+00 6.799794e-01 -3.764615e-02
<VARIANCE> 25
 1.411234e+01 1.699064e+01 2.470703e+01 2.725292e+01 3.787005e+01 3.466027e+01 2.944972e+01 2.566163e+01 2.420689e+01 2.823972e+01 2.092465e+01 1.927065e+01 1.299850e+00 1.331787e+00 2.093689e+00 2.571950e+00 2.565293e+00 2.943340e+00 2.300179e+00 2.620111e+00 2.310504e+00 3.921682e+00 2.601685e+00 2.339209e+00 1.840777e-03
<GCONST> 8.803576e+01
<MIXTURE> 99 6.696178e-03
<MEAN> 25
 -5.550680e+00 9.239630e+00 4.806058e+00 3.476633e+00 1.351148e+00 -5.793457e+00 -9.147304e-01 -4.290930e+00 -2.598601e+00 -3.073864e+00 -1.155980e+00 1.507914e-01 8.586084e-01 -9.869580e-01 4.152385e-01 -2.634362e-01 -1.055121e+00 -7.737328e-01 -4.626649e-01 -1.697646e-01 -2.325373e-01 -1.322655e-01 2.692889e-01 3.864932e-02 3.009050e-03
<VARIANCE> 25
 3.763061e+01 2.605572e+01 5.354131e+01 2.608806e+01 3.248067e+01 3.299472e+01 2.630759e+01 2.458950e+01 2.552215e+01 2.550811e+01 1.842833e+01 2.649495e+01 2.595424e+00 1.893703e+00 1.225803e+00 1.474666e+00 2.250899e+00 2.003429e+00 1.377506e+00 1.712146e+00 1.593381e+00 1.645312e+00 1.177998e+00 1.126943e+00 1.695833e-03
<GCONST> 8.561154e+01
<MIXTURE> 100 4.498084e-03
<MEAN> 25
 -1.493490e+00 6.362051e+00 1.027040e+01 -7.345034e+00 -1.036462e+01 -4.993155e+00 -5.495952e+00 -9.447885e+00 -4.677167e+00 -9.418129e-01 -2.041282e+00 -1.997017e+00 2.964420e+00 -1.214200e+00 1.241207e+00 -1.989560e+00 -3.251378e+00 -7.613397e-01 -1.350150e+00 -7.370381e-01 -1.629993e+00 3.964944e-01 -1.404120e+00 -9.628765e-02 -7.696117e-04
<VARIANCE> 25
 1.271079e+01 1.914985e+01 2.045478e+01 2.421610e+01 2.260241e+01 2.202300e+01 2.938239e+01 2.227028e+01 2.500455e+01 2.097864e+01 2.483416e+01 2.404730e+01 1.710173e+00 3.626753e+00 2.730319e+00 4.258436e+00 4.070816e+00 4.134752e+00 3.825931e+00 4.013590e+00 4.008050e+00 3.631407e+00 4.163944e+00 3.256833e+00 1.619290e-03
<GCONST> 9.168789e+01
<MIXTURE> 101 6.007792e-03
<MEAN> 25
 8.059726e+00 -3.435852e+00 -6.287000e+00 -6.805302e+00 8.645108e-01 -1.266021e+00 -1.051151e+01 -2.040137e+00 1.515241e+00 2.769638e+00 -2.344310e+00 -5.085479e+00 6.765271e-01 6.491134e-01 -1.459630e+00 -1.599414e+00 1.020582e+00 2.299478e+00 1.949016e-01 -1.457395e+00 -1.054718e+00 1.044654e+00 1.356688e+00 -4.143654e-01 -4.551081e-03
<VARIANCE> 25
 9.353689e+00 1.681492e+01 2.964892e+01 4.296127e+01 3.594079e+01 3.549740e+01 3.743129e+01 3.592136e+01 3.917162e+01 4.435464e+01 5.162389e+01 2.433335e+01 2.935252e-01 6.648781e-01 1.162338e+00 1.552210e+00 1.710994e+00 2.115684e+00 2.071191e+00 1.973524e+00 2.355346e+00 2.205365e+00 1.799223e+00 1.917426e+00 3.649943e-04
<GCONST> 8.372674e+01
<MIXTURE> 102 6.007792e-03
<MEAN> 25
 8.059726e+00 -3.435852e+00 -6.287000e+00 -6.805302e+00 8.645108e-01 -1.266021e+00 -1.051151e+01 -2.040137e+00 1.515241e+00 2.769638e+00 -2.344310e+00 -5.085479e+00 6.765271e-01 6.491134e-01 -1.459630e+00 -1.599414e+00 1.020582e+00 2.299478e+00 1.949016e-01 -1.457395e+00 -1.054718e+00 1.044654e+00 1.356688e+00 -4.143654e-01 -4.551081e-03
<VARIANCE> 25
 9.353689e+00 1.681492e+01 2.964892e+01 4.296127e+01 3.594079e+01 3.549740e+01 3.743129e+01 3.592136e+01 3.917162e+01 4.435464e+01 5.162389e+01 2.433335e+01 2.935252e-01 6.648781e-01 1.162338e+00 1.552210e+00 1.710994e+00 2.115684e+00 2.071191e+00 1.973524e+00 2.355346e+00 2.205365e+00 1.799223e+00 1.917426e+00 3.649943e-04
<GCONST> 8.372674e+01
<MIXTURE> 103 5.694618e-03
<MEAN> 25
 3.356471e+00 -9.429928e+00 -6.098987e+00 -3.048426e+00 -1.305923e+00 -1.933679e+00 2.456581e+00 2.514757e+00 -4.559899e+00 -9.217465e+00 -5.039451e+00 3.355312e-01 -1.567393e-01 -1.478106e+00 -9.803580e-01 3.659439e-01 1.212838e+00 1.018035e+00 1.666681e-01 -2.690119e-01 -7.724918e-01 -9.424419e-01 -3.589420e-02 1.152563e-01 2.673801e-02
<VARIANCE> 25
 1.029423e+01 2.053134e+01 2.293930e+01 3.174415e+01 4.790662e+01 3.504573e+01 4.620613e+01 3.646234e+01 4.232719e+01 2.945856e+01 2.995333e+01 2.639645e+01 6.419460e-01 1.260085e+00 1.531146e+00 1.950915e+00 2.916483e+00 2.398860e+00 2.885082e+00 2.580877e+00 2.580775e+00 2.528103e+00 2.086154e+00 2.014292e+00 8.117495e-04
<GCONST> 8.757774e+01
<MIXTURE> 104 5.694618e-03
<MEAN> 25
 3.356471e+00 -9.429928e+00 -6.098987e+00 -3.048426e+00 -1.305923e+00 -1.933679e+00 2.456581e+00 2.514757e+00 -4.559899e+00 -9.217465e+00 -5.039451e+00 3.355312e-01 -1.567393e-01 -1.478106e+00 -9.803580e-01 3.659439e-01 1.212838e+00 1.018035e+00 1.666681e-01 -2.690119e-01 -7.724918e-01 -9.424419e-01 -3.589420e-02 1.152563e-01 2.673801e-02
<VARIANCE> 25
 1.029423e+01 2.053134e+01 2.293930e+01 3.174415e+01 4.790662e+01 3.504573e+01 4.620613e+01 3.646234e+01 4.232719e+01 2.945856e+01 2.995333e+01 2.639645e+01 6.419460e-01 1.260085e+00 1.531146e+00 1.950915e+00 2.916483e+00 2.398860e+00 2.885082e+00 2.580877e+00 2.580775e+00 2.528103e+00 2.086154e+00 2.014292e+00 8.117495e-04
<GCONST> 8.757774e+01
<MIXTURE> 105 4.710235e-03
<MEAN> 25
 2.248636e+00 -1.509120e+00 9.066577e+00 -2.638548e+00 -1.141230e+01 -4.809721e+00 -4.004364e+00 -7.228960e-01 -3.611142e+00 -3.243088e+00 1.513466e+00 -1.129781e+00 9.282742e-03 3.033877e-02 4.884889e-02 -5.409820e-02 2.560978e-03 3.796752e-02 -2.016913e-02 6.800418e-02 -3.814818e-02 9.633617e-03 2.972028e-02 -1.977853e-02 -2.286831e-03
<VARIANCE> 25
 1.304104e+01 2.797799e+01 4.142052e+01 4.400719e+01 3.844660e+01 5.455549e+01 4.156279e+01 4.260949e+01 4.085295e+01 4.124830e+01 4.100098e+01 3.010604e+01 8.238847e-02 1.842012e-01 3.475729e-01 2.969210e-01 3.713775e-01 4.292617e-01 4.713368e-01 4.954517e-01 4.842071e-01 4.562564e-01 4.160576e-01 3.942642e-01 8.808896e-05
<GCONST> 6.662568e+01
<MIXTURE> 106 4.710235e-03
<MEAN> 25
 2.248636e+00 -1.509120e+00 9.066577e+00 -2.638548e+00 -1.141230e+01 -4.809721e+00 -4.004364e+00 -7.228960e-01 -3.611142e+00 -3.243088e+00 1.513466e+00 -1.129781e+00 9.282742e-03 3.033877e-02 4.884889e-02 -5.409820e-02 2.560978e-03 3.796752e-02 -2.016913e-02 6.800418e-02 -3.814818e-02 9.633617e-03 2.972028e-02 -1.977853e-02 -2.286831e-03
<VARIANCE> 25
 1.304104e+01 2.797799e+01 4.142052e+01 4.400719e+01 3.844660e+01 5.455549e+01 4.156279e+01 4.260949e+01 4.085295e+01 4.124830e+01 4.100098e+01 3.010604e+01 8.238847e-02 1.842012e-01 3.475729e-01 2.969210e-01 3.713775e-01 4.292617e-01 4.713368e-01 4.954517e-01 4.842071e-01 4.562564e-01 4.160576e-01 3.942642e-01 8.808896e-05
<GCONST> 6.662568e+01
<MIXTURE> 107 5.452374e-03
<MEAN> 25
 8.567462e+00 -2.263768e+00 -7.935477e+00 -9.298108e+00 1.987999e+00 2.995859e+00 -8.296853e+00 -4.576474e+00 -1.018559e+00 3.508539e+00 7.871155e-01 -5.066317e+00 -6.061540e-01 -7.472301e-01 8.357681e-01 1.760547e+00 2.097952e-01 -1.941846e+00 -8.803859e-01 8.396606e-01 1.780415e+00 -4.628811e-03 -1.600215e+00 -8.159715e-01 -2.565612e-03
<VARIANCE> 25
 9.157869e+00 2.014739e+01 2.806735e+01 4.411160e+01 3.480383e+01 3.834945e+01 5.357739e+01 3.532333e+01 4.527613e+01 4.185276e+01 5.011015e+01 2.997925e+01 3.487360e-01 9.621086e-01 1.450253e+00 2.371479e+00 2.241047e+00 2.917257e+00 2.645335e+00 2.509257e+00 2.269945e+00 3.082133e+00 2.024876e+00 2.175821e+00 7.202305e-04
<GCONST> 8.799565e+01
<MIXTURE> 108 5.452374e-03
<MEAN> 25
 8.567462e+00 -2.263768e+00 -7.935477e+00 -9.298108e+00 1.987999e+00 2.995859e+00 -8.296853e+00 -4.576474e+00 -1.018559e+00 3.508539e+00 7.871155e-01 -5.066317e+00 -6.061540e-01 -7.472301e-01 8.357681e-01 1.760547e+00 2.097952e-01 -1.941846e+00 -8.803859e-01 8.396606e-01 1.780415e+00 -4.628811e-03 -1.600215e+00 -8.159715e-01 -2.565612e-03
<VARIANCE> 25
 9.157869e+00 2.014739e+01 2.806735e+01 4.411160e+01 3.480383e+01 3.834945e+01 5.357739e+01 3.532333e+01 4.527613e+01 4.185276e+01 5.011015e+01 2.997925e+01 3.487360e-01 9.621086e-01 1.450253e+00 2.371479e+00 2.241047e+00 2.917257e+00 2.645335e+00 2.509257e+00 2.269945e+00 3.082133e+00 2.024876e+00 2.175821e+00 7.202305e-04
<GCONST> 8.799565e+01
<MIXTURE> 109 6.661064e-03
<MEAN> 25
 4.076422e+00 -1.002251e+01 -7.990304e+00 -1.386498e+00 2.638880e+00 2.371748e-01 3.411732e-01 1.343796e+00 -2.355843e+00 -7.866210e+00 -4.947005e+00 5.793402e-02 -3.191867e-02 -1.223927e-01 -3.151431e-02 2.355702e-01 1.961843e-01 1.226231e-01 -1.321097e-01 -9.848544e-02 -5.276985e-02 -1.421072e-01 1.873932e-01 5.364357e-03 -3.691334e-03
<VARIANCE> 25
 8.945249e+00 2.017158e+01 2.047502e+01 2.947535e+01 3.876923e+01 3.588580e+01 4.571341e+01 3.295090e+01 4.551990e+01 3.802908e+01 2.993155e+01 2.644306e+01 2.006613e-01 4.223990e-01 5.741352e-01 6.374036e-01 1.170352e+00 1.035884e+00 1.245171e+00 1.063537e+00 1.084661e+00 9.495065e-01 8.611025e-01 8.767806e-01 1.764555e-04
<GCONST> 7.433709e+01
<MIXTURE> 110 6.661064e-03
<MEAN> 25
 4.076422e+00 -1.002251e+01 -7.990304e+00 -1.386498e+00 2.638880e+00 2.371748e-01 3.411732e-01 1.343796e+00 -2.355843e+00 -7.866210e+00 -4.947005e+00 5.793402e-02 -3.191867e-02 -1.223927e-01 -3.151431e-02 2.355702e-01 1.961843e-01 1.226231e-01 -1.321097e-01 -9.848544e-02 -5.276985e-02 -1.421072e-01 1.873932e-01 5.364357e-03 -3.691334e-03
<VARIANCE> 25
 8.945249e+00 2.017158e+01 2.047502e+01 2.947535e+01 3.876923e+01 3.588580e+01 4.571341e+01 3.295090e+01 4.551990e+01 3.802908e+01 2.993155e+01 2.644306e+01 2.006613e-01 4.223990e-01 5.741352e-01 6.374036e-01 1.170352e+00 1.035884e+00 1.245171e+00 1.063537e+00 1.084661e+00 9.495065e-01 8.611025e-01 8.767806e-01 1.764555e-04
<GCONST> 7.433709e+01
<MIXTURE> 111 4.337247e-03
<MEAN> 25
 -3.236912e+00 -1.339028e+00 -1.511837e+00 1.267555e+00 7.328406e-01 2.023094e+00 6.294952e-01 3.265912e-01 7.467603e-01 -1.323042e+00 -2.325576e-01 1.441040e+00 -2.370390e-02 -3.786969e-02 -3.698637e-02 -7.018151e-02 -8.783908e-02 -7.501624e-03 -4.929408e-02 1.497504e-02 -1.526987e-01 -2.183534e-01 -2.183781e-01 -6.706040e-02 -8.940304e-04
<VARIANCE> 25
 1.095983e+01 5.251903e+00 9.355493e+00 9.066557e+00 1.149790e+01 2.434023e+01 1.289304e+01 1.192388e+01 1.249680e+01 1.238762e+01 1.199038e+01 1.122989e+01 7.191585e-02 1.880300e-01 2.703008e-01 4.160776e-01 5.237731e-01 6.879038e-01 8.711337e-01 7.559604e-01 8.486561e-01 9.348407e-01 9.124670e-01 7.813707e-01 2.314429e-05
<GCONST> 5.588410e+01
<MIXTURE> 112 4.337247e-03
<MEAN> 25
 -3.236912e+00 -1.339028e+00 -1.511837e+00 1.267555e+00 7.328406e-01 2.023094e+00 6.294952e-01 3.265912e-01 7.467603e-01 -1.323042e+00 -2.325576e-01 1.441040e+00 -2.370390e-02 -3.786969e-02 -3.698637e-02 -7.018151e-02 -8.783908e-02 -7.501624e-03 -4.929408e-02 1.497504e-02 -1.526987e-01 -2.183534e-01 -2.183781e-01 -6.706040e-02 -8.940304e-04
<VARIANCE> 25
 1.095983e+01 5.251903e+00 9.355493e+00 9.066557e+00 1.149790e+01 2.434023e+01 1.289304e+01 1.192388e+01 1.249680e+01 1.238762e+01 1.199038e+01 1.122989e+01 7.191585e-02 1.880300e-01 2.703008e-01 4.160776e-01 5.237731e-01 6.879038e-01 8.711337e-01 7.559604e-01 8.486561e-01 9.348407e-01 9.124670e-01 7.813707e-01 2.314429e-05
<GCONST> 5.588410e+01
<MIXTURE> 113 5.938666e-03
<MEAN> 25
 9.780762e+00 1.621731e+00 -8.716709e+00 -1.625926e+01 -8.397126e-01 5.411820e+00 -4.684719e+00 -1.513883e+00 -5.713885e+00 3.744358e-02 2.853253e-01 -2.102681e-01 1.537926e-02 -2.227957e-02 -6.753944e-02 -1.089645e-01 1.172100e-01 1.675035e-01 9.992690e-02 1.999675e-02 -2.736786e-02 -1.099339e-01 1.714629e-01 4.023431e-02 -1.488944e-03
<VARIANCE> 25
 9.011847e+00 1.601084e+01 2.812496e+01 4.227246e+01 5.061706e+01 3.336151e+01 4.341579e+01 3.708853e+01 3.539489e+01 4.889439e+01 3.440221e+01 2.702040e+01 1.181632e-01 3.276548e-01 3.037750e-01 6.013650e-01 6.037735e-01 6.407804e-01 8.188475e-01 8.203080e-01 9.748421e-01 9.228271e-01 7.016723e-01 6.964139e-01 1.199876e-04
<GCONST> 7.095722e+01
<MIXTURE> 114 5.938666e-03
<MEAN> 25
 9.780762e+00 1.621731e+00 -8.716709e+00 -1.625926e+01 -8.397126e-01 5.411820e+00 -4.684719e+00 -1.513883e+00 -5.713885e+00 3.744358e-02 2.853253e-01 -2.102681e-01 1.537926e-02 -2.227957e-02 -6.753944e-02 -1.089645e-01 1.172100e-01 1.675035e-01 9.992690e-02 1.999675e-02 -2.736786e-02 -1.099339e-01 1.714629e-01 4.023431e-02 -1.488944e-03
<VARIANCE> 25
 9.011847e+00 1.601084e+01 2.812496e+01 4.227246e+01 5.061706e+01 3.336151e+01 4.341579e+01 3.708853e+01 3.539489e+01 4.889439e+01 3.440221e+01 2.702040e+01 1.181632e-01 3.276548e-01 3.037750e-01 6.013650e-01 6.037735e-01 6.407804e-01 8.188475e-01 8.203080e-01 9.748421e-01 9.228271e-01 7.016723e-01 6.964139e-01 1.199876e-04
<GCONST> 7.095722e+01
<MIXTURE> 115 2.935202e-03
<MEAN> 25
 -3.266218e+00 -9.759105e-01 -3.104496e+00 3.248342e+00 2.226387e+00 -1.925727e-01 2.204436e+00 6.904348e-01 1.927068e+00 -5.874555e-01 3.404325e-01 2.437428e+00 3.150227e-02 -1.198892e-01 -3.487710e-01 -3.251132e-01 -5.667405e-01 -7.753191e-01 -6.002176e-01 -4.142033e-01 -3.941589e-01 -4.297379e-01 -3.348930e-01 -1.258915e-01 -6.244714e-05
<VARIANCE> 25
 1.277843e+01 9.347029e+00 1.261221e+01 1.292663e+01 1.266011e+01 1.744131e+01 1.577707e+01 1.942978e+01 1.838424e+01 1.791505e+01 1.815825e+01 1.389094e+01 1.836431e-01 3.307952e-01 5.807544e-01 6.194422e-01 6.227629e-01 8.401921e-01 9.416159e-01 1.087346e+00 1.036743e+00 8.996742e-01 9.200402e-01 9.670510e-01 9.520806e-07
<GCONST> 5.977525e+01
<MIXTURE> 116 2.935202e-03
<MEAN> 25
 -3.266218e+00 -9.759105e-01 -3.104496e+00 3.248342e+00 2.226387e+00 -1.925727e-01 2.204436e+00 6.904348e-01 1.927068e+00 -5.874555e-01 3.404325e-01 2.437428e+00 3.150227e-02 -1.198892e-01 -3.487710e-01 -3.251132e-01 -5.667405e-01 -7.753191e-01 -6.002176e-01 -4.142033e-01 -3.941589e-01 -4.297379e-01 -3.348930e-01 -1.258915e-01 -6.244714e-05
<VARIANCE> 25
 1.277843e+01 9.347029e+00 1.261221e+01 1.292663e+01 1.266011e+01 1.744131e+01 1.577707e+01 1.942978e+01 1.838424e+01 1.791505e+01 1.815825e+01 1.389094e+01 1.836431e-01 3.307952e-01 5.807544e-01 6.194422e-01 6.227629e-01 8.401921e-01 9.416159e-01 1.087346e+00 1.036743e+00 8.996742e-01 9.200402e-01 9.670510e-01 9.520806e-07
<GCONST> 5.977525e+01
<MIXTURE> 117 6.506003e-03
<MEAN> 25
 -4.642927e+00 1.116990e+00 1.054032e+00 9.756488e+00 6.259216e+00 6.256584e+00 6.462454e+00 5.043879e+00 6.385564e+00 4.926878e+00 6.366547e+00 2.709369e+00 -7.502662e-02 -2.340705e-01 -3.584820e-01 -4.197570e-01 -3.674121e-01 -3.027398e-01 -2.873771e-01 -3.313084e-01 -3.917311e-01 -3.689578e-01 -2.630711e-01 -1.158862e-01 -9.187102e-06
<VARIANCE> 25
 7.198189e+00 8.754173e+00 9.808881e+00 1.432357e+01 1.561848e+01 1.534824e+01 1.772464e+01 1.795955e+01 1.639916e+01 1.639328e+01 1.674016e+01 1.475227e+01 2.165643e-01 3.075787e-01 4.262778e-01 6.172392e-01 8.536413e-01 1.055660e+00 1.177430e+00 1.232753e+00 1.223846e+00 1.194689e+00 1.166993e+00 1.113517e+00 9.999770e-07
<GCONST> 6.043210e+01
<MIXTURE> 118 6.506003e-03
<MEAN> 25
 -4.642927e+00 1.116990e+00 1.054032e+00 9.756488e+00 6.259216e+00 6.256584e+00 6.462454e+00 5.043879e+00 6.385564e+00 4.926878e+00 6.366547e+00 2.709369e+00 -7.502662e-02 -2.340705e-01 -3.584820e-01 -4.197570e-01 -3.674121e-01 -3.027398e-01 -2.873771e-01 -3.313084e-01 -3.917311e-01 -3.689578e-01 -2.630711e-01 -1.158862e-01 -9.187102e-06
<VARIANCE> 25
 7.198189e+00 8.754173e+00 9.808881e+00 1.432357e+01 1.561848e+01 1.534824e+01 1.772464e+01 1.795955e+01 1.639916e+01 1.639328e+01 1.674016e+01 1.475227e+01 2.165643e-01 3.075787e-01 4.262778e-01 6.172392e-01 8.536413e-01 1.055660e+00 1.177430e+00 1.232753e+00 1.223846e+00 1.194689e+00 1.166993e+00 1.113517e+00 9.999770e-07
<GCONST> 6.043210e+01
<MIXTURE> 119 4.297961e-03
<MEAN> 25
 -4.820309e+00 -7.459569e+00 2.070663e+00 2.259426e+00 2.206128e+00 2.770140e-01 4.740459e+00 5.875293e+00 1.881776e+00 -2.295324e-01 5.875113e+00 1.245122e+00 -6.766528e-02 -5.474583e-02 -5.248778e-02 -5.527095e-02 -5.381593e-02 -1.542647e-01 -3.520980e-02 4.492072e-02 -4.955762e-02 -7.637919e-02 -5.799334e-02 -1.103411e-01 1.836017e-03
<VARIANCE> 25
 9.083170e+00 8.726004e+00 1.474898e+01 1.873353e+01 2.097553e+01 2.154218e+01 2.294436e+01 2.372743e+01 2.353054e+01 3.076788e+01 2.005047e+01 1.790656e+01 1.785581e-01 2.656675e-01 5.157422e-01 6.242587e-01 8.937995e-01 9.796802e-01 1.014714e+00 1.289131e+00 1.173012e+00 1.223450e+00 1.153960e+00 1.027156e+00 2.402869e-04
<GCONST> 6.897405e+01
<MIXTURE> 120 4.297961e-03
<MEAN> 25
 -4.820309e+00 -7.459569e+00 2.070663e+00 2.259426e+00 2.206128e+00 2.770140e-01 4.740459e+00 5.875293e+00 1.881776e+00 -2.295324e-01 5.875113e+00 1.245122e+00 -6.766528e-02 -5.474583e-02 -5.248778e-02 -5.527095e-02 -5.381593e-02 -1.542647e-01 -3.520980e-02 4.492072e-02 -4.955762e-02 -7.637919e-02 -5.799334e-02 -1.103411e-01 1.836017e-03
<VARIANCE> 25
 9.083170e+00 8.726004e+00 1.474898e+01 1.873353e+01 2.097553e+01 2.154218e+01 2.294436e+01 2.372743e+01 2.353054e+01 3.076788e+01 2.005047e+01 1.790656e+01 1.785581e-01 2.656675e-01 5.157422e-01 6.242587e-01 8.937995e-01 9.796802e-01 1.014714e+00 1.289131e+00 1.173012e+00 1.223450e+00 1.153960e+00 1.027156e+00 2.402869e-04
<GCONST> 6.897405e+01
<MIXTURE> 121 4.567511e-03
<MEAN> 25
 2.109882e-01 -2.522014e+00 5.150103e+00 -1.288535e+01 -1.262927e+01 -1.660541e+00 9.942155e-01 -5.097437e+00 -4.194694e+00 -4.896626e-01 -5.497605e+00 -4.303607e+00 2.477729e-02 1.313868e-01 -4.250662e-02 8.059967e-02 1.572086e-01 7.791467e-02 -7.898311e-02 -1.828544e-01 -2.695094e-01 -2.574406e-01 -1.145358e-01 1.234163e-03 -7.421196e-03
<VARIANCE> 25
 7.727519e+00 1.559066e+01 1.727636e+01 2.050135e+01 2.456486e+01 2.927875e+01 2.960945e+01 2.461194e+01 3.533723e+01 2.834361e+01 1.977602e+01 2.124505e+01 1.551428e-01 6.435382e-01 6.238455e-01 7.044663e-01 7.718344e-01 1.148862e+00 1.116811e+00 1.120731e+00 1.218032e+00 1.192641e+00 9.415748e-01 8.711534e-01 2.107675e-04
<GCONST> 7.141604e+01
<MIXTURE> 122 4.567511e-03
<MEAN> 25
 2.109882e-01 -2.522014e+00 5.150103e+00 -1.288535e+01 -1.262927e+01 -1.660541e+00 9.942155e-01 -5.097437e+00 -4.194694e+00 -4.896626e-01 -5.497605e+00 -4.303607e+00 2.477729e-02 1.313868e-01 -4.250662e-02 8.059967e-02 1.572086e-01 7.791467e-02 -7.898311e-02 -1.828544e-01 -2.695094e-01 -2.574406e-01 -1.145358e-01 1.234163e-03 -7.421196e-03
<VARIANCE> 25
 7.727519e+00 1.559066e+01 1.727636e+01 2.050135e+01 2.456486e+01 2.927875e+01 2.960945e+01 2.461194e+01 3.533723e+01 2.834361e+01 1.977602e+01 2.124505e+01 1.551428e-01 6.435382e-01 6.238455e-01 7.044663e-01 7.718344e-01 1.148862e+00 1.116811e+00 1.120731e+00 1.218032e+00 1.192641e+00 9.415748e-01 8.711534e-01 2.107675e-04
<GCONST> 7.141604e+01
<MIXTURE> 123 4.393044e-03
<MEAN> 25
 -3.729488e+00 5.157413e-01 2.104620e-01 5.655966e+00 5.047012e+00 3.729933e+00 3.363433e+00 5.662200e-01 6.725758e-01 -8.123989e-01 1.154821e-01 6.684476e-01 -4.618321e-01 -7.384606e-01 -8.750609e-01 -6.404310e-01 -2.538251e-01 -9.468871e-03 4.358058e-01 6.963410e-01 7.727671e-01 6.170586e-01 7.192094e-01 4.843544e-01 -4.171523e-03
<VARIANCE> 25
 1.257049e+01 1.129404e+01 1.520040e+01 1.876455e+01 2.132190e+01 2.622857e+01 2.074044e+01 1.764968e+01 1.921389e+01 1.766003e+01 2.092029e+01 1.857445e+01 3.706734e-01 3.635822e-01 5.014377e-01 6.914232e-01 9.504914e-01 1.179057e+00 1.191153e+00 1.192877e+00 1.106930e+00 1.361548e+00 1.170974e+00 1.164828e+00 1.138278e-04
<GCONST> 6.961624e+01
<MIXTURE> 124 4.069876e-03
<MEAN> 25
 -6.367658e+00 -1.252559e+00 -2.936569e+00 4.974681e+00 4.924052e+00 3.492464e+00 5.423727e+00 2.610963e+00 3.320523e+00 1.206896e+00 1.209703e+00 2.960222e+00 -2.027048e-01 -3.268052e-01 -3.698803e-01 -2.257787e-01 1.395323e-01 5.228827e-01 7.825437e-01 8.327318e-01 6.249385e-01 3.459149e-01 8.166411e-02 -4.134337e-02 -5.145183e-05
<VARIANCE> 25
 1.225969e+01 6.898348e+00 1.092707e+01 1.284780e+01 1.202757e+01 1.980839e+01 1.545951e+01 1.675497e+01 1.583618e+01 1.611834e+01 1.911844e+01 1.438173e+01 1.028110e-01 1.662318e-01 2.739350e-01 4.133199e-01 5.902322e-01 7.005714e-01 7.753311e-01 8.272291e-01 9.365100e-01 1.059726e+00 9.929895e-01 1.001868e+00 1.795005e-05
<GCONST> 5.900251e+01
<MIXTURE> 125 4.069876e-03
<MEAN> 25
 -6.367658e+00 -1.252559e+00 -2.936569e+00 4.974681e+00 4.924052e+00 3.492464e+00 5.423727e+00 2.610963e+00 3.320523e+00 1.206896e+00 1.209703e+00 2.960222e+00 -2.027048e-01 -3.268052e-01 -3.698803e-01 -2.257787e-01 1.395323e-01 5.228827e-01 7.825437e-01 8.327318e-01 6.249385e-01 3.459149e-01 8.166411e-02 -4.134337e-02 -5.145183e-05
<VARIANCE> 25
 1.225969e+01 6.898348e+00 1.092707e+01 1.284780e+01 1.202757e+01 1.980839e+01 1.545951e+01 1.675497e+01 1.583618e+01 1.611834e+01 1.911844e+01 1.438173e+01 1.028110e-01 1.662318e-01 2.739350e-01 4.133199e-01 5.902322e-01 7.005714e-01 7.753311e-01 8.272291e-01 9.365100e-01 1.059726e+00 9.929895e-01 1.001868e+00 1.795005e-05
<GCONST> 5.900251e+01
<MIXTURE> 126 2.402244e-03
<MEAN> 25
 -3.910049e+00 -6.886665e+00 -4.641117e+00 2.400726e+00 3.983880e+00 -3.091172e+00 2.761559e-01 3.857669e+00 3.544303e+00 -3.232943e+00 -1.314774e+00 2.153509e+00 1.110353e-02 5.291029e-03 -1.239564e-02 -2.301912e-01 -3.890533e-01 -4.115488e-01 -2.997449e-01 -2.539027e-01 -1.116940e-01 -2.228103e-02 -2.454750e-01 -6.090631e-02 -2.341660e-03
<VARIANCE> 25
 7.751546e+00 1.120765e+01 1.429533e+01 1.377434e+01 2.314377e+01 2.257886e+01 2.037744e+01 2.741443e+01 2.881437e+01 2.477867e+01 1.954736e+01 2.199169e+01 1.777851e-01 3.254550e-01 4.893546e-01 5.670388e-01 8.046487e-01 9.156519e-01 1.031450e+00 1.199386e+00 1.229979e+00 1.257695e+00 1.268517e+00 1.095657e+00 2.377658e-04
<GCONST> 6.910960e+01
<MIXTURE> 127 2.402244e-03
<MEAN> 25
 -3.910049e+00 -6.886665e+00 -4.641117e+00 2.400726e+00 3.983880e+00 -3.091172e+00 2.761559e-01 3.857669e+00 3.544303e+00 -3.232943e+00 -1.314774e+00 2.153509e+00 1.110353e-02 5.291029e-03 -1.239564e-02 -2.301912e-01 -3.890533e-01 -4.115488e-01 -2.997449e-01 -2.539027e-01 -1.116940e-01 -2.228103e-02 -2.454750e-01 -6.090631e-02 -2.341660e-03
<VARIANCE> 25
 7.751546e+00 1.120765e+01 1.429533e+01 1.377434e+01 2.314377e+01 2.257886e+01 2.037744e+01 2.741443e+01 2.881437e+01 2.477867e+01 1.954736e+01 2.199169e+01 1.777851e-01 3.254550e-01 4.893546e-01 5.670388e-01 8.046487e-01 9.156519e-01 1.031450e+00 1.199386e+00 1.229979e+00 1.257695e+00 1.268517e+00 1.095657e+00 2.377658e-04
<GCONST> 6.910960e+01
<MIXTURE> 128 3.790457e-03
<MEAN> 25
 -3.917709e+00 1.532048e+00 -3.407488e-01 6.567600e+00 3.618466e+00 1.877040e+00 3.579640e+00 2.372995e+00 3.966948e+00 3.674597e+00 3.768253e+00 3.521580e+00 -3.954634e-01 -1.946214e-01 9.711388e-02 7.268624e-01 1.184074e+00 1.135679e+00 7.132707e-01 1.314674e-01 -4.401719e-01 -7.866787e-01 -7.001303e-01 -3.911897e-01 -3.633182e-05
<VARIANCE> 25
 1.027799e+01 1.171830e+01 1.495985e+01 1.930420e+01 2.000603e+01 2.129103e+01 2.425322e+01 2.462264e+01 2.635914e+01 2.411888e+01 2.674512e+01 1.816876e+01 8.905841e-01 1.147288e+00 1.364198e+00 1.500047e+00 1.577475e+00 1.860563e+00 2.254383e+00 2.320162e+00 2.144878e+00 1.854386e+00 1.742931e+00 1.747391e+00 9.982098e-07
<GCONST> 7.363699e+01
<TRANSP> 3
 0.000000e+00 1.000000e+00 0.000000e+00
 0.000000e+00 9.999990e-01 9.999998e-07
 0.000000e+00 0.000000e+00 0.000000e+00
<ENDHMM>
