~o
<STREAMINFO> 1 25
<VECSIZE> 25<NULLD><MFCC_E_D_N><DIAGC>
~h "jmodel"
<BEGINHMM>
<NUMSTATES> 3
<STATE> 2
<NUMMIXES> 128
<MIXTURE> 1 5.748963e-03
<MEAN> 25
 -2.576227e+00 3.180303e+00 2.305407e+00 8.719995e+00 4.329779e+00 3.368731e+00 3.983160e+00 3.853221e+00 5.798360e+00 5.165877e+00 5.783536e+00 3.054213e+00 -1.981799e+00 -1.616099e+00 -8.543901e-01 1.051413e+00 1.551693e+00 2.217700e+00 2.144801e+00 2.068108e+00 1.705928e+00 1.242615e+00 1.556100e+00 6.122095e-01 -4.690868e-02
<VARIANCE> 25
 9.942114e+00 1.164012e+01 1.483341e+01 1.859638e+01 2.307363e+01 2.251578e+01 2.219897e+01 2.224414e+01 2.085307e+01 2.273470e+01 2.129010e+01 1.699351e+01 1.820324e+00 2.116238e+00 2.999238e+00 3.208849e+00 3.750856e+00 3.344211e+00 3.283755e+00 3.361654e+00 3.488434e+00 3.756886e+00 3.491179e+00 2.800039e+00 3.090996e-03
<GCONST> 8.844272e+01
<MIXTURE> 2 4.549242e-03
<MEAN> 25
 -4.875671e+00 1.311720e+00 9.943511e-01 9.899809e+00 6.692275e+00 7.424650e+00 7.847087e+00 6.958091e+00 8.373269e+00 6.373019e+00 7.624402e+00 3.074697e+00 -6.200235e-02 4.161923e-02 1.425301e-01 2.258583e-01 2.652900e-01 2.813653e-01 2.954302e-01 3.195550e-01 3.497573e-01 3.089160e-01 1.971766e-01 8.006547e-02 1.228299e-06
<VARIANCE> 25
 6.952293e+00 8.901894e+00 1.065126e+01 1.591096e+01 1.723581e+01 1.556308e+01 1.689898e+01 1.848562e+01 1.658668e+01 1.738619e+01 1.811029e+01 1.434002e+01 1.252503e-01 2.266278e-01 3.364712e-01 4.671271e-01 6.492781e-01 8.148874e-01 9.298787e-01 1.003176e+00 1.051662e+00 1.077774e+00 1.075658e+00 1.013934e+00 1.000000e-06
<GCONST> 5.804302e+01
<MIXTURE> 3 4.549242e-03
<MEAN> 25
 -4.875671e+00 1.311720e+00 9.943511e-01 9.899809e+00 6.692275e+00 7.424650e+00 7.847087e+00 6.958091e+00 8.373269e+00 6.373019e+00 7.624402e+00 3.074697e+00 -6.200235e-02 4.161923e-02 1.425301e-01 2.258583e-01 2.652900e-01 2.813653e-01 2.954302e-01 3.195550e-01 3.497573e-01 3.089160e-01 1.971766e-01 8.006547e-02 1.228299e-06
<VARIANCE> 25
 6.952293e+00 8.901894e+00 1.065126e+01 1.591096e+01 1.723581e+01 1.556308e+01 1.689898e+01 1.848562e+01 1.658668e+01 1.738619e+01 1.811029e+01 1.434002e+01 1.252503e-01 2.266278e-01 3.364712e-01 4.671271e-01 6.492781e-01 8.148874e-01 9.298787e-01 1.003176e+00 1.051662e+00 1.077774e+00 1.075658e+00 1.013934e+00 1.000000e-06
<GCONST> 5.804302e+01
<MIXTURE> 4 1.671429e-02
<MEAN> 25
 3.183774e+00 2.707131e+00 -3.687026e+00 8.961555e-01 4.259715e+00 -1.774619e-01 -5.207213e-01 -7.798496e-01 1.568678e+00 1.721752e+00 -1.493894e+00 -2.092215e-01 -2.621008e+00 1.101902e+00 1.765205e+00 2.806957e+00 9.879361e-01 4.057493e-01 1.459609e+00 9.501106e-01 1.234609e+00 1.799516e-01 1.093869e+00 7.460556e-01 -9.755974e-02
<VARIANCE> 25
 1.992999e+01 2.705387e+01 2.685006e+01 3.970884e+01 4.307798e+01 6.305716e+01 6.317492e+01 5.583541e+01 5.431422e+01 5.897580e+01 4.756593e+01 3.343817e+01 2.325750e+00 4.757172e+00 3.460227e+00 5.186997e+00 4.665122e+00 5.640309e+00 5.643270e+00 5.303150e+00 6.415816e+00 6.432537e+00 5.762595e+00 4.237383e+00 5.865646e-03
<GCONST> 1.044647e+02
<MIXTURE> 5 3.206198e-03
<MEAN> 25
 -3.417124e+00 2.181292e+00 6.104762e-01 9.428815e+00 6.697091e+00 6.316087e+00 7.112480e+00 4.723432e+00 5.495997e+00 3.848135e+00 4.658652e+00 2.606614e+00 -3.246489e-01 7.528989e-01 1.224844e+00 1.032669e+00 3.076725e-01 -1.001753e-01 -8.378793e-02 3.354761e-02 4.580160e-01 6.837502e-01 4.038862e-01 8.803672e-02 -2.771655e-05
<VARIANCE> 25
 1.025059e+01 1.394296e+01 2.348663e+01 2.561708e+01 2.022128e+01 1.942519e+01 2.011361e+01 2.035939e+01 2.141926e+01 2.128350e+01 2.409771e+01 1.636018e+01 1.210090e+00 1.244381e+00 1.357131e+00 1.673520e+00 2.284818e+00 2.376345e+00 2.301544e+00 2.275354e+00 2.315568e+00 2.238201e+00 2.085590e+00 1.873948e+00 1.000000e-06
<GCONST> 7.516647e+01
<MIXTURE> 6 5.475854e-03
<MEAN> 25
 9.463556e+00 -1.824603e-01 -6.534415e+00 -1.081345e+01 -2.224303e+00 6.525362e+00 -5.494342e+00 -5.055504e+00 -4.302377e+00 1.815814e+00 4.395978e+00 -1.062975e+00 4.962709e-01 8.888225e-01 -3.691564e-01 -1.451468e+00 -6.706874e-01 1.294015e+00 1.525558e+00 1.555102e-01 -1.258963e+00 -1.129116e+00 2.942652e-01 1.250040e+00 -6.686046e-03
<VARIANCE> 25
 9.663035e+00 1.734560e+01 2.330332e+01 3.847549e+01 3.563814e+01 3.000296e+01 4.508672e+01 3.749893e+01 4.870009e+01 3.773997e+01 4.143670e+01 2.780234e+01 3.091172e-01 8.181384e-01 9.146894e-01 1.911812e+00 1.596231e+00 1.931956e+00 1.841596e+00 2.175328e+00 2.418059e+00 2.026438e+00 2.190432e+00 1.389646e+00 6.208035e-04
<GCONST> 8.385648e+01
<MIXTURE> 7 5.475854e-03
<MEAN> 25
 9.463556e+00 -1.824603e-01 -6.534415e+00 -1.081345e+01 -2.224303e+00 6.525362e+00 -5.494342e+00 -5.055504e+00 -4.302377e+00 1.815814e+00 4.395978e+00 -1.062975e+00 4.962709e-01 8.888225e-01 -3.691564e-01 -1.451468e+00 -6.706874e-01 1.294015e+00 1.525558e+00 1.555102e-01 -1.258963e+00 -1.129116e+00 2.942652e-01 1.250040e+00 -6.686046e-03
<VARIANCE> 25
 9.663035e+00 1.734560e+01 2.330332e+01 3.847549e+01 3.563814e+01 3.000296e+01 4.508672e+01 3.749893e+01 4.870009e+01 3.773997e+01 4.143670e+01 2.780234e+01 3.091172e-01 8.181384e-01 9.146894e-01 1.911812e+00 1.596231e+00 1.931956e+00 1.841596e+00 2.175328e+00 2.418059e+00 2.026438e+00 2.190432e+00 1.389646e+00 6.208035e-04
<GCONST> 8.385648e+01
<MIXTURE> 8 1.165917e-02
<MEAN> 25
 -4.725784e+00 1.356112e+00 1.292699e+00 9.545074e+00 6.570086e+00 6.243292e+00 6.477144e+00 5.677809e+00 6.658585e+00 5.614816e+00 6.568758e+00 3.144959e+00 -6.308926e-01 -1.424856e+00 -1.070663e+00 -1.728552e+00 -2.316732e-01 -9.453712e-01 -1.788701e-01 -2.913235e-01 -2.509912e-01 -1.717447e-01 -2.118896e-01 8.167306e-02 9.872416e-02
<VARIANCE> 25
 9.342035e+00 9.852835e+00 1.159428e+01 1.612850e+01 1.662906e+01 1.573347e+01 1.813357e+01 1.754123e+01 1.702302e+01 1.749954e+01 1.886333e+01 1.400654e+01 2.757701e+00 2.810241e+00 3.902608e+00 3.759414e+00 3.450675e+00 3.310559e+00 3.123061e+00 3.078122e+00 2.871562e+00 2.656762e+00 2.432025e+00 1.898517e+00 6.689897e-03
<GCONST> 8.629008e+01
<MIXTURE> 9 1.199672e-02
<MEAN> 25
 8.520590e+00 3.397398e+00 -5.852818e+00 -9.666481e+00 -2.217953e+00 4.665138e+00 -2.440714e+00 -2.298288e+00 -6.253794e+00 -9.013148e-01 9.458130e-01 -5.435085e-02 1.448447e+00 7.163222e-02 -3.700989e-01 -2.490441e+00 -1.792123e+00 6.452777e-01 -9.110301e-01 -3.764274e-01 -8.295394e-01 -3.334506e-01 4.849670e-01 -4.777491e-02 7.002625e-02
<VARIANCE> 25
 1.401373e+01 1.876342e+01 2.997805e+01 5.224375e+01 4.531133e+01 2.837716e+01 3.933434e+01 4.593163e+01 4.302736e+01 3.961615e+01 3.235135e+01 2.362612e+01 1.897462e+00 2.345944e+00 4.064703e+00 4.496045e+00 4.571321e+00 3.898886e+00 3.804135e+00 5.609745e+00 7.311514e+00 3.955379e+00 3.590456e+00 2.506511e+00 2.123477e-03
<GCONST> 9.736056e+01
<MIXTURE> 10 6.596976e-03
<MEAN> 25
 7.833651e-01 7.576346e+00 5.353885e+00 7.137857e+00 1.533810e+00 -2.135131e+00 -5.675905e-01 -1.711545e+00 9.144121e-01 8.639430e-01 8.222321e-01 6.868551e-01 -1.913544e+00 -6.571290e-01 -4.539357e-01 2.998815e+00 2.467988e+00 2.677350e+00 2.370986e+00 2.249384e+00 1.875779e+00 1.535979e+00 2.304092e+00 5.241854e-01 -1.370246e-01
<VARIANCE> 25
 1.943055e+01 2.070838e+01 2.218119e+01 2.882341e+01 3.824723e+01 3.472609e+01 3.507302e+01 3.367207e+01 2.748394e+01 2.875948e+01 2.672693e+01 2.488363e+01 2.224078e+00 3.410889e+00 5.477339e+00 5.181448e+00 5.524238e+00 4.507760e+00 4.651558e+00 4.863453e+00 4.368371e+00 4.983616e+00 4.493819e+00 3.159600e+00 2.764235e-03
<GCONST> 9.739147e+01
<MIXTURE> 11 1.633820e-02
<MEAN> 25
 6.574121e+00 3.176263e+00 3.621130e+00 5.099159e+00 -2.201605e+00 -1.265734e+00 -2.107715e+00 -5.449588e+00 -3.631520e+00 3.131080e-01 -1.176208e+00 -1.836781e+00 -3.527991e-01 3.507227e-01 3.885306e-01 4.828912e-01 4.046731e-01 -2.771782e-01 1.854569e-01 7.747596e-02 -1.047606e-01 -2.296538e-01 -6.839211e-02 7.192970e-02 -1.152558e-02
<VARIANCE> 25
 9.622756e+00 1.609636e+01 1.942678e+01 2.195280e+01 2.796778e+01 2.694306e+01 4.627186e+01 4.024633e+01 4.357539e+01 2.447634e+01 2.667358e+01 2.245865e+01 7.219244e-01 9.287549e-01 1.994617e+00 2.492517e+00 1.744102e+00 2.327995e+00 1.965661e+00 3.334347e+00 2.218713e+00 1.981705e+00 1.605728e+00 1.606328e+00 7.027591e-04
<GCONST> 8.422034e+01
<MIXTURE> 12 5.904134e-03
<MEAN> 25
 1.073006e+01 3.747338e+00 -4.503366e+00 -1.594908e+01 -8.662411e+00 8.610839e+00 -8.917232e-01 -1.917833e+00 -1.807636e+00 -4.843810e+00 1.777383e+00 7.340783e-01 6.634669e-02 2.935555e-01 7.488023e-02 -3.640742e-01 -3.058578e-01 3.219986e-02 3.077155e-01 4.448167e-01 1.462760e-01 -3.827535e-01 -3.808352e-01 5.809546e-02 -6.340551e-03
<VARIANCE> 25
 9.087105e+00 2.090178e+01 2.325093e+01 3.530468e+01 4.208731e+01 3.102533e+01 4.160533e+01 4.875278e+01 4.551894e+01 3.761777e+01 3.783215e+01 2.886350e+01 2.469726e-01 6.855283e-01 6.888454e-01 1.169486e+00 1.193578e+00 1.051414e+00 1.179725e+00 1.383294e+00 1.244061e+00 1.218297e+00 1.225090e+00 9.622101e-01 5.773224e-04
<GCONST> 7.898271e+01
<MIXTURE> 13 5.904134e-03
<MEAN> 25
 1.073006e+01 3.747338e+00 -4.503366e+00 -1.594908e+01 -8.662411e+00 8.610839e+00 -8.917232e-01 -1.917833e+00 -1.807636e+00 -4.843810e+00 1.777383e+00 7.340783e-01 6.634669e-02 2.935555e-01 7.488023e-02 -3.640742e-01 -3.058578e-01 3.219986e-02 3.077155e-01 4.448167e-01 1.462760e-01 -3.827535e-01 -3.808352e-01 5.809546e-02 -6.340551e-03
<VARIANCE> 25
 9.087105e+00 2.090178e+01 2.325093e+01 3.530468e+01 4.208731e+01 3.102533e+01 4.160533e+01 4.875278e+01 4.551894e+01 3.761777e+01 3.783215e+01 2.886350e+01 2.469726e-01 6.855283e-01 6.888454e-01 1.169486e+00 1.193578e+00 1.051414e+00 1.179725e+00 1.383294e+00 1.244061e+00 1.218297e+00 1.225090e+00 9.622101e-01 5.773224e-04
<GCONST> 7.898271e+01
<MIXTURE> 14 6.488954e-03
<MEAN> 25
 -4.294882e+00 -4.002980e-01 -3.146810e-01 8.848993e+00 7.492285e+00 7.345321e+00 7.823837e+00 7.291644e+00 7.245646e+00 5.181756e+00 6.822970e+00 4.078035e+00 -2.774759e-01 1.895809e-01 3.644527e-01 3.093265e-01 1.158092e-02 4.933440e-02 9.078149e-02 1.671391e-01 2.986601e-01 5.484843e-01 5.064160e-01 7.831941e-02 -9.245099e-03
<VARIANCE> 25
 9.309826e+00 1.381370e+01 1.856463e+01 1.825373e+01 2.083154e+01 1.961721e+01 2.143317e+01 2.068202e+01 2.009702e+01 2.408377e+01 2.150956e+01 1.595512e+01 9.627091e-01 1.631901e+00 1.772004e+00 1.934181e+00 2.236050e+00 2.264389e+00 2.247707e+00 2.250082e+00 2.284088e+00 2.511918e+00 2.183280e+00 1.801721e+00 1.029441e-03
<GCONST> 8.192104e+01
<MIXTURE> 15 2.475190e-03
<MEAN> 25
 -5.423028e+00 -6.449844e-01 -2.018500e-01 7.367024e+00 5.718988e+00 5.701780e+00 6.060603e+00 4.979048e+00 5.165671e+00 4.152612e+00 5.501532e+00 2.539000e+00 -1.211767e-01 -2.912284e-02 7.505807e-02 2.435773e-01 4.894191e-01 7.865263e-01 1.072564e+00 1.182071e+00 1.059087e+00 7.559941e-01 4.197806e-01 1.535766e-01 -8.179637e-05
<VARIANCE> 25
 6.989801e+00 5.606962e+00 9.033918e+00 1.281725e+01 1.407988e+01 1.429553e+01 1.491841e+01 1.489829e+01 1.410235e+01 1.420349e+01 1.510483e+01 1.251226e+01 1.247602e-01 2.061673e-01 3.198108e-01 5.032279e-01 6.996863e-01 7.935836e-01 7.631323e-01 7.915534e-01 9.093156e-01 1.023923e+00 1.071272e+00 1.041404e+00 2.796258e-05
<GCONST> 5.859105e+01
<MIXTURE> 16 2.475190e-03
<MEAN> 25
 -5.423028e+00 -6.449844e-01 -2.018500e-01 7.367024e+00 5.718988e+00 5.701780e+00 6.060603e+00 4.979048e+00 5.165671e+00 4.152612e+00 5.501532e+00 2.539000e+00 -1.211767e-01 -2.912284e-02 7.505807e-02 2.435773e-01 4.894191e-01 7.865263e-01 1.072564e+00 1.182071e+00 1.059087e+00 7.559941e-01 4.197806e-01 1.535766e-01 -8.179637e-05
<VARIANCE> 25
 6.989801e+00 5.606962e+00 9.033918e+00 1.281725e+01 1.407988e+01 1.429553e+01 1.491841e+01 1.489829e+01 1.410235e+01 1.420349e+01 1.510483e+01 1.251226e+01 1.247602e-01 2.061673e-01 3.198108e-01 5.032279e-01 6.996863e-01 7.935836e-01 7.631323e-01 7.915534e-01 9.093156e-01 1.023923e+00 1.071272e+00 1.041404e+00 2.796258e-05
<GCONST> 5.859105e+01
<MIXTURE> 17 9.518312e-03
<MEAN> 25
 3.744031e+00 -7.463591e-01 6.204179e+00 2.336152e+00 -5.852766e+00 -5.971393e+00 -3.157341e+00 1.158957e-01 -2.802480e+00 -3.050565e+00 1.428572e-02 7.842245e-02 -7.832970e-01 -1.152708e+00 1.218520e+00 -2.070931e+00 -2.292571e+00 -1.348165e-01 1.268446e-01 8.443071e-01 -2.608294e-01 -1.700498e-01 9.381623e-01 4.311054e-01 7.889187e-02
<VARIANCE> 25
 1.612013e+01 2.986920e+01 3.006476e+01 3.822972e+01 4.349978e+01 4.891430e+01 4.126534e+01 3.463589e+01 3.510652e+01 2.730176e+01 2.698256e+01 2.691753e+01 1.767622e+00 2.665261e+00 4.037656e+00 3.041198e+00 3.979265e+00 5.226013e+00 4.914353e+00 4.745262e+00 3.964995e+00 3.907621e+00 3.066982e+00 2.743142e+00 2.220878e-03
<GCONST> 9.655412e+01
<MIXTURE> 18 1.221018e-02
<MEAN> 25
 3.223159e+00 4.247808e+00 6.390540e+00 4.670817e+00 -4.858032e+00 -8.054017e+00 -2.067105e+00 -1.088117e+00 -2.676055e+00 -2.288276e+00 -1.042820e+00 8.804449e-01 -8.454190e-01 2.031472e+00 -1.396727e-01 1.927791e+00 3.142168e+00 1.250031e+00 9.573024e-01 -2.045644e-01 9.723210e-01 6.072880e-01 -1.784857e-01 -2.000682e-02 -1.126470e-01
<VARIANCE> 25
 1.729452e+01 2.298493e+01 3.001110e+01 2.367324e+01 3.618613e+01 3.208203e+01 3.716664e+01 3.231132e+01 3.910940e+01 3.198164e+01 2.980347e+01 2.793764e+01 2.329711e+00 2.762199e+00 4.315680e+00 3.608002e+00 3.696205e+00 4.434762e+00 4.220317e+00 4.030282e+00 4.651443e+00 3.831866e+00 4.397336e+00 3.288062e+00 4.356039e-03
<GCONST> 9.685533e+01
<MIXTURE> 19 9.912824e-03
<MEAN> 25
 -8.563051e+00 1.610729e+00 -5.326404e-01 4.212255e-01 4.262232e+00 2.078174e+00 2.939263e+00 1.573988e+00 1.661365e+00 1.356939e+00 1.159206e+00 1.947151e+00 2.064150e+00 1.658137e+00 1.958710e+00 7.446517e-01 -1.308775e+00 -9.693654e-01 -1.175866e+00 -1.434562e+00 -1.681885e+00 -9.928997e-01 -6.852179e-01 -7.395610e-01 5.009122e-03
<VARIANCE> 25
 5.801824e+01 2.689740e+01 4.611347e+01 4.788441e+01 3.066932e+01 3.048090e+01 2.895791e+01 3.102835e+01 2.901529e+01 2.524265e+01 2.705602e+01 1.901809e+01 2.154419e+00 1.992584e+00 2.163427e+00 2.329016e+00 2.603398e+00 2.044434e+00 2.452764e+00 2.181618e+00 2.250203e+00 2.199474e+00 2.175631e+00 1.599474e+00 2.285313e-03
<GCONST> 9.066866e+01
<MIXTURE> 20 6.308331e-03
<MEAN> 25
 -1.416054e+01 7.410713e+00 8.466514e-01 6.149175e+00 4.836505e+00 1.608968e+00 5.191263e+00 8.580644e-01 9.390812e-01 8.049626e-01 2.565030e+00 -3.011529e-01 -3.286101e+00 -8.620678e-01 -1.561839e+00 3.327172e-01 1.545127e+00 2.060134e+00 1.977212e+00 2.054705e+00 2.145463e+00 2.038500e+00 1.683646e+00 9.424869e-01 4.726645e-02
<VARIANCE> 25
 1.984545e+01 2.342380e+01 3.090068e+01 3.710425e+01 3.081426e+01 2.822739e+01 3.003568e+01 3.142842e+01 2.804941e+01 2.817881e+01 2.511579e+01 2.088163e+01 2.088773e+00 2.189250e+00 1.911533e+00 2.536921e+00 2.705993e+00 2.312725e+00 2.307378e+00 2.316662e+00 2.232188e+00 2.649607e+00 2.238228e+00 1.865813e+00 1.884333e-03
<GCONST> 8.922816e+01
<MIXTURE> 21 7.928653e-03
<MEAN> 25
 3.537953e+00 -3.895609e+00 4.979928e+00 -1.220822e+00 -1.010738e+01 -7.621819e+00 -3.335320e+00 4.577561e+00 -2.597666e+00 -2.579990e+00 -5.349842e-01 5.900032e-01 -7.441266e-01 1.223180e+00 2.427512e+00 -1.383806e-01 -1.333103e+00 2.256403e-01 8.023983e-01 -1.373933e+00 -1.548443e+00 2.414325e-01 1.160218e+00 2.545998e-01 -9.855360e-03
<VARIANCE> 25
 8.389645e+00 1.716395e+01 2.995037e+01 2.421332e+01 2.483794e+01 3.620442e+01 4.088583e+01 3.425184e+01 3.822615e+01 3.149068e+01 3.238102e+01 2.011756e+01 3.395277e-01 9.055196e-01 1.669891e+00 1.195252e+00 2.131466e+00 1.934205e+00 3.375066e+00 2.299882e+00 2.567870e+00 2.345349e+00 1.901393e+00 2.008141e+00 4.205003e-04
<GCONST> 8.346033e+01
<MIXTURE> 22 8.827789e-03
<MEAN> 25
 -1.809661e+01 7.727536e+00 -4.278305e+00 6.931429e+00 4.487073e+00 1.988911e+00 8.235794e+00 1.640430e+00 5.105348e+00 2.860279e+00 5.420020e+00 1.224379e+00 -3.352676e-01 -2.204990e-02 -1.802404e-01 -5.927716e-02 4.266676e-02 2.595834e-01 2.366634e-01 8.493488e-02 2.764261e-01 3.273628e-01 3.267952e-01 2.033803e-01 8.020910e-03
<VARIANCE> 25
 7.532975e+00 1.797041e+01 1.578590e+01 2.428354e+01 2.072833e+01 2.368895e+01 1.768147e+01 1.691674e+01 1.714532e+01 2.059300e+01 1.805016e+01 1.239180e+01 9.897459e-01 1.492417e+00 1.285096e+00 1.476738e+00 1.285593e+00 1.493107e+00 1.381985e+00 1.453900e+00 1.517790e+00 1.581595e+00 1.407458e+00 1.050079e+00 1.581151e-03
<GCONST> 7.717541e+01
<MIXTURE> 23 6.455497e-03
<MEAN> 25
 7.403034e+00 1.968298e+00 3.620656e+00 2.951601e+00 -4.148174e+00 -3.183883e+00 -2.676082e+00 -6.023571e+00 -4.336541e+00 -8.846763e-01 -3.102938e+00 -2.001281e+00 7.304412e-04 1.812921e-01 4.765681e-02 9.998643e-02 3.567757e-03 -1.128864e-03 9.620875e-02 5.519293e-02 -7.361954e-02 6.708067e-02 -7.848697e-02 -2.491092e-02 -3.321423e-03
<VARIANCE> 25
 9.638793e+00 1.935900e+01 2.246091e+01 3.554733e+01 3.418855e+01 4.306444e+01 5.674467e+01 5.078290e+01 4.556094e+01 3.848293e+01 4.443987e+01 3.692241e+01 1.052870e-01 2.874934e-01 3.788872e-01 4.923204e-01 6.952804e-01 7.699442e-01 8.041340e-01 1.061944e+00 9.100289e-01 7.869059e-01 7.756141e-01 7.597259e-01 8.592269e-05
<GCONST> 7.180705e+01
<MIXTURE> 24 6.455497e-03
<MEAN> 25
 7.403034e+00 1.968298e+00 3.620656e+00 2.951601e+00 -4.148174e+00 -3.183883e+00 -2.676082e+00 -6.023571e+00 -4.336541e+00 -8.846763e-01 -3.102938e+00 -2.001281e+00 7.304412e-04 1.812921e-01 4.765681e-02 9.998643e-02 3.567757e-03 -1.128864e-03 9.620875e-02 5.519293e-02 -7.361954e-02 6.708067e-02 -7.848697e-02 -2.491092e-02 -3.321423e-03
<VARIANCE> 25
 9.638793e+00 1.935900e+01 2.246091e+01 3.554733e+01 3.418855e+01 4.306444e+01 5.674467e+01 5.078290e+01 4.556094e+01 3.848293e+01 4.443987e+01 3.692241e+01 1.052870e-01 2.874934e-01 3.788872e-01 4.923204e-01 6.952804e-01 7.699442e-01 8.041340e-01 1.061944e+00 9.100289e-01 7.869059e-01 7.756141e-01 7.597259e-01 8.592269e-05
<GCONST> 7.180705e+01
<MIXTURE> 25 1.118642e-02
<MEAN> 25
 3.092579e-01 2.399959e+00 1.489687e+01 -1.378481e+00 -9.999529e+00 -1.106225e+00 -5.183828e+00 -2.728306e+00 -6.384653e+00 -4.777882e+00 3.950172e+00 -7.226502e-01 -9.140528e-02 3.231905e-01 2.737582e-01 -3.699595e-03 2.124602e-01 8.090181e-02 1.111553e-01 -3.613164e-01 -1.610345e-01 -1.071086e-01 -3.072477e-02 1.376914e-01 -1.002826e-02
<VARIANCE> 25
 7.207480e+00 1.855304e+01 2.370583e+01 2.478514e+01 2.765505e+01 3.280432e+01 2.324121e+01 2.594940e+01 2.329618e+01 3.049312e+01 1.625680e+01 2.409779e+01 6.519013e-01 1.208710e+00 1.429083e+00 1.441260e+00 2.012213e+00 1.600630e+00 2.078022e+00 2.621854e+00 2.073322e+00 2.110815e+00 1.192618e+00 1.661428e+00 1.258588e-03
<GCONST> 8.179897e+01
<MIXTURE> 26 7.727677e-03
<MEAN> 25
 1.563007e+00 -5.519671e+00 -9.722603e+00 -1.918535e+00 7.586966e+00 5.407584e+00 4.663515e+00 -7.427939e-02 2.210941e+00 -7.492270e-01 -2.356704e+00 -1.141544e+00 -4.321298e-01 5.042333e-01 2.662264e-01 6.634201e-01 1.424325e-01 3.062450e-01 2.648664e-01 2.859434e-01 2.159373e-01 1.958689e-01 4.184065e-01 3.390381e-01 -4.167745e-02
<VARIANCE> 25
 2.274887e+01 3.377326e+01 2.404374e+01 6.106005e+01 3.361890e+01 3.729774e+01 4.550349e+01 4.639082e+01 4.740657e+01 4.851333e+01 3.855465e+01 4.108701e+01 1.756170e+00 1.755166e+00 1.728013e+00 1.991115e+00 1.974265e+00 2.215892e+00 2.276243e+00 2.662308e+00 2.832699e+00 2.325106e+00 2.065045e+00 2.116833e+00 3.469137e-03
<GCONST> 9.311528e+01
<MIXTURE> 27 7.727677e-03
<MEAN> 25
 1.563007e+00 -5.519671e+00 -9.722603e+00 -1.918535e+00 7.586966e+00 5.407584e+00 4.663515e+00 -7.427939e-02 2.210941e+00 -7.492270e-01 -2.356704e+00 -1.141544e+00 -4.321298e-01 5.042333e-01 2.662264e-01 6.634201e-01 1.424325e-01 3.062450e-01 2.648664e-01 2.859434e-01 2.159373e-01 1.958689e-01 4.184065e-01 3.390381e-01 -4.167745e-02
<VARIANCE> 25
 2.274887e+01 3.377326e+01 2.404374e+01 6.106005e+01 3.361890e+01 3.729774e+01 4.550349e+01 4.639082e+01 4.740657e+01 4.851333e+01 3.855465e+01 4.108701e+01 1.756170e+00 1.755166e+00 1.728013e+00 1.991115e+00 1.974265e+00 2.215892e+00 2.276243e+00 2.662308e+00 2.832699e+00 2.325106e+00 2.065045e+00 2.116833e+00 3.469137e-03
<GCONST> 9.311528e+01
<MIXTURE> 28 5.036674e-03
<MEAN> 25
 -5.451480e+00 1.166731e-02 -1.569280e+00 6.616180e+00 5.232340e+00 3.518138e+00 5.416408e+00 3.130054e+00 3.922979e+00 2.394119e+00 2.638279e+00 3.220305e+00 -1.152254e-01 2.232137e-01 5.287420e-01 7.848743e-01 8.221509e-01 7.029292e-01 5.231903e-01 3.919834e-01 4.448504e-01 4.824042e-01 3.709675e-01 1.896228e-01 -1.242738e-05
<VARIANCE> 25
 1.043464e+01 8.352341e+00 1.216005e+01 1.484379e+01 1.471178e+01 1.773172e+01 1.803999e+01 1.901564e+01 1.718445e+01 1.673141e+01 2.060859e+01 1.500416e+01 2.565373e-01 3.365475e-01 4.068408e-01 4.641617e-01 6.216250e-01 8.470585e-01 1.056457e+00 1.144792e+00 1.102565e+00 1.029899e+00 1.036872e+00 1.066776e+00 9.999764e-07
<GCONST> 6.025233e+01
<MIXTURE> 29 5.036674e-03
<MEAN> 25
 -5.451480e+00 1.166731e-02 -1.569280e+00 6.616180e+00 5.232340e+00 3.518138e+00 5.416408e+00 3.130054e+00 3.922979e+00 2.394119e+00 2.638279e+00 3.220305e+00 -1.152254e-01 2.232137e-01 5.287420e-01 7.848743e-01 8.221509e-01 7.029292e-01 5.231903e-01 3.919834e-01 4.448504e-01 4.824042e-01 3.709675e-01 1.896228e-01 -1.242738e-05
<VARIANCE> 25
 1.043464e+01 8.352341e+00 1.216005e+01 1.484379e+01 1.471178e+01 1.773172e+01 1.803999e+01 1.901564e+01 1.718445e+01 1.673141e+01 2.060859e+01 1.500416e+01 2.565373e-01 3.365475e-01 4.068408e-01 4.641617e-01 6.216250e-01 8.470585e-01 1.056457e+00 1.144792e+00 1.102565e+00 1.029899e+00 1.036872e+00 1.066776e+00 9.999764e-07
<GCONST> 6.025233e+01
<MIXTURE> 30 8.917812e-03
<MEAN> 25
 -4.490528e+00 -1.988596e-01 6.541475e-01 9.085039e+00 7.769064e+00 7.507417e+00 7.585746e+00 6.877852e+00 6.532044e+00 4.889079e+00 7.006510e+00 3.496738e+00 -2.378985e-02 3.057802e-02 5.622663e-02 8.847313e-02 8.162025e-02 4.412255e-02 1.311247e-02 -3.260766e-03 1.708432e-02 5.148857e-02 6.209740e-02 3.511852e-02 -5.616717e-04
<VARIANCE> 25
 6.952550e+00 9.867042e+00 1.039246e+01 1.375414e+01 1.579348e+01 1.641953e+01 1.912774e+01 1.817909e+01 1.629800e+01 1.842430e+01 2.127300e+01 1.439209e+01 9.736098e-02 1.994492e-01 3.248804e-01 4.831090e-01 6.207360e-01 7.237290e-01 7.730488e-01 8.119079e-01 8.756450e-01 9.368936e-01 9.205662e-01 8.624232e-01 5.099835e-05
<GCONST> 6.060418e+01
<MIXTURE> 31 4.136493e-03
<MEAN> 25
 -3.025024e+00 -5.531195e+00 -7.708105e-02 4.706388e+00 3.600688e+00 1.843604e+00 5.038532e+00 6.310525e+00 2.915608e+00 7.912100e-01 6.253755e+00 2.924070e+00 2.660063e-01 4.297241e-01 -1.971298e-01 3.285683e-01 1.710659e-01 4.020885e-01 1.088588e-01 4.543420e-03 4.240393e-01 3.390400e-01 1.366057e-01 1.252875e-01 -1.839774e-02
<VARIANCE> 25
 7.585264e+00 1.446937e+01 1.670038e+01 1.740716e+01 2.410921e+01 2.275116e+01 2.378733e+01 2.510962e+01 2.670417e+01 2.955762e+01 2.005201e+01 1.867715e+01 1.936282e-01 5.143173e-01 5.904515e-01 8.839840e-01 9.786243e-01 1.028432e+00 1.318719e+00 1.292284e+00 1.346799e+00 1.375131e+00 1.189362e+00 1.064544e+00 2.452598e-04
<GCONST> 7.173553e+01
<MIXTURE> 32 4.136493e-03
<MEAN> 25
 -3.025024e+00 -5.531195e+00 -7.708105e-02 4.706388e+00 3.600688e+00 1.843604e+00 5.038532e+00 6.310525e+00 2.915608e+00 7.912100e-01 6.253755e+00 2.924070e+00 2.660063e-01 4.297241e-01 -1.971298e-01 3.285683e-01 1.710659e-01 4.020885e-01 1.088588e-01 4.543420e-03 4.240393e-01 3.390400e-01 1.366057e-01 1.252875e-01 -1.839774e-02
<VARIANCE> 25
 7.585264e+00 1.446937e+01 1.670038e+01 1.740716e+01 2.410921e+01 2.275116e+01 2.378733e+01 2.510962e+01 2.670417e+01 2.955762e+01 2.005201e+01 1.867715e+01 1.936282e-01 5.143173e-01 5.904515e-01 8.839840e-01 9.786243e-01 1.028432e+00 1.318719e+00 1.292284e+00 1.346799e+00 1.375131e+00 1.189362e+00 1.064544e+00 2.452598e-04
<GCONST> 7.173553e+01
<MIXTURE> 33 1.508826e-02
<MEAN> 25
 6.377473e+00 -3.854667e+00 -2.216946e+00 -2.482872e+00 -1.808625e+00 -5.192890e+00 -6.611441e+00 1.626399e+00 2.054631e+00 -3.073190e-01 -4.407337e+00 -2.758906e+00 6.076384e-01 -1.092094e+00 -2.347164e+00 -1.809492e+00 1.282415e+00 1.421725e+00 -7.743216e-01 8.041627e-01 9.616460e-01 5.743856e-01 -3.731033e-01 -1.261695e+00 3.625755e-02
<VARIANCE> 25
 1.055887e+01 1.992410e+01 2.776376e+01 3.611726e+01 3.905199e+01 4.301514e+01 4.700309e+01 4.466918e+01 4.310227e+01 4.165522e+01 3.404294e+01 2.752011e+01 1.198581e+00 1.878581e+00 2.226687e+00 2.078214e+00 4.329741e+00 3.312300e+00 4.468124e+00 5.669960e+00 3.713643e+00 4.329797e+00 3.266732e+00 2.646168e+00 1.399075e-03
<GCONST> 9.421928e+01
<MIXTURE> 34 1.588179e-02
<MEAN> 25
 8.288681e+00 2.569518e-01 1.368139e-02 8.535060e-01 -2.538876e+00 -3.222666e-01 -4.766661e+00 -4.521189e+00 -1.848685e+00 9.728839e-01 -1.874268e+00 -3.042446e+00 1.017938e-01 1.238445e+00 1.823947e+00 2.723270e+00 -1.470644e-01 -3.271341e-01 5.712060e-01 -1.985385e+00 -9.287686e-01 -3.989789e-01 8.094593e-02 2.256605e-01 -5.477209e-02
<VARIANCE> 25
 7.269935e+00 2.548045e+01 2.506674e+01 4.431084e+01 3.779481e+01 4.357687e+01 5.239050e+01 4.766693e+01 4.743467e+01 3.753978e+01 4.044428e+01 2.798695e+01 1.137232e+00 1.651756e+00 3.706686e+00 3.565359e+00 4.676674e+00 4.737564e+00 4.513068e+00 5.408887e+00 4.630051e+00 5.018826e+00 5.355717e+00 3.281413e+00 1.069160e-03
<GCONST> 9.660371e+01
<MIXTURE> 35 1.467755e-02
<MEAN> 25
 -1.994647e+00 -4.821946e+00 -9.200381e+00 -1.263016e+00 8.957736e+00 7.834813e-01 2.281458e+00 1.949388e+00 2.167473e+00 3.855764e+00 4.883009e-02 8.849049e-01 6.113634e-01 -8.907411e-01 -1.181266e+00 -1.367402e+00 3.176044e-01 -6.274405e-01 -5.954741e-01 7.759406e-02 -3.322143e-01 3.809519e-01 -8.088433e-01 -4.963681e-01 9.525020e-02
<VARIANCE> 25
 2.032980e+01 2.480742e+01 3.786212e+01 5.870288e+01 3.711761e+01 4.876259e+01 4.736694e+01 4.351408e+01 4.657206e+01 3.519564e+01 3.303256e+01 3.084201e+01 3.265036e+00 3.182929e+00 5.971266e+00 4.783293e+00 4.255488e+00 5.723170e+00 4.843022e+00 4.559585e+00 5.292668e+00 4.512509e+00 3.982743e+00 3.470984e+00 4.892977e-03
<GCONST> 1.017973e+02
<MIXTURE> 36 1.093293e-02
<MEAN> 25
 3.983190e+00 -2.848136e+00 6.078866e+00 2.490663e+00 -9.449169e+00 -8.073870e+00 -6.596470e+00 3.199471e+00 -2.688280e+00 -4.221625e+00 1.956893e+00 2.457616e-01 3.784774e-01 1.211904e-01 -8.602343e-01 1.923940e-02 7.404240e-01 1.105060e-01 -3.062272e-01 -1.928661e-02 3.141305e-01 6.515139e-01 -5.132809e-01 -2.107779e-01 -1.721771e-02
<VARIANCE> 25
 1.137873e+01 1.535081e+01 2.304219e+01 2.284265e+01 2.779517e+01 2.825519e+01 4.439601e+01 3.011743e+01 3.691972e+01 2.664478e+01 2.519917e+01 2.197406e+01 4.587673e-01 6.420689e-01 1.665826e+00 1.128929e+00 1.647223e+00 1.457150e+00 1.903539e+00 1.828085e+00 2.343070e+00 1.644416e+00 1.406350e+00 1.629213e+00 7.023059e-04
<GCONST> 8.089689e+01
<MIXTURE> 37 1.246826e-02
<MEAN> 25
 -5.874539e-02 7.350954e+00 1.127322e+01 -4.679115e+00 -8.599345e+00 -1.063920e+00 -5.650508e+00 -7.644010e+00 -3.995764e+00 -7.844991e-01 -2.983741e+00 -8.090102e-01 -7.678930e-02 7.519160e-01 -1.507949e+00 3.601348e+00 1.542843e+00 -5.162312e-01 7.862376e-01 4.350102e-01 6.735665e-01 -3.910624e-01 4.361360e-01 -2.220090e-01 -7.850286e-02
<VARIANCE> 25
 1.737928e+01 2.522246e+01 3.229858e+01 5.204103e+01 3.390923e+01 2.810136e+01 4.037531e+01 3.417606e+01 3.847467e+01 3.181173e+01 3.574917e+01 2.912600e+01 2.986487e+00 3.062205e+00 2.827981e+00 3.691235e+00 5.369269e+00 3.585447e+00 4.391242e+00 3.353171e+00 3.226169e+00 3.365559e+00 3.456610e+00 2.583248e+00 5.073807e-03
<GCONST> 9.710067e+01
<MIXTURE> 38 1.154525e-02
<MEAN> 25
 -4.370100e+00 8.463739e+00 4.296377e+00 3.368039e+00 6.415561e-01 -5.869365e+00 -9.822327e-01 -2.180605e+00 -1.712069e+00 -2.465360e+00 -1.328501e+00 -4.333276e-01 -4.364939e+00 1.272471e+00 -2.664524e-01 1.384148e+00 2.640517e+00 1.266984e+00 1.937467e+00 9.877123e-01 9.935635e-01 6.757250e-01 1.034391e+00 2.352207e-01 4.506543e-02
<VARIANCE> 25
 2.844200e+01 2.847232e+01 3.560122e+01 2.968745e+01 4.667500e+01 3.614749e+01 3.383284e+01 3.991997e+01 4.215872e+01 3.255495e+01 2.248081e+01 2.602045e+01 2.326599e+00 3.540579e+00 3.584953e+00 4.779170e+00 4.043703e+00 4.660905e+00 4.406871e+00 4.173894e+00 4.318025e+00 4.553147e+00 3.962373e+00 2.978209e+00 1.950638e-03
<GCONST> 9.784715e+01
<MIXTURE> 39 9.501865e-03
<MEAN> 25
 1.326793e+00 2.396670e+00 1.007971e+01 -8.798041e+00 -1.094898e+01 -8.304156e-01 -3.161497e+00 -6.055686e+00 -4.642049e+00 8.365235e-01 -3.340774e+00 -2.080735e+00 -7.189202e-01 1.447999e+00 1.581728e+00 -1.308116e+00 6.505062e-02 1.128348e+00 -1.121642e+00 -1.251390e+00 4.435860e-01 3.690299e-01 -4.483077e-01 1.475138e-01 1.575295e-03
<VARIANCE> 25
 8.421266e+00 2.879379e+01 3.146777e+01 3.880344e+01 3.681338e+01 4.096347e+01 4.279608e+01 3.686335e+01 3.761403e+01 3.217442e+01 3.636305e+01 2.860229e+01 6.967485e-01 1.561033e+00 1.566701e+00 2.888573e+00 2.354530e+00 2.788588e+00 3.156514e+00 2.856265e+00 2.438644e+00 2.721884e+00 2.095068e+00 2.085091e+00 1.169936e-03
<GCONST> 8.956408e+01
<MIXTURE> 40 1.030800e-02
<MEAN> 25
 -9.073769e+00 1.952050e+00 -1.106900e+00 8.086412e+00 3.742743e+00 5.455134e+00 5.301840e+00 4.178814e+00 4.697237e+00 3.946341e+00 5.591300e+00 1.627254e+00 -9.492807e-02 -2.490743e-01 -5.360883e-02 -2.639029e-01 -1.246555e-01 -1.221426e-01 5.873252e-02 6.194413e-02 1.812821e-02 2.243701e-02 6.366958e-02 2.461899e-02 3.369410e-03
<VARIANCE> 25
 4.337527e+01 2.105031e+01 2.877464e+01 2.692487e+01 2.568842e+01 1.880745e+01 1.954045e+01 1.828679e+01 1.744841e+01 2.033984e+01 1.906767e+01 1.441784e+01 7.405244e-01 7.398708e-01 9.071119e-01 1.137184e+00 1.153114e+00 1.241385e+00 1.300277e+00 1.253850e+00 1.260183e+00 1.237038e+00 1.154226e+00 1.060064e+00 8.549183e-04
<GCONST> 7.682162e+01
<MIXTURE> 41 6.713375e-03
<MEAN> 25
 1.312606e+00 1.764182e+00 1.045455e+01 -6.943759e+00 -1.041476e+01 -3.791636e+00 -2.518327e+00 -5.020128e+00 -4.686497e+00 2.614015e+00 -1.701636e+00 -9.080476e-01 6.667176e-02 -7.353796e-01 1.663587e+00 -3.511512e+00 -2.452597e+00 -1.224187e-01 -5.272189e-01 -3.442483e-01 -8.399741e-01 1.088579e+00 -1.038906e+00 7.398012e-02 8.585208e-02
<VARIANCE> 25
 1.157863e+01 2.937493e+01 3.274647e+01 3.963733e+01 3.855340e+01 4.006820e+01 3.686197e+01 2.966781e+01 3.305814e+01 2.879554e+01 3.166239e+01 2.707672e+01 3.172161e+00 3.326961e+00 3.888635e+00 3.964095e+00 4.859097e+00 5.814277e+00 4.710985e+00 4.539168e+00 3.994951e+00 4.176414e+00 3.793473e+00 3.198130e+00 2.914873e-03
<GCONST> 9.786497e+01
<MIXTURE> 42 1.106211e-02
<MEAN> 25
 -1.860856e+00 4.360322e+00 4.224869e+00 2.562690e+00 2.453883e-01 -5.670863e+00 -1.266465e+00 -1.867955e+00 -1.302532e+00 -1.174649e+00 -1.993083e+00 1.474285e+00 4.103253e+00 -3.068596e-01 1.342765e+00 1.647385e-01 -2.989752e+00 -1.091909e+00 -2.170119e+00 -7.546045e-01 -1.012357e+00 -5.737658e-01 5.078188e-01 -9.787907e-01 9.192489e-03
<VARIANCE> 25
 3.479357e+01 2.051490e+01 4.879110e+01 2.552001e+01 3.771330e+01 4.213591e+01 3.576056e+01 2.555982e+01 3.080416e+01 2.931931e+01 1.966364e+01 1.742927e+01 3.451854e+00 4.757473e+00 6.139832e+00 4.503249e+00 4.405896e+00 5.829522e+00 4.795273e+00 5.200636e+00 5.278441e+00 4.910463e+00 3.960070e+00 3.346958e+00 4.224484e-03
<GCONST> 9.942908e+01
<MIXTURE> 43 7.108249e-03
<MEAN> 25
 3.137906e+00 -6.255931e+00 -2.228302e+00 -5.156640e+00 -7.396085e+00 -3.416441e+00 4.099819e+00 1.323105e+00 -5.051561e+00 -7.022000e+00 -4.324806e+00 -1.226439e+00 2.294181e-01 2.157300e+00 1.910750e+00 -1.255505e-01 -1.409680e+00 -7.944119e-01 -9.503599e-01 -7.812198e-01 8.313672e-01 1.463600e+00 3.502681e-01 2.065005e-02 -4.489367e-02
<VARIANCE> 25
 9.666144e+00 1.988607e+01 2.733084e+01 3.515368e+01 3.836269e+01 3.655578e+01 3.343053e+01 3.959528e+01 3.945375e+01 3.904430e+01 2.645167e+01 2.939877e+01 6.987410e-01 1.250217e+00 1.562983e+00 2.485504e+00 2.420190e+00 2.369061e+00 2.694587e+00 3.007657e+00 2.622645e+00 2.566620e+00 2.329157e+00 1.908132e+00 9.429699e-04
<GCONST> 8.799610e+01
<MIXTURE> 44 7.328289e-03
<MEAN> 25
 -1.427558e+01 1.289865e+00 2.721395e+00 -3.612660e+00 3.598579e+00 1.381605e+00 -2.377609e-01 2.423212e+00 1.513163e+00 -7.420902e-01 1.708695e+00 1.709403e+00 -1.638645e-01 -8.464783e-04 -2.455911e-02 2.472937e-01 -1.563248e-01 3.042715e-01 4.879350e-01 -8.525196e-03 1.983771e-01 1.651373e-01 -2.186362e-02 1.507368e-01 6.798111e-03
<VARIANCE> 25
 4.680613e+01 2.466959e+01 3.503673e+01 2.930694e+01 2.613132e+01 3.522755e+01 2.418304e+01 3.176083e+01 3.346458e+01 2.552617e+01 2.458146e+01 1.821841e+01 1.109219e+00 1.474412e+00 1.675019e+00 1.382712e+00 2.114145e+00 1.618885e+00 1.471141e+00 1.808409e+00 1.869871e+00 1.618335e+00 1.545050e+00 1.168115e+00 1.277434e-03
<GCONST> 8.483167e+01
<MIXTURE> 45 1.364932e-02
<MEAN> 25
 -1.143319e+01 2.811068e+00 -2.154705e-01 1.940144e+00 5.272850e+00 -1.970778e+00 3.109645e+00 3.584741e+00 4.020243e+00 1.204123e+00 2.265924e+00 1.258003e+00 -3.086398e+00 4.947488e-01 -6.125249e-01 -5.017025e-01 1.812760e-01 -1.542795e-01 5.412664e-01 -1.660639e-01 -3.067270e-01 -1.738473e-01 1.403321e-01 1.453139e-01 1.101360e-01
<VARIANCE> 25
 3.433773e+01 2.799932e+01 2.420273e+01 2.689615e+01 2.348179e+01 2.934297e+01 2.530222e+01 2.126945e+01 2.015365e+01 2.663318e+01 2.657671e+01 1.491569e+01 1.842565e+00 2.627381e+00 2.659102e+00 2.216849e+00 1.784154e+00 2.352701e+00 1.879187e+00 2.059995e+00 2.139855e+00 3.136490e+00 1.568864e+00 1.145080e+00 2.970337e-03
<GCONST> 8.719510e+01
<MIXTURE> 46 9.336259e-03
<MEAN> 25
 -9.400439e+00 2.259954e+00 1.115515e+00 7.414590e+00 5.944348e+00 3.283005e+00 6.958151e+00 4.426396e+00 5.675617e+00 4.621555e+00 4.971988e+00 2.843589e+00 1.097106e+00 -2.186180e-01 1.658065e-02 9.843152e-01 5.869099e-01 9.795494e-01 3.887753e-01 6.499587e-01 4.446102e-01 5.059092e-01 6.242695e-01 5.310604e-01 -1.047926e-01
<VARIANCE> 25
 3.419623e+01 4.324861e+01 3.834537e+01 5.063874e+01 5.013715e+01 4.056743e+01 3.722628e+01 3.525698e+01 3.291465e+01 3.084023e+01 2.805342e+01 2.035715e+01 3.998514e+00 4.128520e+00 3.871407e+00 4.093288e+00 4.132304e+00 3.766514e+00 3.337521e+00 3.122452e+00 3.068235e+00 2.856680e+00 2.306371e+00 1.763182e+00 7.869968e-03
<GCONST> 9.826954e+01
<MIXTURE> 47 7.116147e-03
<MEAN> 25
 6.818596e+00 -7.098306e+00 -7.732405e+00 -6.438365e+00 1.777446e+00 9.430930e-01 -1.748858e+00 9.027304e-01 3.254288e+00 1.853676e-01 -4.015640e+00 -6.326505e+00 -1.237411e-01 -1.198759e+00 -7.576030e-01 -4.157066e-01 5.838023e-01 9.274136e-01 9.488533e-01 2.999800e-01 1.192267e-01 -8.900165e-01 -4.080778e-01 -5.534180e-01 3.016029e-02
<VARIANCE> 25
 1.373503e+01 2.100257e+01 1.958730e+01 3.167111e+01 3.551957e+01 5.055284e+01 4.953200e+01 4.175384e+01 4.288823e+01 4.453186e+01 4.764917e+01 3.375127e+01 5.593877e-01 7.988655e-01 1.176601e+00 1.604031e+00 1.904670e+00 2.323301e+00 2.318172e+00 2.385524e+00 2.221840e+00 2.111866e+00 2.196933e+00 2.246186e+00 5.289211e-04
<GCONST> 8.673170e+01
<MIXTURE> 48 7.116147e-03
<MEAN> 25
 6.818596e+00 -7.098306e+00 -7.732405e+00 -6.438365e+00 1.777446e+00 9.430930e-01 -1.748858e+00 9.027304e-01 3.254288e+00 1.853676e-01 -4.015640e+00 -6.326505e+00 -1.237411e-01 -1.198759e+00 -7.576030e-01 -4.157066e-01 5.838023e-01 9.274136e-01 9.488533e-01 2.999800e-01 1.192267e-01 -8.900165e-01 -4.080778e-01 -5.534180e-01 3.016029e-02
<VARIANCE> 25
 1.373503e+01 2.100257e+01 1.958730e+01 3.167111e+01 3.551957e+01 5.055284e+01 4.953200e+01 4.175384e+01 4.288823e+01 4.453186e+01 4.764917e+01 3.375127e+01 5.593877e-01 7.988655e-01 1.176601e+00 1.604031e+00 1.904670e+00 2.323301e+00 2.318172e+00 2.385524e+00 2.221840e+00 2.111866e+00 2.196933e+00 2.246186e+00 5.289211e-04
<GCONST> 8.673170e+01
<MIXTURE> 49 5.548473e-03
<MEAN> 25
 -5.085937e+00 3.538290e-01 1.711479e-01 8.452913e+00 6.146711e+00 5.619790e+00 6.070509e+00 4.488243e+00 5.024831e+00 3.721133e+00 4.933182e+00 2.860811e+00 3.659441e-01 6.558697e-01 7.024390e-01 3.535711e-01 -1.961990e-01 -6.694226e-01 -1.009118e+00 -1.121418e+00 -9.560349e-01 -6.807583e-01 -4.923995e-01 -2.712313e-01 -2.233664e-05
<VARIANCE> 25
 9.603641e+00 1.003736e+01 1.425239e+01 1.587236e+01 1.590194e+01 1.713425e+01 1.944504e+01 1.942492e+01 1.823250e+01 1.796277e+01 2.063814e+01 1.429957e+01 2.803623e-01 2.632222e-01 3.595525e-01 6.114678e-01 8.697898e-01 9.739131e-01 9.922392e-01 1.052541e+00 1.135035e+00 1.219238e+00 1.281289e+00 1.208582e+00 1.435639e-05
<GCONST> 6.432458e+01
<MIXTURE> 50 6.234641e-03
<MEAN> 25
 -4.665625e+00 9.200306e-02 -1.450935e+00 6.199618e+00 4.219385e+00 2.276231e+00 3.705379e+00 1.986219e+00 2.781065e+00 1.404279e+00 2.156826e+00 2.845347e+00 5.638772e-02 1.758535e-01 9.529303e-02 -1.772315e-01 -5.116417e-01 -6.151839e-01 -4.264824e-01 -5.137777e-02 4.410373e-01 7.738138e-01 7.382684e-01 4.449422e-01 -1.303228e-05
<VARIANCE> 25
 1.054521e+01 1.115779e+01 1.434388e+01 1.541897e+01 1.534880e+01 1.857420e+01 1.856408e+01 1.948583e+01 1.854675e+01 1.748685e+01 2.164557e+01 1.520792e+01 1.447671e-01 2.394039e-01 3.784833e-01 5.172463e-01 5.987121e-01 7.346873e-01 9.566604e-01 1.117891e+00 1.059956e+00 9.097658e-01 9.202861e-01 9.893365e-01 9.997260e-07
<GCONST> 5.954264e+01
<MIXTURE> 51 6.234641e-03
<MEAN> 25
 -4.665625e+00 9.200306e-02 -1.450935e+00 6.199618e+00 4.219385e+00 2.276231e+00 3.705379e+00 1.986219e+00 2.781065e+00 1.404279e+00 2.156826e+00 2.845347e+00 5.638772e-02 1.758535e-01 9.529303e-02 -1.772315e-01 -5.116417e-01 -6.151839e-01 -4.264824e-01 -5.137777e-02 4.410373e-01 7.738138e-01 7.382684e-01 4.449422e-01 -1.303228e-05
<VARIANCE> 25
 1.054521e+01 1.115779e+01 1.434388e+01 1.541897e+01 1.534880e+01 1.857420e+01 1.856408e+01 1.948583e+01 1.854675e+01 1.748685e+01 2.164557e+01 1.520792e+01 1.447671e-01 2.394039e-01 3.784833e-01 5.172463e-01 5.987121e-01 7.346873e-01 9.566604e-01 1.117891e+00 1.059956e+00 9.097658e-01 9.202861e-01 9.893365e-01 9.997260e-07
<GCONST> 5.954264e+01
<MIXTURE> 52 6.367945e-03
<MEAN> 25
 8.985369e+00 2.452829e+00 -6.156076e+00 -1.281054e+01 -3.357750e+00 8.062085e+00 -2.233693e+00 -3.138623e+00 -5.601952e+00 -1.611871e+00 3.518157e+00 1.156801e+00 -4.107394e-01 -4.353662e-01 -7.574517e-02 1.021062e+00 1.344167e+00 -3.984094e-01 -6.246024e-01 -7.505675e-01 2.781298e-01 1.160673e+00 4.113967e-01 -5.523708e-01 -1.252764e-02
<VARIANCE> 25
 1.418107e+01 1.844187e+01 2.173129e+01 4.352431e+01 4.324997e+01 2.754542e+01 4.156290e+01 4.215417e+01 4.349160e+01 4.112786e+01 3.474288e+01 2.677188e+01 4.049956e-01 1.319208e+00 1.245305e+00 2.479326e+00 2.015303e+00 2.098726e+00 2.600848e+00 2.454190e+00 3.181506e+00 2.492296e+00 2.246341e+00 2.019899e+00 1.394242e-03
<GCONST> 8.804527e+01
<MIXTURE> 53 6.367945e-03
<MEAN> 25
 8.985369e+00 2.452829e+00 -6.156076e+00 -1.281054e+01 -3.357750e+00 8.062085e+00 -2.233693e+00 -3.138623e+00 -5.601952e+00 -1.611871e+00 3.518157e+00 1.156801e+00 -4.107394e-01 -4.353662e-01 -7.574517e-02 1.021062e+00 1.344167e+00 -3.984094e-01 -6.246024e-01 -7.505675e-01 2.781298e-01 1.160673e+00 4.113967e-01 -5.523708e-01 -1.252764e-02
<VARIANCE> 25
 1.418107e+01 1.844187e+01 2.173129e+01 4.352431e+01 4.324997e+01 2.754542e+01 4.156290e+01 4.215417e+01 4.349160e+01 4.112786e+01 3.474288e+01 2.677188e+01 4.049956e-01 1.319208e+00 1.245305e+00 2.479326e+00 2.015303e+00 2.098726e+00 2.600848e+00 2.454190e+00 3.181506e+00 2.492296e+00 2.246341e+00 2.019899e+00 1.394242e-03
<GCONST> 8.804527e+01
<MIXTURE> 54 7.368620e-03
<MEAN> 25
 -3.624439e+00 4.442325e-02 -6.808484e-01 8.025555e+00 6.469185e+00 4.619967e+00 4.674879e+00 4.589115e+00 4.058564e+00 3.585234e+00 4.448465e+00 2.316898e+00 -1.532979e-03 2.623469e-02 3.352136e-02 4.734403e-02 5.165111e-02 4.634391e-02 3.912808e-02 2.793369e-02 3.133094e-02 2.444838e-02 1.048127e-02 1.152165e-03 -1.230836e-05
<VARIANCE> 25
 9.167604e+00 1.035725e+01 9.281388e+00 1.821653e+01 1.341452e+01 1.352425e+01 1.194936e+01 1.133764e+01 1.133793e+01 1.356418e+01 1.781329e+01 1.255870e+01 4.099294e-02 8.723371e-02 1.540135e-01 2.261726e-01 3.074109e-01 3.965027e-01 4.600248e-01 5.211403e-01 5.412241e-01 5.203823e-01 5.222554e-01 5.156948e-01 9.981521e-07
<GCONST> 4.726634e+01
<MIXTURE> 55 7.368620e-03
<MEAN> 25
 -3.624439e+00 4.442325e-02 -6.808484e-01 8.025555e+00 6.469185e+00 4.619967e+00 4.674879e+00 4.589115e+00 4.058564e+00 3.585234e+00 4.448465e+00 2.316898e+00 -1.532979e-03 2.623469e-02 3.352136e-02 4.734403e-02 5.165111e-02 4.634391e-02 3.912808e-02 2.793369e-02 3.133094e-02 2.444838e-02 1.048127e-02 1.152165e-03 -1.230836e-05
<VARIANCE> 25
 9.167604e+00 1.035725e+01 9.281388e+00 1.821653e+01 1.341452e+01 1.352425e+01 1.194936e+01 1.133764e+01 1.133793e+01 1.356418e+01 1.781329e+01 1.255870e+01 4.099294e-02 8.723371e-02 1.540135e-01 2.261726e-01 3.074109e-01 3.965027e-01 4.600248e-01 5.211403e-01 5.412241e-01 5.203823e-01 5.222554e-01 5.156948e-01 9.981521e-07
<GCONST> 4.726634e+01
<MIXTURE> 56 6.132464e-03
<MEAN> 25
 7.109457e+00 -6.255336e+00 -8.955602e+00 -8.489305e+00 3.826907e+00 3.781005e+00 -1.751429e+00 -1.745139e+00 2.844999e+00 1.255421e+00 -3.149938e+00 -6.715534e+00 1.538664e-02 7.361693e-02 -9.641284e-02 -1.291261e-03 2.891618e-01 8.288918e-02 1.309102e-01 1.400808e-02 -1.470645e-01 -2.076086e-02 -8.677351e-02 1.896640e-03 -6.371880e-03
<VARIANCE> 25
 1.072949e+01 2.452800e+01 1.890022e+01 3.869541e+01 3.099294e+01 4.736059e+01 5.912867e+01 3.528678e+01 4.678250e+01 4.017293e+01 4.320581e+01 3.083910e+01 2.100598e-01 4.350868e-01 4.384035e-01 7.239882e-01 7.522545e-01 1.049769e+00 8.604520e-01 1.133763e+00 1.032177e+00 9.101785e-01 9.803553e-01 7.440226e-01 2.277787e-04
<GCONST> 7.521672e+01
<MIXTURE> 57 6.132464e-03
<MEAN> 25
 7.109457e+00 -6.255336e+00 -8.955602e+00 -8.489305e+00 3.826907e+00 3.781005e+00 -1.751429e+00 -1.745139e+00 2.844999e+00 1.255421e+00 -3.149938e+00 -6.715534e+00 1.538664e-02 7.361693e-02 -9.641284e-02 -1.291261e-03 2.891618e-01 8.288918e-02 1.309102e-01 1.400808e-02 -1.470645e-01 -2.076086e-02 -8.677351e-02 1.896640e-03 -6.371880e-03
<VARIANCE> 25
 1.072949e+01 2.452800e+01 1.890022e+01 3.869541e+01 3.099294e+01 4.736059e+01 5.912867e+01 3.528678e+01 4.678250e+01 4.017293e+01 4.320581e+01 3.083910e+01 2.100598e-01 4.350868e-01 4.384035e-01 7.239882e-01 7.522545e-01 1.049769e+00 8.604520e-01 1.133763e+00 1.032177e+00 9.101785e-01 9.803553e-01 7.440226e-01 2.277787e-04
<GCONST> 7.521672e+01
<MIXTURE> 58 6.172147e-03
<MEAN> 25
 2.509784e+00 -2.570543e+00 6.955893e+00 -4.078134e+00 -1.173126e+01 -4.606590e+00 1.234705e+00 1.907798e+00 -3.477204e+00 1.428670e+00 1.009167e-01 8.391488e-02 -4.904142e-02 -1.467711e-01 1.242384e-01 -1.809908e-01 -3.796170e-02 1.450101e-01 4.365377e-01 -3.821037e-02 -7.573915e-02 -7.340227e-02 -8.261602e-03 -1.980079e-01 -2.022461e-03
<VARIANCE> 25
 6.237001e+00 1.288531e+01 1.770802e+01 2.540521e+01 2.624697e+01 4.050740e+01 3.166993e+01 3.359561e+01 3.034363e+01 2.743879e+01 1.962696e+01 2.003620e+01 3.124715e-01 6.875390e-01 8.921098e-01 1.034063e+00 8.583993e-01 1.106071e+00 1.053288e+00 1.522777e+00 1.024010e+00 1.035634e+00 1.030035e+00 9.586383e-01 6.070336e-04
<GCONST> 7.452147e+01
<MIXTURE> 59 6.172147e-03
<MEAN> 25
 2.509784e+00 -2.570543e+00 6.955893e+00 -4.078134e+00 -1.173126e+01 -4.606590e+00 1.234705e+00 1.907798e+00 -3.477204e+00 1.428670e+00 1.009167e-01 8.391488e-02 -4.904142e-02 -1.467711e-01 1.242384e-01 -1.809908e-01 -3.796170e-02 1.450101e-01 4.365377e-01 -3.821037e-02 -7.573915e-02 -7.340227e-02 -8.261602e-03 -1.980079e-01 -2.022461e-03
<VARIANCE> 25
 6.237001e+00 1.288531e+01 1.770802e+01 2.540521e+01 2.624697e+01 4.050740e+01 3.166993e+01 3.359561e+01 3.034363e+01 2.743879e+01 1.962696e+01 2.003620e+01 3.124715e-01 6.875390e-01 8.921098e-01 1.034063e+00 8.583993e-01 1.106071e+00 1.053288e+00 1.522777e+00 1.024010e+00 1.035634e+00 1.030035e+00 9.586383e-01 6.070336e-04
<GCONST> 7.452147e+01
<MIXTURE> 60 4.479129e-03
<MEAN> 25
 -4.157930e+00 -7.422343e-01 -1.090239e+00 3.678626e+00 1.689748e+00 2.174570e+00 1.771924e+00 1.564993e+00 2.234569e+00 1.116916e+00 2.359701e+00 1.803522e+00 -2.497219e-02 6.304839e-02 9.679619e-02 1.227776e-01 1.332996e-01 1.271053e-01 1.693661e-01 3.100400e-01 5.343171e-01 6.521320e-01 5.587819e-01 3.041830e-01 -5.399937e-04
<VARIANCE> 25
 7.227808e+00 4.662350e+00 1.019057e+01 1.111355e+01 1.335233e+01 1.679757e+01 1.480723e+01 1.167902e+01 1.322369e+01 1.378130e+01 1.571908e+01 1.255810e+01 8.554817e-02 1.665321e-01 2.756962e-01 4.811634e-01 6.094978e-01 7.146146e-01 8.632796e-01 8.868933e-01 8.980095e-01 8.342855e-01 8.315819e-01 8.521870e-01 2.388713e-05
<GCONST> 5.660568e+01
<MIXTURE> 61 4.479129e-03
<MEAN> 25
 -4.157930e+00 -7.422343e-01 -1.090239e+00 3.678626e+00 1.689748e+00 2.174570e+00 1.771924e+00 1.564993e+00 2.234569e+00 1.116916e+00 2.359701e+00 1.803522e+00 -2.497219e-02 6.304839e-02 9.679619e-02 1.227776e-01 1.332996e-01 1.271053e-01 1.693661e-01 3.100400e-01 5.343171e-01 6.521320e-01 5.587819e-01 3.041830e-01 -5.399937e-04
<VARIANCE> 25
 7.227808e+00 4.662350e+00 1.019057e+01 1.111355e+01 1.335233e+01 1.679757e+01 1.480723e+01 1.167902e+01 1.322369e+01 1.378130e+01 1.571908e+01 1.255810e+01 8.554817e-02 1.665321e-01 2.756962e-01 4.811634e-01 6.094978e-01 7.146146e-01 8.632796e-01 8.868933e-01 8.980095e-01 8.342855e-01 8.315819e-01 8.521870e-01 2.388713e-05
<GCONST> 5.660568e+01
<MIXTURE> 62 3.278034e-03
<MEAN> 25
 -5.091026e+00 1.241214e+00 1.026271e+00 8.818723e+00 6.130915e+00 5.050725e+00 5.499556e+00 4.033865e+00 4.986128e+00 3.917933e+00 4.966511e+00 2.951131e+00 -1.003324e+00 -1.166706e+00 -9.532436e-01 -2.767730e-01 4.275916e-01 1.005176e+00 1.384688e+00 1.552256e+00 1.478758e+00 1.243487e+00 1.067137e+00 7.261052e-01 -1.264886e-03
<VARIANCE> 25
 9.873005e+00 9.958960e+00 1.311584e+01 1.673339e+01 1.741418e+01 1.752483e+01 1.970122e+01 1.911283e+01 1.886002e+01 1.872700e+01 2.156159e+01 1.479604e+01 4.017271e-01 4.320417e-01 5.541465e-01 7.793610e-01 1.035032e+00 1.192222e+00 1.252357e+00 1.279046e+00 1.329671e+00 1.363855e+00 1.400036e+00 1.371338e+00 1.632312e-05
<GCONST> 6.752585e+01
<MIXTURE> 63 4.351215e-03
<MEAN> 25
 -3.209755e+00 -2.501992e+00 -4.272605e+00 2.599119e+00 3.110424e+00 4.731263e-01 2.890205e+00 1.370626e+00 3.154042e+00 -1.740695e+00 -1.177583e+00 1.614081e+00 -8.216655e-02 3.138429e-01 3.365120e-01 4.523189e-01 5.020516e-01 3.862256e-01 4.462685e-01 2.081772e-01 1.205983e-01 2.196325e-01 2.662484e-01 2.420045e-01 -4.635542e-03
<VARIANCE> 25
 1.047471e+01 1.317918e+01 1.546346e+01 1.633003e+01 1.677671e+01 2.842917e+01 2.564955e+01 2.197068e+01 2.889396e+01 2.248982e+01 1.832094e+01 1.782533e+01 2.610552e-01 4.133369e-01 6.388598e-01 7.334967e-01 9.174253e-01 1.128443e+00 1.352174e+00 1.214434e+00 1.481913e+00 1.401050e+00 1.294303e+00 1.170121e+00 1.915750e-04
<GCONST> 7.130455e+01
<MIXTURE> 64 4.351215e-03
<MEAN> 25
 -3.209755e+00 -2.501992e+00 -4.272605e+00 2.599119e+00 3.110424e+00 4.731263e-01 2.890205e+00 1.370626e+00 3.154042e+00 -1.740695e+00 -1.177583e+00 1.614081e+00 -8.216655e-02 3.138429e-01 3.365120e-01 4.523189e-01 5.020516e-01 3.862256e-01 4.462685e-01 2.081772e-01 1.205983e-01 2.196325e-01 2.662484e-01 2.420045e-01 -4.635542e-03
<VARIANCE> 25
 1.047471e+01 1.317918e+01 1.546346e+01 1.633003e+01 1.677671e+01 2.842917e+01 2.564955e+01 2.197068e+01 2.889396e+01 2.248982e+01 1.832094e+01 1.782533e+01 2.610552e-01 4.133369e-01 6.388598e-01 7.334967e-01 9.174253e-01 1.128443e+00 1.352174e+00 1.214434e+00 1.481913e+00 1.401050e+00 1.294303e+00 1.170121e+00 1.915750e-04
<GCONST> 7.130455e+01
<MIXTURE> 65 1.721197e-02
<MEAN> 25
 6.765723e+00 1.778116e+00 1.334096e+00 1.130981e+00 -4.258992e+00 -2.623181e+00 -5.087382e+00 -5.059979e+00 -4.772829e+00 -6.467798e-01 -3.279278e+00 -1.043356e+00 5.015385e-02 8.796714e-02 -8.787104e-02 5.386158e-02 -3.584384e-01 1.625595e-01 -3.411603e-01 2.210981e-01 3.546347e-01 1.556840e-01 -1.728146e-01 -6.475535e-02 -1.828569e-03
<VARIANCE> 25
 1.002787e+01 1.481546e+01 2.672748e+01 3.182364e+01 2.995862e+01 4.541607e+01 5.293131e+01 5.221389e+01 5.503757e+01 4.891299e+01 4.803852e+01 3.792027e+01 5.570183e-01 7.220556e-01 1.600094e+00 1.691019e+00 1.948443e+00 2.219489e+00 2.388319e+00 3.854353e+00 2.313358e+00 2.349638e+00 2.036874e+00 1.882679e+00 3.519622e-04
<GCONST> 8.709322e+01
<MIXTURE> 66 1.191532e-02
<MEAN> 25
 6.435993e+00 -3.597196e+00 -5.235276e+00 -5.163695e+00 1.319525e+00 -3.388719e+00 -5.573186e+00 1.279227e+00 1.892282e-01 -1.979346e-01 -5.468113e+00 -3.307834e+00 1.231464e-01 1.570588e+00 2.302822e+00 2.481007e+00 -1.241158e+00 -9.840223e-01 -5.182554e-02 -9.526691e-01 -5.900724e-01 -5.307207e-01 3.716931e-01 1.025625e+00 -5.924931e-02
<VARIANCE> 25
 7.826896e+00 2.044288e+01 2.303602e+01 2.842891e+01 3.239696e+01 5.328172e+01 5.326313e+01 3.803139e+01 4.989163e+01 6.773771e+01 3.415144e+01 3.089914e+01 1.178909e+00 2.061219e+00 1.965618e+00 2.269744e+00 3.591097e+00 3.855978e+00 3.715804e+00 4.928874e+00 4.444784e+00 4.502059e+00 4.429313e+00 2.951228e+00 1.260679e-03
<GCONST> 9.447070e+01
<MIXTURE> 67 1.559142e-02
<MEAN> 25
 8.865561e+00 2.059177e+00 -5.938272e+00 -8.171110e+00 9.670990e-01 3.042189e+00 -3.322982e+00 -2.351190e+00 -3.782073e+00 9.111449e-01 1.613712e-02 -1.740477e+00 -1.064635e+00 1.813211e+00 1.070814e+00 3.030805e+00 1.382973e+00 -5.042648e-01 1.279619e+00 1.014560e-01 2.260768e-01 2.046457e-01 -2.606093e-01 6.036816e-01 -1.282835e-01
<VARIANCE> 25
 1.202013e+01 3.826962e+01 3.031147e+01 5.555611e+01 4.874101e+01 5.320417e+01 6.111889e+01 5.292935e+01 6.412873e+01 5.714583e+01 5.518225e+01 4.660204e+01 2.152951e+00 3.420448e+00 3.246961e+00 4.575831e+00 4.462014e+00 4.472428e+00 4.649179e+00 5.043012e+00 5.800107e+00 4.805088e+00 5.076153e+00 3.716156e+00 3.127159e-03
<GCONST> 1.028488e+02
<MIXTURE> 68 1.485092e-02
<MEAN> 25
 -1.724720e+00 -1.955013e+00 -4.158751e+00 5.294514e-01 5.308744e+00 -3.088023e-01 1.955417e+00 1.848745e+00 1.870612e+00 1.700334e+00 5.390278e-01 1.331097e+00 2.720471e+00 6.239640e-01 5.877864e-02 -2.388677e+00 -2.366365e+00 -1.487292e+00 -2.157245e+00 -1.616531e+00 -1.797310e+00 -1.160770e+00 -1.881530e+00 -9.144562e-01 9.412743e-02
<VARIANCE> 25
 2.437734e+01 2.960927e+01 5.251908e+01 4.952526e+01 4.196316e+01 4.902061e+01 4.251692e+01 4.411799e+01 4.237834e+01 4.047834e+01 3.518424e+01 2.582066e+01 1.762565e+00 3.383696e+00 5.243035e+00 5.363773e+00 4.520212e+00 5.225285e+00 5.385671e+00 5.023467e+00 5.144574e+00 5.508900e+00 4.652654e+00 3.135056e+00 5.982050e-03
<GCONST> 1.023049e+02
<MIXTURE> 69 1.204884e-02
<MEAN> 25
 4.499350e+00 -4.214520e+00 -3.552215e+00 -3.768877e+00 -3.036232e+00 -7.496564e+00 -7.510422e-01 2.169939e+00 -2.250898e-01 -4.110805e+00 -5.339557e+00 4.896987e-01 1.663757e+00 -2.072157e+00 -1.280878e+00 -2.152121e+00 -5.395656e-01 -4.114069e-01 -6.459849e-01 8.212274e-01 -8.759445e-01 -1.114377e+00 -2.197888e+00 -1.321510e-01 5.975693e-02
<VARIANCE> 25
 8.617337e+00 2.006946e+01 2.529878e+01 2.646078e+01 4.508039e+01 3.516110e+01 5.302337e+01 3.064771e+01 3.831443e+01 3.828156e+01 2.950105e+01 2.607411e+01 3.332279e+00 2.914950e+00 3.369438e+00 3.576175e+00 5.465694e+00 4.796965e+00 6.939883e+00 5.949258e+00 6.092293e+00 6.607433e+00 3.987754e+00 3.543638e+00 2.323347e-03
<GCONST> 9.833260e+01
<MIXTURE> 70 1.329190e-02
<MEAN> 25
 7.199948e+00 -1.995046e+00 -3.916464e+00 -3.715431e+00 -2.341644e-01 -5.827808e-01 -7.011691e+00 -3.932075e+00 6.206853e-01 3.140829e+00 -2.551163e-01 -4.724193e+00 1.910348e+00 -1.029652e+00 -7.518573e-01 -2.126056e+00 -1.464742e+00 1.100337e+00 -1.354412e+00 1.403104e-02 2.307242e-01 1.240260e-01 5.143696e-01 -1.341445e+00 5.566215e-02
<VARIANCE> 25
 1.081355e+01 2.174467e+01 2.669022e+01 4.560669e+01 3.438247e+01 4.201811e+01 5.503704e+01 4.269293e+01 4.951130e+01 3.270230e+01 4.388585e+01 2.689581e+01 3.469605e+00 3.171706e+00 4.509049e+00 4.752268e+00 4.995737e+00 6.165199e+00 6.534635e+00 7.466945e+00 6.369655e+00 5.412395e+00 5.944052e+00 4.199521e+00 2.537515e-03
<GCONST> 1.015715e+02
<MIXTURE> 71 1.406903e-02
<MEAN> 25
 6.201446e+00 4.722531e+00 4.181108e+00 3.257747e+00 -3.301493e+00 -3.120715e+00 -3.354862e+00 -5.770122e+00 -4.621824e+00 -2.091013e+00 -4.718153e+00 -2.904039e+00 -1.503442e+00 -6.787984e-01 -3.548650e-01 -1.655925e+00 8.968357e-01 -7.144927e-02 -8.475594e-02 1.723886e+00 3.824715e-01 -2.187590e-01 4.771561e-01 3.504201e-01 3.735229e-02
<VARIANCE> 25
 1.790204e+01 2.453297e+01 2.386014e+01 4.166273e+01 3.783008e+01 3.733980e+01 3.967642e+01 4.399167e+01 3.748378e+01 4.146502e+01 3.493879e+01 3.264789e+01 1.619513e+00 2.793551e+00 4.985173e+00 4.638831e+00 4.659214e+00 4.314739e+00 4.634043e+00 5.307248e+00 3.917750e+00 3.842159e+00 3.537086e+00 3.431057e+00 1.378184e-03
<GCONST> 9.751423e+01
<MIXTURE> 72 8.134747e-03
<MEAN> 25
 3.785916e+00 -3.625556e+00 5.441132e+00 -2.353308e+00 -1.035907e+01 -9.573527e+00 -2.474406e+00 1.910512e+00 -4.921397e+00 -2.184107e+00 -1.869001e+00 5.738874e-01 9.226213e-01 -7.803996e-01 -2.568428e+00 4.534005e-01 2.100008e+00 -6.398439e-01 -1.310869e+00 1.538033e+00 1.785961e+00 -5.829026e-01 -1.294586e+00 4.074656e-01 -6.045030e-03
<VARIANCE> 25
 1.079588e+01 1.960055e+01 3.285456e+01 3.895584e+01 3.216156e+01 3.322880e+01 4.105092e+01 3.603146e+01 4.326266e+01 4.093941e+01 3.838476e+01 2.839128e+01 4.416328e-01 1.018631e+00 2.013352e+00 1.463107e+00 2.258362e+00 2.347694e+00 3.033398e+00 2.752031e+00 2.657804e+00 2.960968e+00 2.009431e+00 2.143476e+00 5.353230e-04
<GCONST> 8.726498e+01
<MIXTURE> 73 1.213625e-02
<MEAN> 25
 -5.667361e+00 -8.466921e-01 -1.321916e+00 4.726418e+00 4.239533e+00 2.253620e+00 5.405506e+00 3.372114e+00 4.416500e+00 3.333672e+00 4.226577e+00 2.976729e+00 7.506351e-01 -1.013757e+00 -9.415845e-01 -2.623713e+00 -1.243086e+00 -1.721817e+00 -8.782197e-01 -5.109071e-01 -8.912198e-01 -6.321599e-01 -1.111597e+00 -2.924989e-01 1.531949e-01
<VARIANCE> 25
 1.322231e+01 1.329007e+01 1.521297e+01 2.378374e+01 2.290469e+01 2.465740e+01 2.070014e+01 2.017352e+01 1.765296e+01 1.937362e+01 2.244160e+01 1.575353e+01 4.152849e+00 3.047730e+00 5.856306e+00 4.622544e+00 6.042957e+00 4.554892e+00 4.247519e+00 4.202517e+00 3.941358e+00 4.421399e+00 3.519618e+00 2.630243e+00 4.343678e-03
<GCONST> 9.275889e+01
<MIXTURE> 74 1.756491e-02
<MEAN> 25
 3.737791e+00 -1.293623e+00 5.302742e+00 -9.778263e-01 -8.627832e+00 -7.735033e+00 -2.899222e+00 8.296164e-01 -4.100523e+00 -2.602578e+00 -1.728810e+00 5.975478e-01 1.216871e-01 1.889472e+00 1.079426e-01 1.639098e+00 1.290199e+00 2.316792e-01 2.037729e-01 -1.297216e+00 5.454169e-01 2.189305e-01 -1.019795e-01 -3.260186e-02 -7.142024e-02
<VARIANCE> 25
 1.344916e+01 1.938980e+01 3.420554e+01 3.445166e+01 3.333465e+01 3.805537e+01 4.947997e+01 4.059856e+01 4.403501e+01 4.139616e+01 3.759853e+01 3.058816e+01 2.050916e+00 1.917359e+00 3.773295e+00 2.369543e+00 3.668288e+00 3.553645e+00 4.825507e+00 3.868890e+00 4.428419e+00 3.672828e+00 3.497806e+00 2.968776e+00 1.899500e-03
<GCONST> 9.580683e+01
<MIXTURE> 75 9.711651e-03
<MEAN> 25
 2.006681e+00 -1.382928e+00 1.007851e+01 1.498054e+00 -1.102921e+01 -7.407255e+00 -5.307279e+00 -7.623559e-02 -3.847098e+00 -4.547691e+00 2.732609e+00 7.235771e-01 1.801110e+00 -1.647783e+00 -2.179060e-01 -9.928388e-02 -2.518221e+00 -8.084357e-01 -1.514165e+00 1.169306e+00 -7.358891e-01 -1.421286e-01 7.451822e-01 -7.491740e-01 3.631558e-02
<VARIANCE> 25
 1.244063e+01 1.573427e+01 3.193376e+01 2.547305e+01 2.635810e+01 2.968046e+01 2.946932e+01 3.035328e+01 3.990017e+01 3.164774e+01 1.853319e+01 2.086129e+01 2.463265e+00 1.877767e+00 4.648720e+00 2.367550e+00 3.956681e+00 4.113167e+00 3.566891e+00 3.252560e+00 5.308718e+00 3.157908e+00 3.210886e+00 2.245055e+00 1.403131e-03
<GCONST> 9.187829e+01
<MIXTURE> 76 1.052359e-02
<MEAN> 25
 -4.521408e+00 -1.857191e+00 -2.222437e+00 3.054534e+00 3.605774e+00 1.923046e+00 4.168907e+00 9.289038e-01 4.314554e+00 -6.516654e-01 1.283419e+00 1.612939e+00 -9.932431e-02 -5.810388e-01 -2.814777e-01 -9.115351e-01 -5.272490e-01 -7.604198e-01 -4.666983e-01 -2.756732e-01 -3.940328e-01 -2.684477e-01 -3.095329e-01 -1.451464e-01 2.184842e-02
<VARIANCE> 25
 3.240242e+01 2.106598e+01 2.499399e+01 2.266820e+01 2.282065e+01 2.457199e+01 3.465547e+01 2.600804e+01 2.973092e+01 2.585458e+01 2.200920e+01 2.034558e+01 1.264223e+00 9.803548e-01 1.553014e+00 9.526310e-01 1.834199e+00 1.703654e+00 1.411603e+00 1.645995e+00 1.484557e+00 1.964560e+00 1.303301e+00 1.131423e+00 1.227623e-03
<GCONST> 8.203938e+01
<MIXTURE> 77 1.244626e-02
<MEAN> 25
 -5.892463e-01 8.440047e+00 1.219152e+01 -1.111163e+01 -7.130601e+00 8.474129e-01 -9.264890e+00 -7.075786e+00 -3.308475e+00 -3.427517e-01 -4.517743e+00 -1.423146e+00 6.054295e-02 1.257122e-01 6.366021e-02 2.860756e-01 -5.574346e-03 5.344123e-02 -6.270384e-02 -7.253782e-02 1.212243e-01 -7.681336e-02 3.532923e-02 8.388279e-02 -9.737649e-03
<VARIANCE> 25
 1.086326e+01 2.018437e+01 2.911800e+01 4.845829e+01 3.371728e+01 3.343044e+01 3.585688e+01 3.182097e+01 3.481934e+01 3.308206e+01 3.718476e+01 3.420223e+01 2.957726e-01 7.610688e-01 6.558701e-01 1.152264e+00 1.215772e+00 9.865426e-01 1.193507e+00 1.057237e+00 1.093149e+00 1.082992e+00 9.551430e-01 9.777794e-01 5.298269e-04
<GCONST> 7.805437e+01
<MIXTURE> 78 9.702551e-03
<MEAN> 25
 -1.038982e+01 5.862814e-01 -2.429319e+00 1.281614e+00 4.646234e+00 -1.703149e+00 2.982925e+00 1.513905e+00 3.780286e+00 1.047288e+00 -6.971771e-01 1.511927e+00 2.714644e+00 8.685442e-02 -2.424204e-01 3.426922e-01 -1.507337e-01 6.699305e-01 -1.049241e-01 -3.600889e-01 1.913392e-02 3.701790e-01 -6.303536e-01 -2.395072e-01 -5.712594e-02
<VARIANCE> 25
 3.816122e+01 2.568193e+01 2.744314e+01 2.886999e+01 3.252808e+01 3.256144e+01 2.960166e+01 3.229543e+01 2.981865e+01 2.459171e+01 2.517732e+01 2.239563e+01 4.561217e+00 2.456623e+00 2.825330e+00 2.570104e+00 2.301367e+00 4.401737e+00 2.705055e+00 2.499101e+00 3.188316e+00 2.186071e+00 2.388160e+00 1.940466e+00 3.945313e-03
<GCONST> 9.283512e+01
<MIXTURE> 79 1.156824e-02
<MEAN> 25
 2.327486e+00 1.595247e+00 9.129015e+00 -6.463906e+00 -1.204192e+01 -1.827497e+00 -2.027959e+00 -6.375290e+00 -6.543327e+00 2.753451e-01 -3.426915e+00 -3.221070e+00 1.192418e+00 -5.145272e-01 -1.415150e+00 2.344232e+00 3.757338e-01 -1.463648e+00 5.203224e-01 8.618454e-01 -4.051054e-01 -5.543419e-01 3.585906e-01 2.660030e-01 -3.562558e-02
<VARIANCE> 25
 1.472538e+01 2.386539e+01 3.784099e+01 5.057654e+01 3.329119e+01 4.291021e+01 4.293210e+01 3.679105e+01 3.900239e+01 3.955269e+01 4.363185e+01 3.057226e+01 9.904643e-01 2.246510e+00 1.925735e+00 2.096082e+00 2.458138e+00 2.781521e+00 3.180913e+00 3.572647e+00 2.547714e+00 2.715128e+00 2.287072e+00 2.049377e+00 1.248136e-03
<GCONST> 9.187300e+01
<MIXTURE> 80 7.550998e-03
<MEAN> 25
 -1.460720e+01 3.982513e+00 6.891838e-01 2.865225e+00 2.449812e+00 1.410637e+00 6.395507e+00 2.496107e+00 2.720843e+00 2.372247e+00 4.852154e+00 1.187298e+00 4.285987e+00 -1.613922e-02 1.637524e+00 -1.135421e+00 -2.889569e+00 -2.777040e+00 -2.322984e+00 -2.021053e+00 -1.975168e+00 -1.684834e+00 -1.650457e+00 -6.026931e-01 -4.421936e-02
<VARIANCE> 25
 2.096063e+01 1.984452e+01 3.444723e+01 3.470416e+01 3.017645e+01 2.920441e+01 2.829391e+01 2.855405e+01 2.676056e+01 2.881814e+01 2.685248e+01 1.810662e+01 2.357909e+00 2.666448e+00 2.673542e+00 4.119232e+00 3.393894e+00 2.706725e+00 3.025076e+00 3.204722e+00 2.748925e+00 2.702136e+00 2.782498e+00 2.145555e+00 1.513324e-03
<GCONST> 9.139960e+01
<MIXTURE> 81 8.025434e-03
<MEAN> 25
 -1.089420e+00 4.000005e+00 1.020267e+01 -1.468621e+01 -9.040936e+00 -1.381085e+00 -6.740660e+00 -8.365487e+00 -4.164102e+00 -4.459598e-01 -7.449753e+00 -2.170573e+00 1.128240e-01 -5.616751e-01 -2.258173e-02 -5.398753e-01 -4.765851e-01 3.190243e-01 2.791220e-01 1.518381e-01 -1.538029e-01 1.226249e-01 -4.695466e-01 -1.375555e-01 1.201265e-02
<VARIANCE> 25
 1.008021e+01 3.268557e+01 2.618274e+01 2.988070e+01 3.340388e+01 3.027282e+01 4.495356e+01 2.820656e+01 3.769613e+01 3.159588e+01 2.608501e+01 3.106310e+01 7.986245e-01 2.298005e+00 1.565372e+00 2.876425e+00 2.642527e+00 2.117832e+00 3.366198e+00 2.281450e+00 2.349609e+00 2.530383e+00 2.269989e+00 2.065070e+00 1.189595e-03
<GCONST> 8.871680e+01
<MIXTURE> 82 8.213053e-03
<MEAN> 25
 -9.975104e+00 -3.705846e+00 1.510690e+00 -2.876751e+00 3.293638e+00 1.294589e-01 1.388515e+00 8.080680e-01 3.777365e+00 1.369035e+00 1.918745e+00 2.945784e+00 -1.344250e+00 -2.045691e-01 1.372455e-01 -2.368999e+00 -1.103574e+00 -1.198000e+00 -8.939953e-01 -8.463659e-01 -1.071974e-01 -8.991357e-02 -4.764841e-01 -1.896594e-01 1.647173e-01
<VARIANCE> 25
 1.655966e+01 2.276432e+01 3.152640e+01 2.706902e+01 2.849078e+01 3.101031e+01 2.991921e+01 2.938846e+01 3.082626e+01 2.371445e+01 2.809378e+01 1.716507e+01 3.673899e+00 2.710573e+00 3.105064e+00 3.288409e+00 3.247293e+00 2.887878e+00 2.591047e+00 2.777052e+00 2.955899e+00 3.559013e+00 2.595908e+00 1.739944e+00 3.800858e-03
<GCONST> 9.208639e+01
<MIXTURE> 83 1.167529e-02
<MEAN> 25
 -1.997932e+01 5.725632e+00 -2.030674e+00 -2.114279e-01 7.553465e+00 -1.821090e+00 5.487666e+00 2.888459e+00 1.132313e+00 1.738633e+00 8.071566e-01 2.745855e+00 -9.572993e-02 -2.696327e-01 -1.556717e-01 -2.940134e-01 -4.099562e-01 -2.139385e-02 -3.257481e-02 -2.074559e-01 -9.353479e-02 -3.498198e-02 6.283480e-02 2.114124e-03 5.529776e-03
<VARIANCE> 25
 8.214209e+00 1.732986e+01 2.674180e+01 2.165793e+01 2.024065e+01 2.550051e+01 2.147094e+01 2.165197e+01 1.900896e+01 2.300329e+01 2.139619e+01 1.350242e+01 1.026785e+00 1.195131e+00 1.407755e+00 1.025584e+00 1.326595e+00 1.290123e+00 1.274691e+00 1.388736e+00 1.305917e+00 1.251175e+00 1.362743e+00 9.929432e-01 8.317892e-04
<GCONST> 7.678351e+01
<MIXTURE> 84 1.066614e-02
<MEAN> 25
 9.566271e-01 8.383196e+00 6.969748e+00 7.802198e+00 2.446897e+00 -9.851243e-01 -1.572740e+00 -4.337831e+00 -3.533945e+00 -2.624804e+00 -2.225497e+00 -1.205065e+00 -1.709135e+00 -1.043432e+00 -1.111539e+00 1.215435e+00 2.259543e+00 1.391527e+00 1.443387e+00 1.170555e+00 1.334888e+00 3.964649e-01 3.401026e-01 4.123473e-01 -6.870848e-02
<VARIANCE> 25
 2.233132e+01 2.000808e+01 2.108807e+01 2.278888e+01 2.883729e+01 2.625953e+01 2.904423e+01 2.557082e+01 2.762882e+01 2.453757e+01 2.193834e+01 2.506886e+01 1.972336e+00 2.495598e+00 3.644975e+00 3.137444e+00 3.232801e+00 3.216920e+00 3.112818e+00 3.360039e+00 3.477524e+00 3.103328e+00 3.466874e+00 2.682050e+00 3.304054e-03
<GCONST> 9.190872e+01
<MIXTURE> 85 7.591393e-03
<MEAN> 25
 -3.077866e+00 7.871042e+00 5.683119e+00 1.267385e+00 -3.491594e+00 -5.285722e+00 -2.993843e+00 -6.103861e+00 -3.580206e+00 -3.173602e+00 -4.587864e-01 -1.891744e+00 3.932909e+00 3.300819e-01 1.749604e+00 -2.087354e+00 -3.414001e+00 -2.575244e+00 -2.873767e+00 -2.338553e+00 -2.267459e+00 -1.253737e+00 -2.291674e+00 -6.102879e-01 9.457598e-03
<VARIANCE> 25
 4.250327e+01 2.341031e+01 3.667884e+01 3.811011e+01 3.961837e+01 4.132204e+01 3.205341e+01 2.785185e+01 2.696136e+01 2.608833e+01 2.618536e+01 2.050236e+01 2.716571e+00 4.313135e+00 4.049051e+00 5.161956e+00 4.388886e+00 3.877868e+00 3.865660e+00 3.975178e+00 3.906441e+00 4.045619e+00 3.947557e+00 3.475211e+00 5.437927e-03
<GCONST> 9.836102e+01
<MIXTURE> 86 1.273941e-02
<MEAN> 25
 -4.788908e+00 -1.332479e+00 -8.167100e-01 6.243917e+00 4.824923e+00 4.630839e+00 5.330801e+00 4.457623e+00 4.797418e+00 3.676640e+00 5.107196e+00 2.496461e+00 -9.965222e-03 -2.559160e-03 -5.613742e-02 -1.147585e-01 -1.473629e-01 -1.821983e-01 -2.539861e-01 -3.294497e-01 -3.380521e-01 -2.895547e-01 -2.113110e-01 -1.126642e-01 -8.277649e-04
<VARIANCE> 25
 8.397726e+00 5.745250e+00 9.721974e+00 1.230390e+01 1.610870e+01 1.388750e+01 1.358659e+01 1.308962e+01 1.388204e+01 1.545364e+01 1.500203e+01 1.327048e+01 9.873205e-02 1.876445e-01 3.158429e-01 5.826991e-01 7.040811e-01 7.087936e-01 7.539886e-01 7.433096e-01 8.119593e-01 8.809318e-01 9.023009e-01 8.887114e-01 5.570284e-05
<GCONST> 5.855441e+01
<MIXTURE> 87 1.100681e-02
<MEAN> 25
 -2.840399e+00 4.105687e+00 3.209923e+00 6.666584e+00 5.419196e+00 8.741922e-01 1.413055e+00 -9.132694e-01 -3.193441e-01 -1.329093e+00 -6.279860e-01 2.653865e-01 -2.217258e+00 -2.604957e+00 -1.972923e+00 -2.197605e+00 -6.139538e-02 -2.086399e-01 5.722160e-01 1.239721e+00 1.275366e+00 1.041886e+00 8.292449e-01 9.736502e-01 1.031161e-01
<VARIANCE> 25
 3.758119e+01 2.898139e+01 2.673128e+01 3.212593e+01 2.685295e+01 2.970968e+01 2.648018e+01 2.566866e+01 2.507260e+01 2.567226e+01 2.389420e+01 2.211129e+01 3.746727e+00 2.771262e+00 3.778160e+00 3.372872e+00 4.461991e+00 4.027261e+00 3.818660e+00 3.956720e+00 3.592531e+00 3.634198e+00 3.210351e+00 2.674525e+00 4.887357e-03
<GCONST> 9.552349e+01
<MIXTURE> 88 1.256585e-02
<MEAN> 25
 -3.370639e+00 -1.289897e+00 -1.325252e+00 3.782278e+00 4.392217e+00 2.600745e+00 4.343916e+00 2.781548e+00 4.283981e+00 1.601508e+00 2.331369e+00 2.188625e+00 -4.887966e-03 -1.244467e-02 1.527378e-01 2.045884e-01 3.512488e-01 1.217859e-01 -6.476010e-02 -3.381667e-01 -6.496746e-02 -1.064456e-01 5.172522e-02 7.736164e-02 -5.464671e-03
<VARIANCE> 25
 8.799287e+00 8.536489e+00 1.291434e+01 1.811450e+01 1.760576e+01 1.950275e+01 2.034700e+01 1.815385e+01 1.892953e+01 1.719639e+01 1.719418e+01 1.310611e+01 1.386138e+00 1.340222e+00 1.890992e+00 2.262721e+00 2.156273e+00 2.913007e+00 2.528123e+00 2.591714e+00 2.668585e+00 3.365406e+00 1.820030e+00 1.522964e+00 1.419681e-03
<GCONST> 8.112234e+01
<MIXTURE> 89 9.333527e-03
<MEAN> 25
 5.933585e+00 -6.565785e+00 -3.284747e+00 -3.014934e+00 -1.833027e+00 -5.404409e+00 -5.820361e+00 4.265491e+00 3.252609e+00 -2.863059e+00 -5.870364e+00 -2.932073e+00 -5.816680e-01 1.485675e-01 1.964123e+00 8.106125e-01 -1.805646e+00 -1.612678e+00 8.997810e-01 1.248833e+00 -7.811787e-01 -1.268046e+00 4.133088e-01 1.533453e+00 -4.135361e-03
<VARIANCE> 25
 9.053790e+00 2.693183e+01 3.163776e+01 2.954458e+01 3.585540e+01 4.075019e+01 6.004179e+01 4.105367e+01 3.867824e+01 4.159589e+01 3.498358e+01 3.376054e+01 3.477291e-01 8.195550e-01 1.429808e+00 1.439828e+00 1.924632e+00 2.082945e+00 2.511183e+00 2.000903e+00 2.179340e+00 2.090699e+00 2.252054e+00 1.441778e+00 3.669485e-04
<GCONST> 8.509155e+01
<MIXTURE> 90 7.114505e-03
<MEAN> 25
 2.411272e+00 -9.381474e+00 -4.730663e+00 -3.741989e+00 -3.591650e+00 -2.010290e+00 2.852879e+00 1.399850e+00 -7.283089e+00 -9.828471e+00 -3.570091e+00 -6.656082e-01 -1.862138e-01 9.142504e-01 1.147233e+00 -8.383703e-01 -1.543926e+00 -1.923843e-01 7.271512e-01 -2.474635e-01 -1.411874e-01 7.317225e-01 1.333923e-01 -5.093539e-01 -1.054285e-02
<VARIANCE> 25
 8.163521e+00 1.936036e+01 1.921308e+01 2.795442e+01 3.640667e+01 3.247724e+01 4.371717e+01 3.585576e+01 3.519238e+01 2.968469e+01 2.646238e+01 2.516171e+01 2.259215e-01 5.949464e-01 7.711135e-01 1.009164e+00 1.503349e+00 1.544984e+00 1.858667e+00 1.625334e+00 1.757726e+00 1.613957e+00 1.497551e+00 1.293636e+00 2.146938e-04
<GCONST> 7.812937e+01
<MIXTURE> 91 7.852945e-03
<MEAN> 25
 6.058410e+00 -7.020898e+00 -8.317864e+00 -5.577330e+00 4.040287e+00 9.064006e-02 -1.722991e+00 9.747552e-01 8.849507e-01 -1.393424e+00 -5.131002e+00 -4.832684e+00 3.414068e-01 9.012367e-01 2.867810e-01 4.574615e-01 -1.789444e-01 -3.763576e-01 -5.556857e-01 3.520449e-02 -4.221594e-01 4.732361e-01 1.089331e-02 2.874838e-01 -3.214953e-02
<VARIANCE> 25
 9.821179e+00 2.325614e+01 1.763700e+01 3.658773e+01 3.110693e+01 4.829822e+01 4.949326e+01 3.765612e+01 5.484584e+01 6.927793e+01 3.483324e+01 3.768658e+01 4.461158e-01 8.642550e-01 1.070086e+00 1.307908e+00 2.066511e+00 2.269212e+00 2.589810e+00 2.252865e+00 2.787444e+00 2.169619e+00 2.033015e+00 1.833893e+00 5.888873e-04
<GCONST> 8.648597e+01
<MIXTURE> 92 7.852945e-03
<MEAN> 25
 6.058410e+00 -7.020898e+00 -8.317864e+00 -5.577330e+00 4.040287e+00 9.064006e-02 -1.722991e+00 9.747552e-01 8.849507e-01 -1.393424e+00 -5.131002e+00 -4.832684e+00 3.414068e-01 9.012367e-01 2.867810e-01 4.574615e-01 -1.789444e-01 -3.763576e-01 -5.556857e-01 3.520449e-02 -4.221594e-01 4.732361e-01 1.089331e-02 2.874838e-01 -3.214953e-02
<VARIANCE> 25
 9.821179e+00 2.325614e+01 1.763700e+01 3.658773e+01 3.110693e+01 4.829822e+01 4.949326e+01 3.765612e+01 5.484584e+01 6.927793e+01 3.483324e+01 3.768658e+01 4.461158e-01 8.642550e-01 1.070086e+00 1.307908e+00 2.066511e+00 2.269212e+00 2.589810e+00 2.252865e+00 2.787444e+00 2.169619e+00 2.033015e+00 1.833893e+00 5.888873e-04
<GCONST> 8.648597e+01
<MIXTURE> 93 6.122769e-03
<MEAN> 25
 -6.820099e+00 -9.623367e-01 -2.400179e+00 5.795551e+00 5.903148e+00 3.921248e+00 6.122319e+00 3.605260e+00 4.121613e+00 2.506897e+00 1.816841e+00 3.701435e+00 -6.137406e-02 -1.543753e-01 -2.574214e-01 -3.314952e-01 -3.333843e-01 -2.845183e-01 -2.175186e-01 -1.745062e-01 -1.663882e-01 -1.507520e-01 -1.058450e-01 -3.575769e-02 -3.885574e-06
<VARIANCE> 25
 9.134653e+00 6.025434e+00 8.185485e+00 1.137041e+01 1.152270e+01 1.597484e+01 1.526778e+01 1.645296e+01 1.475325e+01 1.454027e+01 1.677900e+01 1.346814e+01 8.276807e-02 1.532631e-01 2.635348e-01 3.803644e-01 4.976191e-01 6.418912e-01 7.789353e-01 8.867715e-01 9.161464e-01 8.755335e-01 8.946682e-01 9.173172e-01 9.993092e-07
<GCONST> 5.360572e+01
<MIXTURE> 94 6.122769e-03
<MEAN> 25
 -6.820099e+00 -9.623367e-01 -2.400179e+00 5.795551e+00 5.903148e+00 3.921248e+00 6.122319e+00 3.605260e+00 4.121613e+00 2.506897e+00 1.816841e+00 3.701435e+00 -6.137406e-02 -1.543753e-01 -2.574214e-01 -3.314952e-01 -3.333843e-01 -2.845183e-01 -2.175186e-01 -1.745062e-01 -1.663882e-01 -1.507520e-01 -1.058450e-01 -3.575769e-02 -3.885574e-06
<VARIANCE> 25
 9.134653e+00 6.025434e+00 8.185485e+00 1.137041e+01 1.152270e+01 1.597484e+01 1.526778e+01 1.645296e+01 1.475325e+01 1.454027e+01 1.677900e+01 1.346814e+01 8.276807e-02 1.532631e-01 2.635348e-01 3.803644e-01 4.976191e-01 6.418912e-01 7.789353e-01 8.867715e-01 9.161464e-01 8.755335e-01 8.946682e-01 9.173172e-01 9.993092e-07
<GCONST> 5.360572e+01
<MIXTURE> 95 5.258835e-03
<MEAN> 25
 -5.766949e+00 -7.733141e-01 -1.945115e+00 4.874686e+00 4.190419e+00 2.794982e+00 4.187530e+00 1.621184e+00 2.253321e+00 8.563395e-01 1.158018e+00 2.525744e+00 1.432673e-01 1.443798e-01 8.206659e-02 -8.202834e-02 -3.628421e-01 -7.159649e-01 -1.050625e+00 -1.274104e+00 -1.255436e+00 -9.844401e-01 -6.349648e-01 -2.917491e-01 -1.174700e-04
<VARIANCE> 25
 1.042078e+01 6.653127e+00 1.221502e+01 1.280374e+01 1.398476e+01 1.809936e+01 1.848966e+01 1.708268e+01 1.543307e+01 1.577527e+01 1.991551e+01 1.463183e+01 2.084761e-01 2.935041e-01 4.578838e-01 6.299878e-01 8.115034e-01 8.873523e-01 9.049392e-01 9.225374e-01 9.637508e-01 1.071315e+00 1.169700e+00 1.117835e+00 4.390886e-05
<GCONST> 6.341782e+01
<MIXTURE> 96 7.034694e-03
<MEAN> 25
 -4.948739e+00 -5.035614e-01 -2.180431e+00 5.093396e+00 3.743314e+00 1.789130e+00 3.561445e+00 1.721667e+00 2.556416e+00 9.049008e-01 1.112293e+00 2.710082e+00 -2.169405e-02 8.273439e-02 2.016443e-01 3.958609e-01 5.313344e-01 4.806206e-01 2.444403e-01 -1.351523e-01 -4.458811e-01 -6.439619e-01 -6.437868e-01 -3.667232e-01 -1.692896e-05
<VARIANCE> 25
 1.168102e+01 9.605288e+00 1.276464e+01 1.416711e+01 1.531633e+01 1.907764e+01 1.768438e+01 1.915051e+01 1.804410e+01 1.631714e+01 1.937033e+01 1.488210e+01 1.203894e-01 2.143054e-01 3.153542e-01 3.929762e-01 4.857937e-01 6.612566e-01 8.478653e-01 9.767978e-01 9.481159e-01 8.471288e-01 9.189213e-01 9.193248e-01 9.778752e-07
<GCONST> 5.742094e+01
<MIXTURE> 97 7.034694e-03
<MEAN> 25
 -4.948739e+00 -5.035614e-01 -2.180431e+00 5.093396e+00 3.743314e+00 1.789130e+00 3.561445e+00 1.721667e+00 2.556416e+00 9.049008e-01 1.112293e+00 2.710082e+00 -2.169405e-02 8.273439e-02 2.016443e-01 3.958609e-01 5.313344e-01 4.806206e-01 2.444403e-01 -1.351523e-01 -4.458811e-01 -6.439619e-01 -6.437868e-01 -3.667232e-01 -1.692896e-05
<VARIANCE> 25
 1.168102e+01 9.605288e+00 1.276464e+01 1.416711e+01 1.531633e+01 1.907764e+01 1.768438e+01 1.915051e+01 1.804410e+01 1.631714e+01 1.937033e+01 1.488210e+01 1.203894e-01 2.143054e-01 3.153542e-01 3.929762e-01 4.857937e-01 6.612566e-01 8.478653e-01 9.767978e-01 9.481159e-01 8.471288e-01 9.189213e-01 9.193248e-01 9.778752e-07
<GCONST> 5.742094e+01
<MIXTURE> 98 9.917808e-03
<MEAN> 25
 -1.138524e+00 1.561685e+00 5.867153e-01 3.587287e+00 3.278535e+00 1.233892e+00 2.006612e+00 6.594797e-01 1.867331e+00 1.605194e-01 3.602770e-01 4.182407e-01 -1.390414e+00 -1.160123e+00 -6.659454e-01 -2.964376e-02 6.093975e-01 5.472166e-01 1.128935e+00 1.559327e+00 1.824207e+00 3.227068e-01 1.029648e+00 4.916673e-01 -3.615106e-02
<VARIANCE> 25
 1.020257e+01 1.447647e+01 2.445855e+01 3.493571e+01 3.063957e+01 2.760685e+01 3.042553e+01 2.775801e+01 2.276561e+01 2.096539e+01 1.965529e+01 1.808556e+01 1.129809e+00 1.252428e+00 1.874401e+00 2.009408e+00 2.386216e+00 2.282072e+00 2.283387e+00 3.168759e+00 2.655349e+00 3.133217e+00 2.162086e+00 2.086702e+00 1.758128e-03
<GCONST> 8.584216e+01
<MIXTURE> 99 6.696178e-03
<MEAN> 25
 -6.152674e+00 8.987890e+00 6.280843e+00 3.930988e+00 -1.379169e-01 -5.067559e+00 -2.700011e+00 -3.783082e+00 -2.689278e+00 -4.086698e+00 -1.437185e+00 2.460149e-01 5.870122e-01 -7.856035e-01 3.528661e-01 -3.849891e-01 -8.345733e-01 -5.578094e-01 -3.262859e-01 -8.747362e-02 -2.161811e-01 -1.710893e-01 2.379970e-01 1.269457e-01 8.146522e-03
<VARIANCE> 25
 3.197003e+01 2.643710e+01 4.200590e+01 2.980590e+01 4.567899e+01 3.437143e+01 2.890518e+01 2.608895e+01 3.077685e+01 2.567965e+01 1.934322e+01 2.658171e+01 2.066397e+00 1.689870e+00 1.344156e+00 1.778840e+00 3.312923e+00 1.839404e+00 1.400696e+00 1.668175e+00 1.860169e+00 1.524544e+00 1.138403e+00 1.239802e+00 1.488034e-03
<GCONST> 8.637322e+01
<MIXTURE> 100 4.498084e-03
<MEAN> 25
 -1.598468e+00 6.343376e+00 1.027536e+01 -7.460909e+00 -1.078058e+01 -5.074175e+00 -4.942174e+00 -9.966904e+00 -4.718032e+00 -8.560517e-01 -2.731807e+00 -2.707152e+00 2.917514e+00 -1.260152e+00 1.299277e+00 -2.185585e+00 -3.419075e+00 -7.841852e-01 -1.218706e+00 -8.194069e-01 -1.476190e+00 3.467689e-01 -1.655204e+00 -2.861947e-01 2.023155e-03
<VARIANCE> 25
 1.362686e+01 2.106236e+01 2.247425e+01 2.643555e+01 2.302180e+01 2.372346e+01 2.910628e+01 2.171484e+01 2.749464e+01 2.265614e+01 2.241384e+01 2.134295e+01 1.799486e+00 3.953594e+00 2.920125e+00 4.285888e+00 4.185796e+00 4.536432e+00 4.014566e+00 4.340623e+00 4.169730e+00 3.895144e+00 3.909986e+00 3.224479e+00 1.675102e-03
<GCONST> 9.257108e+01
<MIXTURE> 101 6.007792e-03
<MEAN> 25
 8.075334e+00 -3.478329e+00 -6.312942e+00 -6.862407e+00 8.490840e-01 -1.250475e+00 -1.055088e+01 -2.064198e+00 1.655659e+00 2.723347e+00 -2.405078e+00 -5.124094e+00 6.752335e-01 6.499777e-01 -1.452477e+00 -1.606969e+00 1.028719e+00 2.312018e+00 1.980961e-01 -1.451832e+00 -1.065065e+00 1.036711e+00 1.368663e+00 -4.137979e-01 -4.778843e-03
<VARIANCE> 25
 9.365567e+00 1.669389e+01 2.975257e+01 4.272935e+01 3.612678e+01 3.572182e+01 3.745093e+01 3.613915e+01 3.814968e+01 4.390418e+01 5.173059e+01 2.425892e+01 2.951452e-01 6.676732e-01 1.176987e+00 1.551046e+00 1.687979e+00 2.109040e+00 2.081680e+00 2.008828e+00 2.352784e+00 2.213732e+00 1.794559e+00 1.932180e+00 3.449046e-04
<GCONST> 8.367795e+01
<MIXTURE> 102 6.007792e-03
<MEAN> 25
 8.075334e+00 -3.478329e+00 -6.312942e+00 -6.862407e+00 8.490840e-01 -1.250475e+00 -1.055088e+01 -2.064198e+00 1.655659e+00 2.723347e+00 -2.405078e+00 -5.124094e+00 6.752335e-01 6.499777e-01 -1.452477e+00 -1.606969e+00 1.028719e+00 2.312018e+00 1.980961e-01 -1.451832e+00 -1.065065e+00 1.036711e+00 1.368663e+00 -4.137979e-01 -4.778843e-03
<VARIANCE> 25
 9.365567e+00 1.669389e+01 2.975257e+01 4.272935e+01 3.612678e+01 3.572182e+01 3.745093e+01 3.613915e+01 3.814968e+01 4.390418e+01 5.173059e+01 2.425892e+01 2.951452e-01 6.676732e-01 1.176987e+00 1.551046e+00 1.687979e+00 2.109040e+00 2.081680e+00 2.008828e+00 2.352784e+00 2.213732e+00 1.794559e+00 1.932180e+00 3.449046e-04
<GCONST> 8.367795e+01
<MIXTURE> 103 5.694618e-03
<MEAN> 25
 3.149123e+00 -9.080838e+00 -6.125170e+00 -3.479656e+00 -9.388174e-01 -1.741967e+00 2.576181e+00 2.750615e+00 -4.469201e+00 -8.948838e+00 -4.900945e+00 2.264648e-01 -1.475035e-01 -1.385716e+00 -1.008566e+00 2.979110e-01 1.164001e+00 1.097576e+00 2.311408e-01 -2.329929e-01 -8.623244e-01 -9.295468e-01 -5.677316e-02 1.346205e-01 2.755699e-02
<VARIANCE> 25
 1.085186e+01 2.234690e+01 2.209151e+01 3.442381e+01 4.891987e+01 3.487114e+01 4.494048e+01 3.807325e+01 4.225644e+01 2.991183e+01 2.930436e+01 2.573896e+01 6.314887e-01 1.413088e+00 1.503997e+00 1.974519e+00 2.842433e+00 2.441367e+00 2.875950e+00 2.500970e+00 2.754754e+00 2.444124e+00 2.045747e+00 2.067921e+00 7.887497e-04
<GCONST> 8.781543e+01
<MIXTURE> 104 5.694618e-03
<MEAN> 25
 3.149123e+00 -9.080838e+00 -6.125170e+00 -3.479656e+00 -9.388174e-01 -1.741967e+00 2.576181e+00 2.750615e+00 -4.469201e+00 -8.948838e+00 -4.900945e+00 2.264648e-01 -1.475035e-01 -1.385716e+00 -1.008566e+00 2.979110e-01 1.164001e+00 1.097576e+00 2.311408e-01 -2.329929e-01 -8.623244e-01 -9.295468e-01 -5.677316e-02 1.346205e-01 2.755699e-02
<VARIANCE> 25
 1.085186e+01 2.234690e+01 2.209151e+01 3.442381e+01 4.891987e+01 3.487114e+01 4.494048e+01 3.807325e+01 4.225644e+01 2.991183e+01 2.930436e+01 2.573896e+01 6.314887e-01 1.413088e+00 1.503997e+00 1.974519e+00 2.842433e+00 2.441367e+00 2.875950e+00 2.500970e+00 2.754754e+00 2.444124e+00 2.045747e+00 2.067921e+00 7.887497e-04
<GCONST> 8.781543e+01
<MIXTURE> 105 4.710235e-03
<MEAN> 25
 2.235968e+00 -1.442460e+00 9.053946e+00 -2.222589e+00 -1.076695e+01 -4.727199e+00 -3.273069e+00 -3.546282e-01 -3.902258e+00 -3.076575e+00 1.199988e+00 -2.993028e-01 7.010998e-03 2.527546e-02 8.214916e-02 -6.508856e-02 9.808579e-03 9.498625e-03 1.570483e-02 -4.845796e-02 -1.128397e-01 5.056746e-02 -3.016874e-02 -4.720290e-02 -1.655270e-03
<VARIANCE> 25
 1.187976e+01 2.530617e+01 3.722341e+01 4.094169e+01 3.743542e+01 4.791971e+01 4.096281e+01 4.761334e+01 3.534421e+01 3.678731e+01 3.791662e+01 3.311973e+01 8.051528e-02 1.888979e-01 3.269693e-01 2.957928e-01 3.771890e-01 4.242880e-01 4.655213e-01 5.342043e-01 6.225806e-01 4.781967e-01 4.306496e-01 4.095904e-01 8.728485e-05
<GCONST> 6.631685e+01
<MIXTURE> 106 4.710235e-03
<MEAN> 25
 2.235968e+00 -1.442460e+00 9.053946e+00 -2.222589e+00 -1.076695e+01 -4.727199e+00 -3.273069e+00 -3.546282e-01 -3.902258e+00 -3.076575e+00 1.199988e+00 -2.993028e-01 7.010998e-03 2.527546e-02 8.214916e-02 -6.508856e-02 9.808579e-03 9.498625e-03 1.570483e-02 -4.845796e-02 -1.128397e-01 5.056746e-02 -3.016874e-02 -4.720290e-02 -1.655270e-03
<VARIANCE> 25
 1.187976e+01 2.530617e+01 3.722341e+01 4.094169e+01 3.743542e+01 4.791971e+01 4.096281e+01 4.761334e+01 3.534421e+01 3.678731e+01 3.791662e+01 3.311973e+01 8.051528e-02 1.888979e-01 3.269693e-01 2.957928e-01 3.771890e-01 4.242880e-01 4.655213e-01 5.342043e-01 6.225806e-01 4.781967e-01 4.306496e-01 4.095904e-01 8.728485e-05
<GCONST> 6.631685e+01
<MIXTURE> 107 5.452374e-03
<MEAN> 25
 7.847870e+00 -1.397768e+00 -7.668528e+00 -7.992783e+00 1.313240e+00 3.008426e+00 -8.543767e+00 -4.291550e+00 -1.254105e+00 3.789213e+00 7.723380e-01 -4.372295e+00 -5.798230e-01 -6.475884e-01 8.220385e-01 1.811635e+00 2.143605e-01 -1.734557e+00 -1.031758e+00 6.461428e-01 2.118753e+00 -1.733152e-01 -1.564227e+00 -8.834170e-01 -4.108619e-03
<VARIANCE> 25
 1.110607e+01 2.172590e+01 2.510099e+01 5.141719e+01 3.543674e+01 3.315437e+01 4.608391e+01 3.351076e+01 4.794012e+01 3.758023e+01 4.581376e+01 2.887889e+01 3.632239e-01 9.332113e-01 1.322275e+00 2.345522e+00 2.293419e+00 2.873881e+00 2.472867e+00 2.567930e+00 2.909239e+00 3.157313e+00 1.824279e+00 1.923479e+00 6.797229e-04
<GCONST> 8.765448e+01
<MIXTURE> 108 5.452374e-03
<MEAN> 25
 7.847870e+00 -1.397768e+00 -7.668528e+00 -7.992783e+00 1.313240e+00 3.008426e+00 -8.543767e+00 -4.291550e+00 -1.254105e+00 3.789213e+00 7.723380e-01 -4.372295e+00 -5.798230e-01 -6.475884e-01 8.220385e-01 1.811635e+00 2.143605e-01 -1.734557e+00 -1.031758e+00 6.461428e-01 2.118753e+00 -1.733152e-01 -1.564227e+00 -8.834170e-01 -4.108619e-03
<VARIANCE> 25
 1.110607e+01 2.172590e+01 2.510099e+01 5.141719e+01 3.543674e+01 3.315437e+01 4.608391e+01 3.351076e+01 4.794012e+01 3.758023e+01 4.581376e+01 2.887889e+01 3.632239e-01 9.332113e-01 1.322275e+00 2.345522e+00 2.293419e+00 2.873881e+00 2.472867e+00 2.567930e+00 2.909239e+00 3.157313e+00 1.824279e+00 1.923479e+00 6.797229e-04
<GCONST> 8.765448e+01
<MIXTURE> 109 6.661064e-03
<MEAN> 25
 3.752302e+00 -1.006170e+01 -7.908026e+00 -1.201118e+00 2.314520e+00 2.111264e-01 2.687784e-01 1.352857e+00 -1.732343e+00 -8.050408e+00 -5.231749e+00 -2.704287e-01 -2.858721e-02 -1.221176e-01 -7.223322e-02 2.251637e-01 2.518151e-01 1.977659e-01 -6.538898e-02 -7.142010e-02 -2.347965e-02 -1.955918e-01 2.192454e-01 3.566742e-02 -3.745952e-03
<VARIANCE> 25
 9.339015e+00 1.921885e+01 2.014435e+01 2.916021e+01 4.043563e+01 3.496662e+01 4.485201e+01 3.180492e+01 5.058280e+01 3.372565e+01 2.758940e+01 2.707110e+01 1.847208e-01 4.010067e-01 5.475422e-01 6.042206e-01 1.192270e+00 1.003311e+00 1.279992e+00 1.035050e+00 1.127576e+00 9.826440e-01 8.657303e-01 8.369675e-01 1.738999e-04
<GCONST> 7.396262e+01
<MIXTURE> 110 6.661064e-03
<MEAN> 25
 3.752302e+00 -1.006170e+01 -7.908026e+00 -1.201118e+00 2.314520e+00 2.111264e-01 2.687784e-01 1.352857e+00 -1.732343e+00 -8.050408e+00 -5.231749e+00 -2.704287e-01 -2.858721e-02 -1.221176e-01 -7.223322e-02 2.251637e-01 2.518151e-01 1.977659e-01 -6.538898e-02 -7.142010e-02 -2.347965e-02 -1.955918e-01 2.192454e-01 3.566742e-02 -3.745952e-03
<VARIANCE> 25
 9.339015e+00 1.921885e+01 2.014435e+01 2.916021e+01 4.043563e+01 3.496662e+01 4.485201e+01 3.180492e+01 5.058280e+01 3.372565e+01 2.758940e+01 2.707110e+01 1.847208e-01 4.010067e-01 5.475422e-01 6.042206e-01 1.192270e+00 1.003311e+00 1.279992e+00 1.035050e+00 1.127576e+00 9.826440e-01 8.657303e-01 8.369675e-01 1.738999e-04
<GCONST> 7.396262e+01
<MIXTURE> 111 4.337247e-03
<MEAN> 25
 -4.242243e+00 -1.074804e+00 -1.724405e+00 1.568435e+00 6.802757e-01 9.887068e-01 4.370048e-01 1.810768e-01 2.778963e-01 -6.442947e-01 -5.456307e-01 1.688653e+00 -4.572491e-03 -2.080962e-02 -6.365091e-02 -1.072112e-01 -2.753334e-02 3.497100e-04 7.981903e-03 -7.846966e-02 -1.449948e-01 -2.350975e-01 -2.259237e-01 -1.204449e-01 -1.988720e-04
<VARIANCE> 25
 7.693210e+00 5.384562e+00 1.005594e+01 9.661408e+00 1.457225e+01 2.283901e+01 1.476973e+01 1.285744e+01 1.227211e+01 1.160301e+01 1.326889e+01 1.263074e+01 8.158893e-02 1.621222e-01 2.714843e-01 4.549430e-01 5.588050e-01 6.766953e-01 7.771249e-01 8.259053e-01 8.607556e-01 8.604793e-01 8.913051e-01 8.177187e-01 2.202384e-05
<GCONST> 5.620861e+01
<MIXTURE> 112 4.337247e-03
<MEAN> 25
 -4.242243e+00 -1.074804e+00 -1.724405e+00 1.568435e+00 6.802757e-01 9.887068e-01 4.370048e-01 1.810768e-01 2.778963e-01 -6.442947e-01 -5.456307e-01 1.688653e+00 -4.572491e-03 -2.080962e-02 -6.365091e-02 -1.072112e-01 -2.753334e-02 3.497100e-04 7.981903e-03 -7.846966e-02 -1.449948e-01 -2.350975e-01 -2.259237e-01 -1.204449e-01 -1.988720e-04
<VARIANCE> 25
 7.693210e+00 5.384562e+00 1.005594e+01 9.661408e+00 1.457225e+01 2.283901e+01 1.476973e+01 1.285744e+01 1.227211e+01 1.160301e+01 1.326889e+01 1.263074e+01 8.158893e-02 1.621222e-01 2.714843e-01 4.549430e-01 5.588050e-01 6.766953e-01 7.771249e-01 8.259053e-01 8.607556e-01 8.604793e-01 8.913051e-01 8.177187e-01 2.202384e-05
<GCONST> 5.620861e+01
<MIXTURE> 113 5.938666e-03
<MEAN> 25
 9.780694e+00 1.823215e+00 -8.653451e+00 -1.680035e+01 -1.031367e+00 5.563405e+00 -5.138887e+00 -1.451882e+00 -6.133937e+00 -3.901650e-01 3.484560e-01 -6.314259e-02 -3.919411e-03 1.695236e-02 -7.934631e-02 -1.073855e-01 1.293113e-01 1.561830e-01 8.922986e-02 2.685658e-02 -2.944056e-02 -3.852392e-02 1.947656e-01 6.363799e-02 -1.677865e-03
<VARIANCE> 25
 9.910590e+00 1.608196e+01 2.940607e+01 3.534426e+01 5.143101e+01 3.338765e+01 3.922823e+01 3.813601e+01 4.367623e+01 4.548515e+01 3.542257e+01 2.825282e+01 1.226882e-01 3.206692e-01 3.374912e-01 6.178566e-01 6.213616e-01 6.465405e-01 8.481335e-01 8.378965e-01 9.712189e-01 9.018298e-01 7.236377e-01 7.675691e-01 1.316112e-04
<GCONST> 7.151339e+01
<MIXTURE> 114 5.938666e-03
<MEAN> 25
 9.780694e+00 1.823215e+00 -8.653451e+00 -1.680035e+01 -1.031367e+00 5.563405e+00 -5.138887e+00 -1.451882e+00 -6.133937e+00 -3.901650e-01 3.484560e-01 -6.314259e-02 -3.919411e-03 1.695236e-02 -7.934631e-02 -1.073855e-01 1.293113e-01 1.561830e-01 8.922986e-02 2.685658e-02 -2.944056e-02 -3.852392e-02 1.947656e-01 6.363799e-02 -1.677865e-03
<VARIANCE> 25
 9.910590e+00 1.608196e+01 2.940607e+01 3.534426e+01 5.143101e+01 3.338765e+01 3.922823e+01 3.813601e+01 4.367623e+01 4.548515e+01 3.542257e+01 2.825282e+01 1.226882e-01 3.206692e-01 3.374912e-01 6.178566e-01 6.213616e-01 6.465405e-01 8.481335e-01 8.378965e-01 9.712189e-01 9.018298e-01 7.236377e-01 7.675691e-01 1.316112e-04
<GCONST> 7.151339e+01
<MIXTURE> 115 2.935202e-03
<MEAN> 25
 -3.978927e+00 -7.720307e-01 -3.074513e+00 3.638470e+00 2.371189e+00 -4.075654e-01 2.254353e+00 3.910560e-01 1.440580e+00 -3.076682e-02 3.770113e-02 2.633305e+00 3.451715e-02 -7.244797e-02 -2.311118e-01 -4.353238e-01 -6.252144e-01 -6.670750e-01 -5.846470e-01 -5.094649e-01 -4.793049e-01 -4.558288e-01 -3.608932e-01 -1.667997e-01 -2.227148e-06
<VARIANCE> 25
 9.453586e+00 9.830477e+00 1.352187e+01 1.263019e+01 1.355865e+01 1.743038e+01 1.696234e+01 2.065147e+01 1.804102e+01 1.705828e+01 1.901201e+01 1.482013e+01 2.026056e-01 3.424187e-01 4.810326e-01 5.580454e-01 6.346877e-01 7.912645e-01 1.003736e+00 1.119729e+00 1.070429e+00 9.853832e-01 1.045734e+00 1.054723e+00 9.949481e-07
<GCONST> 6.008905e+01
<MIXTURE> 116 2.935202e-03
<MEAN> 25
 -3.978927e+00 -7.720307e-01 -3.074513e+00 3.638470e+00 2.371189e+00 -4.075654e-01 2.254353e+00 3.910560e-01 1.440580e+00 -3.076682e-02 3.770113e-02 2.633305e+00 3.451715e-02 -7.244797e-02 -2.311118e-01 -4.353238e-01 -6.252144e-01 -6.670750e-01 -5.846470e-01 -5.094649e-01 -4.793049e-01 -4.558288e-01 -3.608932e-01 -1.667997e-01 -2.227148e-06
<VARIANCE> 25
 9.453586e+00 9.830477e+00 1.352187e+01 1.263019e+01 1.355865e+01 1.743038e+01 1.696234e+01 2.065147e+01 1.804102e+01 1.705828e+01 1.901201e+01 1.482013e+01 2.026056e-01 3.424187e-01 4.810326e-01 5.580454e-01 6.346877e-01 7.912645e-01 1.003736e+00 1.119729e+00 1.070429e+00 9.853832e-01 1.045734e+00 1.054723e+00 9.949481e-07
<GCONST> 6.008905e+01
<MIXTURE> 117 6.506003e-03
<MEAN> 25
 -4.644495e+00 1.117734e+00 1.054491e+00 9.758325e+00 6.259997e+00 6.256404e+00 6.463049e+00 5.044386e+00 6.385684e+00 4.929078e+00 6.367100e+00 2.709842e+00 -7.502377e-02 -2.341321e-01 -3.583466e-01 -4.199533e-01 -3.675095e-01 -3.027206e-01 -2.873200e-01 -3.314621e-01 -3.917721e-01 -3.689728e-01 -2.631382e-01 -1.159820e-01 -9.053977e-06
<VARIANCE> 25
 7.187729e+00 8.753176e+00 9.809274e+00 1.430894e+01 1.561852e+01 1.534943e+01 1.772616e+01 1.796155e+01 1.640236e+01 1.637182e+01 1.674122e+01 1.475356e+01 2.166077e-01 3.074995e-01 4.261283e-01 6.171111e-01 8.536602e-01 1.055347e+00 1.177547e+00 1.232892e+00 1.223964e+00 1.194836e+00 1.167252e+00 1.113666e+00 9.999842e-07
<GCONST> 6.042876e+01
<MIXTURE> 118 6.506003e-03
<MEAN> 25
 -4.644495e+00 1.117734e+00 1.054491e+00 9.758325e+00 6.259997e+00 6.256404e+00 6.463049e+00 5.044386e+00 6.385684e+00 4.929078e+00 6.367100e+00 2.709842e+00 -7.502377e-02 -2.341321e-01 -3.583466e-01 -4.199533e-01 -3.675095e-01 -3.027206e-01 -2.873200e-01 -3.314621e-01 -3.917721e-01 -3.689728e-01 -2.631382e-01 -1.159820e-01 -9.053977e-06
<VARIANCE> 25
 7.187729e+00 8.753176e+00 9.809274e+00 1.430894e+01 1.561852e+01 1.534943e+01 1.772616e+01 1.796155e+01 1.640236e+01 1.637182e+01 1.674122e+01 1.475356e+01 2.166077e-01 3.074995e-01 4.261283e-01 6.171111e-01 8.536602e-01 1.055347e+00 1.177547e+00 1.232892e+00 1.223964e+00 1.194836e+00 1.167252e+00 1.113666e+00 9.999842e-07
<GCONST> 6.042876e+01
<MIXTURE> 119 4.297961e-03
<MEAN> 25
 -4.815954e+00 -7.500381e+00 2.089447e+00 1.974712e+00 2.201887e+00 2.717722e-01 5.275935e+00 5.535878e+00 1.392835e+00 1.000087e+00 6.269379e+00 1.475264e+00 -3.947609e-02 -7.259246e-02 1.269053e-02 -8.346895e-02 -1.108365e-01 -1.923562e-01 -8.127440e-02 -5.687965e-02 -1.359446e-01 -1.076782e-01 -6.215856e-02 -3.494265e-02 1.217775e-03
<VARIANCE> 25
 9.049061e+00 9.696951e+00 1.626204e+01 1.954340e+01 2.256375e+01 2.242396e+01 2.438964e+01 2.889016e+01 2.518561e+01 2.889811e+01 2.143505e+01 2.016594e+01 1.589035e-01 2.811639e-01 4.627150e-01 6.421189e-01 8.039227e-01 9.751057e-01 1.086492e+00 1.293860e+00 1.286760e+00 1.213058e+00 1.190358e+00 1.089046e+00 2.320803e-04
<GCONST> 6.973770e+01
<MIXTURE> 120 4.297961e-03
<MEAN> 25
 -4.815954e+00 -7.500381e+00 2.089447e+00 1.974712e+00 2.201887e+00 2.717722e-01 5.275935e+00 5.535878e+00 1.392835e+00 1.000087e+00 6.269379e+00 1.475264e+00 -3.947609e-02 -7.259246e-02 1.269053e-02 -8.346895e-02 -1.108365e-01 -1.923562e-01 -8.127440e-02 -5.687965e-02 -1.359446e-01 -1.076782e-01 -6.215856e-02 -3.494265e-02 1.217775e-03
<VARIANCE> 25
 9.049061e+00 9.696951e+00 1.626204e+01 1.954340e+01 2.256375e+01 2.242396e+01 2.438964e+01 2.889016e+01 2.518561e+01 2.889811e+01 2.143505e+01 2.016594e+01 1.589035e-01 2.811639e-01 4.627150e-01 6.421189e-01 8.039227e-01 9.751057e-01 1.086492e+00 1.293860e+00 1.286760e+00 1.213058e+00 1.190358e+00 1.089046e+00 2.320803e-04
<GCONST> 6.973770e+01
<MIXTURE> 121 4.567511e-03
<MEAN> 25
 2.089203e-01 -2.529466e+00 5.123500e+00 -1.284513e+01 -1.261704e+01 -1.654701e+00 9.919026e-01 -5.076395e+00 -4.189646e+00 -4.921342e-01 -5.469790e+00 -4.303763e+00 2.537348e-02 1.325453e-01 -3.786438e-02 7.486541e-02 1.598758e-01 7.780626e-02 -7.685491e-02 -1.872453e-01 -2.673615e-01 -2.640810e-01 -1.143933e-01 -4.389247e-04 -7.410198e-03
<VARIANCE> 25
 7.700720e+00 1.557698e+01 1.746448e+01 2.087310e+01 2.445603e+01 2.912617e+01 2.945066e+01 2.466549e+01 3.540441e+01 2.824821e+01 1.993011e+01 2.113718e+01 1.548496e-01 6.406045e-01 6.254769e-01 7.077398e-01 7.683154e-01 1.144733e+00 1.114817e+00 1.122175e+00 1.214806e+00 1.197163e+00 9.445388e-01 8.707888e-01 2.103297e-04
<GCONST> 7.142272e+01
<MIXTURE> 122 4.567511e-03
<MEAN> 25
 2.089203e-01 -2.529466e+00 5.123500e+00 -1.284513e+01 -1.261704e+01 -1.654701e+00 9.919026e-01 -5.076395e+00 -4.189646e+00 -4.921342e-01 -5.469790e+00 -4.303763e+00 2.537348e-02 1.325453e-01 -3.786438e-02 7.486541e-02 1.598758e-01 7.780626e-02 -7.685491e-02 -1.872453e-01 -2.673615e-01 -2.640810e-01 -1.143933e-01 -4.389247e-04 -7.410198e-03
<VARIANCE> 25
 7.700720e+00 1.557698e+01 1.746448e+01 2.087310e+01 2.445603e+01 2.912617e+01 2.945066e+01 2.466549e+01 3.540441e+01 2.824821e+01 1.993011e+01 2.113718e+01 1.548496e-01 6.406045e-01 6.254769e-01 7.077398e-01 7.683154e-01 1.144733e+00 1.114817e+00 1.122175e+00 1.214806e+00 1.197163e+00 9.445388e-01 8.707888e-01 2.103297e-04
<GCONST> 7.142272e+01
<MIXTURE> 123 4.393044e-03
<MEAN> 25
 -3.634013e+00 4.934535e-01 1.899838e-01 6.169497e+00 4.625900e+00 3.240195e+00 3.036354e+00 3.533413e-01 1.111946e+00 -9.824286e-01 4.116941e-02 4.901430e-01 -4.440226e-01 -7.541644e-01 -8.738102e-01 -7.103162e-01 -3.315653e-01 2.224072e-02 2.501584e-01 5.870931e-01 8.515655e-01 6.752825e-01 6.104015e-01 5.095909e-01 -4.343401e-03
<VARIANCE> 25
 1.150068e+01 1.062520e+01 1.382762e+01 1.524588e+01 2.132377e+01 2.483226e+01 2.230940e+01 1.808528e+01 2.295569e+01 1.705446e+01 2.174883e+01 1.763645e+01 3.509713e-01 3.670576e-01 5.609079e-01 7.274421e-01 9.703258e-01 1.078108e+00 1.224327e+00 1.208180e+00 1.221138e+00 1.137924e+00 1.126781e+00 1.234479e+00 1.394097e-04
<GCONST> 6.956689e+01
<MIXTURE> 124 4.069876e-03
<MEAN> 25
 -6.497805e+00 -1.238112e+00 -2.927175e+00 5.067538e+00 4.933031e+00 3.411290e+00 5.377699e+00 2.564699e+00 3.268630e+00 1.210304e+00 1.110660e+00 2.977698e+00 -2.013205e-01 -3.184025e-01 -3.622059e-01 -2.251004e-01 1.247023e-01 5.208177e-01 8.146833e-01 8.538163e-01 6.521050e-01 3.256482e-01 7.230803e-02 -2.539270e-02 8.380089e-06
<VARIANCE> 25
 1.134326e+01 6.988431e+00 1.104855e+01 1.247208e+01 1.219877e+01 1.967540e+01 1.539692e+01 1.690793e+01 1.585530e+01 1.642410e+01 1.914224e+01 1.473401e+01 1.054795e-01 1.688073e-01 2.691122e-01 4.373426e-01 6.115369e-01 7.033501e-01 7.448233e-01 8.118712e-01 9.096045e-01 9.762700e-01 1.007327e+00 9.870169e-01 1.828458e-05
<GCONST> 5.894397e+01
<MIXTURE> 125 4.069876e-03
<MEAN> 25
 -6.497805e+00 -1.238112e+00 -2.927175e+00 5.067538e+00 4.933031e+00 3.411290e+00 5.377699e+00 2.564699e+00 3.268630e+00 1.210304e+00 1.110660e+00 2.977698e+00 -2.013205e-01 -3.184025e-01 -3.622059e-01 -2.251004e-01 1.247023e-01 5.208177e-01 8.146833e-01 8.538163e-01 6.521050e-01 3.256482e-01 7.230803e-02 -2.539270e-02 8.380089e-06
<VARIANCE> 25
 1.134326e+01 6.988431e+00 1.104855e+01 1.247208e+01 1.219877e+01 1.967540e+01 1.539692e+01 1.690793e+01 1.585530e+01 1.642410e+01 1.914224e+01 1.473401e+01 1.054795e-01 1.688073e-01 2.691122e-01 4.373426e-01 6.115369e-01 7.033501e-01 7.448233e-01 8.118712e-01 9.096045e-01 9.762700e-01 1.007327e+00 9.870169e-01 1.828458e-05
<GCONST> 5.894397e+01
<MIXTURE> 126 2.402244e-03
<MEAN> 25
 -3.553360e+00 -6.723258e+00 -4.861381e+00 2.420902e+00 3.913897e+00 -2.868480e+00 1.790643e-01 3.096468e+00 3.634973e+00 -2.721919e+00 -1.441305e+00 2.702624e+00 7.057296e-03 -2.692801e-02 -6.552283e-02 -2.027976e-01 -3.017056e-01 -3.786761e-01 -2.676907e-01 -1.613202e-01 -1.180514e-01 -1.368278e-01 -1.049873e-01 -1.335727e-04 -1.651203e-03
<VARIANCE> 25
 7.800530e+00 1.245353e+01 1.512664e+01 1.503395e+01 2.499742e+01 2.369121e+01 2.224463e+01 2.924905e+01 3.046970e+01 2.621663e+01 2.081034e+01 1.960517e+01 1.685341e-01 3.554694e-01 4.723670e-01 5.758697e-01 7.583390e-01 1.033349e+00 1.112709e+00 1.202152e+00 1.367811e+00 1.289924e+00 1.180371e+00 1.125507e+00 2.170802e-04
<GCONST> 6.985299e+01
<MIXTURE> 127 2.402244e-03
<MEAN> 25
 -3.553360e+00 -6.723258e+00 -4.861381e+00 2.420902e+00 3.913897e+00 -2.868480e+00 1.790643e-01 3.096468e+00 3.634973e+00 -2.721919e+00 -1.441305e+00 2.702624e+00 7.057296e-03 -2.692801e-02 -6.552283e-02 -2.027976e-01 -3.017056e-01 -3.786761e-01 -2.676907e-01 -1.613202e-01 -1.180514e-01 -1.368278e-01 -1.049873e-01 -1.335727e-04 -1.651203e-03
<VARIANCE> 25
 7.800530e+00 1.245353e+01 1.512664e+01 1.503395e+01 2.499742e+01 2.369121e+01 2.224463e+01 2.924905e+01 3.046970e+01 2.621663e+01 2.081034e+01 1.960517e+01 1.685341e-01 3.554694e-01 4.723670e-01 5.758697e-01 7.583390e-01 1.033349e+00 1.112709e+00 1.202152e+00 1.367811e+00 1.289924e+00 1.180371e+00 1.125507e+00 2.170802e-04
<GCONST> 6.985299e+01
<MIXTURE> 128 3.790457e-03
<MEAN> 25
 -3.933347e+00 1.543813e+00 -3.378838e-01 6.574295e+00 3.610224e+00 1.854991e+00 3.570244e+00 2.368478e+00 3.961001e+00 3.694620e+00 3.768753e+00 3.523985e+00 -3.958504e-01 -1.971699e-01 9.801793e-02 7.276199e-01 1.184328e+00 1.134367e+00 7.174431e-01 1.308525e-01 -4.378302e-01 -7.884002e-01 -7.018108e-01 -3.945551e-01 -3.687261e-05
<VARIANCE> 25
 1.021060e+01 1.169741e+01 1.498670e+01 1.930496e+01 2.022108e+01 2.118715e+01 2.439781e+01 2.467093e+01 2.640600e+01 2.391636e+01 2.679181e+01 1.819728e+01 8.920341e-01 1.145830e+00 1.365626e+00 1.503261e+00 1.579802e+00 1.864491e+00 2.248037e+00 2.324108e+00 2.149718e+00 1.856456e+00 1.744025e+00 1.748425e+00 9.999038e-07
<GCONST> 7.365312e+01
<TRANSP> 3
 0.000000e+00 1.000000e+00 0.000000e+00
 0.000000e+00 9.999990e-01 9.999998e-07
 0.000000e+00 0.000000e+00 0.000000e+00
<ENDHMM>
