~o
<STREAMINFO> 1 25
<VECSIZE> 25<NULLD><MFCC_E_D_N><DIAGC>
~h "jmodel"
<BEGINHMM>
<NUMSTATES> 3
<STATE> 2
<NUMMIXES> 128
<MIXTURE> 1 5.748963e-03
<MEAN> 25
 -2.499109e+00 3.071276e+00 2.377758e+00 8.745401e+00 4.164669e+00 3.269479e+00 3.722785e+00 3.784380e+00 5.679496e+00 5.156170e+00 5.697792e+00 3.077522e+00 -2.075117e+00 -1.626183e+00 -7.620639e-01 1.039875e+00 1.516562e+00 2.199147e+00 2.173952e+00 2.000006e+00 1.785648e+00 1.080189e+00 1.517889e+00 6.206171e-01 -4.523070e-02
<VARIANCE> 25
 1.001404e+01 1.163510e+01 1.451799e+01 1.887676e+01 2.323780e+01 2.192116e+01 2.360279e+01 2.156864e+01 2.107287e+01 2.282623e+01 2.238362e+01 1.688350e+01 1.882841e+00 2.039229e+00 3.126189e+00 3.132635e+00 3.632531e+00 3.238845e+00 3.291799e+00 3.399489e+00 3.609145e+00 4.358078e+00 3.426975e+00 2.736079e+00 3.100997e-03
<GCONST> 8.861958e+01
<MIXTURE> 2 4.549242e-03
<MEAN> 25
 -4.875671e+00 1.311720e+00 9.943511e-01 9.899809e+00 6.692275e+00 7.424650e+00 7.847087e+00 6.958091e+00 8.373269e+00 6.373019e+00 7.624402e+00 3.074697e+00 -6.200235e-02 4.161923e-02 1.425301e-01 2.258583e-01 2.652900e-01 2.813653e-01 2.954302e-01 3.195550e-01 3.497573e-01 3.089160e-01 1.971766e-01 8.006547e-02 1.228299e-06
<VARIANCE> 25
 6.952293e+00 8.901894e+00 1.065126e+01 1.591096e+01 1.723581e+01 1.556308e+01 1.689898e+01 1.848562e+01 1.658668e+01 1.738619e+01 1.811029e+01 1.434002e+01 1.252503e-01 2.266278e-01 3.364712e-01 4.671271e-01 6.492781e-01 8.148874e-01 9.298787e-01 1.003176e+00 1.051662e+00 1.077774e+00 1.075658e+00 1.013934e+00 1.000000e-06
<GCONST> 5.804302e+01
<MIXTURE> 3 4.549242e-03
<MEAN> 25
 -4.875671e+00 1.311720e+00 9.943511e-01 9.899809e+00 6.692275e+00 7.424650e+00 7.847087e+00 6.958091e+00 8.373269e+00 6.373019e+00 7.624402e+00 3.074697e+00 -6.200235e-02 4.161923e-02 1.425301e-01 2.258583e-01 2.652900e-01 2.813653e-01 2.954302e-01 3.195550e-01 3.497573e-01 3.089160e-01 1.971766e-01 8.006547e-02 1.228299e-06
<VARIANCE> 25
 6.952293e+00 8.901894e+00 1.065126e+01 1.591096e+01 1.723581e+01 1.556308e+01 1.689898e+01 1.848562e+01 1.658668e+01 1.738619e+01 1.811029e+01 1.434002e+01 1.252503e-01 2.266278e-01 3.364712e-01 4.671271e-01 6.492781e-01 8.148874e-01 9.298787e-01 1.003176e+00 1.051662e+00 1.077774e+00 1.075658e+00 1.013934e+00 1.000000e-06
<GCONST> 5.804302e+01
<MIXTURE> 4 1.671429e-02
<MEAN> 25
 3.213470e+00 2.458224e+00 -2.944365e+00 9.434439e-01 4.070716e+00 -1.473148e-01 -3.409048e-01 -1.414631e-01 1.184501e+00 1.262890e+00 -1.374328e+00 -3.789648e-01 -2.616215e+00 8.281233e-01 1.804466e+00 2.867717e+00 8.770084e-01 4.155052e-01 1.160644e+00 6.858346e-01 1.399071e+00 1.953996e-01 1.088830e+00 8.215218e-01 -9.078582e-02
<VARIANCE> 25
 2.047481e+01 2.549077e+01 2.967902e+01 3.785061e+01 4.905820e+01 5.916605e+01 6.408884e+01 4.714838e+01 5.027947e+01 5.597264e+01 4.807885e+01 3.418013e+01 2.176589e+00 5.147925e+00 3.474476e+00 4.720251e+00 4.644555e+00 5.434016e+00 6.293723e+00 5.439116e+00 6.658955e+00 5.873702e+00 6.698912e+00 4.315335e+00 6.277813e-03
<GCONST> 1.044975e+02
<MIXTURE> 5 3.206198e-03
<MEAN> 25
 -3.417149e+00 2.181134e+00 6.106519e-01 9.428617e+00 6.696982e+00 6.315907e+00 7.112128e+00 4.723228e+00 5.495927e+00 3.847992e+00 4.658814e+00 2.606484e+00 -3.246443e-01 7.528902e-01 1.224830e+00 1.032637e+00 3.076911e-01 -1.001344e-01 -8.368796e-02 3.358936e-02 4.580053e-01 6.836933e-01 4.038642e-01 8.807234e-02 -2.776490e-05
<VARIANCE> 25
 1.025034e+01 1.394353e+01 2.348717e+01 2.561789e+01 2.022119e+01 1.942589e+01 2.011773e+01 2.036042e+01 2.141887e+01 2.128370e+01 2.409806e+01 1.636038e+01 1.210059e+00 1.244351e+00 1.357102e+00 1.673513e+00 2.284770e+00 2.376345e+00 2.301859e+00 2.275359e+00 2.315511e+00 2.238263e+00 2.085553e+00 1.873946e+00 1.000061e-06
<GCONST> 7.516693e+01
<MIXTURE> 6 5.475854e-03
<MEAN> 25
 8.992601e+00 -3.349162e-01 -6.547661e+00 -1.003062e+01 -2.178763e+00 6.088274e+00 -5.240863e+00 -5.093379e+00 -4.354309e+00 1.982469e+00 4.319068e+00 -9.075000e-01 5.805717e-01 7.858745e-01 -3.647492e-01 -1.487883e+00 -5.976787e-01 1.276323e+00 1.564976e+00 3.775173e-01 -1.502801e+00 -1.030437e+00 4.058314e-02 1.394501e+00 -7.132697e-03
<VARIANCE> 25
 1.073578e+01 1.491603e+01 2.066010e+01 4.078168e+01 3.117971e+01 2.828927e+01 4.074529e+01 3.317611e+01 3.898555e+01 3.365304e+01 3.704280e+01 2.729647e+01 3.666793e-01 8.018427e-01 8.941303e-01 1.730693e+00 1.392493e+00 1.894172e+00 1.646889e+00 1.886907e+00 2.596976e+00 1.956546e+00 2.373607e+00 1.444751e+00 5.288563e-04
<GCONST> 8.247823e+01
<MIXTURE> 7 5.475854e-03
<MEAN> 25
 8.992601e+00 -3.349162e-01 -6.547661e+00 -1.003062e+01 -2.178763e+00 6.088274e+00 -5.240863e+00 -5.093379e+00 -4.354309e+00 1.982469e+00 4.319068e+00 -9.075000e-01 5.805717e-01 7.858745e-01 -3.647492e-01 -1.487883e+00 -5.976787e-01 1.276323e+00 1.564976e+00 3.775173e-01 -1.502801e+00 -1.030437e+00 4.058314e-02 1.394501e+00 -7.132697e-03
<VARIANCE> 25
 1.073578e+01 1.491603e+01 2.066010e+01 4.078168e+01 3.117971e+01 2.828927e+01 4.074529e+01 3.317611e+01 3.898555e+01 3.365304e+01 3.704280e+01 2.729647e+01 3.666793e-01 8.018427e-01 8.941303e-01 1.730693e+00 1.392493e+00 1.894172e+00 1.646889e+00 1.886907e+00 2.596976e+00 1.956546e+00 2.373607e+00 1.444751e+00 5.288563e-04
<GCONST> 8.247823e+01
<MIXTURE> 8 1.165917e-02
<MEAN> 25
 -4.728001e+00 1.355809e+00 1.293937e+00 9.549816e+00 6.570493e+00 6.250635e+00 6.474832e+00 5.685348e+00 6.653445e+00 5.625982e+00 6.565305e+00 3.147160e+00 -6.322646e-01 -1.423411e+00 -1.069028e+00 -1.726773e+00 -2.324297e-01 -9.429024e-01 -1.741088e-01 -2.900018e-01 -2.528374e-01 -1.767538e-01 -2.126575e-01 8.235884e-02 9.873284e-02
<VARIANCE> 25
 9.340488e+00 9.864151e+00 1.160506e+01 1.609982e+01 1.662521e+01 1.571898e+01 1.812363e+01 1.750113e+01 1.705043e+01 1.739160e+01 1.889608e+01 1.399784e+01 2.758906e+00 2.813174e+00 3.903761e+00 3.769963e+00 3.452083e+00 3.315846e+00 3.136209e+00 3.076837e+00 2.872708e+00 2.657079e+00 2.436260e+00 1.901463e+00 6.682820e-03
<GCONST> 8.629585e+01
<MIXTURE> 9 1.199672e-02
<MEAN> 25
 8.202312e+00 3.660332e+00 -6.052851e+00 -8.851937e+00 -3.739487e+00 5.107387e+00 -1.593550e+00 -8.768470e-02 -5.383754e+00 -1.151927e+00 -3.434578e-02 7.062465e-02 1.438774e+00 2.560458e-01 -5.422121e-01 -2.664614e+00 -1.559295e+00 5.249648e-01 -7.252096e-01 1.020470e-02 -6.595687e-01 -2.928503e-01 4.507318e-01 -1.827797e-02 7.056515e-02
<VARIANCE> 25
 1.403521e+01 1.836504e+01 2.740686e+01 5.513885e+01 5.150698e+01 2.700505e+01 3.623311e+01 5.994271e+01 3.805376e+01 3.457362e+01 3.225373e+01 2.198503e+01 1.807797e+00 2.693694e+00 3.836401e+00 3.955993e+00 4.076729e+00 3.670571e+00 3.771821e+00 5.819162e+00 5.485865e+00 3.645499e+00 3.452186e+00 2.355550e+00 1.849811e-03
<GCONST> 9.638271e+01
<MIXTURE> 10 6.596976e-03
<MEAN> 25
 8.637000e-01 7.552893e+00 5.311663e+00 7.107545e+00 1.593908e+00 -2.061821e+00 -6.165446e-01 -1.698733e+00 8.553281e-01 8.724058e-01 9.121245e-01 6.512454e-01 -1.933850e+00 -7.038161e-01 -4.224121e-01 2.991134e+00 2.447058e+00 2.674258e+00 2.336638e+00 2.216002e+00 1.917095e+00 1.479488e+00 2.327214e+00 5.530381e-01 -1.366759e-01
<VARIANCE> 25
 1.934066e+01 2.068986e+01 2.217802e+01 2.895678e+01 3.780162e+01 3.460081e+01 3.512400e+01 3.328289e+01 2.725602e+01 2.892095e+01 2.704041e+01 2.458337e+01 2.207696e+00 3.422496e+00 5.508557e+00 5.164597e+00 5.475239e+00 4.461159e+00 4.755578e+00 4.980617e+00 4.551300e+00 5.168376e+00 4.394528e+00 3.182441e+00 2.773744e-03
<GCONST> 9.745246e+01
<MIXTURE> 11 1.633820e-02
<MEAN> 25
 6.235619e+00 3.647349e+00 3.591290e+00 5.451448e+00 -2.800298e+00 -2.639797e+00 -2.465228e+00 -4.965870e+00 -3.216076e+00 1.646792e+00 -2.029668e+00 -1.593388e+00 -2.867709e-01 4.154726e-01 1.043279e-01 2.593418e-01 6.056867e-01 -2.409960e-01 3.328178e-01 -8.257034e-02 4.585896e-02 4.536726e-02 -8.948574e-02 1.621532e-01 -1.653268e-02
<VARIANCE> 25
 1.081728e+01 1.782221e+01 1.823783e+01 2.508644e+01 3.034824e+01 2.989406e+01 4.724304e+01 3.951700e+01 3.364735e+01 3.513966e+01 2.625527e+01 2.149865e+01 8.468179e-01 9.773311e-01 1.612055e+00 2.347946e+00 2.353967e+00 1.824166e+00 1.783663e+00 2.588601e+00 2.438919e+00 1.991929e+00 1.463166e+00 1.470118e+00 7.154883e-04
<GCONST> 8.432083e+01
<MIXTURE> 12 5.904134e-03
<MEAN> 25
 1.018741e+01 3.935264e+00 -4.589694e+00 -1.486819e+01 -8.431648e+00 7.656517e+00 -2.522891e-01 -8.564165e-01 -3.039781e+00 -4.500544e+00 1.158050e+00 7.277828e-01 9.666139e-02 2.512232e-01 9.430786e-02 -3.857379e-01 -2.993312e-01 -3.687060e-02 2.995757e-01 3.579854e-01 9.219955e-02 -3.491719e-01 -2.189196e-01 1.738299e-02 -3.970462e-03
<VARIANCE> 25
 9.545309e+00 1.889342e+01 2.048645e+01 3.754805e+01 3.869646e+01 3.237731e+01 3.855036e+01 5.112981e+01 4.784799e+01 3.406916e+01 3.572953e+01 2.676158e+01 2.319602e-01 6.386998e-01 6.085817e-01 1.207703e+00 1.109109e+00 9.850974e-01 1.049438e+00 1.394511e+00 1.194155e+00 1.170461e+00 1.325907e+00 9.332663e-01 5.698271e-04
<GCONST> 7.809568e+01
<MIXTURE> 13 5.904134e-03
<MEAN> 25
 1.018741e+01 3.935264e+00 -4.589694e+00 -1.486819e+01 -8.431648e+00 7.656517e+00 -2.522891e-01 -8.564165e-01 -3.039781e+00 -4.500544e+00 1.158050e+00 7.277828e-01 9.666139e-02 2.512232e-01 9.430786e-02 -3.857379e-01 -2.993312e-01 -3.687060e-02 2.995757e-01 3.579854e-01 9.219955e-02 -3.491719e-01 -2.189196e-01 1.738299e-02 -3.970462e-03
<VARIANCE> 25
 9.545309e+00 1.889342e+01 2.048645e+01 3.754805e+01 3.869646e+01 3.237731e+01 3.855036e+01 5.112981e+01 4.784799e+01 3.406916e+01 3.572953e+01 2.676158e+01 2.319602e-01 6.386998e-01 6.085817e-01 1.207703e+00 1.109109e+00 9.850974e-01 1.049438e+00 1.394511e+00 1.194155e+00 1.170461e+00 1.325907e+00 9.332663e-01 5.698271e-04
<GCONST> 7.809568e+01
<MIXTURE> 14 6.488954e-03
<MEAN> 25
 -4.287939e+00 -4.096742e-01 -2.928662e-01 8.847126e+00 7.483130e+00 7.348866e+00 7.780464e+00 7.311411e+00 7.224300e+00 5.213622e+00 6.835731e+00 4.061154e+00 -2.912219e-01 1.893981e-01 3.596598e-01 3.166090e-01 1.530758e-04 6.747138e-02 1.204543e-01 1.713157e-01 2.837362e-01 5.171238e-01 5.069147e-01 8.778838e-02 -9.218459e-03
<VARIANCE> 25
 9.297747e+00 1.379336e+01 1.847977e+01 1.804552e+01 2.080045e+01 1.952547e+01 2.153201e+01 2.045362e+01 1.997791e+01 2.380355e+01 2.132942e+01 1.598263e+01 9.783998e-01 1.625123e+00 1.761657e+00 1.920429e+00 2.233265e+00 2.244416e+00 2.281380e+00 2.224608e+00 2.276328e+00 2.531083e+00 2.189448e+00 1.815853e+00 1.021878e-03
<GCONST> 8.186504e+01
<MIXTURE> 15 2.475190e-03
<MEAN> 25
 -5.423934e+00 -6.449152e-01 -2.000230e-01 7.367165e+00 5.719235e+00 5.700551e+00 6.058673e+00 4.978401e+00 5.164487e+00 4.153655e+00 5.503233e+00 2.539198e+00 -1.212393e-01 -2.909663e-02 7.510222e-02 2.436131e-01 4.894856e-01 7.866200e-01 1.072857e+00 1.182208e+00 1.059163e+00 7.557859e-01 4.196016e-01 1.536044e-01 -8.291293e-05
<VARIANCE> 25
 6.983231e+00 5.606724e+00 9.040151e+00 1.281626e+01 1.407764e+01 1.430097e+01 1.494152e+01 1.490608e+01 1.409905e+01 1.418661e+01 1.510392e+01 1.251045e+01 1.247410e-01 2.061878e-01 3.197915e-01 5.030416e-01 6.995307e-01 7.936385e-01 7.641069e-01 7.915170e-01 9.090576e-01 1.024566e+00 1.071291e+00 1.041324e+00 2.795190e-05
<GCONST> 5.859184e+01
<MIXTURE> 16 2.475190e-03
<MEAN> 25
 -5.423934e+00 -6.449152e-01 -2.000230e-01 7.367165e+00 5.719235e+00 5.700551e+00 6.058673e+00 4.978401e+00 5.164487e+00 4.153655e+00 5.503233e+00 2.539198e+00 -1.212393e-01 -2.909663e-02 7.510222e-02 2.436131e-01 4.894856e-01 7.866200e-01 1.072857e+00 1.182208e+00 1.059163e+00 7.557859e-01 4.196016e-01 1.536044e-01 -8.291293e-05
<VARIANCE> 25
 6.983231e+00 5.606724e+00 9.040151e+00 1.281626e+01 1.407764e+01 1.430097e+01 1.494152e+01 1.490608e+01 1.409905e+01 1.418661e+01 1.510392e+01 1.251045e+01 1.247410e-01 2.061878e-01 3.197915e-01 5.030416e-01 6.995307e-01 7.936385e-01 7.641069e-01 7.915170e-01 9.090576e-01 1.024566e+00 1.071291e+00 1.041324e+00 2.795190e-05
<GCONST> 5.859184e+01
<MIXTURE> 17 9.518312e-03
<MEAN> 25
 2.818981e+00 -9.809432e-01 6.202887e+00 2.640465e+00 -5.566910e+00 -4.801067e+00 -2.922490e+00 -3.089273e-03 -1.755367e+00 -3.229580e+00 -3.297352e-01 5.865764e-01 -5.238993e-01 -8.765271e-01 9.364204e-01 -1.983963e+00 -2.407526e+00 -2.993573e-01 9.018351e-03 1.021263e+00 -5.693211e-01 6.651492e-02 9.391856e-01 5.873781e-01 7.246754e-02
<VARIANCE> 25
 1.698586e+01 2.642158e+01 3.038067e+01 3.780701e+01 3.957701e+01 5.024082e+01 4.596933e+01 3.375378e+01 3.477448e+01 2.627904e+01 3.003299e+01 2.583189e+01 1.744586e+00 2.880712e+00 4.014015e+00 3.426143e+00 3.667164e+00 4.574666e+00 4.550721e+00 4.728601e+00 4.825126e+00 3.874058e+00 2.745049e+00 2.768361e+00 2.096086e-03
<GCONST> 9.642664e+01
<MIXTURE> 18 1.221018e-02
<MEAN> 25
 3.944108e+00 4.586933e+00 6.689165e+00 4.730731e+00 -4.590232e+00 -8.287136e+00 -1.740882e+00 -1.161543e+00 -3.368419e+00 -2.404140e+00 -8.754249e-01 5.756595e-01 -7.629598e-01 2.128773e+00 -1.860980e-01 2.015234e+00 3.089576e+00 1.461558e+00 7.998757e-01 -2.123394e-01 6.293023e-01 5.109912e-01 -2.763619e-01 -5.454748e-02 -1.226507e-01
<VARIANCE> 25
 1.596635e+01 2.514429e+01 3.293946e+01 2.617995e+01 3.983716e+01 3.383118e+01 3.881268e+01 3.485149e+01 3.894463e+01 3.454121e+01 3.229255e+01 3.066923e+01 2.545824e+00 3.097997e+00 4.714846e+00 4.065275e+00 4.133059e+00 4.672513e+00 4.647968e+00 4.447363e+00 4.572733e+00 4.315567e+00 4.581452e+00 3.620595e+00 4.183648e-03
<GCONST> 9.854240e+01
<MIXTURE> 19 9.912824e-03
<MEAN> 25
 -8.793106e+00 8.336692e-01 -4.641614e-01 1.220096e+00 3.832944e+00 1.675700e+00 2.831383e+00 7.922462e-01 2.762325e+00 7.364123e-01 9.692273e-01 4.227926e-01 1.976374e+00 1.694930e+00 1.939231e+00 7.754344e-01 -1.240314e+00 -8.406138e-01 -9.397426e-01 -9.709021e-01 -1.385150e+00 -7.759872e-01 -9.325539e-01 -8.090709e-01 3.530318e-03
<VARIANCE> 25
 4.783372e+01 2.766858e+01 4.395074e+01 4.636419e+01 3.502666e+01 2.877643e+01 3.273577e+01 3.126786e+01 2.758095e+01 2.752631e+01 2.729004e+01 2.300708e+01 2.413272e+00 1.980798e+00 2.073684e+00 2.013940e+00 2.131687e+00 2.300641e+00 2.216414e+00 2.851024e+00 2.137382e+00 2.304851e+00 2.318664e+00 1.932376e+00 2.025801e-03
<GCONST> 9.099599e+01
<MIXTURE> 20 6.308331e-03
<MEAN> 25
 -1.414203e+01 7.370760e+00 8.837419e-01 6.175189e+00 4.834913e+00 1.630549e+00 5.191367e+00 8.538437e-01 9.458666e-01 7.729707e-01 2.560798e+00 -2.820480e-01 -3.295269e+00 -8.649490e-01 -1.557606e+00 3.224408e-01 1.535290e+00 2.063035e+00 1.982199e+00 2.049988e+00 2.153499e+00 2.012393e+00 1.674327e+00 9.367468e-01 4.739887e-02
<VARIANCE> 25
 1.985657e+01 2.370740e+01 3.107584e+01 3.712046e+01 3.070214e+01 2.775784e+01 2.983240e+01 3.130602e+01 2.792245e+01 2.822038e+01 2.505010e+01 2.090224e+01 2.103251e+00 2.171789e+00 1.915102e+00 2.552487e+00 2.695497e+00 2.301888e+00 2.311043e+00 2.319198e+00 2.243785e+00 2.789272e+00 2.251016e+00 1.869538e+00 1.877762e-03
<GCONST> 8.927277e+01
<MIXTURE> 21 7.928653e-03
<MEAN> 25
 3.850449e+00 -4.073006e+00 5.860088e+00 -1.589411e+00 -9.859583e+00 -8.271673e+00 -2.302336e+00 3.526342e+00 -1.846649e+00 -3.205889e+00 2.689160e-02 4.191046e-01 -6.340885e-01 1.304220e+00 2.611945e+00 1.009238e-01 -1.621169e+00 1.736682e-01 6.909500e-01 -1.568709e+00 -1.898573e+00 2.915824e-01 1.401549e+00 2.687569e-01 -1.336074e-02
<VARIANCE> 25
 8.586581e+00 1.992537e+01 2.779205e+01 2.695273e+01 3.267999e+01 3.361620e+01 4.239102e+01 4.198383e+01 4.098729e+01 2.982718e+01 3.229458e+01 2.185380e+01 4.350042e-01 9.122037e-01 1.837005e+00 1.449168e+00 2.144956e+00 2.353100e+00 3.561463e+00 2.598718e+00 2.203536e+00 2.426785e+00 1.948785e+00 2.160299e+00 4.087822e-04
<GCONST> 8.507254e+01
<MIXTURE> 22 8.827789e-03
<MEAN> 25
 -1.795146e+01 7.140371e+00 -4.077605e+00 7.362488e+00 4.591604e+00 2.778079e+00 8.349868e+00 1.731661e+00 5.386498e+00 3.255740e+00 5.698678e+00 1.182034e+00 -3.124116e-01 -2.024281e-01 -1.215444e-01 -1.475991e-01 -2.601254e-03 1.401130e-01 1.832756e-01 1.767809e-01 2.454095e-01 2.076062e-01 1.749372e-01 1.919876e-01 8.894423e-03
<VARIANCE> 25
 8.233747e+00 1.676266e+01 1.777036e+01 2.517985e+01 2.281087e+01 2.079278e+01 1.975106e+01 1.865182e+01 1.804370e+01 2.109129e+01 1.918319e+01 1.370857e+01 1.088212e+00 1.354687e+00 1.359300e+00 1.566420e+00 1.404357e+00 1.521400e+00 1.505780e+00 1.527501e+00 1.608371e+00 1.537499e+00 1.355212e+00 1.161914e+00 1.737706e-03
<GCONST> 7.830283e+01
<MIXTURE> 23 6.455497e-03
<MEAN> 25
 6.859834e+00 2.210316e+00 2.911458e+00 2.912191e+00 -4.515481e+00 -3.488790e+00 -2.281344e+00 -6.168590e+00 -3.343644e+00 4.691951e-01 -3.259638e+00 -8.800157e-01 2.360050e-02 2.384257e-01 5.963338e-02 1.059795e-01 8.566143e-02 2.834529e-02 -1.150943e-01 -1.219898e-01 1.049493e-01 -5.392778e-02 1.600155e-01 -1.387068e-02 -4.532255e-03
<VARIANCE> 25
 9.439074e+00 1.700229e+01 2.222117e+01 3.982718e+01 2.832009e+01 4.104433e+01 5.515131e+01 4.747433e+01 3.898111e+01 4.140196e+01 3.458068e+01 3.334719e+01 9.623257e-02 2.528937e-01 3.646515e-01 4.505000e-01 7.317100e-01 7.102512e-01 6.809357e-01 1.107184e+00 8.157220e-01 1.158472e+00 6.811642e-01 7.460166e-01 8.197423e-05
<GCONST> 7.057430e+01
<MIXTURE> 24 6.455497e-03
<MEAN> 25
 6.859834e+00 2.210316e+00 2.911458e+00 2.912191e+00 -4.515481e+00 -3.488790e+00 -2.281344e+00 -6.168590e+00 -3.343644e+00 4.691951e-01 -3.259638e+00 -8.800157e-01 2.360050e-02 2.384257e-01 5.963338e-02 1.059795e-01 8.566143e-02 2.834529e-02 -1.150943e-01 -1.219898e-01 1.049493e-01 -5.392778e-02 1.600155e-01 -1.387068e-02 -4.532255e-03
<VARIANCE> 25
 9.439074e+00 1.700229e+01 2.222117e+01 3.982718e+01 2.832009e+01 4.104433e+01 5.515131e+01 4.747433e+01 3.898111e+01 4.140196e+01 3.458068e+01 3.334719e+01 9.623257e-02 2.528937e-01 3.646515e-01 4.505000e-01 7.317100e-01 7.102512e-01 6.809357e-01 1.107184e+00 8.157220e-01 1.158472e+00 6.811642e-01 7.460166e-01 8.197423e-05
<GCONST> 7.057430e+01
<MIXTURE> 25 1.118642e-02
<MEAN> 25
 2.185182e-01 3.360924e+00 1.655819e+01 -1.017322e+00 -1.114265e+01 -1.775493e+00 -5.106419e+00 -2.988880e+00 -6.734657e+00 -5.432998e+00 4.265101e+00 -1.619376e+00 -1.361118e-01 4.248720e-01 1.896131e-01 1.980779e-01 2.209577e-01 9.860922e-02 2.181453e-01 -1.583550e-01 -2.670492e-01 8.811173e-02 -8.171139e-02 -9.840196e-02 -1.283441e-02
<VARIANCE> 25
 9.052997e+00 2.255686e+01 2.309065e+01 2.835224e+01 3.280465e+01 4.033395e+01 2.761449e+01 2.957243e+01 2.997809e+01 3.610215e+01 2.224254e+01 2.717765e+01 5.859060e-01 1.432102e+00 1.418006e+00 1.500281e+00 2.241096e+00 2.010325e+00 1.761291e+00 1.608192e+00 1.532969e+00 1.640106e+00 1.328259e+00 1.282635e+00 1.258623e-03
<GCONST> 8.293726e+01
<MIXTURE> 26 7.727677e-03
<MEAN> 25
 2.022796e+00 -6.174636e+00 -9.918310e+00 -8.140140e-01 7.675875e+00 5.228009e+00 3.845095e+00 -9.118736e-02 2.455073e+00 -9.182435e-01 -2.854831e+00 -1.204730e+00 -6.100470e-01 6.190132e-01 3.692491e-01 6.982533e-01 1.666520e-01 2.363731e-01 2.944711e-01 3.019862e-01 2.996462e-01 3.027727e-02 3.051429e-01 4.380063e-01 -5.034984e-02
<VARIANCE> 25
 2.419295e+01 3.309882e+01 2.836225e+01 5.972292e+01 3.979999e+01 4.077192e+01 4.559144e+01 4.243646e+01 3.850216e+01 5.326661e+01 3.936191e+01 4.515816e+01 1.696179e+00 1.922750e+00 1.857879e+00 2.004204e+00 2.360101e+00 2.255323e+00 2.482504e+00 2.700187e+00 2.263743e+00 2.362011e+00 2.258096e+00 2.046974e+00 3.219049e-03
<GCONST> 9.367599e+01
<MIXTURE> 27 7.727677e-03
<MEAN> 25
 2.022796e+00 -6.174636e+00 -9.918310e+00 -8.140140e-01 7.675875e+00 5.228009e+00 3.845095e+00 -9.118736e-02 2.455073e+00 -9.182435e-01 -2.854831e+00 -1.204730e+00 -6.100470e-01 6.190132e-01 3.692491e-01 6.982533e-01 1.666520e-01 2.363731e-01 2.944711e-01 3.019862e-01 2.996462e-01 3.027727e-02 3.051429e-01 4.380063e-01 -5.034984e-02
<VARIANCE> 25
 2.419295e+01 3.309882e+01 2.836225e+01 5.972292e+01 3.979999e+01 4.077192e+01 4.559144e+01 4.243646e+01 3.850216e+01 5.326661e+01 3.936191e+01 4.515816e+01 1.696179e+00 1.922750e+00 1.857879e+00 2.004204e+00 2.360101e+00 2.255323e+00 2.482504e+00 2.700187e+00 2.263743e+00 2.362011e+00 2.258096e+00 2.046974e+00 3.219049e-03
<GCONST> 9.367599e+01
<MIXTURE> 28 5.036674e-03
<MEAN> 25
 -5.446890e+00 1.796534e-03 -1.546987e+00 6.604324e+00 5.224330e+00 3.506555e+00 5.388019e+00 3.114733e+00 3.920090e+00 2.380635e+00 2.656833e+00 3.203938e+00 -1.153447e-01 2.236926e-01 5.291669e-01 7.822381e-01 8.227551e-01 7.042520e-01 5.307111e-01 3.949457e-01 4.436252e-01 4.774919e-01 3.687438e-01 1.927088e-01 -1.662454e-05
<VARIANCE> 25
 1.043050e+01 8.366389e+00 1.231669e+01 1.485651e+01 1.469639e+01 1.773381e+01 1.831359e+01 1.905412e+01 1.714040e+01 1.677007e+01 2.071948e+01 1.506414e+01 2.558369e-01 3.357689e-01 4.057851e-01 4.654552e-01 6.200903e-01 8.468041e-01 1.077755e+00 1.145224e+00 1.100309e+00 1.036293e+00 1.035805e+00 1.067781e+00 1.005712e-06
<GCONST> 6.031498e+01
<MIXTURE> 29 5.036674e-03
<MEAN> 25
 -5.446890e+00 1.796534e-03 -1.546987e+00 6.604324e+00 5.224330e+00 3.506555e+00 5.388019e+00 3.114733e+00 3.920090e+00 2.380635e+00 2.656833e+00 3.203938e+00 -1.153447e-01 2.236926e-01 5.291669e-01 7.822381e-01 8.227551e-01 7.042520e-01 5.307111e-01 3.949457e-01 4.436252e-01 4.774919e-01 3.687438e-01 1.927088e-01 -1.662454e-05
<VARIANCE> 25
 1.043050e+01 8.366389e+00 1.231669e+01 1.485651e+01 1.469639e+01 1.773381e+01 1.831359e+01 1.905412e+01 1.714040e+01 1.677007e+01 2.071948e+01 1.506414e+01 2.558369e-01 3.357689e-01 4.057851e-01 4.654552e-01 6.200903e-01 8.468041e-01 1.077755e+00 1.145224e+00 1.100309e+00 1.036293e+00 1.035805e+00 1.067781e+00 1.005712e-06
<GCONST> 6.031498e+01
<MIXTURE> 30 8.917812e-03
<MEAN> 25
 -4.494552e+00 -1.956366e-01 6.549941e-01 9.089246e+00 7.775589e+00 7.510644e+00 7.584389e+00 6.880787e+00 6.534204e+00 4.896553e+00 7.012887e+00 3.502247e+00 -2.373301e-02 3.041632e-02 5.653303e-02 8.879139e-02 8.151353e-02 4.429050e-02 1.361586e-02 -3.070915e-03 1.726332e-02 5.150332e-02 6.144493e-02 3.486064e-02 -5.562996e-04
<VARIANCE> 25
 6.939126e+00 9.863950e+00 1.039619e+01 1.374213e+01 1.575784e+01 1.641876e+01 1.912532e+01 1.818370e+01 1.628332e+01 1.837040e+01 2.124257e+01 1.436829e+01 9.741193e-02 1.995607e-01 3.250236e-01 4.815125e-01 6.194434e-01 7.241688e-01 7.725754e-01 8.124617e-01 8.761818e-01 9.372023e-01 9.205120e-01 8.625620e-01 5.097087e-05
<GCONST> 6.058965e+01
<MIXTURE> 31 4.136493e-03
<MEAN> 25
 -3.267588e+00 -5.637392e+00 1.576968e-01 4.789307e+00 3.579068e+00 1.685800e+00 4.983770e+00 6.416422e+00 2.841316e+00 1.058360e+00 6.540045e+00 3.108726e+00 2.451960e-01 4.613321e-01 -1.995316e-01 3.206633e-01 1.188320e-01 4.261099e-01 2.263166e-01 1.336470e-02 3.492218e-01 3.446472e-01 6.447106e-02 9.839942e-02 -1.838127e-02
<VARIANCE> 25
 7.170033e+00 1.500484e+01 1.759715e+01 1.791660e+01 2.508045e+01 2.350341e+01 2.621008e+01 2.670540e+01 2.608021e+01 2.851266e+01 2.101821e+01 1.871724e+01 1.926340e-01 4.984736e-01 6.033874e-01 7.705841e-01 9.582289e-01 1.078400e+00 1.283933e+00 1.369820e+00 1.366612e+00 1.364723e+00 1.307601e+00 1.195818e+00 2.551351e-04
<GCONST> 7.218031e+01
<MIXTURE> 32 4.136493e-03
<MEAN> 25
 -3.267588e+00 -5.637392e+00 1.576968e-01 4.789307e+00 3.579068e+00 1.685800e+00 4.983770e+00 6.416422e+00 2.841316e+00 1.058360e+00 6.540045e+00 3.108726e+00 2.451960e-01 4.613321e-01 -1.995316e-01 3.206633e-01 1.188320e-01 4.261099e-01 2.263166e-01 1.336470e-02 3.492218e-01 3.446472e-01 6.447106e-02 9.839942e-02 -1.838127e-02
<VARIANCE> 25
 7.170033e+00 1.500484e+01 1.759715e+01 1.791660e+01 2.508045e+01 2.350341e+01 2.621008e+01 2.670540e+01 2.608021e+01 2.851266e+01 2.101821e+01 1.871724e+01 1.926340e-01 4.984736e-01 6.033874e-01 7.705841e-01 9.582289e-01 1.078400e+00 1.283933e+00 1.369820e+00 1.366612e+00 1.364723e+00 1.307601e+00 1.195818e+00 2.551351e-04
<GCONST> 7.218031e+01
<MIXTURE> 33 1.508826e-02
<MEAN> 25
 5.470644e+00 -3.179278e+00 -1.741007e+00 -3.165701e+00 -8.312844e-01 -5.324326e+00 -5.809694e+00 1.160242e+00 2.337176e+00 7.944685e-01 -4.145477e+00 -2.998507e+00 5.658042e-01 -1.116790e+00 -2.360700e+00 -1.810899e+00 1.262093e+00 1.313023e+00 -8.063482e-01 1.167790e+00 5.982333e-01 7.055893e-01 -3.429035e-01 -1.210804e+00 3.539571e-02
<VARIANCE> 25
 1.085687e+01 1.895538e+01 2.809567e+01 2.966796e+01 4.812484e+01 3.791565e+01 3.917637e+01 4.603296e+01 3.154127e+01 4.045162e+01 2.913941e+01 2.378136e+01 9.656917e-01 1.769804e+00 1.769819e+00 1.787190e+00 3.973449e+00 3.215718e+00 3.638263e+00 5.380521e+00 3.478384e+00 3.663635e+00 2.810884e+00 2.278621e+00 1.181311e-03
<GCONST> 9.156890e+01
<MIXTURE> 34 1.588179e-02
<MEAN> 25
 8.628222e+00 1.103360e-01 1.607937e-01 1.290643e+00 -2.929910e+00 -1.283585e+00 -6.040526e+00 -4.399128e+00 -1.934762e+00 2.975010e-01 -2.413985e+00 -3.440535e+00 -5.201354e-02 1.233386e+00 1.493834e+00 2.337969e+00 5.912735e-03 -2.107914e-01 7.188727e-01 -1.593507e+00 -7.120970e-01 2.641734e-01 -4.910613e-01 1.787447e-01 -6.027271e-02
<VARIANCE> 25
 8.529850e+00 2.924019e+01 2.904954e+01 4.828582e+01 4.119370e+01 4.870951e+01 5.465662e+01 5.492288e+01 5.044193e+01 4.124059e+01 4.708681e+01 3.078741e+01 1.245086e+00 2.183902e+00 4.145426e+00 3.868316e+00 5.766695e+00 5.614085e+00 5.401630e+00 6.040041e+00 6.503221e+00 4.733626e+00 5.449315e+00 3.843504e+00 1.173634e-03
<GCONST> 9.970153e+01
<MIXTURE> 35 1.467755e-02
<MEAN> 25
 -3.419711e+00 -4.962012e+00 -9.338510e+00 -1.264521e+00 9.204759e+00 1.071135e+00 9.353293e-01 1.268073e+00 2.012946e+00 3.232524e+00 9.249086e-01 1.257470e+00 5.370870e-01 -8.017495e-01 -1.682247e+00 -1.187122e+00 5.374075e-01 -5.626927e-01 -8.440009e-01 -4.369597e-01 6.277052e-02 9.296655e-01 -7.372894e-01 -6.511281e-01 8.893110e-02
<VARIANCE> 25
 2.181905e+01 2.552948e+01 4.554897e+01 5.555043e+01 3.577354e+01 4.590317e+01 4.521926e+01 3.988256e+01 4.357412e+01 4.074948e+01 3.704128e+01 2.788437e+01 2.951291e+00 3.148495e+00 6.872940e+00 4.953605e+00 4.598606e+00 4.478179e+00 3.987772e+00 4.117208e+00 4.305905e+00 5.896515e+00 3.585717e+00 3.384809e+00 4.918396e-03
<GCONST> 1.014249e+02
<MIXTURE> 36 1.093293e-02
<MEAN> 25
 4.488133e+00 -2.729934e+00 6.659567e+00 3.114375e+00 -9.142917e+00 -8.048544e+00 -5.937653e+00 2.512019e+00 -2.217085e+00 -2.894329e+00 2.099960e+00 -2.191772e-01 3.264590e-01 1.476073e-01 -1.054494e+00 -8.049909e-02 9.698081e-01 -9.238983e-02 -4.734748e-01 1.398422e-02 2.229687e-01 7.618083e-01 -3.657869e-01 -3.794252e-01 -1.195559e-02
<VARIANCE> 25
 9.719386e+00 1.772355e+01 1.964299e+01 2.770742e+01 3.208105e+01 3.084524e+01 4.451622e+01 3.561108e+01 3.720511e+01 4.293576e+01 2.801558e+01 2.509784e+01 4.193562e-01 7.053776e-01 1.456715e+00 1.233166e+00 1.518467e+00 1.556472e+00 1.888508e+00 1.644288e+00 2.027289e+00 1.787014e+00 1.235383e+00 1.325862e+00 6.901377e-04
<GCONST> 8.145582e+01
<MIXTURE> 37 1.246826e-02
<MEAN> 25
 5.391166e-01 7.744531e+00 1.203249e+01 -5.532777e+00 -8.012878e+00 -1.051126e+00 -5.099689e+00 -8.303049e+00 -3.690490e+00 -9.108719e-01 -3.634763e+00 -1.291383e+00 1.801582e-01 6.455966e-01 -1.344883e+00 3.579953e+00 1.978378e+00 -3.026991e-01 1.087497e+00 4.361334e-01 5.222034e-01 -3.205829e-01 5.391061e-01 -9.551716e-02 -9.462618e-02
<VARIANCE> 25
 1.593249e+01 2.615584e+01 3.094324e+01 5.110785e+01 3.393966e+01 3.192617e+01 4.398750e+01 3.511289e+01 3.870687e+01 3.595684e+01 3.813869e+01 3.078704e+01 2.949674e+00 3.410306e+00 3.040680e+00 4.089553e+00 4.633213e+00 3.743320e+00 4.206337e+00 3.805542e+00 3.477827e+00 3.618469e+00 3.862766e+00 2.787663e+00 3.943512e-03
<GCONST> 9.781124e+01
<MIXTURE> 38 1.154525e-02
<MEAN> 25
 -4.483932e+00 8.240662e+00 4.614585e+00 3.515564e+00 1.465688e+00 -4.882417e+00 -1.275020e-01 -2.363530e+00 -2.451335e+00 -2.756178e+00 -1.586717e+00 -7.018933e-01 -4.416202e+00 1.100770e+00 -2.619783e-01 1.414376e+00 2.269495e+00 1.368701e+00 1.857801e+00 7.955295e-01 9.627996e-01 4.026858e-01 9.450462e-01 2.212243e-01 4.849964e-02
<VARIANCE> 25
 2.928397e+01 3.128182e+01 3.596521e+01 3.420919e+01 5.084695e+01 3.370588e+01 3.747342e+01 3.928734e+01 3.455719e+01 3.266770e+01 2.276957e+01 2.998028e+01 2.412720e+00 3.777741e+00 3.593820e+00 5.315742e+00 4.702304e+00 4.607298e+00 5.581163e+00 4.745714e+00 4.510771e+00 5.261812e+00 4.093009e+00 3.193132e+00 1.891131e-03
<GCONST> 9.915680e+01
<MIXTURE> 39 9.501865e-03
<MEAN> 25
 1.286890e+00 2.550582e+00 1.011591e+01 -9.209608e+00 -1.115155e+01 -9.704329e-01 -3.058857e+00 -6.553754e+00 -4.399179e+00 7.997589e-01 -3.486368e+00 -2.285571e+00 -7.312981e-01 1.500032e+00 1.629645e+00 -1.350167e+00 5.622531e-02 1.197075e+00 -1.214329e+00 -1.250870e+00 4.471686e-01 4.290501e-01 -4.852449e-01 1.287337e-01 1.480749e-03
<VARIANCE> 25
 9.080342e+00 2.999415e+01 3.215073e+01 3.801377e+01 3.842056e+01 4.228328e+01 4.485676e+01 3.314610e+01 4.036539e+01 3.331708e+01 3.923926e+01 2.911799e+01 6.859121e-01 1.573171e+00 1.498826e+00 3.045563e+00 2.437886e+00 2.845747e+00 3.052389e+00 2.724095e+00 2.452706e+00 2.618678e+00 2.133918e+00 2.051647e+00 1.174161e-03
<GCONST> 8.984361e+01
<MIXTURE> 40 1.030800e-02
<MEAN> 25
 -9.450397e+00 2.055080e+00 -9.053570e-01 8.008539e+00 3.801036e+00 5.502034e+00 5.133249e+00 4.182575e+00 4.664976e+00 4.001928e+00 5.655716e+00 1.638667e+00 -1.337257e-01 -2.227708e-01 -2.118997e-02 -1.920722e-01 -1.014451e-01 -7.321592e-02 1.229434e-01 7.647622e-02 -7.946408e-03 -2.029476e-02 7.064947e-02 3.626209e-02 3.712915e-03
<VARIANCE> 25
 4.538215e+01 2.072857e+01 2.956342e+01 2.721463e+01 2.542036e+01 1.852709e+01 1.937556e+01 1.836792e+01 1.678508e+01 2.014605e+01 1.869542e+01 1.439891e+01 7.807410e-01 7.214637e-01 8.632548e-01 1.115644e+00 1.120605e+00 1.245671e+00 1.382338e+00 1.268128e+00 1.230006e+00 1.252144e+00 1.160804e+00 1.070696e+00 8.364461e-04
<GCONST> 7.677838e+01
<MIXTURE> 41 6.713375e-03
<MEAN> 25
 1.287089e+00 1.759173e+00 1.044560e+01 -6.889286e+00 -1.043827e+01 -3.830037e+00 -2.456454e+00 -4.977100e+00 -4.626789e+00 2.640571e+00 -1.768776e+00 -9.080102e-01 8.374554e-02 -7.578303e-01 1.682327e+00 -3.548762e+00 -2.455873e+00 -1.195001e-01 -5.091952e-01 -3.492997e-01 -8.348792e-01 1.084448e+00 -1.035372e+00 9.538700e-02 8.590227e-02
<VARIANCE> 25
 1.171371e+01 2.958351e+01 3.263710e+01 4.061249e+01 3.869741e+01 4.007103e+01 3.739429e+01 3.048677e+01 3.313906e+01 2.867368e+01 3.182807e+01 2.738344e+01 3.163964e+00 3.301941e+00 3.837933e+00 3.812053e+00 4.890992e+00 5.841704e+00 4.688256e+00 4.550516e+00 3.984760e+00 4.195944e+00 3.833799e+00 3.238303e+00 2.932360e-03
<GCONST> 9.794235e+01
<MIXTURE> 42 1.106211e-02
<MEAN> 25
 -2.275108e+00 4.159546e+00 4.155170e+00 3.156036e+00 6.924345e-01 -5.685961e+00 -1.801919e+00 -2.137707e+00 -6.848047e-01 -6.419544e-01 -1.868483e+00 6.288300e-01 3.666507e+00 -2.287311e-01 1.028692e+00 2.331804e-01 -2.878923e+00 -8.587517e-01 -2.228272e+00 -8.774183e-01 -7.948921e-01 -5.018179e-01 8.256596e-01 -8.734655e-01 1.180745e-02
<VARIANCE> 25
 3.389656e+01 1.923194e+01 4.218248e+01 2.639458e+01 3.669019e+01 3.556699e+01 3.854175e+01 2.647358e+01 2.864719e+01 2.538170e+01 1.916350e+01 1.879398e+01 4.280115e+00 4.262427e+00 6.602924e+00 4.532384e+00 3.948061e+00 5.558451e+00 4.796276e+00 5.218169e+00 5.427680e+00 4.379061e+00 4.117997e+00 3.679157e+00 3.885875e-03
<GCONST> 9.896651e+01
<MIXTURE> 43 7.108249e-03
<MEAN> 25
 3.117299e+00 -5.922946e+00 -1.864478e+00 -4.625798e+00 -6.682701e+00 -3.759822e+00 4.314398e+00 1.444482e+00 -5.241524e+00 -6.444296e+00 -4.498623e+00 -6.986887e-01 2.901407e-01 2.051519e+00 1.867166e+00 6.693907e-02 -1.380718e+00 -7.152454e-01 -7.724907e-01 -9.709173e-01 8.243448e-01 1.390755e+00 3.969207e-01 -1.513286e-01 -4.341950e-02
<VARIANCE> 25
 8.912696e+00 1.957633e+01 2.674411e+01 3.589864e+01 4.003371e+01 3.578798e+01 3.112817e+01 3.732801e+01 3.891316e+01 3.992210e+01 2.486981e+01 3.153108e+01 6.696469e-01 1.268544e+00 1.491880e+00 2.691985e+00 2.301876e+00 2.254613e+00 2.815831e+00 3.319409e+00 2.480830e+00 2.444221e+00 2.198036e+00 2.151918e+00 8.950873e-04
<GCONST> 8.776040e+01
<MIXTURE> 44 7.328289e-03
<MEAN> 25
 -1.428134e+01 9.960494e-01 3.974841e+00 -2.347368e+00 3.006702e+00 2.121230e+00 -1.537054e+00 8.590483e-01 3.103322e+00 -3.302351e+00 4.266771e+00 1.202368e+00 -4.493174e-01 3.365628e-02 2.537038e-01 4.389855e-01 6.503206e-03 1.373149e-01 4.448220e-01 1.827650e-01 2.123821e-01 9.164552e-03 3.332460e-02 -1.115600e-02 8.193296e-03
<VARIANCE> 25
 5.727725e+01 2.287448e+01 2.370247e+01 2.313887e+01 2.202919e+01 2.215586e+01 2.854781e+01 2.609090e+01 2.114535e+01 2.922803e+01 3.199999e+01 1.549599e+01 1.011323e+00 1.095931e+00 1.393395e+00 1.773989e+00 1.615844e+00 1.170034e+00 1.460848e+00 1.368622e+00 1.333369e+00 1.461507e+00 1.201460e+00 1.130939e+00 9.537221e-04
<GCONST> 8.122463e+01
<MIXTURE> 45 1.364932e-02
<MEAN> 25
 -1.296204e+01 2.837651e+00 4.057312e-01 3.241402e+00 5.151051e+00 7.293753e-01 3.958466e+00 2.149657e+00 4.726560e+00 9.287843e-01 1.352307e+00 1.648453e+00 -3.053390e+00 6.882702e-01 -5.763015e-01 -8.767803e-01 2.829050e-01 2.944889e-01 7.357062e-02 -2.073554e-01 7.426455e-02 -2.551002e-01 4.136006e-01 -2.118867e-02 1.076910e-01
<VARIANCE> 25
 3.712054e+01 2.431396e+01 2.845611e+01 3.054933e+01 2.793436e+01 3.003633e+01 2.652673e+01 2.186786e+01 2.429498e+01 2.479956e+01 2.459421e+01 1.434205e+01 2.460989e+00 2.378490e+00 2.333567e+00 3.274527e+00 2.213542e+00 2.334353e+00 2.523415e+00 2.048774e+00 2.313836e+00 2.223804e+00 1.799793e+00 1.376399e+00 3.338097e-03
<GCONST> 8.881077e+01
<MIXTURE> 46 9.336259e-03
<MEAN> 25
 -9.387334e+00 2.266809e+00 1.193015e+00 7.509072e+00 5.956475e+00 3.148595e+00 6.855547e+00 4.286855e+00 5.709777e+00 4.611087e+00 4.971439e+00 2.730793e+00 1.047265e+00 -2.235914e-01 1.948817e-02 9.906532e-01 5.585169e-01 9.267539e-01 3.234492e-01 6.290394e-01 4.658809e-01 4.930162e-01 6.445562e-01 5.335130e-01 -1.024416e-01
<VARIANCE> 25
 3.382009e+01 4.323861e+01 3.758382e+01 4.948882e+01 4.986099e+01 4.112378e+01 3.843432e+01 3.640087e+01 3.248906e+01 3.084877e+01 2.836434e+01 2.125374e+01 3.899465e+00 4.061519e+00 3.815367e+00 4.141284e+00 4.200073e+00 3.615217e+00 3.569734e+00 3.177046e+00 2.977527e+00 2.853252e+00 2.375162e+00 1.760337e+00 8.097672e-03
<GCONST> 9.836916e+01
<MIXTURE> 47 7.116147e-03
<MEAN> 25
 6.827659e+00 -6.959897e+00 -7.536247e+00 -6.418624e+00 1.711060e+00 6.249453e-01 -2.531504e+00 1.199797e+00 3.080048e+00 5.933924e-01 -4.054660e+00 -6.708896e+00 -9.363701e-02 -1.201463e+00 -6.890889e-01 -4.598429e-01 5.865889e-01 8.555359e-01 7.569190e-01 4.687755e-01 6.876092e-02 -8.830706e-01 -5.132336e-01 -3.683112e-01 2.756358e-02
<VARIANCE> 25
 1.175562e+01 2.066395e+01 2.019249e+01 3.022174e+01 3.505793e+01 4.817250e+01 4.143130e+01 3.811445e+01 3.968997e+01 4.474865e+01 4.447411e+01 3.092798e+01 6.189368e-01 7.532890e-01 1.111474e+00 1.551865e+00 1.901541e+00 2.200759e+00 2.382894e+00 2.516902e+00 2.072796e+00 2.029250e+00 2.105883e+00 1.944823e+00 5.599863e-04
<GCONST> 8.572244e+01
<MIXTURE> 48 7.116147e-03
<MEAN> 25
 6.827659e+00 -6.959897e+00 -7.536247e+00 -6.418624e+00 1.711060e+00 6.249453e-01 -2.531504e+00 1.199797e+00 3.080048e+00 5.933924e-01 -4.054660e+00 -6.708896e+00 -9.363701e-02 -1.201463e+00 -6.890889e-01 -4.598429e-01 5.865889e-01 8.555359e-01 7.569190e-01 4.687755e-01 6.876092e-02 -8.830706e-01 -5.132336e-01 -3.683112e-01 2.756358e-02
<VARIANCE> 25
 1.175562e+01 2.066395e+01 2.019249e+01 3.022174e+01 3.505793e+01 4.817250e+01 4.143130e+01 3.811445e+01 3.968997e+01 4.474865e+01 4.447411e+01 3.092798e+01 6.189368e-01 7.532890e-01 1.111474e+00 1.551865e+00 1.901541e+00 2.200759e+00 2.382894e+00 2.516902e+00 2.072796e+00 2.029250e+00 2.105883e+00 1.944823e+00 5.599863e-04
<GCONST> 8.572244e+01
<MIXTURE> 49 5.548473e-03
<MEAN> 25
 -5.085903e+00 3.544935e-01 1.708144e-01 8.452926e+00 6.146104e+00 5.618766e+00 6.068091e+00 4.486116e+00 5.027267e+00 3.721182e+00 4.933649e+00 2.860325e+00 3.661620e-01 6.557473e-01 7.026114e-01 3.533769e-01 -1.966587e-01 -6.694821e-01 -1.008657e+00 -1.121486e+00 -9.560189e-01 -6.806540e-01 -4.926341e-01 -2.715845e-01 -2.184524e-05
<VARIANCE> 25
 9.607742e+00 1.003387e+01 1.425105e+01 1.587327e+01 1.591208e+01 1.714318e+01 1.943578e+01 1.943931e+01 1.822770e+01 1.796079e+01 2.063336e+01 1.430290e+01 2.805147e-01 2.633521e-01 3.594283e-01 6.113483e-01 8.693051e-01 9.740177e-01 9.938087e-01 1.052469e+00 1.135257e+00 1.219182e+00 1.280877e+00 1.208342e+00 1.435669e-05
<GCONST> 6.432689e+01
<MIXTURE> 50 6.234641e-03
<MEAN> 25
 -4.651075e+00 8.621467e-02 -1.445306e+00 6.198123e+00 4.210224e+00 2.263798e+00 3.707666e+00 1.985745e+00 2.780295e+00 1.378249e+00 2.148301e+00 2.825174e+00 5.573069e-02 1.759047e-01 9.640413e-02 -1.776102e-01 -5.074230e-01 -6.156141e-01 -4.256665e-01 -5.030856e-02 4.391518e-01 7.718437e-01 7.356120e-01 4.451039e-01 -1.093533e-05
<VARIANCE> 25
 1.061525e+01 1.114908e+01 1.432771e+01 1.538598e+01 1.535633e+01 1.860062e+01 1.852612e+01 1.944686e+01 1.850471e+01 1.774777e+01 2.164523e+01 1.536287e+01 1.446159e-01 2.391920e-01 3.780917e-01 5.165473e-01 6.054628e-01 7.333528e-01 9.548832e-01 1.116311e+00 1.060454e+00 9.097058e-01 9.212423e-01 9.885287e-01 1.000274e-06
<GCONST> 5.956870e+01
<MIXTURE> 51 6.234641e-03
<MEAN> 25
 -4.651075e+00 8.621467e-02 -1.445306e+00 6.198123e+00 4.210224e+00 2.263798e+00 3.707666e+00 1.985745e+00 2.780295e+00 1.378249e+00 2.148301e+00 2.825174e+00 5.573069e-02 1.759047e-01 9.640413e-02 -1.776102e-01 -5.074230e-01 -6.156141e-01 -4.256665e-01 -5.030856e-02 4.391518e-01 7.718437e-01 7.356120e-01 4.451039e-01 -1.093533e-05
<VARIANCE> 25
 1.061525e+01 1.114908e+01 1.432771e+01 1.538598e+01 1.535633e+01 1.860062e+01 1.852612e+01 1.944686e+01 1.850471e+01 1.774777e+01 2.164523e+01 1.536287e+01 1.446159e-01 2.391920e-01 3.780917e-01 5.165473e-01 6.054628e-01 7.333528e-01 9.548832e-01 1.116311e+00 1.060454e+00 9.097058e-01 9.212423e-01 9.885287e-01 1.000274e-06
<GCONST> 5.956870e+01
<MIXTURE> 52 6.367945e-03
<MEAN> 25
 9.605844e+00 2.395549e+00 -5.937044e+00 -1.221779e+01 -5.148448e+00 8.169166e+00 -1.910988e+00 -2.403994e+00 -5.477908e+00 -1.653301e+00 3.471300e+00 1.069415e+00 -3.750630e-01 -4.874655e-01 5.180606e-02 1.343456e+00 1.310080e+00 -1.989466e-01 -9.703262e-01 -8.347815e-01 3.591322e-01 1.179882e+00 5.977247e-01 -4.116376e-01 -1.717823e-02
<VARIANCE> 25
 8.928423e+00 1.784865e+01 2.169668e+01 5.159178e+01 4.285904e+01 2.956055e+01 4.321467e+01 4.525669e+01 4.190158e+01 4.004323e+01 3.471215e+01 2.663337e+01 3.817894e-01 1.288794e+00 1.190543e+00 2.539371e+00 2.253430e+00 2.406702e+00 3.371702e+00 2.551849e+00 3.242189e+00 2.314877e+00 2.404294e+00 2.185981e+00 1.376548e-03
<GCONST> 8.834288e+01
<MIXTURE> 53 6.367945e-03
<MEAN> 25
 9.605844e+00 2.395549e+00 -5.937044e+00 -1.221779e+01 -5.148448e+00 8.169166e+00 -1.910988e+00 -2.403994e+00 -5.477908e+00 -1.653301e+00 3.471300e+00 1.069415e+00 -3.750630e-01 -4.874655e-01 5.180606e-02 1.343456e+00 1.310080e+00 -1.989466e-01 -9.703262e-01 -8.347815e-01 3.591322e-01 1.179882e+00 5.977247e-01 -4.116376e-01 -1.717823e-02
<VARIANCE> 25
 8.928423e+00 1.784865e+01 2.169668e+01 5.159178e+01 4.285904e+01 2.956055e+01 4.321467e+01 4.525669e+01 4.190158e+01 4.004323e+01 3.471215e+01 2.663337e+01 3.817894e-01 1.288794e+00 1.190543e+00 2.539371e+00 2.253430e+00 2.406702e+00 3.371702e+00 2.551849e+00 3.242189e+00 2.314877e+00 2.404294e+00 2.185981e+00 1.376548e-03
<GCONST> 8.834288e+01
<MIXTURE> 54 7.368620e-03
<MEAN> 25
 -3.632764e+00 4.885576e-02 -6.828685e-01 8.035954e+00 6.482727e+00 4.624070e+00 4.675358e+00 4.600424e+00 4.052945e+00 3.591362e+00 4.456436e+00 2.324783e+00 -2.162008e-03 2.654992e-02 3.425190e-02 4.742515e-02 5.158773e-02 4.690706e-02 3.887537e-02 2.897176e-02 3.070910e-02 2.501760e-02 1.440958e-02 1.829770e-03 -1.202422e-05
<VARIANCE> 25
 9.141295e+00 1.036286e+01 9.294563e+00 1.818377e+01 1.332750e+01 1.354050e+01 1.196930e+01 1.128223e+01 1.134121e+01 1.357905e+01 1.780647e+01 1.254480e+01 4.087705e-02 8.736394e-02 1.541146e-01 2.265935e-01 3.081659e-01 3.970450e-01 4.607601e-01 5.215319e-01 5.421602e-01 5.210688e-01 5.144553e-01 5.165090e-01 1.000043e-06
<GCONST> 4.725379e+01
<MIXTURE> 55 7.368620e-03
<MEAN> 25
 -3.632764e+00 4.885576e-02 -6.828685e-01 8.035954e+00 6.482727e+00 4.624070e+00 4.675358e+00 4.600424e+00 4.052945e+00 3.591362e+00 4.456436e+00 2.324783e+00 -2.162008e-03 2.654992e-02 3.425190e-02 4.742515e-02 5.158773e-02 4.690706e-02 3.887537e-02 2.897176e-02 3.070910e-02 2.501760e-02 1.440958e-02 1.829770e-03 -1.202422e-05
<VARIANCE> 25
 9.141295e+00 1.036286e+01 9.294563e+00 1.818377e+01 1.332750e+01 1.354050e+01 1.196930e+01 1.128223e+01 1.134121e+01 1.357905e+01 1.780647e+01 1.254480e+01 4.087705e-02 8.736394e-02 1.541146e-01 2.265935e-01 3.081659e-01 3.970450e-01 4.607601e-01 5.215319e-01 5.421602e-01 5.210688e-01 5.144553e-01 5.165090e-01 1.000043e-06
<GCONST> 4.725379e+01
<MIXTURE> 56 6.132464e-03
<MEAN> 25
 6.956544e+00 -6.374055e+00 -8.625446e+00 -8.515646e+00 4.176050e+00 3.699066e+00 -2.624626e+00 -1.130314e+00 2.092084e+00 8.241152e-01 -2.626418e+00 -6.701738e+00 -6.594817e-04 3.728277e-02 -4.197837e-02 7.113472e-02 2.759091e-01 1.592257e-01 8.213283e-02 -3.039115e-02 -5.946118e-02 -1.029186e-01 -1.156452e-01 1.409093e-01 -8.058323e-03
<VARIANCE> 25
 1.095209e+01 2.198234e+01 2.020832e+01 3.679276e+01 3.065800e+01 4.544767e+01 5.667324e+01 3.370897e+01 3.790054e+01 3.441927e+01 3.676617e+01 2.963893e+01 1.992673e-01 4.108430e-01 4.259385e-01 7.678674e-01 8.938264e-01 1.134613e+00 8.731210e-01 9.331651e-01 8.849061e-01 1.029284e+00 1.184937e+00 8.437847e-01 2.249565e-04
<GCONST> 7.469962e+01
<MIXTURE> 57 6.132464e-03
<MEAN> 25
 6.956544e+00 -6.374055e+00 -8.625446e+00 -8.515646e+00 4.176050e+00 3.699066e+00 -2.624626e+00 -1.130314e+00 2.092084e+00 8.241152e-01 -2.626418e+00 -6.701738e+00 -6.594817e-04 3.728277e-02 -4.197837e-02 7.113472e-02 2.759091e-01 1.592257e-01 8.213283e-02 -3.039115e-02 -5.946118e-02 -1.029186e-01 -1.156452e-01 1.409093e-01 -8.058323e-03
<VARIANCE> 25
 1.095209e+01 2.198234e+01 2.020832e+01 3.679276e+01 3.065800e+01 4.544767e+01 5.667324e+01 3.370897e+01 3.790054e+01 3.441927e+01 3.676617e+01 2.963893e+01 1.992673e-01 4.108430e-01 4.259385e-01 7.678674e-01 8.938264e-01 1.134613e+00 8.731210e-01 9.331651e-01 8.849061e-01 1.029284e+00 1.184937e+00 8.437847e-01 2.249565e-04
<GCONST> 7.469962e+01
<MIXTURE> 58 6.172147e-03
<MEAN> 25
 2.567941e+00 -3.029858e+00 7.187491e+00 -5.190451e+00 -1.327001e+01 -5.486899e+00 1.728624e+00 9.253081e-01 -2.468476e+00 1.809715e+00 3.975160e-01 -6.865496e-01 -1.000128e-02 -1.498467e-01 -9.662572e-02 -1.790337e-01 -3.807346e-03 1.954248e-01 3.611873e-01 2.003401e-01 -5.506176e-03 3.482161e-02 -6.406314e-02 -1.349123e-01 -2.446174e-03
<VARIANCE> 25
 7.485051e+00 1.550878e+01 2.133728e+01 2.703572e+01 2.413633e+01 4.571002e+01 3.221292e+01 3.508392e+01 3.233421e+01 3.065394e+01 2.304813e+01 2.112613e+01 3.228978e-01 7.948380e-01 8.014519e-01 1.045689e+00 8.928446e-01 1.240831e+00 1.140458e+00 1.315148e+00 1.101535e+00 1.060120e+00 9.043980e-01 8.618419e-01 7.132983e-04
<GCONST> 7.581342e+01
<MIXTURE> 59 6.172147e-03
<MEAN> 25
 2.567941e+00 -3.029858e+00 7.187491e+00 -5.190451e+00 -1.327001e+01 -5.486899e+00 1.728624e+00 9.253081e-01 -2.468476e+00 1.809715e+00 3.975160e-01 -6.865496e-01 -1.000128e-02 -1.498467e-01 -9.662572e-02 -1.790337e-01 -3.807346e-03 1.954248e-01 3.611873e-01 2.003401e-01 -5.506176e-03 3.482161e-02 -6.406314e-02 -1.349123e-01 -2.446174e-03
<VARIANCE> 25
 7.485051e+00 1.550878e+01 2.133728e+01 2.703572e+01 2.413633e+01 4.571002e+01 3.221292e+01 3.508392e+01 3.233421e+01 3.065394e+01 2.304813e+01 2.112613e+01 3.228978e-01 7.948380e-01 8.014519e-01 1.045689e+00 8.928446e-01 1.240831e+00 1.140458e+00 1.315148e+00 1.101535e+00 1.060120e+00 9.043980e-01 8.618419e-01 7.132983e-04
<GCONST> 7.581342e+01
<MIXTURE> 60 4.479129e-03
<MEAN> 25
 -4.187219e+00 -6.825358e-01 -1.035622e+00 3.713276e+00 1.671247e+00 2.099349e+00 1.670709e+00 1.485235e+00 2.246794e+00 1.165998e+00 2.344492e+00 1.790793e+00 -2.253553e-02 5.970563e-02 1.113956e-01 1.270915e-01 1.291591e-01 1.205591e-01 1.995792e-01 3.141878e-01 5.344154e-01 6.424072e-01 5.385065e-01 2.966961e-01 -4.701722e-04
<VARIANCE> 25
 7.192394e+00 4.479555e+00 1.031184e+01 1.115575e+01 1.361150e+01 1.679518e+01 1.406634e+01 1.180337e+01 1.307188e+01 1.362678e+01 1.611942e+01 1.297919e+01 8.964381e-02 1.682151e-01 2.810350e-01 4.271357e-01 5.910164e-01 7.296711e-01 8.597624e-01 9.000950e-01 9.004449e-01 8.529671e-01 8.428866e-01 8.618583e-01 2.352335e-05
<GCONST> 5.658198e+01
<MIXTURE> 61 4.479129e-03
<MEAN> 25
 -4.187219e+00 -6.825358e-01 -1.035622e+00 3.713276e+00 1.671247e+00 2.099349e+00 1.670709e+00 1.485235e+00 2.246794e+00 1.165998e+00 2.344492e+00 1.790793e+00 -2.253553e-02 5.970563e-02 1.113956e-01 1.270915e-01 1.291591e-01 1.205591e-01 1.995792e-01 3.141878e-01 5.344154e-01 6.424072e-01 5.385065e-01 2.966961e-01 -4.701722e-04
<VARIANCE> 25
 7.192394e+00 4.479555e+00 1.031184e+01 1.115575e+01 1.361150e+01 1.679518e+01 1.406634e+01 1.180337e+01 1.307188e+01 1.362678e+01 1.611942e+01 1.297919e+01 8.964381e-02 1.682151e-01 2.810350e-01 4.271357e-01 5.910164e-01 7.296711e-01 8.597624e-01 9.000950e-01 9.004449e-01 8.529671e-01 8.428866e-01 8.618583e-01 2.352335e-05
<GCONST> 5.658198e+01
<MIXTURE> 62 3.278034e-03
<MEAN> 25
 -4.936775e+00 1.086806e+00 1.047443e+00 8.662987e+00 6.097926e+00 5.008650e+00 5.404078e+00 4.140146e+00 4.959755e+00 3.994215e+00 4.971474e+00 2.886896e+00 -1.037117e+00 -1.131937e+00 -9.419042e-01 -2.388477e-01 4.005470e-01 1.010803e+00 1.415344e+00 1.494721e+00 1.404005e+00 1.155155e+00 1.072119e+00 7.627456e-01 -1.381213e-03
<VARIANCE> 25
 1.017638e+01 1.026051e+01 1.267627e+01 1.681264e+01 1.684345e+01 1.696888e+01 1.926969e+01 1.876082e+01 1.822877e+01 1.823962e+01 2.081946e+01 1.439777e+01 4.188076e-01 4.498485e-01 5.385455e-01 7.914101e-01 1.019161e+00 1.151984e+00 1.234632e+00 1.324526e+00 1.434978e+00 1.527870e+00 1.352483e+00 1.360380e+00 1.612656e-05
<GCONST> 6.750233e+01
<MIXTURE> 63 4.351215e-03
<MEAN> 25
 -3.687726e+00 -2.551877e+00 -4.389787e+00 2.421732e+00 2.909181e+00 -1.104389e-01 2.700306e+00 1.308440e+00 2.666829e+00 -1.457186e+00 -9.684201e-01 2.063679e+00 -8.208684e-02 3.454528e-01 4.704622e-01 5.206636e-01 4.401593e-01 3.786814e-01 3.930547e-01 8.165201e-02 3.719332e-03 1.527236e-01 7.095940e-02 3.173041e-02 -5.276848e-03
<VARIANCE> 25
 9.532227e+00 1.349706e+01 1.885076e+01 1.686441e+01 2.044817e+01 2.563815e+01 2.336062e+01 2.301847e+01 2.492702e+01 2.400401e+01 2.088441e+01 1.916778e+01 2.587644e-01 4.156320e-01 6.576779e-01 8.366393e-01 9.386197e-01 1.173674e+00 1.258510e+00 1.281154e+00 1.428008e+00 1.442674e+00 1.403870e+00 1.538543e+00 1.853066e-04
<GCONST> 7.214822e+01
<MIXTURE> 64 4.351215e-03
<MEAN> 25
 -3.687726e+00 -2.551877e+00 -4.389787e+00 2.421732e+00 2.909181e+00 -1.104389e-01 2.700306e+00 1.308440e+00 2.666829e+00 -1.457186e+00 -9.684201e-01 2.063679e+00 -8.208684e-02 3.454528e-01 4.704622e-01 5.206636e-01 4.401593e-01 3.786814e-01 3.930547e-01 8.165201e-02 3.719332e-03 1.527236e-01 7.095940e-02 3.173041e-02 -5.276848e-03
<VARIANCE> 25
 9.532227e+00 1.349706e+01 1.885076e+01 1.686441e+01 2.044817e+01 2.563815e+01 2.336062e+01 2.301847e+01 2.492702e+01 2.400401e+01 2.088441e+01 1.916778e+01 2.587644e-01 4.156320e-01 6.576779e-01 8.366393e-01 9.386197e-01 1.173674e+00 1.258510e+00 1.281154e+00 1.428008e+00 1.442674e+00 1.403870e+00 1.538543e+00 1.853066e-04
<GCONST> 7.214822e+01
<MIXTURE> 65 1.721197e-02
<MEAN> 25
 7.035592e+00 2.106628e+00 1.748824e+00 8.202063e-01 -5.059568e+00 -3.981613e+00 -3.948368e+00 -5.171934e+00 -4.482173e+00 -9.954273e-01 -4.737322e+00 -1.254905e+00 1.879631e-01 1.438799e-01 7.323434e-03 3.596869e-01 -3.010185e-01 1.867297e-01 -1.543156e-01 -3.791116e-01 2.720825e-01 1.925275e-01 1.957020e-01 -2.240337e-01 -5.854962e-03
<VARIANCE> 25
 1.072090e+01 1.686021e+01 2.503496e+01 3.649753e+01 3.277280e+01 4.893796e+01 6.376777e+01 5.882587e+01 4.932809e+01 5.361669e+01 4.628342e+01 4.197648e+01 4.658786e-01 7.987321e-01 1.518555e+00 1.942569e+00 2.137878e+00 1.927574e+00 1.933609e+00 3.240809e+00 2.530445e+00 2.182066e+00 2.075596e+00 1.978288e+00 3.773607e-04
<GCONST> 8.760715e+01
<MIXTURE> 66 1.191532e-02
<MEAN> 25
 5.930332e+00 -3.567022e+00 -5.272485e+00 -4.910004e+00 2.340561e+00 -4.320291e+00 -6.574695e+00 1.093208e+00 1.403535e+00 -1.394580e+00 -6.088834e+00 -3.292409e+00 3.932666e-02 1.522118e+00 2.383923e+00 2.240289e+00 -1.409811e+00 -1.278430e+00 3.828232e-01 -8.076224e-01 -3.162102e-01 -6.807477e-02 1.252813e-01 8.830308e-01 -5.973494e-02
<VARIANCE> 25
 1.018763e+01 2.044351e+01 2.433072e+01 2.873432e+01 3.941626e+01 4.781759e+01 4.903092e+01 3.883231e+01 5.029599e+01 5.998577e+01 3.241760e+01 3.134564e+01 1.149078e+00 2.184511e+00 2.151558e+00 2.128104e+00 3.763199e+00 3.723545e+00 4.262702e+00 4.519334e+00 4.005159e+00 4.297638e+00 3.912786e+00 2.933341e+00 1.316590e-03
<GCONST> 9.455801e+01
<MIXTURE> 67 1.559142e-02
<MEAN> 25
 8.920887e+00 2.042160e+00 -5.910915e+00 -8.084119e+00 7.407124e-01 3.078667e+00 -3.338050e+00 -2.191672e+00 -3.792177e+00 7.767712e-01 -1.500288e-03 -1.694691e+00 -1.076706e+00 1.755544e+00 1.082366e+00 3.041602e+00 1.409986e+00 -5.024082e-01 1.232006e+00 8.684473e-02 2.607360e-01 2.297505e-01 -2.402680e-01 6.191460e-01 -1.283328e-01
<VARIANCE> 25
 1.139729e+01 3.804612e+01 3.031896e+01 5.656426e+01 4.939365e+01 5.332713e+01 6.125298e+01 5.198007e+01 6.351288e+01 5.599846e+01 5.487840e+01 4.651365e+01 2.133693e+00 3.637512e+00 3.241543e+00 4.465371e+00 4.489052e+00 4.498811e+00 4.837296e+00 5.009418e+00 5.839819e+00 4.719035e+00 5.297424e+00 3.746045e+00 3.098615e-03
<GCONST> 1.028719e+02
<MIXTURE> 68 1.485092e-02
<MEAN> 25
 -2.003858e+00 -2.113783e+00 -3.970876e+00 1.172696e+00 4.725739e+00 -4.188559e-01 1.765245e+00 2.038826e+00 2.145853e+00 1.449712e+00 3.360372e-01 1.417390e+00 2.710214e+00 6.968083e-01 1.990288e-02 -2.399094e+00 -2.340099e+00 -1.376858e+00 -2.187599e+00 -1.492716e+00 -1.696571e+00 -1.188107e+00 -1.887231e+00 -9.810182e-01 9.648545e-02
<VARIANCE> 25
 2.461497e+01 2.978592e+01 5.511457e+01 4.934621e+01 4.730902e+01 5.128947e+01 4.461874e+01 4.515477e+01 3.774487e+01 4.242390e+01 3.640983e+01 2.601032e+01 1.752366e+00 3.828599e+00 5.643647e+00 5.655701e+00 4.336550e+00 5.524357e+00 5.481544e+00 5.504206e+00 4.815957e+00 5.658249e+00 4.947061e+00 3.433769e+00 5.991070e-03
<GCONST> 1.030568e+02
<MIXTURE> 69 1.204884e-02
<MEAN> 25
 4.545342e+00 -4.089118e+00 -3.552306e+00 -3.583989e+00 -3.605228e+00 -7.591361e+00 -1.028083e+00 2.340279e+00 -2.874357e-01 -4.586972e+00 -5.552703e+00 9.629145e-01 1.648674e+00 -2.138438e+00 -1.342319e+00 -2.235662e+00 -5.438233e-01 -3.647158e-01 -4.499051e-01 6.818306e-01 -6.478218e-01 -1.361439e+00 -2.139882e+00 -1.464402e-01 6.175468e-02
<VARIANCE> 25
 9.157245e+00 2.197487e+01 2.682164e+01 2.559431e+01 4.290528e+01 3.725343e+01 4.809255e+01 3.212574e+01 3.914163e+01 3.802389e+01 3.105357e+01 2.454414e+01 3.494940e+00 3.175485e+00 3.291823e+00 3.609491e+00 5.668046e+00 4.887598e+00 6.943897e+00 6.162104e+00 5.806614e+00 6.001894e+00 4.360147e+00 3.637482e+00 2.395786e-03
<GCONST> 9.868451e+01
<MIXTURE> 70 1.329190e-02
<MEAN> 25
 6.037204e+00 -1.674641e+00 -4.142719e+00 -3.699419e+00 -1.259023e-01 -9.530389e-01 -7.112321e+00 -4.230041e+00 1.089761e+00 2.742463e+00 9.586777e-01 -5.050708e+00 1.966930e+00 -9.052594e-01 -9.380541e-01 -2.036782e+00 -1.601488e+00 9.846893e-01 -1.197294e+00 -1.585373e-01 5.753954e-02 -7.890543e-02 7.335390e-01 -1.383175e+00 5.039154e-02
<VARIANCE> 25
 1.458372e+01 1.877265e+01 2.453489e+01 4.226933e+01 2.997284e+01 3.628432e+01 4.127516e+01 3.694898e+01 3.943190e+01 2.892192e+01 4.151535e+01 2.375394e+01 3.386722e+00 2.870376e+00 4.907209e+00 4.089931e+00 4.300666e+00 5.624056e+00 5.978912e+00 6.662052e+00 7.078946e+00 4.395158e+00 5.397272e+00 3.571200e+00 2.236396e-03
<GCONST> 9.919542e+01
<MIXTURE> 71 1.406903e-02
<MEAN> 25
 5.729770e+00 4.764862e+00 4.220922e+00 3.175560e+00 -2.624055e+00 -3.353917e+00 -3.054767e+00 -6.150313e+00 -3.960567e+00 -1.965598e+00 -4.656556e+00 -2.929769e+00 -1.518466e+00 -6.761537e-01 -1.345277e-01 -1.672588e+00 1.095795e+00 -2.035441e-01 9.241839e-02 1.504532e+00 3.545063e-01 -9.890859e-02 4.508840e-01 1.745981e-01 3.690631e-02
<VARIANCE> 25
 1.945720e+01 2.393793e+01 2.225489e+01 4.147173e+01 4.401513e+01 3.837779e+01 4.373089e+01 3.963478e+01 3.927267e+01 4.346377e+01 3.550961e+01 3.261669e+01 1.750672e+00 2.917592e+00 5.389578e+00 4.680280e+00 4.576908e+00 4.373249e+00 4.597676e+00 5.017538e+00 4.904366e+00 4.105927e+00 4.108109e+00 3.099945e+00 1.422207e-03
<GCONST> 9.829001e+01
<MIXTURE> 72 8.134747e-03
<MEAN> 25
 3.315793e+00 -3.933336e+00 4.915242e+00 -2.480830e+00 -9.566963e+00 -9.117116e+00 -1.276432e+00 2.229382e+00 -5.077985e+00 -1.663271e+00 -2.488544e+00 1.606545e+00 9.427001e-01 -6.772839e-01 -2.472377e+00 3.117654e-01 2.134637e+00 -8.469713e-01 -1.245307e+00 1.335283e+00 1.379302e+00 -5.018411e-01 -1.177917e+00 4.020681e-01 -5.839396e-03
<VARIANCE> 25
 1.053913e+01 1.726754e+01 3.061492e+01 3.319311e+01 3.238603e+01 3.076143e+01 4.280121e+01 3.212884e+01 3.797840e+01 3.707924e+01 3.605455e+01 3.005067e+01 3.850145e-01 1.003392e+00 1.814113e+00 1.455847e+00 1.913836e+00 2.240251e+00 2.661836e+00 2.579029e+00 3.241348e+00 2.636005e+00 1.806502e+00 1.839771e+00 4.852021e-04
<GCONST> 8.556054e+01
<MIXTURE> 73 1.213625e-02
<MEAN> 25
 -5.676891e+00 -8.508562e-01 -1.175779e+00 4.774789e+00 4.110371e+00 2.245967e+00 5.424629e+00 3.378067e+00 4.365139e+00 3.127584e+00 4.179807e+00 2.996382e+00 7.839034e-01 -1.001422e+00 -1.006023e+00 -2.625790e+00 -1.220896e+00 -1.694615e+00 -8.898449e-01 -5.048288e-01 -9.017738e-01 -5.899276e-01 -1.099278e+00 -2.239539e-01 1.511471e-01
<VARIANCE> 25
 1.297787e+01 1.339505e+01 1.578155e+01 2.323330e+01 2.376170e+01 2.454384e+01 2.070610e+01 2.032270e+01 1.749301e+01 2.166720e+01 2.433999e+01 1.552327e+01 3.936846e+00 3.032822e+00 6.125500e+00 4.607697e+00 6.131608e+00 4.540843e+00 4.210498e+00 4.206600e+00 3.813896e+00 4.549563e+00 3.475912e+00 2.758826e+00 4.516977e-03
<GCONST> 9.302757e+01
<MIXTURE> 74 1.756491e-02
<MEAN> 25
 4.278839e+00 -1.550298e+00 4.794758e+00 -8.248359e-01 -7.544665e+00 -8.013412e+00 -1.689300e+00 1.115369e+00 -4.670734e+00 -2.263129e+00 -2.228999e+00 8.723540e-01 3.407623e-01 1.815655e+00 2.302736e-01 1.779172e+00 9.590962e-01 3.126300e-01 1.035375e-01 -1.516013e+00 2.779786e-01 2.349683e-01 -1.033740e-03 -3.523630e-01 -7.106527e-02
<VARIANCE> 25
 1.073082e+01 1.965225e+01 3.429949e+01 3.527488e+01 4.031443e+01 3.696863e+01 5.306283e+01 4.165061e+01 4.437846e+01 4.037263e+01 3.849623e+01 3.417879e+01 1.848986e+00 2.068135e+00 3.623481e+00 2.293079e+00 3.932276e+00 3.411281e+00 4.637753e+00 4.407218e+00 4.450681e+00 3.567892e+00 3.493400e+00 3.297015e+00 1.805414e-03
<GCONST> 9.604154e+01
<MIXTURE> 75 9.711651e-03
<MEAN> 25
 2.578124e+00 -1.276880e+00 1.099160e+01 1.955449e+00 -1.149259e+01 -7.030267e+00 -4.878502e+00 -5.163203e-01 -4.183503e+00 -4.333740e+00 2.939499e+00 2.496043e-01 1.672756e+00 -1.592981e+00 1.680147e-01 -1.949805e-01 -2.443395e+00 -5.300086e-01 -1.446833e+00 1.046658e+00 -3.867837e-01 -2.866049e-01 1.120025e+00 -5.970966e-01 3.758903e-02
<VARIANCE> 25
 1.080095e+01 1.717453e+01 2.945828e+01 2.784017e+01 2.774786e+01 3.821181e+01 3.215759e+01 3.066081e+01 3.542470e+01 3.149891e+01 2.176793e+01 2.105310e+01 2.374058e+00 2.363306e+00 4.152426e+00 2.512332e+00 3.799110e+00 4.165363e+00 3.980585e+00 3.540160e+00 4.825578e+00 3.311640e+00 3.012855e+00 2.465835e+00 1.492076e-03
<GCONST> 9.263018e+01
<MIXTURE> 76 1.052359e-02
<MEAN> 25
 -5.844637e+00 -1.874033e+00 -4.024696e-01 3.248044e+00 3.078423e+00 1.245798e+00 3.916649e+00 2.331068e+00 2.642761e+00 -9.347925e-01 7.995968e-01 1.859717e+00 -1.734367e-02 -4.517889e-01 -4.883557e-01 -9.720480e-01 -7.065063e-01 -7.409214e-01 -5.671766e-01 -1.187073e-01 -4.830343e-01 -1.870137e-01 -2.791975e-01 -1.010083e-02 2.248197e-02
<VARIANCE> 25
 2.852086e+01 2.127098e+01 3.099914e+01 2.571217e+01 3.598850e+01 2.518400e+01 2.790518e+01 2.474720e+01 2.447930e+01 2.905232e+01 3.523277e+01 2.052011e+01 1.147399e+00 1.097383e+00 1.539782e+00 1.526542e+00 1.864500e+00 1.696578e+00 1.672998e+00 1.634658e+00 1.570641e+00 1.650397e+00 1.805583e+00 1.967620e+00 1.070957e-03
<GCONST> 8.415679e+01
<MIXTURE> 77 1.244626e-02
<MEAN> 25
 -4.846244e-01 8.500610e+00 1.238733e+01 -1.153189e+01 -6.960976e+00 9.296283e-01 -9.288377e+00 -7.218686e+00 -3.322631e+00 -2.263388e-01 -4.528903e+00 -1.484109e+00 6.581832e-02 1.331246e-01 8.443845e-02 2.715661e-01 -1.971959e-02 7.205120e-02 -5.743818e-02 -6.059376e-02 7.608451e-02 -3.874957e-02 2.379654e-02 1.198071e-01 -9.895236e-03
<VARIANCE> 25
 1.047452e+01 2.082240e+01 2.798615e+01 4.222771e+01 3.315926e+01 3.362772e+01 3.657410e+01 3.161028e+01 3.543721e+01 3.325595e+01 3.945079e+01 3.466468e+01 2.975208e-01 7.746504e-01 6.614015e-01 1.142835e+00 1.233442e+00 9.830713e-01 1.228254e+00 1.067904e+00 1.047240e+00 1.064351e+00 9.666356e-01 9.173895e-01 5.359219e-04
<GCONST> 7.794234e+01
<MIXTURE> 78 9.702551e-03
<MEAN> 25
 -1.040323e+01 9.826254e-01 -1.406983e+00 2.239162e+00 5.003603e+00 -2.323553e+00 3.415523e+00 2.004264e+00 3.077816e+00 9.601405e-01 -3.800532e-01 1.875740e+00 2.043712e+00 -1.107424e-01 1.126950e-01 6.265932e-01 -2.011685e-01 4.854846e-02 -5.141641e-01 -2.351871e-01 1.613871e-01 1.712383e-01 -2.614671e-01 -4.413085e-01 -4.874626e-02
<VARIANCE> 25
 4.103699e+01 2.959525e+01 3.078144e+01 3.302779e+01 3.933164e+01 3.388630e+01 3.771909e+01 3.379582e+01 2.740236e+01 2.663848e+01 2.741024e+01 2.423587e+01 5.098496e+00 2.389465e+00 2.522566e+00 3.158835e+00 2.951057e+00 3.007130e+00 3.527118e+00 2.867638e+00 2.347007e+00 2.308718e+00 2.529665e+00 2.374905e+00 4.651342e-03
<GCONST> 9.459544e+01
<MIXTURE> 79 1.156824e-02
<MEAN> 25
 2.399716e+00 1.573948e+00 9.142338e+00 -6.354822e+00 -1.196156e+01 -1.787166e+00 -2.023902e+00 -6.287981e+00 -6.515315e+00 3.834832e-01 -3.456805e+00 -3.258028e+00 1.200429e+00 -4.906834e-01 -1.427683e+00 2.325571e+00 3.615298e-01 -1.479898e+00 5.296153e-01 9.013663e-01 -4.952685e-01 -4.880655e-01 3.673355e-01 2.518935e-01 -3.552829e-02
<VARIANCE> 25
 1.410334e+01 2.382445e+01 3.741055e+01 5.228172e+01 3.350631e+01 4.281878e+01 4.302164e+01 3.808885e+01 3.871729e+01 3.960207e+01 4.401009e+01 3.029447e+01 9.482404e-01 2.297141e+00 1.906637e+00 2.115197e+00 2.467922e+00 2.774484e+00 3.144319e+00 3.502918e+00 2.711903e+00 2.844090e+00 2.303803e+00 2.044664e+00 1.239153e-03
<GCONST> 9.193893e+01
<MIXTURE> 80 7.550998e-03
<MEAN> 25
 -1.460522e+01 3.980556e+00 6.882382e-01 2.867818e+00 2.451908e+00 1.408775e+00 6.392022e+00 2.492599e+00 2.722367e+00 2.373689e+00 4.852389e+00 1.183618e+00 4.285294e+00 -1.566331e-02 1.637100e+00 -1.134755e+00 -2.888871e+00 -2.776122e+00 -2.322957e+00 -2.020648e+00 -1.974147e+00 -1.684276e+00 -1.649746e+00 -6.022685e-01 -4.421472e-02
<VARIANCE> 25
 2.096274e+01 1.985725e+01 3.443616e+01 3.471212e+01 3.018084e+01 2.920545e+01 2.832656e+01 2.857869e+01 2.674953e+01 2.879846e+01 2.684703e+01 1.812075e+01 2.358221e+00 2.665334e+00 2.673755e+00 4.119155e+00 3.393173e+00 2.708465e+00 3.025542e+00 3.204383e+00 2.749394e+00 2.702540e+00 2.785391e+00 2.146413e+00 1.512188e-03
<GCONST> 9.140321e+01
<MIXTURE> 81 8.025434e-03
<MEAN> 25
 -1.119169e+00 4.060294e+00 1.017458e+01 -1.479336e+01 -9.075310e+00 -1.421835e+00 -6.763199e+00 -8.418576e+00 -4.147335e+00 -4.172157e-01 -7.566363e+00 -2.241128e+00 1.341118e-01 -5.874906e-01 -2.763667e-03 -5.561847e-01 -4.636880e-01 3.339624e-01 3.187377e-01 1.367116e-01 -1.410607e-01 1.068630e-01 -4.686157e-01 -1.248687e-01 1.151134e-02
<VARIANCE> 25
 1.014756e+01 3.283239e+01 2.646806e+01 2.938268e+01 3.373043e+01 3.050801e+01 4.549349e+01 2.831759e+01 3.801288e+01 3.187460e+01 2.542898e+01 3.108344e+01 7.724269e-01 2.275816e+00 1.547831e+00 2.877686e+00 2.664100e+00 2.126076e+00 3.280590e+00 2.287514e+00 2.357023e+00 2.537684e+00 2.297829e+00 2.077678e+00 1.182596e-03
<GCONST> 8.870109e+01
<MIXTURE> 82 8.213053e-03
<MEAN> 25
 -9.864332e+00 -3.909559e+00 1.961818e+00 -2.841030e+00 3.120292e+00 6.550875e-01 1.815108e+00 1.053815e+00 3.133049e+00 1.325214e+00 1.690881e+00 2.973556e+00 -1.257930e+00 -1.655562e-01 1.065955e-01 -2.544795e+00 -1.083712e+00 -1.136001e+00 -1.063001e+00 -8.502114e-01 -2.754255e-01 -3.880524e-01 -2.450488e-01 -1.247472e-01 1.714651e-01
<VARIANCE> 25
 1.769968e+01 2.382783e+01 3.276402e+01 3.046485e+01 3.194098e+01 3.053199e+01 3.101534e+01 3.177985e+01 2.983419e+01 2.722457e+01 3.202359e+01 1.704834e+01 3.642126e+00 2.910163e+00 3.840034e+00 3.181178e+00 3.480687e+00 3.379233e+00 2.961962e+00 2.868843e+00 2.726378e+00 2.605813e+00 2.589370e+00 1.895714e+00 3.945836e-03
<GCONST> 9.316029e+01
<MIXTURE> 83 1.167529e-02
<MEAN> 25
 -2.017764e+01 5.461415e+00 -1.523757e+00 -3.123933e-01 7.613076e+00 -9.683704e-01 5.173820e+00 2.833279e+00 1.420568e+00 1.878822e+00 8.374134e-01 2.787225e+00 -6.136456e-02 -4.031698e-01 2.713221e-02 -3.427927e-01 -4.447900e-01 -1.007484e-01 -1.018215e-01 -9.723486e-02 -5.483344e-02 -2.711760e-02 -2.744067e-04 -2.733880e-02 4.916700e-03
<VARIANCE> 25
 8.877581e+00 1.579479e+01 2.883240e+01 2.174920e+01 2.166828e+01 2.469924e+01 2.302794e+01 2.341051e+01 2.065419e+01 2.337474e+01 2.255740e+01 1.405623e+01 1.051284e+00 9.489075e-01 1.199613e+00 1.043935e+00 1.362990e+00 1.261179e+00 1.271973e+00 1.350154e+00 1.307022e+00 1.266930e+00 1.216917e+00 1.032620e+00 8.695120e-04
<GCONST> 7.683270e+01
<MIXTURE> 84 1.066614e-02
<MEAN> 25
 1.189610e+00 8.273057e+00 6.733826e+00 7.938928e+00 2.606694e+00 -1.251219e+00 -1.945228e+00 -4.409746e+00 -3.814523e+00 -2.119070e+00 -2.012135e+00 -1.248390e+00 -1.831335e+00 -1.221472e+00 -9.099912e-01 1.097152e+00 2.158547e+00 1.404334e+00 1.498990e+00 1.241078e+00 1.224908e+00 1.447264e-01 3.353300e-01 5.182679e-01 -6.579595e-02
<VARIANCE> 25
 2.096123e+01 1.982237e+01 2.131126e+01 2.296462e+01 2.692326e+01 2.715741e+01 2.879362e+01 2.398308e+01 2.416542e+01 2.962680e+01 2.320841e+01 2.279994e+01 2.066034e+00 2.283449e+00 4.056220e+00 3.701018e+00 3.100975e+00 3.097674e+00 3.254115e+00 3.222610e+00 3.670574e+00 3.496363e+00 3.380286e+00 2.585322e+00 3.393622e-03
<GCONST> 9.205330e+01
<MIXTURE> 85 7.591393e-03
<MEAN> 25
 -3.107976e+00 7.883592e+00 5.707417e+00 1.300732e+00 -3.477713e+00 -5.317810e+00 -2.993997e+00 -6.124995e+00 -3.528234e+00 -3.165761e+00 -4.665397e-01 -1.902310e+00 3.939012e+00 3.249261e-01 1.750540e+00 -2.089772e+00 -3.411520e+00 -2.574780e+00 -2.880750e+00 -2.333567e+00 -2.251261e+00 -1.263332e+00 -2.295519e+00 -6.104317e-01 9.145895e-03
<VARIANCE> 25
 4.238618e+01 2.341028e+01 3.652817e+01 3.823431e+01 3.977780e+01 4.112296e+01 3.219610e+01 2.786499e+01 2.667640e+01 2.621231e+01 2.626074e+01 2.052817e+01 2.706704e+00 4.316527e+00 4.062306e+00 5.173244e+00 4.402125e+00 3.902838e+00 3.858861e+00 4.007335e+00 3.844599e+00 4.033989e+00 3.956872e+00 3.489999e+00 5.435621e-03
<GCONST> 9.836543e+01
<MIXTURE> 86 1.273941e-02
<MEAN> 25
 -4.932506e+00 -1.207488e+00 -7.872292e-01 6.324138e+00 4.962183e+00 4.652808e+00 5.317301e+00 4.531632e+00 4.686210e+00 3.860244e+00 5.297255e+00 2.647074e+00 -3.519838e-03 -8.169517e-03 -3.221677e-02 -6.385107e-02 -1.184310e-01 -1.888668e-01 -2.581874e-01 -3.338731e-01 -3.532495e-01 -3.209259e-01 -2.306932e-01 -1.101542e-01 -5.876542e-04
<VARIANCE> 25
 8.082352e+00 5.593199e+00 9.922027e+00 1.224166e+01 1.618576e+01 1.430435e+01 1.344635e+01 1.318512e+01 1.320867e+01 1.457899e+01 1.450617e+01 1.310261e+01 1.010591e-01 1.930002e-01 3.211826e-01 4.807824e-01 6.350367e-01 7.324699e-01 7.537645e-01 7.600632e-01 8.308662e-01 8.787302e-01 9.057584e-01 8.992179e-01 5.346303e-05
<GCONST> 5.820417e+01
<MIXTURE> 87 1.100681e-02
<MEAN> 25
 -3.449507e+00 3.719160e+00 3.521643e+00 5.933626e+00 5.285004e+00 3.029888e-01 1.801876e+00 -1.045395e+00 4.856342e-02 -1.405671e+00 -3.923559e-01 3.194565e-01 -1.996811e+00 -2.344838e+00 -1.916960e+00 -2.177535e+00 9.401777e-02 -3.810640e-03 4.037819e-01 1.157164e+00 1.345463e+00 8.973218e-01 7.148347e-01 8.029695e-01 8.862878e-02
<VARIANCE> 25
 3.345127e+01 2.631835e+01 2.420274e+01 3.569189e+01 2.562901e+01 3.289500e+01 2.485741e+01 2.316320e+01 2.608282e+01 2.727917e+01 2.538587e+01 2.075144e+01 3.861311e+00 2.868709e+00 3.955854e+00 3.602274e+00 4.411330e+00 3.671815e+00 4.576522e+00 3.908995e+00 3.385142e+00 3.761466e+00 3.215862e+00 2.504060e+00 4.733034e-03
<GCONST> 9.542340e+01
<MIXTURE> 88 1.256585e-02
<MEAN> 25
 -3.469125e+00 -1.701291e+00 -6.656253e-01 4.280214e+00 3.545702e+00 3.056387e+00 4.263106e+00 2.942744e+00 3.810001e+00 8.094465e-01 2.064934e+00 1.024709e+00 -6.174651e-02 3.218804e-01 2.315979e-01 4.494714e-01 -1.686599e-01 6.221152e-02 4.589799e-01 -1.247329e-01 -4.760387e-01 -5.323554e-01 -7.004077e-01 4.316470e-02 -5.632634e-03
<VARIANCE> 25
 8.635099e+00 1.058968e+01 1.475484e+01 1.611812e+01 1.973324e+01 2.125794e+01 2.149871e+01 1.519581e+01 1.906148e+01 2.052894e+01 1.929672e+01 1.626885e+01 1.621895e+00 1.632450e+00 1.585344e+00 2.251913e+00 3.027240e+00 2.254131e+00 2.384086e+00 2.186543e+00 1.946660e+00 2.645107e+00 2.913486e+00 2.428026e+00 1.351278e-03
<GCONST> 8.228726e+01
<MIXTURE> 89 9.333527e-03
<MEAN> 25
 5.487106e+00 -6.666645e+00 -2.462566e+00 -2.457760e+00 -1.148346e+00 -4.731212e+00 -6.012917e+00 2.816572e+00 4.884503e+00 -2.349914e+00 -6.528304e+00 -3.029503e+00 -5.928524e-01 1.226575e-01 2.084967e+00 8.957155e-01 -1.885852e+00 -1.464043e+00 7.422591e-01 1.226487e+00 -7.325360e-01 -1.227491e+00 2.263499e-01 1.418477e+00 -2.860375e-03
<VARIANCE> 25
 1.076929e+01 2.444870e+01 3.698386e+01 3.268020e+01 3.393259e+01 4.194254e+01 5.413771e+01 4.972894e+01 5.319342e+01 4.004168e+01 4.288266e+01 2.913273e+01 3.316264e-01 7.682220e-01 1.401778e+00 1.326206e+00 1.762673e+00 2.131742e+00 2.515524e+00 1.952263e+00 2.076317e+00 1.977227e+00 2.465566e+00 1.412102e+00 3.926328e-04
<GCONST> 8.555547e+01
<MIXTURE> 90 7.114505e-03
<MEAN> 25
 2.463969e+00 -9.554764e+00 -4.684761e+00 -3.980377e+00 -3.324962e+00 -1.827369e+00 3.360447e+00 1.217297e+00 -7.515408e+00 -1.004817e+01 -3.431854e+00 -6.486071e-01 -1.582746e-01 9.042187e-01 1.161819e+00 -8.175975e-01 -1.591696e+00 -2.117745e-01 6.510701e-01 -2.059101e-01 -1.730250e-01 7.367063e-01 1.941386e-01 -5.622693e-01 -1.130710e-02
<VARIANCE> 25
 8.441298e+00 1.937494e+01 1.981223e+01 2.771660e+01 3.658087e+01 3.213364e+01 3.811694e+01 3.593080e+01 3.521690e+01 2.895343e+01 2.674675e+01 2.672437e+01 2.252750e-01 6.048532e-01 7.868670e-01 1.108367e+00 1.497284e+00 1.568148e+00 1.762139e+00 1.657129e+00 1.785497e+00 1.658484e+00 1.482587e+00 1.317024e+00 2.164665e-04
<GCONST> 7.825513e+01
<MIXTURE> 91 7.852945e-03
<MEAN> 25
 5.824907e+00 -7.057173e+00 -8.026344e+00 -5.190501e+00 4.196604e+00 8.974916e-02 -2.323768e+00 8.928303e-01 1.173772e+00 -2.516947e+00 -4.981907e+00 -4.823946e+00 2.345102e-01 9.653258e-01 2.742198e-01 4.776370e-01 -3.611362e-02 -4.989856e-01 -2.809571e-01 -7.689887e-02 -7.363749e-02 3.972559e-01 -1.641810e-01 2.837861e-01 -3.377960e-02
<VARIANCE> 25
 1.133476e+01 2.243826e+01 2.048666e+01 3.698088e+01 3.302050e+01 4.975452e+01 5.004407e+01 3.536241e+01 5.093608e+01 5.982057e+01 3.577834e+01 3.911808e+01 4.579228e-01 8.098492e-01 1.118317e+00 1.351811e+00 2.185739e+00 2.192125e+00 2.341194e+00 2.174272e+00 2.085071e+00 2.172760e+00 2.032670e+00 1.806122e+00 5.424502e-04
<GCONST> 8.617178e+01
<MIXTURE> 92 7.852945e-03
<MEAN> 25
 5.824907e+00 -7.057173e+00 -8.026344e+00 -5.190501e+00 4.196604e+00 8.974916e-02 -2.323768e+00 8.928303e-01 1.173772e+00 -2.516947e+00 -4.981907e+00 -4.823946e+00 2.345102e-01 9.653258e-01 2.742198e-01 4.776370e-01 -3.611362e-02 -4.989856e-01 -2.809571e-01 -7.689887e-02 -7.363749e-02 3.972559e-01 -1.641810e-01 2.837861e-01 -3.377960e-02
<VARIANCE> 25
 1.133476e+01 2.243826e+01 2.048666e+01 3.698088e+01 3.302050e+01 4.975452e+01 5.004407e+01 3.536241e+01 5.093608e+01 5.982057e+01 3.577834e+01 3.911808e+01 4.579228e-01 8.098492e-01 1.118317e+00 1.351811e+00 2.185739e+00 2.192125e+00 2.341194e+00 2.174272e+00 2.085071e+00 2.172760e+00 2.032670e+00 1.806122e+00 5.424502e-04
<GCONST> 8.617178e+01
<MIXTURE> 93 6.122769e-03
<MEAN> 25
 -6.825107e+00 -9.612467e-01 -2.402053e+00 5.797961e+00 5.907713e+00 3.922416e+00 6.123457e+00 3.608758e+00 4.119646e+00 2.508611e+00 1.818380e+00 3.705338e+00 -6.163469e-02 -1.543991e-01 -2.573066e-01 -3.316674e-01 -3.336667e-01 -2.845412e-01 -2.177750e-01 -1.742721e-01 -1.668062e-01 -1.506673e-01 -1.044142e-01 -3.559079e-02 -3.719581e-06
<VARIANCE> 25
 9.099605e+00 6.027386e+00 8.184931e+00 1.136833e+01 1.149609e+01 1.598323e+01 1.527527e+01 1.644367e+01 1.475672e+01 1.454786e+01 1.678654e+01 1.345206e+01 8.271965e-02 1.533721e-01 2.637811e-01 3.805681e-01 4.978424e-01 6.423495e-01 7.793128e-01 8.872560e-01 9.166940e-01 8.760670e-01 8.922958e-01 9.178997e-01 1.000129e-06
<GCONST> 5.360391e+01
<MIXTURE> 94 6.122769e-03
<MEAN> 25
 -6.825107e+00 -9.612467e-01 -2.402053e+00 5.797961e+00 5.907713e+00 3.922416e+00 6.123457e+00 3.608758e+00 4.119646e+00 2.508611e+00 1.818380e+00 3.705338e+00 -6.163469e-02 -1.543991e-01 -2.573066e-01 -3.316674e-01 -3.336667e-01 -2.845412e-01 -2.177750e-01 -1.742721e-01 -1.668062e-01 -1.506673e-01 -1.044142e-01 -3.559079e-02 -3.719581e-06
<VARIANCE> 25
 9.099605e+00 6.027386e+00 8.184931e+00 1.136833e+01 1.149609e+01 1.598323e+01 1.527527e+01 1.644367e+01 1.475672e+01 1.454786e+01 1.678654e+01 1.345206e+01 8.271965e-02 1.533721e-01 2.637811e-01 3.805681e-01 4.978424e-01 6.423495e-01 7.793128e-01 8.872560e-01 9.166940e-01 8.760670e-01 8.922958e-01 9.178997e-01 1.000129e-06
<GCONST> 5.360391e+01
<MIXTURE> 95 5.258835e-03
<MEAN> 25
 -5.730038e+00 -7.430434e-01 -1.963532e+00 4.881927e+00 4.136227e+00 2.782615e+00 4.187486e+00 1.625170e+00 2.281578e+00 7.906731e-01 1.197420e+00 2.516222e+00 1.463358e-01 1.415455e-01 9.377986e-02 -7.807672e-02 -3.687039e-01 -7.205445e-01 -1.038324e+00 -1.269750e+00 -1.263615e+00 -9.883402e-01 -6.423755e-01 -3.159662e-01 -1.652896e-04
<VARIANCE> 25
 1.082103e+01 6.408525e+00 1.213243e+01 1.265746e+01 1.438985e+01 1.816301e+01 1.780251e+01 1.679618e+01 1.547788e+01 1.576670e+01 1.983591e+01 1.465645e+01 2.074403e-01 2.939692e-01 4.547611e-01 6.255894e-01 8.020697e-01 8.891571e-01 9.286092e-01 9.247234e-01 9.675245e-01 1.065060e+00 1.150721e+00 1.106834e+00 4.216199e-05
<GCONST> 6.330957e+01
<MIXTURE> 96 7.034694e-03
<MEAN> 25
 -4.792787e+00 -5.406406e-01 -2.073567e+00 5.116493e+00 3.657344e+00 1.630422e+00 3.560181e+00 1.730419e+00 2.519478e+00 5.423685e-01 1.146759e+00 2.475506e+00 -3.262522e-02 8.257680e-02 2.331760e-01 3.799537e-01 5.644493e-01 4.433916e-01 2.535527e-01 -1.040267e-01 -4.743319e-01 -6.426882e-01 -5.978953e-01 -3.445335e-01 2.687739e-05
<VARIANCE> 25
 1.238677e+01 9.442993e+00 1.306623e+01 1.372268e+01 1.526848e+01 1.917310e+01 1.789525e+01 1.863316e+01 1.733033e+01 1.934577e+01 1.985426e+01 1.649042e+01 1.161920e-01 2.180510e-01 3.113126e-01 4.005614e-01 4.902696e-01 7.211608e-01 8.952001e-01 9.763414e-01 9.482427e-01 8.348729e-01 8.579834e-01 9.549946e-01 1.061748e-06
<GCONST> 5.787266e+01
<MIXTURE> 97 7.034694e-03
<MEAN> 25
 -4.792787e+00 -5.406406e-01 -2.073567e+00 5.116493e+00 3.657344e+00 1.630422e+00 3.560181e+00 1.730419e+00 2.519478e+00 5.423685e-01 1.146759e+00 2.475506e+00 -3.262522e-02 8.257680e-02 2.331760e-01 3.799537e-01 5.644493e-01 4.433916e-01 2.535527e-01 -1.040267e-01 -4.743319e-01 -6.426882e-01 -5.978953e-01 -3.445335e-01 2.687739e-05
<VARIANCE> 25
 1.238677e+01 9.442993e+00 1.306623e+01 1.372268e+01 1.526848e+01 1.917310e+01 1.789525e+01 1.863316e+01 1.733033e+01 1.934577e+01 1.985426e+01 1.649042e+01 1.161920e-01 2.180510e-01 3.113126e-01 4.005614e-01 4.902696e-01 7.211608e-01 8.952001e-01 9.763414e-01 9.482427e-01 8.348729e-01 8.579834e-01 9.549946e-01 1.061748e-06
<GCONST> 5.787266e+01
<MIXTURE> 98 9.917808e-03
<MEAN> 25
 -6.548622e-01 7.461417e-01 3.490786e-01 3.578071e+00 2.927856e+00 1.637775e+00 2.157851e+00 1.710300e+00 1.868601e+00 8.906347e-01 1.001045e+00 9.131434e-01 -1.657264e+00 -1.289216e+00 -5.731066e-01 -1.179811e-01 8.603368e-01 6.342148e-01 1.144840e+00 1.202261e+00 1.779528e+00 4.987209e-01 1.010469e+00 9.477434e-01 -2.865073e-02
<VARIANCE> 25
 1.064941e+01 1.591046e+01 2.422762e+01 2.891879e+01 3.673177e+01 3.203733e+01 3.186286e+01 2.799459e+01 2.535159e+01 2.693271e+01 3.332508e+01 2.485838e+01 1.335873e+00 1.538262e+00 2.148479e+00 3.192998e+00 2.344486e+00 2.320237e+00 2.608677e+00 2.442438e+00 3.162874e+00 3.633687e+00 2.322622e+00 1.829284e+00 2.023967e-03
<GCONST> 8.861826e+01
<MIXTURE> 99 6.696178e-03
<MEAN> 25
 -6.131315e+00 9.350905e+00 5.986214e+00 3.927101e+00 1.256093e+00 -4.956311e+00 -2.215493e+00 -4.541345e+00 -2.714423e+00 -2.880801e+00 -1.083753e+00 8.453060e-02 7.196161e-01 -6.443753e-01 2.260142e-01 -4.648134e-01 -1.199740e+00 -3.536646e-01 -4.482872e-01 -2.054210e-01 -3.463737e-01 -6.299458e-02 3.599305e-01 2.939354e-01 7.809990e-03
<VARIANCE> 25
 3.367371e+01 2.586847e+01 4.732709e+01 3.075271e+01 3.445967e+01 3.295819e+01 2.918114e+01 2.897540e+01 2.968821e+01 3.105502e+01 2.199193e+01 2.728965e+01 2.244087e+00 1.758470e+00 1.362198e+00 1.774982e+00 2.525041e+00 2.118896e+00 1.782982e+00 1.658487e+00 2.007723e+00 1.530700e+00 1.378343e+00 1.327079e+00 1.484249e-03
<GCONST> 8.722913e+01
<MIXTURE> 100 4.498084e-03
<MEAN> 25
 -1.598725e+00 6.344463e+00 1.027659e+01 -7.462126e+00 -1.078134e+01 -5.074971e+00 -4.941641e+00 -9.968587e+00 -4.717671e+00 -8.549810e-01 -2.733163e+00 -2.708133e+00 2.917771e+00 -1.260325e+00 1.299663e+00 -2.185748e+00 -3.419446e+00 -7.841046e-01 -1.218669e+00 -8.197244e-01 -1.475533e+00 3.466441e-01 -1.655420e+00 -2.861689e-01 2.014860e-03
<VARIANCE> 25
 1.362626e+01 2.106023e+01 2.246592e+01 2.643340e+01 2.302519e+01 2.372256e+01 2.911230e+01 2.170647e+01 2.748540e+01 2.265186e+01 2.241131e+01 2.134104e+01 1.799305e+00 3.953751e+00 2.919958e+00 4.286728e+00 4.184228e+00 4.537030e+00 4.015582e+00 4.340583e+00 4.167796e+00 3.895870e+00 3.910802e+00 3.224924e+00 1.674763e-03
<GCONST> 9.256963e+01
<MIXTURE> 101 6.007792e-03
<MEAN> 25
 8.036029e+00 -3.448213e+00 -6.242957e+00 -6.760863e+00 8.189524e-01 -1.255953e+00 -1.052803e+01 -2.035329e+00 1.546527e+00 2.781251e+00 -2.363201e+00 -5.140898e+00 6.773025e-01 6.430937e-01 -1.460263e+00 -1.604560e+00 1.023956e+00 2.310058e+00 1.915133e-01 -1.439324e+00 -1.066706e+00 1.022831e+00 1.359101e+00 -4.015753e-01 -4.710421e-03
<VARIANCE> 25
 9.442283e+00 1.673541e+01 3.004308e+01 4.351686e+01 3.611053e+01 3.539221e+01 3.711375e+01 3.622570e+01 3.804568e+01 4.396382e+01 5.136784e+01 2.393323e+01 2.995801e-01 6.693408e-01 1.160628e+00 1.540333e+00 1.697510e+00 2.094272e+00 2.095820e+00 2.021124e+00 2.371678e+00 2.209575e+00 1.784237e+00 1.931360e+00 3.417396e-04
<GCONST> 8.367693e+01
<MIXTURE> 102 6.007792e-03
<MEAN> 25
 8.036029e+00 -3.448213e+00 -6.242957e+00 -6.760863e+00 8.189524e-01 -1.255953e+00 -1.052803e+01 -2.035329e+00 1.546527e+00 2.781251e+00 -2.363201e+00 -5.140898e+00 6.773025e-01 6.430937e-01 -1.460263e+00 -1.604560e+00 1.023956e+00 2.310058e+00 1.915133e-01 -1.439324e+00 -1.066706e+00 1.022831e+00 1.359101e+00 -4.015753e-01 -4.710421e-03
<VARIANCE> 25
 9.442283e+00 1.673541e+01 3.004308e+01 4.351686e+01 3.611053e+01 3.539221e+01 3.711375e+01 3.622570e+01 3.804568e+01 4.396382e+01 5.136784e+01 2.393323e+01 2.995801e-01 6.693408e-01 1.160628e+00 1.540333e+00 1.697510e+00 2.094272e+00 2.095820e+00 2.021124e+00 2.371678e+00 2.209575e+00 1.784237e+00 1.931360e+00 3.417396e-04
<GCONST> 8.367693e+01
<MIXTURE> 103 5.694618e-03
<MEAN> 25
 3.120775e+00 -8.943311e+00 -6.281851e+00 -3.162033e+00 -1.577409e+00 -1.870801e+00 2.565841e+00 3.105339e+00 -3.973228e+00 -8.820014e+00 -4.603882e+00 4.466639e-01 -2.174211e-01 -1.527505e+00 -9.577377e-01 4.193121e-01 1.246709e+00 9.765883e-01 1.784574e-01 -3.900090e-01 -7.442867e-01 -1.004725e+00 1.872931e-02 1.061164e-01 2.432817e-02
<VARIANCE> 25
 1.063227e+01 2.342059e+01 2.289259e+01 3.011514e+01 4.666854e+01 3.306686e+01 4.388620e+01 4.034666e+01 4.580270e+01 3.038518e+01 3.166138e+01 2.526085e+01 6.913408e-01 1.234202e+00 1.480237e+00 1.903988e+00 2.792475e+00 2.360416e+00 2.751667e+00 2.781903e+00 2.442717e+00 2.464574e+00 2.015319e+00 1.926020e+00 8.538927e-04
<GCONST> 8.762787e+01
<MIXTURE> 104 5.694618e-03
<MEAN> 25
 3.120775e+00 -8.943311e+00 -6.281851e+00 -3.162033e+00 -1.577409e+00 -1.870801e+00 2.565841e+00 3.105339e+00 -3.973228e+00 -8.820014e+00 -4.603882e+00 4.466639e-01 -2.174211e-01 -1.527505e+00 -9.577377e-01 4.193121e-01 1.246709e+00 9.765883e-01 1.784574e-01 -3.900090e-01 -7.442867e-01 -1.004725e+00 1.872931e-02 1.061164e-01 2.432817e-02
<VARIANCE> 25
 1.063227e+01 2.342059e+01 2.289259e+01 3.011514e+01 4.666854e+01 3.306686e+01 4.388620e+01 4.034666e+01 4.580270e+01 3.038518e+01 3.166138e+01 2.526085e+01 6.913408e-01 1.234202e+00 1.480237e+00 1.903988e+00 2.792475e+00 2.360416e+00 2.751667e+00 2.781903e+00 2.442717e+00 2.464574e+00 2.015319e+00 1.926020e+00 8.538927e-04
<GCONST> 8.762787e+01
<MIXTURE> 105 4.710235e-03
<MEAN> 25
 2.276623e+00 -1.432750e+00 8.988956e+00 -2.460889e+00 -1.130697e+01 -4.996153e+00 -3.871491e+00 -9.047574e-01 -3.758790e+00 -3.005169e+00 1.371848e+00 -1.079972e+00 9.853619e-03 3.514951e-02 5.845335e-02 -5.122512e-02 2.392255e-02 4.451282e-02 -2.130308e-02 3.230076e-02 -4.777506e-02 1.949967e-02 3.740880e-02 -3.200411e-02 -2.135969e-03
<VARIANCE> 25
 1.303410e+01 2.782895e+01 4.137157e+01 4.542249e+01 3.878757e+01 5.225026e+01 4.193843e+01 4.444237e+01 3.965247e+01 4.277756e+01 4.108799e+01 3.065848e+01 8.390438e-02 1.874306e-01 3.379537e-01 2.923734e-01 3.810430e-01 4.361303e-01 4.660264e-01 5.022600e-01 4.885889e-01 4.480909e-01 4.217628e-01 3.930056e-01 8.934034e-05
<GCONST> 6.674541e+01
<MIXTURE> 106 4.710235e-03
<MEAN> 25
 2.276623e+00 -1.432750e+00 8.988956e+00 -2.460889e+00 -1.130697e+01 -4.996153e+00 -3.871491e+00 -9.047574e-01 -3.758790e+00 -3.005169e+00 1.371848e+00 -1.079972e+00 9.853619e-03 3.514951e-02 5.845335e-02 -5.122512e-02 2.392255e-02 4.451282e-02 -2.130308e-02 3.230076e-02 -4.777506e-02 1.949967e-02 3.740880e-02 -3.200411e-02 -2.135969e-03
<VARIANCE> 25
 1.303410e+01 2.782895e+01 4.137157e+01 4.542249e+01 3.878757e+01 5.225026e+01 4.193843e+01 4.444237e+01 3.965247e+01 4.277756e+01 4.108799e+01 3.065848e+01 8.390438e-02 1.874306e-01 3.379537e-01 2.923734e-01 3.810430e-01 4.361303e-01 4.660264e-01 5.022600e-01 4.885889e-01 4.480909e-01 4.217628e-01 3.930056e-01 8.934034e-05
<GCONST> 6.674541e+01
<MIXTURE> 107 5.452374e-03
<MEAN> 25
 8.031019e+00 -2.105871e+00 -7.259625e+00 -8.265144e+00 1.686214e+00 3.280190e+00 -8.642956e+00 -4.443130e+00 -8.974212e-01 3.316518e+00 1.533750e+00 -4.460335e+00 -6.697516e-01 -8.100787e-01 1.025068e+00 1.687532e+00 4.302443e-01 -1.972288e+00 -9.288016e-01 6.688699e-01 2.017361e+00 6.214117e-02 -1.702841e+00 -8.989955e-01 -3.593700e-03
<VARIANCE> 25
 1.221643e+01 1.861901e+01 3.017478e+01 5.535468e+01 3.427798e+01 3.753798e+01 4.745781e+01 3.284987e+01 4.254848e+01 3.989525e+01 5.189198e+01 3.133803e+01 3.464717e-01 9.211114e-01 1.631090e+00 2.290351e+00 3.287198e+00 2.629599e+00 2.664373e+00 2.498700e+00 2.780009e+00 2.813751e+00 2.479721e+00 2.143933e+00 7.216554e-04
<GCONST> 8.885943e+01
<MIXTURE> 108 5.452374e-03
<MEAN> 25
 8.031019e+00 -2.105871e+00 -7.259625e+00 -8.265144e+00 1.686214e+00 3.280190e+00 -8.642956e+00 -4.443130e+00 -8.974212e-01 3.316518e+00 1.533750e+00 -4.460335e+00 -6.697516e-01 -8.100787e-01 1.025068e+00 1.687532e+00 4.302443e-01 -1.972288e+00 -9.288016e-01 6.688699e-01 2.017361e+00 6.214117e-02 -1.702841e+00 -8.989955e-01 -3.593700e-03
<VARIANCE> 25
 1.221643e+01 1.861901e+01 3.017478e+01 5.535468e+01 3.427798e+01 3.753798e+01 4.745781e+01 3.284987e+01 4.254848e+01 3.989525e+01 5.189198e+01 3.133803e+01 3.464717e-01 9.211114e-01 1.631090e+00 2.290351e+00 3.287198e+00 2.629599e+00 2.664373e+00 2.498700e+00 2.780009e+00 2.813751e+00 2.479721e+00 2.143933e+00 7.216554e-04
<GCONST> 8.885943e+01
<MIXTURE> 109 6.661064e-03
<MEAN> 25
 3.904823e+00 -1.001501e+01 -7.850215e+00 -1.495439e+00 2.690077e+00 -3.099854e-01 -1.135501e-01 1.718190e+00 -2.648442e+00 -7.774553e+00 -5.470972e+00 3.893969e-01 -9.647761e-03 -7.997657e-02 -2.585598e-02 2.804064e-01 2.506629e-01 8.955017e-02 -1.366787e-01 -8.011335e-02 -9.069937e-02 -1.331855e-01 1.803866e-01 4.419855e-02 -4.619602e-03
<VARIANCE> 25
 8.994182e+00 2.040589e+01 2.127157e+01 3.025176e+01 3.929538e+01 3.736967e+01 4.505955e+01 3.373929e+01 4.644512e+01 3.770955e+01 2.844223e+01 3.037590e+01 1.913870e-01 4.325330e-01 5.334007e-01 6.206673e-01 1.265320e+00 1.019275e+00 1.188370e+00 1.043106e+00 1.092320e+00 9.399673e-01 8.837951e-01 8.780480e-01 1.864854e-04
<GCONST> 7.453245e+01
<MIXTURE> 110 6.661064e-03
<MEAN> 25
 3.904823e+00 -1.001501e+01 -7.850215e+00 -1.495439e+00 2.690077e+00 -3.099854e-01 -1.135501e-01 1.718190e+00 -2.648442e+00 -7.774553e+00 -5.470972e+00 3.893969e-01 -9.647761e-03 -7.997657e-02 -2.585598e-02 2.804064e-01 2.506629e-01 8.955017e-02 -1.366787e-01 -8.011335e-02 -9.069937e-02 -1.331855e-01 1.803866e-01 4.419855e-02 -4.619602e-03
<VARIANCE> 25
 8.994182e+00 2.040589e+01 2.127157e+01 3.025176e+01 3.929538e+01 3.736967e+01 4.505955e+01 3.373929e+01 4.644512e+01 3.770955e+01 2.844223e+01 3.037590e+01 1.913870e-01 4.325330e-01 5.334007e-01 6.206673e-01 1.265320e+00 1.019275e+00 1.188370e+00 1.043106e+00 1.092320e+00 9.399673e-01 8.837951e-01 8.780480e-01 1.864854e-04
<GCONST> 7.453245e+01
<MIXTURE> 111 4.337247e-03
<MEAN> 25
 -4.205246e+00 -9.427553e-01 -1.572875e+00 1.846326e+00 7.578875e-01 9.338645e-01 6.192097e-01 1.290308e-01 4.282527e-01 -8.576658e-01 -7.112803e-01 1.594735e+00 -1.514850e-02 -4.450327e-02 -4.628876e-02 -8.767363e-02 1.286086e-02 -2.164835e-02 1.008287e-02 -3.953366e-02 -1.760170e-01 -2.460158e-01 -1.987642e-01 -1.315067e-01 -1.015362e-04
<VARIANCE> 25
 7.957920e+00 4.761826e+00 1.015252e+01 9.459608e+00 1.332183e+01 2.274387e+01 1.571441e+01 1.272719e+01 1.321233e+01 1.319531e+01 1.381900e+01 1.363580e+01 7.822988e-02 1.634315e-01 2.773644e-01 4.122274e-01 5.977029e-01 6.968861e-01 7.802412e-01 8.353388e-01 8.890422e-01 8.612870e-01 8.243380e-01 8.294765e-01 2.204319e-05
<GCONST> 5.635675e+01
<MIXTURE> 112 4.337247e-03
<MEAN> 25
 -4.205246e+00 -9.427553e-01 -1.572875e+00 1.846326e+00 7.578875e-01 9.338645e-01 6.192097e-01 1.290308e-01 4.282527e-01 -8.576658e-01 -7.112803e-01 1.594735e+00 -1.514850e-02 -4.450327e-02 -4.628876e-02 -8.767363e-02 1.286086e-02 -2.164835e-02 1.008287e-02 -3.953366e-02 -1.760170e-01 -2.460158e-01 -1.987642e-01 -1.315067e-01 -1.015362e-04
<VARIANCE> 25
 7.957920e+00 4.761826e+00 1.015252e+01 9.459608e+00 1.332183e+01 2.274387e+01 1.571441e+01 1.272719e+01 1.321233e+01 1.319531e+01 1.381900e+01 1.363580e+01 7.822988e-02 1.634315e-01 2.773644e-01 4.122274e-01 5.977029e-01 6.968861e-01 7.802412e-01 8.353388e-01 8.890422e-01 8.612870e-01 8.243380e-01 8.294765e-01 2.204319e-05
<GCONST> 5.635675e+01
<MIXTURE> 113 5.938666e-03
<MEAN> 25
 9.091990e+00 2.381614e+00 -7.728267e+00 -1.452299e+01 -1.867056e+00 4.430360e+00 -2.542608e+00 -2.207074e-01 -7.495030e+00 -5.149550e-01 -5.053236e-01 1.086086e+00 1.811435e-02 8.339713e-02 1.759597e-02 -4.391462e-02 1.062187e-01 5.583745e-02 1.267055e-01 4.537376e-02 -1.077260e-02 -1.368144e-01 1.645771e-01 5.967680e-02 -1.406660e-03
<VARIANCE> 25
 7.340379e+00 1.267601e+01 2.244611e+01 3.464302e+01 4.293801e+01 2.624643e+01 3.867304e+01 3.301041e+01 3.306446e+01 3.481912e+01 2.779079e+01 2.626406e+01 1.117669e-01 3.470924e-01 2.735760e-01 7.469453e-01 5.819793e-01 5.779763e-01 5.940696e-01 1.070939e+00 1.156850e+00 1.022169e+00 7.288253e-01 7.522432e-01 1.227552e-04
<GCONST> 6.913911e+01
<MIXTURE> 114 5.938666e-03
<MEAN> 25
 9.091990e+00 2.381614e+00 -7.728267e+00 -1.452299e+01 -1.867056e+00 4.430360e+00 -2.542608e+00 -2.207074e-01 -7.495030e+00 -5.149550e-01 -5.053236e-01 1.086086e+00 1.811435e-02 8.339713e-02 1.759597e-02 -4.391462e-02 1.062187e-01 5.583745e-02 1.267055e-01 4.537376e-02 -1.077260e-02 -1.368144e-01 1.645771e-01 5.967680e-02 -1.406660e-03
<VARIANCE> 25
 7.340379e+00 1.267601e+01 2.244611e+01 3.464302e+01 4.293801e+01 2.624643e+01 3.867304e+01 3.301041e+01 3.306446e+01 3.481912e+01 2.779079e+01 2.626406e+01 1.117669e-01 3.470924e-01 2.735760e-01 7.469453e-01 5.819793e-01 5.779763e-01 5.940696e-01 1.070939e+00 1.156850e+00 1.022169e+00 7.288253e-01 7.522432e-01 1.227552e-04
<GCONST> 6.913911e+01
<MIXTURE> 115 2.935202e-03
<MEAN> 25
 -3.939906e+00 -7.638777e-01 -3.063169e+00 3.660153e+00 2.356538e+00 -4.353345e-01 2.286004e+00 4.078011e-01 1.434814e+00 -1.230075e-01 6.280065e-02 2.593021e+00 3.113716e-02 -7.530721e-02 -2.163333e-01 -4.302304e-01 -6.112807e-01 -6.769873e-01 -5.842425e-01 -5.029176e-01 -4.973899e-01 -4.564017e-01 -3.404091e-01 -1.702235e-01 1.903947e-05
<VARIANCE> 25
 9.679801e+00 9.757596e+00 1.347627e+01 1.253544e+01 1.353001e+01 1.733638e+01 1.701187e+01 2.052774e+01 1.783422e+01 1.772946e+01 1.907498e+01 1.509879e+01 2.011533e-01 3.436994e-01 4.927166e-01 5.608653e-01 6.590568e-01 7.906273e-01 9.971159e-01 1.119515e+00 1.076279e+00 9.806950e-01 1.014786e+00 1.062166e+00 1.024314e-06
<GCONST> 6.019511e+01
<MIXTURE> 116 2.935202e-03
<MEAN> 25
 -3.939906e+00 -7.638777e-01 -3.063169e+00 3.660153e+00 2.356538e+00 -4.353345e-01 2.286004e+00 4.078011e-01 1.434814e+00 -1.230075e-01 6.280065e-02 2.593021e+00 3.113716e-02 -7.530721e-02 -2.163333e-01 -4.302304e-01 -6.112807e-01 -6.769873e-01 -5.842425e-01 -5.029176e-01 -4.973899e-01 -4.564017e-01 -3.404091e-01 -1.702235e-01 1.903947e-05
<VARIANCE> 25
 9.679801e+00 9.757596e+00 1.347627e+01 1.253544e+01 1.353001e+01 1.733638e+01 1.701187e+01 2.052774e+01 1.783422e+01 1.772946e+01 1.907498e+01 1.509879e+01 2.011533e-01 3.436994e-01 4.927166e-01 5.608653e-01 6.590568e-01 7.906273e-01 9.971159e-01 1.119515e+00 1.076279e+00 9.806950e-01 1.014786e+00 1.062166e+00 1.024314e-06
<GCONST> 6.019511e+01
<MIXTURE> 117 6.506003e-03
<MEAN> 25
 -4.644542e+00 1.117779e+00 1.054487e+00 9.758400e+00 6.260061e+00 6.256433e+00 6.463080e+00 5.044456e+00 6.385667e+00 4.929101e+00 6.367188e+00 2.709894e+00 -7.502882e-02 -2.341358e-01 -3.583386e-01 -4.199537e-01 -3.675119e-01 -3.027271e-01 -2.873259e-01 -3.314595e-01 -3.917927e-01 -3.689753e-01 -2.631046e-01 -1.159853e-01 -9.039759e-06
<VARIANCE> 25
 7.187562e+00 8.753065e+00 9.809379e+00 1.430844e+01 1.561821e+01 1.534951e+01 1.772626e+01 1.796119e+01 1.640250e+01 1.637216e+01 1.674070e+01 1.475339e+01 2.166073e-01 3.075028e-01 4.261431e-01 6.171191e-01 8.536690e-01 1.055364e+00 1.177554e+00 1.232902e+00 1.223980e+00 1.194847e+00 1.167206e+00 1.113682e+00 1.000018e-06
<GCONST> 6.042877e+01
<MIXTURE> 118 6.506003e-03
<MEAN> 25
 -4.644542e+00 1.117779e+00 1.054487e+00 9.758400e+00 6.260061e+00 6.256433e+00 6.463080e+00 5.044456e+00 6.385667e+00 4.929101e+00 6.367188e+00 2.709894e+00 -7.502882e-02 -2.341358e-01 -3.583386e-01 -4.199537e-01 -3.675119e-01 -3.027271e-01 -2.873259e-01 -3.314595e-01 -3.917927e-01 -3.689753e-01 -2.631046e-01 -1.159853e-01 -9.039759e-06
<VARIANCE> 25
 7.187562e+00 8.753065e+00 9.809379e+00 1.430844e+01 1.561821e+01 1.534951e+01 1.772626e+01 1.796119e+01 1.640250e+01 1.637216e+01 1.674070e+01 1.475339e+01 2.166073e-01 3.075028e-01 4.261431e-01 6.171191e-01 8.536690e-01 1.055364e+00 1.177554e+00 1.232902e+00 1.223980e+00 1.194847e+00 1.167206e+00 1.113682e+00 1.000018e-06
<GCONST> 6.042877e+01
<MIXTURE> 119 4.297961e-03
<MEAN> 25
 -4.894500e+00 -7.299414e+00 2.543096e+00 1.890608e+00 2.077091e+00 1.702234e-01 4.449159e+00 5.169008e+00 1.362746e+00 3.450517e-01 7.008412e+00 1.714205e+00 -7.918480e-02 -7.694386e-02 5.038983e-02 -5.433577e-02 -6.994390e-02 -1.039956e-01 1.186856e-01 5.746956e-02 -9.792569e-02 -2.321403e-01 -1.285217e-01 -5.140716e-02 7.539446e-04
<VARIANCE> 25
 7.999202e+00 1.025486e+01 1.656256e+01 1.894231e+01 2.134433e+01 2.163513e+01 3.212164e+01 3.057799e+01 2.413061e+01 3.010662e+01 2.153535e+01 1.931305e+01 1.763427e-01 2.850348e-01 4.472630e-01 6.838661e-01 7.939370e-01 9.997855e-01 1.461211e+00 1.262214e+00 1.264750e+00 1.430861e+00 1.180132e+00 1.091743e+00 2.323133e-04
<GCONST> 7.043140e+01
<MIXTURE> 120 4.297961e-03
<MEAN> 25
 -4.894500e+00 -7.299414e+00 2.543096e+00 1.890608e+00 2.077091e+00 1.702234e-01 4.449159e+00 5.169008e+00 1.362746e+00 3.450517e-01 7.008412e+00 1.714205e+00 -7.918480e-02 -7.694386e-02 5.038983e-02 -5.433577e-02 -6.994390e-02 -1.039956e-01 1.186856e-01 5.746956e-02 -9.792569e-02 -2.321403e-01 -1.285217e-01 -5.140716e-02 7.539446e-04
<VARIANCE> 25
 7.999202e+00 1.025486e+01 1.656256e+01 1.894231e+01 2.134433e+01 2.163513e+01 3.212164e+01 3.057799e+01 2.413061e+01 3.010662e+01 2.153535e+01 1.931305e+01 1.763427e-01 2.850348e-01 4.472630e-01 6.838661e-01 7.939370e-01 9.997855e-01 1.461211e+00 1.262214e+00 1.264750e+00 1.430861e+00 1.180132e+00 1.091743e+00 2.323133e-04
<GCONST> 7.043140e+01
<MIXTURE> 121 4.567511e-03
<MEAN> 25
 2.119909e-01 -2.519323e+00 5.149243e+00 -1.288859e+01 -1.263295e+01 -1.667252e+00 1.000844e+00 -5.105841e+00 -4.192928e+00 -4.904440e-01 -5.503792e+00 -4.307527e+00 2.420957e-02 1.320344e-01 -4.056028e-02 8.019088e-02 1.580049e-01 7.670375e-02 -7.900812e-02 -1.840198e-01 -2.687416e-01 -2.569991e-01 -1.136145e-01 6.351726e-04 -7.422425e-03
<VARIANCE> 25
 7.744044e+00 1.561354e+01 1.729159e+01 2.050555e+01 2.453942e+01 2.923907e+01 2.951385e+01 2.460731e+01 3.534934e+01 2.831544e+01 1.973778e+01 2.118781e+01 1.548869e-01 6.425444e-01 6.237662e-01 7.047043e-01 7.705244e-01 1.152973e+00 1.117014e+00 1.121027e+00 1.216540e+00 1.192178e+00 9.415947e-01 8.716720e-01 2.108599e-04
<GCONST> 7.140842e+01
<MIXTURE> 122 4.567511e-03
<MEAN> 25
 2.119909e-01 -2.519323e+00 5.149243e+00 -1.288859e+01 -1.263295e+01 -1.667252e+00 1.000844e+00 -5.105841e+00 -4.192928e+00 -4.904440e-01 -5.503792e+00 -4.307527e+00 2.420957e-02 1.320344e-01 -4.056028e-02 8.019088e-02 1.580049e-01 7.670375e-02 -7.900812e-02 -1.840198e-01 -2.687416e-01 -2.569991e-01 -1.136145e-01 6.351726e-04 -7.422425e-03
<VARIANCE> 25
 7.744044e+00 1.561354e+01 1.729159e+01 2.050555e+01 2.453942e+01 2.923907e+01 2.951385e+01 2.460731e+01 3.534934e+01 2.831544e+01 1.973778e+01 2.118781e+01 1.548869e-01 6.425444e-01 6.237662e-01 7.047043e-01 7.705244e-01 1.152973e+00 1.117014e+00 1.121027e+00 1.216540e+00 1.192178e+00 9.415947e-01 8.716720e-01 2.108599e-04
<GCONST> 7.140842e+01
<MIXTURE> 123 4.393044e-03
<MEAN> 25
 -4.221838e+00 9.077678e-01 1.302072e-01 6.158973e+00 5.264565e+00 3.516083e+00 3.275175e+00 4.729866e-01 3.193164e-01 -5.345030e-01 1.137612e-02 7.760034e-01 -4.831168e-01 -7.662340e-01 -8.602451e-01 -6.213127e-01 -2.498895e-01 6.244588e-02 3.875612e-01 6.481473e-01 7.946663e-01 7.604840e-01 7.209340e-01 5.358417e-01 -2.913400e-03
<VARIANCE> 25
 1.061221e+01 1.025970e+01 1.557103e+01 1.731898e+01 2.193230e+01 2.714552e+01 2.184704e+01 1.898652e+01 1.926373e+01 1.786767e+01 2.238692e+01 1.992586e+01 3.764844e-01 3.731036e-01 5.113759e-01 7.318104e-01 9.868652e-01 1.154668e+00 1.207212e+00 1.181063e+00 1.169325e+00 1.204409e+00 1.207426e+00 1.215608e+00 1.004667e-04
<GCONST> 6.965318e+01
<MIXTURE> 124 4.069876e-03
<MEAN> 25
 -6.560138e+00 -1.212164e+00 -2.916919e+00 5.104012e+00 4.966280e+00 3.387159e+00 5.387756e+00 2.561031e+00 3.194069e+00 1.271319e+00 1.128687e+00 3.039124e+00 -2.048589e-01 -3.226851e-01 -3.617518e-01 -2.172661e-01 1.288060e-01 5.194378e-01 8.108441e-01 8.602649e-01 6.540897e-01 3.253959e-01 7.159581e-02 -2.526614e-02 4.667570e-05
<VARIANCE> 25
 1.102783e+01 6.978456e+00 1.117755e+01 1.243368e+01 1.213991e+01 1.981330e+01 1.552969e+01 1.708074e+01 1.543693e+01 1.612960e+01 1.923348e+01 1.447434e+01 1.048315e-01 1.682297e-01 2.703138e-01 4.177779e-01 5.932108e-01 7.065261e-01 7.490101e-01 8.135384e-01 9.086602e-01 9.850858e-01 1.007744e+00 9.922212e-01 1.799738e-05
<GCONST> 5.881452e+01
<MIXTURE> 125 4.069876e-03
<MEAN> 25
 -6.560138e+00 -1.212164e+00 -2.916919e+00 5.104012e+00 4.966280e+00 3.387159e+00 5.387756e+00 2.561031e+00 3.194069e+00 1.271319e+00 1.128687e+00 3.039124e+00 -2.048589e-01 -3.226851e-01 -3.617518e-01 -2.172661e-01 1.288060e-01 5.194378e-01 8.108441e-01 8.602649e-01 6.540897e-01 3.253959e-01 7.159581e-02 -2.526614e-02 4.667570e-05
<VARIANCE> 25
 1.102783e+01 6.978456e+00 1.117755e+01 1.243368e+01 1.213991e+01 1.981330e+01 1.552969e+01 1.708074e+01 1.543693e+01 1.612960e+01 1.923348e+01 1.447434e+01 1.048315e-01 1.682297e-01 2.703138e-01 4.177779e-01 5.932108e-01 7.065261e-01 7.490101e-01 8.135384e-01 9.086602e-01 9.850858e-01 1.007744e+00 9.922212e-01 1.799738e-05
<GCONST> 5.881452e+01
<MIXTURE> 126 2.402244e-03
<MEAN> 25
 -3.691281e+00 -6.850131e+00 -5.159336e+00 2.275630e+00 4.164736e+00 -3.168079e+00 4.975316e-02 3.490016e+00 3.310978e+00 -2.762651e+00 -1.457633e+00 3.038315e+00 2.017482e-03 4.853594e-03 -3.579700e-02 -1.372779e-01 -3.009036e-01 -3.838101e-01 -2.677049e-01 -1.590217e-01 -1.344868e-01 -1.366027e-01 -1.214166e-01 -4.319988e-02 -1.904580e-03
<VARIANCE> 25
 7.652718e+00 1.265753e+01 1.427057e+01 1.519448e+01 2.478822e+01 2.414632e+01 2.266340e+01 2.850958e+01 3.197099e+01 2.629906e+01 2.197381e+01 1.957114e+01 1.706073e-01 3.579446e-01 4.839557e-01 5.835008e-01 7.774256e-01 9.885025e-01 1.104460e+00 1.242708e+00 1.336004e+00 1.321376e+00 1.222831e+00 1.160822e+00 2.162304e-04
<GCONST> 7.003570e+01
<MIXTURE> 127 2.402244e-03
<MEAN> 25
 -3.691281e+00 -6.850131e+00 -5.159336e+00 2.275630e+00 4.164736e+00 -3.168079e+00 4.975316e-02 3.490016e+00 3.310978e+00 -2.762651e+00 -1.457633e+00 3.038315e+00 2.017482e-03 4.853594e-03 -3.579700e-02 -1.372779e-01 -3.009036e-01 -3.838101e-01 -2.677049e-01 -1.590217e-01 -1.344868e-01 -1.366027e-01 -1.214166e-01 -4.319988e-02 -1.904580e-03
<VARIANCE> 25
 7.652718e+00 1.265753e+01 1.427057e+01 1.519448e+01 2.478822e+01 2.414632e+01 2.266340e+01 2.850958e+01 3.197099e+01 2.629906e+01 2.197381e+01 1.957114e+01 1.706073e-01 3.579446e-01 4.839557e-01 5.835008e-01 7.774256e-01 9.885025e-01 1.104460e+00 1.242708e+00 1.336004e+00 1.321376e+00 1.222831e+00 1.160822e+00 2.162304e-04
<GCONST> 7.003570e+01
<MIXTURE> 128 3.790457e-03
<MEAN> 25
 -3.950446e+00 1.282635e+00 2.948222e-02 6.348183e+00 3.569214e+00 1.744715e+00 3.102372e+00 2.110376e+00 3.907854e+00 3.445284e+00 4.111080e+00 3.239200e+00 -3.838781e-01 -1.666461e-01 1.275120e-01 6.833333e-01 1.176071e+00 1.150154e+00 8.620275e-01 2.030047e-01 -4.148475e-01 -8.205867e-01 -6.886134e-01 -3.046799e-01 -1.247565e-04
<VARIANCE> 25
 9.730942e+00 1.236914e+01 1.677800e+01 1.931825e+01 1.911650e+01 2.037723e+01 2.729758e+01 2.471836e+01 2.518333e+01 2.392937e+01 2.765965e+01 1.882095e+01 8.517522e-01 1.107544e+00 1.315183e+00 1.463672e+00 1.504559e+00 1.776385e+00 2.526349e+00 2.307200e+00 2.053886e+00 1.786138e+00 1.662266e+00 1.809333e+00 1.096918e-06
<GCONST> 7.367453e+01
<TRANSP> 3
 0.000000e+00 1.000000e+00 0.000000e+00
 0.000000e+00 9.999990e-01 9.999998e-07
 0.000000e+00 0.000000e+00 0.000000e+00
<ENDHMM>
