~o
<STREAMINFO> 1 25
<VECSIZE> 25<NULLD><MFCC_E_D_N><DIAGC>
~h "jmodel"
<BEGINHMM>
<NUMSTATES> 3
<STATE> 2
<NUMMIXES> 128
<MIXTURE> 1 5.748963e-03
<MEAN> 25
 -2.537775e+00 3.150325e+00 2.334538e+00 8.581134e+00 4.364057e+00 3.359563e+00 4.031066e+00 3.878918e+00 5.734213e+00 5.220558e+00 5.790471e+00 3.062376e+00 -1.976300e+00 -1.625395e+00 -8.626684e-01 1.041315e+00 1.547340e+00 2.245214e+00 2.123601e+00 2.057431e+00 1.698821e+00 1.235832e+00 1.540788e+00 5.741674e-01 -4.704583e-02
<VARIANCE> 25
 1.000584e+01 1.167912e+01 1.477784e+01 1.999235e+01 2.318819e+01 2.222089e+01 2.167667e+01 2.186031e+01 2.122205e+01 2.245458e+01 2.109223e+01 1.687016e+01 1.802072e+00 2.095719e+00 2.989511e+00 3.246414e+00 3.706266e+00 3.345963e+00 3.339734e+00 3.373970e+00 3.488229e+00 3.750942e+00 3.517790e+00 2.895826e+00 3.075421e-03
<GCONST> 8.849239e+01
<MIXTURE> 2 4.549242e-03
<MEAN> 25
 -4.874883e+00 1.311166e+00 9.939559e-01 9.898829e+00 6.691718e+00 7.424810e+00 7.846826e+00 6.957418e+00 8.373012e+00 6.371684e+00 7.623668e+00 3.074327e+00 -6.199876e-02 4.173502e-02 1.425431e-01 2.259039e-01 2.653345e-01 2.813379e-01 2.952436e-01 3.195827e-01 3.496740e-01 3.088145e-01 1.971669e-01 8.018431e-02 1.134513e-06
<VARIANCE> 25
 6.955755e+00 8.902905e+00 1.065146e+01 1.591586e+01 1.723584e+01 1.556211e+01 1.689761e+01 1.848672e+01 1.658493e+01 1.739865e+01 1.811215e+01 1.434018e+01 1.252366e-01 2.267064e-01 3.364976e-01 4.671385e-01 6.492332e-01 8.151689e-01 9.300757e-01 1.003076e+00 1.051686e+00 1.077784e+00 1.075529e+00 1.013977e+00 1.000043e-06
<GCONST> 5.804531e+01
<MIXTURE> 3 4.549242e-03
<MEAN> 25
 -4.874883e+00 1.311166e+00 9.939559e-01 9.898829e+00 6.691718e+00 7.424810e+00 7.846826e+00 6.957418e+00 8.373012e+00 6.371684e+00 7.623668e+00 3.074327e+00 -6.199876e-02 4.173502e-02 1.425431e-01 2.259039e-01 2.653345e-01 2.813379e-01 2.952436e-01 3.195827e-01 3.496740e-01 3.088145e-01 1.971669e-01 8.018431e-02 1.134513e-06
<VARIANCE> 25
 6.955755e+00 8.902905e+00 1.065146e+01 1.591586e+01 1.723584e+01 1.556211e+01 1.689761e+01 1.848672e+01 1.658493e+01 1.739865e+01 1.811215e+01 1.434018e+01 1.252366e-01 2.267064e-01 3.364976e-01 4.671385e-01 6.492332e-01 8.151689e-01 9.300757e-01 1.003076e+00 1.051686e+00 1.077784e+00 1.075529e+00 1.013977e+00 1.000043e-06
<GCONST> 5.804531e+01
<MIXTURE> 4 1.671429e-02
<MEAN> 25
 3.343171e+00 2.744593e+00 -3.899704e+00 4.044709e-01 4.554352e+00 -1.160015e+00 8.308201e-02 -4.921796e-01 1.716101e+00 1.800417e+00 -1.942185e+00 -3.297225e-01 -2.786082e+00 1.498244e+00 1.580819e+00 3.008162e+00 8.436694e-01 4.567792e-01 1.303022e+00 6.190273e-01 8.355864e-01 3.191421e-01 1.278124e+00 8.170944e-01 -9.084656e-02
<VARIANCE> 25
 1.906218e+01 2.717505e+01 2.745069e+01 3.886413e+01 4.292289e+01 7.003438e+01 5.961142e+01 5.035918e+01 5.139514e+01 5.780106e+01 4.484295e+01 3.488818e+01 2.208392e+00 5.412900e+00 3.644977e+00 4.752774e+00 4.573818e+00 5.622145e+00 5.891982e+00 6.557479e+00 5.680515e+00 5.910579e+00 5.542443e+00 4.064808e+00 6.743532e-03
<GCONST> 1.044005e+02
<MIXTURE> 5 3.206198e-03
<MEAN> 25
 -3.404474e+00 2.169288e+00 6.033767e-01 9.410092e+00 6.689295e+00 6.315258e+00 7.103011e+00 4.721720e+00 5.493760e+00 3.825253e+00 4.644003e+00 2.599695e+00 -3.246261e-01 7.521554e-01 1.224137e+00 1.032497e+00 3.078873e-01 -9.910206e-02 -8.357088e-02 3.417179e-02 4.557554e-01 6.814218e-01 4.013359e-01 8.986377e-02 -2.863448e-05
<VARIANCE> 25
 1.028166e+01 1.395803e+01 2.344191e+01 2.568449e+01 2.019449e+01 1.942271e+01 2.012087e+01 2.031115e+01 2.137894e+01 2.144152e+01 2.417868e+01 1.634712e+01 1.207039e+00 1.242644e+00 1.358980e+00 1.669101e+00 2.279707e+00 2.375244e+00 2.305252e+00 2.270036e+00 2.312805e+00 2.234332e+00 2.085898e+00 1.871066e+00 9.984369e-07
<GCONST> 7.516138e+01
<MIXTURE> 6 5.475854e-03
<MEAN> 25
 9.645802e+00 -3.957898e-01 -6.663610e+00 -1.093331e+01 -2.066362e+00 6.651826e+00 -5.827449e+00 -5.263437e+00 -3.715933e+00 1.893222e+00 4.609552e+00 -1.234974e+00 4.844941e-01 8.904381e-01 -3.594587e-01 -1.459864e+00 -6.404811e-01 1.313068e+00 1.529440e+00 2.417244e-01 -1.192349e+00 -1.206688e+00 3.154238e-01 1.209219e+00 -8.089517e-03
<VARIANCE> 25
 9.144927e+00 1.696827e+01 2.394427e+01 3.974628e+01 3.661767e+01 3.094367e+01 4.418274e+01 3.779945e+01 4.101877e+01 3.986624e+01 4.176218e+01 2.819387e+01 3.091889e-01 8.642146e-01 9.500225e-01 1.969115e+00 1.594474e+00 2.011198e+00 1.921738e+00 2.047468e+00 2.441230e+00 1.981548e+00 2.233078e+00 1.458381e+00 5.971343e-04
<GCONST> 8.394910e+01
<MIXTURE> 7 5.475854e-03
<MEAN> 25
 9.645802e+00 -3.957898e-01 -6.663610e+00 -1.093331e+01 -2.066362e+00 6.651826e+00 -5.827449e+00 -5.263437e+00 -3.715933e+00 1.893222e+00 4.609552e+00 -1.234974e+00 4.844941e-01 8.904381e-01 -3.594587e-01 -1.459864e+00 -6.404811e-01 1.313068e+00 1.529440e+00 2.417244e-01 -1.192349e+00 -1.206688e+00 3.154238e-01 1.209219e+00 -8.089517e-03
<VARIANCE> 25
 9.144927e+00 1.696827e+01 2.394427e+01 3.974628e+01 3.661767e+01 3.094367e+01 4.418274e+01 3.779945e+01 4.101877e+01 3.986624e+01 4.176218e+01 2.819387e+01 3.091889e-01 8.642146e-01 9.500225e-01 1.969115e+00 1.594474e+00 2.011198e+00 1.921738e+00 2.047468e+00 2.441230e+00 1.981548e+00 2.233078e+00 1.458381e+00 5.971343e-04
<GCONST> 8.394910e+01
<MIXTURE> 8 1.165917e-02
<MEAN> 25
 -4.712058e+00 1.353903e+00 1.284843e+00 9.538197e+00 6.564851e+00 6.249560e+00 6.467321e+00 5.670992e+00 6.655984e+00 5.609638e+00 6.558717e+00 3.144774e+00 -6.324633e-01 -1.423896e+00 -1.079406e+00 -1.729918e+00 -2.258933e-01 -9.417220e-01 -1.766068e-01 -2.956228e-01 -2.563887e-01 -1.687981e-01 -2.145206e-01 8.376492e-02 9.887518e-02
<VARIANCE> 25
 9.434856e+00 9.853900e+00 1.161155e+01 1.617389e+01 1.664345e+01 1.569042e+01 1.815296e+01 1.757264e+01 1.700871e+01 1.752898e+01 1.890549e+01 1.399642e+01 2.754302e+00 2.811185e+00 3.941772e+00 3.753848e+00 3.463742e+00 3.313354e+00 3.123540e+00 3.088345e+00 2.873669e+00 2.662015e+00 2.429894e+00 1.900752e+00 6.670173e-03
<GCONST> 8.632343e+01
<MIXTURE> 9 1.199672e-02
<MEAN> 25
 8.798529e+00 3.231071e+00 -5.782363e+00 -9.569155e+00 -1.842597e+00 4.319087e+00 -1.779310e+00 -2.200541e+00 -6.186919e+00 1.286886e-02 7.436693e-01 1.457901e-01 1.387799e+00 -1.024638e-02 -7.146584e-01 -2.320498e+00 -1.605273e+00 8.679522e-01 -1.035621e+00 -3.058920e-01 -3.025196e-01 -1.882891e-01 6.540115e-01 -8.869214e-02 6.887016e-02
<VARIANCE> 25
 1.260521e+01 1.872523e+01 3.099903e+01 5.337473e+01 4.958718e+01 3.283517e+01 4.227448e+01 4.631444e+01 4.067482e+01 4.942477e+01 3.244128e+01 2.406306e+01 1.869348e+00 2.204109e+00 4.381605e+00 5.030370e+00 4.381463e+00 3.696894e+00 3.822987e+00 5.325861e+00 4.872503e+00 4.444527e+00 3.629211e+00 2.543680e+00 2.061747e-03
<GCONST> 9.748426e+01
<MIXTURE> 10 6.596976e-03
<MEAN> 25
 8.256541e-01 7.596078e+00 5.354453e+00 7.100009e+00 1.596090e+00 -2.150514e+00 -5.095478e-01 -1.689245e+00 8.502668e-01 8.543622e-01 8.321134e-01 6.989205e-01 -1.911866e+00 -6.737393e-01 -4.553064e-01 2.992309e+00 2.457970e+00 2.714343e+00 2.356877e+00 2.251346e+00 1.859320e+00 1.529561e+00 2.322954e+00 5.149802e-01 -1.374642e-01
<VARIANCE> 25
 1.937674e+01 2.071151e+01 2.223193e+01 2.917512e+01 3.821691e+01 3.495955e+01 3.514172e+01 3.364595e+01 2.748963e+01 2.889578e+01 2.678046e+01 2.506280e+01 2.237257e+00 3.401730e+00 5.495835e+00 5.277657e+00 5.512333e+00 4.441643e+00 4.702192e+00 4.887770e+00 4.360458e+00 5.017102e+00 4.428896e+00 3.190679e+00 2.725834e-03
<GCONST> 9.743446e+01
<MIXTURE> 11 1.633820e-02
<MEAN> 25
 5.858510e+00 2.838893e+00 2.851567e+00 4.251253e+00 -2.527356e+00 -2.682562e+00 -1.446900e+00 -5.445543e+00 -4.640019e+00 8.569824e-01 -8.238372e-01 -6.525459e-01 -2.873289e-01 2.977997e-01 3.413284e-01 -1.128502e-02 5.838312e-01 -9.447102e-02 3.416418e-01 -1.293063e-01 -1.475230e-02 -8.810907e-02 -1.664064e-01 3.762900e-01 -1.206830e-02
<VARIANCE> 25
 8.587380e+00 1.526451e+01 1.574491e+01 1.661652e+01 3.018832e+01 2.974700e+01 4.252900e+01 3.038918e+01 3.822816e+01 2.432453e+01 2.320711e+01 1.966381e+01 9.098898e-01 9.488167e-01 1.961862e+00 2.147059e+00 2.117876e+00 2.431825e+00 2.230924e+00 2.550792e+00 2.080424e+00 1.857338e+00 1.821346e+00 1.266362e+00 9.506819e-04
<GCONST> 8.321043e+01
<MIXTURE> 12 5.904134e-03
<MEAN> 25
 1.076000e+01 3.741563e+00 -4.504137e+00 -1.598149e+01 -8.686898e+00 8.635971e+00 -8.946395e-01 -1.921589e+00 -1.727728e+00 -4.875664e+00 1.774143e+00 7.153524e-01 6.780647e-02 2.934787e-01 7.906124e-02 -3.680575e-01 -3.105481e-01 2.974177e-02 3.061563e-01 4.470343e-01 1.420770e-01 -3.846755e-01 -3.855442e-01 5.320372e-02 -6.294870e-03
<VARIANCE> 25
 8.911329e+00 2.099261e+01 2.334957e+01 3.516816e+01 4.212449e+01 3.099777e+01 4.178279e+01 4.894310e+01 4.407351e+01 3.755648e+01 3.796964e+01 2.890606e+01 2.467211e-01 6.882843e-01 6.866966e-01 1.169162e+00 1.185821e+00 1.053437e+00 1.171323e+00 1.386572e+00 1.241335e+00 1.222120e+00 1.221408e+00 9.567620e-01 5.785595e-04
<GCONST> 7.893181e+01
<MIXTURE> 13 5.904134e-03
<MEAN> 25
 1.076000e+01 3.741563e+00 -4.504137e+00 -1.598149e+01 -8.686898e+00 8.635971e+00 -8.946395e-01 -1.921589e+00 -1.727728e+00 -4.875664e+00 1.774143e+00 7.153524e-01 6.780647e-02 2.934787e-01 7.906124e-02 -3.680575e-01 -3.105481e-01 2.974177e-02 3.061563e-01 4.470343e-01 1.420770e-01 -3.846755e-01 -3.855442e-01 5.320372e-02 -6.294870e-03
<VARIANCE> 25
 8.911329e+00 2.099261e+01 2.334957e+01 3.516816e+01 4.212449e+01 3.099777e+01 4.178279e+01 4.894310e+01 4.407351e+01 3.755648e+01 3.796964e+01 2.890606e+01 2.467211e-01 6.882843e-01 6.866966e-01 1.169162e+00 1.185821e+00 1.053437e+00 1.171323e+00 1.386572e+00 1.241335e+00 1.222120e+00 1.221408e+00 9.567620e-01 5.785595e-04
<GCONST> 7.893181e+01
<MIXTURE> 14 6.488954e-03
<MEAN> 25
 -4.294171e+00 -3.875763e-01 -3.198712e-01 8.862817e+00 7.496189e+00 7.370769e+00 7.818764e+00 7.304492e+00 7.244605e+00 5.194330e+00 6.842922e+00 4.077555e+00 -2.732594e-01 1.929342e-01 3.612556e-01 3.047324e-01 6.372971e-03 6.384712e-02 9.543046e-02 1.751748e-01 2.943128e-01 5.411494e-01 5.063901e-01 7.283805e-02 -9.338597e-03
<VARIANCE> 25
 9.351576e+00 1.382629e+01 1.859946e+01 1.816344e+01 2.090279e+01 1.957101e+01 2.148263e+01 2.062249e+01 2.006878e+01 2.405450e+01 2.142985e+01 1.602033e+01 9.584427e-01 1.634930e+00 1.773846e+00 1.935003e+00 2.242634e+00 2.253271e+00 2.257472e+00 2.238008e+00 2.279554e+00 2.514408e+00 2.192669e+00 1.809090e+00 1.028361e-03
<GCONST> 8.192373e+01
<MIXTURE> 15 2.475190e-03
<MEAN> 25
 -5.232287e+00 -6.575856e-01 -1.047458e-01 7.003470e+00 5.517465e+00 5.822598e+00 6.164045e+00 4.906509e+00 5.134125e+00 3.993669e+00 5.493136e+00 2.408175e+00 -1.259219e-01 -1.060021e-02 1.030199e-01 2.484531e-01 5.007997e-01 8.120471e-01 1.075439e+00 1.154903e+00 1.064087e+00 8.039199e-01 4.218521e-01 1.260722e-01 1.960399e-04
<VARIANCE> 25
 7.450991e+00 5.469048e+00 9.046734e+00 1.497397e+01 1.435121e+01 1.438671e+01 1.451916e+01 1.442323e+01 1.376719e+01 1.415743e+01 1.445640e+01 1.233422e+01 1.201542e-01 2.066842e-01 3.290569e-01 4.836995e-01 6.847256e-01 7.735551e-01 7.332007e-01 7.731709e-01 8.730665e-01 1.060226e+00 1.026343e+00 1.018793e+00 2.944953e-05
<GCONST> 5.849166e+01
<MIXTURE> 16 2.475190e-03
<MEAN> 25
 -5.232287e+00 -6.575856e-01 -1.047458e-01 7.003470e+00 5.517465e+00 5.822598e+00 6.164045e+00 4.906509e+00 5.134125e+00 3.993669e+00 5.493136e+00 2.408175e+00 -1.259219e-01 -1.060021e-02 1.030199e-01 2.484531e-01 5.007997e-01 8.120471e-01 1.075439e+00 1.154903e+00 1.064087e+00 8.039199e-01 4.218521e-01 1.260722e-01 1.960399e-04
<VARIANCE> 25
 7.450991e+00 5.469048e+00 9.046734e+00 1.497397e+01 1.435121e+01 1.438671e+01 1.451916e+01 1.442323e+01 1.376719e+01 1.415743e+01 1.445640e+01 1.233422e+01 1.201542e-01 2.066842e-01 3.290569e-01 4.836995e-01 6.847256e-01 7.735551e-01 7.332007e-01 7.731709e-01 8.730665e-01 1.060226e+00 1.026343e+00 1.018793e+00 2.944953e-05
<GCONST> 5.849166e+01
<MIXTURE> 17 9.518312e-03
<MEAN> 25
 3.450495e+00 -3.798693e-01 5.923949e+00 2.495240e+00 -5.786233e+00 -5.473056e+00 -3.780799e+00 -4.564640e-01 -2.649647e+00 -3.168429e+00 -3.865069e-01 4.988087e-01 -6.556332e-01 -9.675215e-01 1.221732e+00 -1.837484e+00 -2.358486e+00 -1.806811e-01 -6.102978e-02 7.999112e-01 -5.944018e-01 -8.444415e-02 7.894253e-01 3.039570e-01 7.655954e-02
<VARIANCE> 25
 1.521350e+01 2.901830e+01 2.803912e+01 3.413308e+01 4.191820e+01 5.219571e+01 4.724086e+01 3.343861e+01 3.495181e+01 2.565786e+01 2.576176e+01 2.634107e+01 1.740529e+00 2.597140e+00 3.724468e+00 3.125928e+00 3.960703e+00 4.787612e+00 5.163271e+00 5.295856e+00 4.546990e+00 3.639955e+00 2.919738e+00 2.474174e+00 2.082178e-03
<GCONST> 9.609914e+01
<MIXTURE> 18 1.221018e-02
<MEAN> 25
 3.427797e+00 4.066257e+00 6.288789e+00 4.418893e+00 -4.558936e+00 -8.062923e+00 -2.162424e+00 -9.428495e-01 -3.265678e+00 -2.274344e+00 -1.163395e+00 1.342204e+00 -8.167025e-01 1.836632e+00 2.538927e-02 1.542849e+00 2.963964e+00 1.617436e+00 9.518127e-01 -4.374936e-01 8.888468e-01 3.489912e-01 -1.463415e-01 3.005276e-02 -1.105223e-01
<VARIANCE> 25
 1.464790e+01 2.313676e+01 2.939342e+01 2.330210e+01 3.778367e+01 3.244127e+01 4.184405e+01 3.246283e+01 3.457020e+01 3.262603e+01 2.885359e+01 2.928901e+01 2.277785e+00 3.088864e+00 4.643413e+00 4.670846e+00 3.556643e+00 4.106508e+00 4.381824e+00 4.108578e+00 4.311388e+00 3.915681e+00 4.088672e+00 3.461153e+00 4.169659e-03
<GCONST> 9.699073e+01
<MIXTURE> 19 9.912824e-03
<MEAN> 25
 -8.611616e+00 2.275038e+00 3.898368e-02 5.355974e-01 2.975736e+00 2.132928e+00 2.290665e+00 5.615993e-01 2.385275e+00 3.923154e-01 1.174394e+00 1.615459e+00 1.967431e+00 1.467951e+00 2.033702e+00 7.613453e-01 -1.128462e+00 -1.058304e+00 -1.212690e+00 -1.477792e+00 -1.670148e+00 -8.388769e-01 -6.109830e-01 -5.137175e-01 6.555406e-03
<VARIANCE> 25
 6.304135e+01 2.820971e+01 4.138457e+01 4.878736e+01 3.093591e+01 3.072264e+01 3.061901e+01 2.571507e+01 2.488968e+01 2.504757e+01 2.482632e+01 1.889282e+01 2.220933e+00 2.128784e+00 1.828587e+00 2.198994e+00 2.329343e+00 1.797091e+00 2.097267e+00 2.050883e+00 1.851740e+00 1.961152e+00 2.150261e+00 1.821278e+00 2.628331e-03
<GCONST> 8.970138e+01
<MIXTURE> 20 6.308331e-03
<MEAN> 25
 -1.389939e+01 8.201061e+00 1.631953e-01 5.637362e+00 4.893029e+00 1.208545e+00 5.040775e+00 5.933468e-01 9.450256e-01 7.690790e-01 2.267679e+00 -3.127315e-01 -3.207228e+00 -7.278357e-01 -1.487976e+00 2.682335e-01 1.441612e+00 1.999090e+00 1.877194e+00 2.199097e+00 2.142289e+00 1.825693e+00 1.491419e+00 9.663002e-01 4.670483e-02
<VARIANCE> 25
 1.903873e+01 2.901176e+01 3.511795e+01 3.718704e+01 2.883035e+01 2.795985e+01 2.838668e+01 3.007164e+01 2.574642e+01 2.630216e+01 2.438224e+01 1.946246e+01 2.051343e+00 2.228598e+00 1.856840e+00 2.419782e+00 2.596468e+00 2.192576e+00 2.242436e+00 2.543073e+00 2.086795e+00 2.927435e+00 2.503350e+00 1.761081e+00 1.766405e-03
<GCONST> 8.901486e+01
<MIXTURE> 21 7.928653e-03
<MEAN> 25
 3.579220e+00 -3.449791e+00 5.477819e+00 -3.229430e-01 -8.750518e+00 -7.598937e+00 -3.306406e+00 4.383768e+00 -3.403098e+00 -3.005790e+00 -3.511622e-01 8.015870e-01 -7.226838e-01 1.111787e+00 2.281206e+00 -6.040327e-02 -1.226757e+00 4.286958e-01 9.311548e-01 -1.480347e+00 -1.788794e+00 2.571960e-01 9.598733e-01 3.407070e-01 -9.436415e-03
<VARIANCE> 25
 8.335493e+00 1.848296e+01 2.157385e+01 2.452882e+01 3.166302e+01 2.910830e+01 4.820962e+01 4.029100e+01 5.229921e+01 2.742186e+01 3.772625e+01 2.110321e+01 3.918628e-01 8.349935e-01 1.867577e+00 9.884102e-01 2.377819e+00 1.747691e+00 3.184123e+00 2.326260e+00 2.128002e+00 2.376781e+00 1.931861e+00 1.815206e+00 4.026029e-04
<GCONST> 8.358237e+01
<MIXTURE> 22 8.827789e-03
<MEAN> 25
 -1.715496e+01 8.230111e+00 -4.587395e+00 6.611581e+00 4.947031e+00 1.697060e+00 7.902397e+00 1.399958e+00 5.475048e+00 3.535858e+00 5.372950e+00 1.082040e+00 -2.809441e-01 -2.763081e-01 -8.900996e-02 -1.316074e-01 -9.339570e-02 8.597334e-02 2.176785e-01 3.096118e-01 3.751729e-01 2.354403e-01 1.561291e-01 1.938954e-01 6.739741e-03
<VARIANCE> 25
 1.107175e+01 2.171495e+01 1.729084e+01 2.530163e+01 2.100646e+01 2.518554e+01 1.856204e+01 1.750467e+01 1.581232e+01 1.962115e+01 1.960388e+01 1.263089e+01 1.018101e+00 1.250850e+00 1.202251e+00 1.456186e+00 1.264929e+00 1.369961e+00 1.367484e+00 1.882722e+00 1.662297e+00 1.470511e+00 1.201961e+00 1.106764e+00 1.535255e-03
<GCONST> 7.781174e+01
<MIXTURE> 23 6.455497e-03
<MEAN> 25
 7.440448e+00 1.702961e+00 2.587458e+00 2.172374e+00 -4.292671e+00 -3.019322e+00 -2.580247e+00 -5.704139e+00 -4.244509e+00 -2.370562e-01 -3.501733e+00 -2.196667e+00 6.015969e-03 1.520477e-01 -2.272964e-02 -2.449273e-02 4.858267e-02 1.153961e-01 8.762887e-02 1.230852e-02 9.379361e-02 3.615190e-03 -1.437711e-01 -4.865519e-02 -4.908979e-03
<VARIANCE> 25
 1.015224e+01 2.176448e+01 2.557650e+01 3.514604e+01 3.299558e+01 4.433952e+01 6.284885e+01 4.915873e+01 5.000705e+01 4.505881e+01 4.103983e+01 3.471047e+01 1.108357e-01 3.408001e-01 3.449008e-01 5.346264e-01 5.660284e-01 7.695615e-01 8.791135e-01 9.327710e-01 1.047245e+00 8.427970e-01 9.916675e-01 8.268477e-01 8.113931e-05
<GCONST> 7.271280e+01
<MIXTURE> 24 6.455497e-03
<MEAN> 25
 7.440448e+00 1.702961e+00 2.587458e+00 2.172374e+00 -4.292671e+00 -3.019322e+00 -2.580247e+00 -5.704139e+00 -4.244509e+00 -2.370562e-01 -3.501733e+00 -2.196667e+00 6.015969e-03 1.520477e-01 -2.272964e-02 -2.449273e-02 4.858267e-02 1.153961e-01 8.762887e-02 1.230852e-02 9.379361e-02 3.615190e-03 -1.437711e-01 -4.865519e-02 -4.908979e-03
<VARIANCE> 25
 1.015224e+01 2.176448e+01 2.557650e+01 3.514604e+01 3.299558e+01 4.433952e+01 6.284885e+01 4.915873e+01 5.000705e+01 4.505881e+01 4.103983e+01 3.471047e+01 1.108357e-01 3.408001e-01 3.449008e-01 5.346264e-01 5.660284e-01 7.695615e-01 8.791135e-01 9.327710e-01 1.047245e+00 8.427970e-01 9.916675e-01 8.268477e-01 8.113931e-05
<GCONST> 7.271280e+01
<MIXTURE> 25 1.118642e-02
<MEAN> 25
 1.525656e-01 3.425687e+00 1.394318e+01 -7.438154e-01 -9.864501e+00 -2.295838e-01 -5.457725e+00 -3.506014e+00 -6.934342e+00 -3.679050e+00 3.116936e+00 -5.029481e-01 -4.570794e-02 2.869347e-01 1.186498e-01 8.339842e-02 1.922753e-01 -1.601243e-01 4.320928e-01 -2.419730e-02 -3.898024e-01 3.910005e-01 -1.075632e-01 -1.635285e-01 -7.913538e-03
<VARIANCE> 25
 5.873205e+00 1.675908e+01 2.276715e+01 2.334976e+01 3.703095e+01 3.472411e+01 2.741405e+01 2.244186e+01 2.003124e+01 2.776861e+01 1.693705e+01 2.296045e+01 6.987049e-01 1.332421e+00 1.290806e+00 1.422831e+00 2.642224e+00 2.480285e+00 1.919725e+00 1.332764e+00 1.644610e+00 1.669894e+00 1.051527e+00 1.166434e+00 1.077142e-03
<GCONST> 8.041465e+01
<MIXTURE> 26 7.727677e-03
<MEAN> 25
 2.362276e+00 -5.946749e+00 -9.772490e+00 -7.065688e-01 7.654193e+00 5.510892e+00 3.997027e+00 -6.602269e-01 1.927274e+00 -4.821550e-01 -2.828545e+00 -1.237154e+00 -6.368911e-01 5.888782e-01 4.184862e-01 7.177424e-01 1.417253e-01 2.708169e-01 2.613420e-01 3.772764e-01 3.651128e-01 -6.558616e-02 4.259893e-01 3.325246e-01 -5.091640e-02
<VARIANCE> 25
 2.327603e+01 3.301202e+01 2.696416e+01 5.731821e+01 3.673812e+01 4.174693e+01 4.255873e+01 4.247779e+01 3.835518e+01 5.368196e+01 3.671709e+01 4.405085e+01 1.529611e+00 1.866854e+00 1.887582e+00 2.041181e+00 2.156221e+00 2.268507e+00 2.445916e+00 2.654656e+00 2.317580e+00 2.523548e+00 2.040386e+00 2.009254e+00 3.087227e-03
<GCONST> 9.304113e+01
<MIXTURE> 27 7.727677e-03
<MEAN> 25
 2.362276e+00 -5.946749e+00 -9.772490e+00 -7.065688e-01 7.654193e+00 5.510892e+00 3.997027e+00 -6.602269e-01 1.927274e+00 -4.821550e-01 -2.828545e+00 -1.237154e+00 -6.368911e-01 5.888782e-01 4.184862e-01 7.177424e-01 1.417253e-01 2.708169e-01 2.613420e-01 3.772764e-01 3.651128e-01 -6.558616e-02 4.259893e-01 3.325246e-01 -5.091640e-02
<VARIANCE> 25
 2.327603e+01 3.301202e+01 2.696416e+01 5.731821e+01 3.673812e+01 4.174693e+01 4.255873e+01 4.247779e+01 3.835518e+01 5.368196e+01 3.671709e+01 4.405085e+01 1.529611e+00 1.866854e+00 1.887582e+00 2.041181e+00 2.156221e+00 2.268507e+00 2.445916e+00 2.654656e+00 2.317580e+00 2.523548e+00 2.040386e+00 2.009254e+00 3.087227e-03
<GCONST> 9.304113e+01
<MIXTURE> 28 5.036674e-03
<MEAN> 25
 -5.240219e+00 -5.441283e-02 -1.584012e+00 6.522903e+00 5.179440e+00 3.701530e+00 5.389802e+00 3.125040e+00 3.997871e+00 2.111578e+00 2.637306e+00 3.169884e+00 -1.168130e-01 2.460299e-01 5.063010e-01 7.905154e-01 8.238390e-01 7.109515e-01 4.670683e-01 3.897890e-01 4.014915e-01 4.615707e-01 3.679250e-01 2.108636e-01 -1.457940e-05
<VARIANCE> 25
 1.140259e+01 8.230725e+00 1.180860e+01 1.475777e+01 1.438654e+01 1.842285e+01 1.759406e+01 1.848688e+01 1.683201e+01 1.878444e+01 2.010295e+01 1.472143e+01 2.495980e-01 3.479572e-01 4.271001e-01 4.540410e-01 6.082746e-01 8.650777e-01 1.145299e+00 1.111789e+00 1.139822e+00 1.013323e+00 1.013417e+00 1.050648e+00 9.783005e-07
<GCONST> 6.034532e+01
<MIXTURE> 29 5.036674e-03
<MEAN> 25
 -5.240219e+00 -5.441283e-02 -1.584012e+00 6.522903e+00 5.179440e+00 3.701530e+00 5.389802e+00 3.125040e+00 3.997871e+00 2.111578e+00 2.637306e+00 3.169884e+00 -1.168130e-01 2.460299e-01 5.063010e-01 7.905154e-01 8.238390e-01 7.109515e-01 4.670683e-01 3.897890e-01 4.014915e-01 4.615707e-01 3.679250e-01 2.108636e-01 -1.457940e-05
<VARIANCE> 25
 1.140259e+01 8.230725e+00 1.180860e+01 1.475777e+01 1.438654e+01 1.842285e+01 1.759406e+01 1.848688e+01 1.683201e+01 1.878444e+01 2.010295e+01 1.472143e+01 2.495980e-01 3.479572e-01 4.271001e-01 4.540410e-01 6.082746e-01 8.650777e-01 1.145299e+00 1.111789e+00 1.139822e+00 1.013323e+00 1.013417e+00 1.050648e+00 9.783005e-07
<GCONST> 6.034532e+01
<MIXTURE> 30 8.917812e-03
<MEAN> 25
 -4.437659e+00 -2.313268e-01 5.836749e-01 8.956506e+00 7.728180e+00 7.517592e+00 7.597960e+00 6.846353e+00 6.583919e+00 4.828736e+00 6.990437e+00 3.446636e+00 -2.422367e-02 2.628548e-02 4.435308e-02 8.012336e-02 9.214984e-02 5.308353e-02 4.440746e-03 -7.373192e-03 1.260103e-02 7.728524e-02 6.732114e-02 1.679641e-02 -5.857408e-04
<VARIANCE> 25
 7.093022e+00 9.811795e+00 1.066907e+01 1.469026e+01 1.569697e+01 1.625060e+01 1.893341e+01 1.799945e+01 1.624462e+01 1.846698e+01 2.098782e+01 1.436258e+01 9.630796e-02 1.994547e-01 3.330693e-01 4.823656e-01 6.208842e-01 7.227611e-01 7.742103e-01 8.067645e-01 8.684564e-01 1.013339e+00 9.122652e-01 8.784640e-01 5.091936e-05
<GCONST> 6.074213e+01
<MIXTURE> 31 4.136493e-03
<MEAN> 25
 -2.786590e+00 -5.039079e+00 -2.629028e-01 3.554460e+00 2.917102e+00 2.237587e+00 4.982226e+00 5.517489e+00 3.578763e+00 -1.093872e-01 5.196671e+00 1.988351e+00 3.190359e-01 4.633583e-01 -3.103177e-01 2.080073e-01 3.633896e-02 5.459734e-01 1.647964e-01 2.246480e-02 2.516142e-01 2.941201e-01 3.521128e-01 1.137717e-01 -1.885255e-02
<VARIANCE> 25
 7.167507e+00 1.240158e+01 1.446669e+01 1.805247e+01 2.124653e+01 2.229731e+01 1.966976e+01 2.168560e+01 2.307532e+01 2.599187e+01 2.277081e+01 1.756464e+01 2.080115e-01 4.301761e-01 6.612316e-01 7.451552e-01 1.117513e+00 1.113340e+00 1.168646e+00 1.247239e+00 1.277689e+00 1.312804e+00 1.348027e+00 9.117219e-01 2.527558e-04
<GCONST> 7.051781e+01
<MIXTURE> 32 4.136493e-03
<MEAN> 25
 -2.786590e+00 -5.039079e+00 -2.629028e-01 3.554460e+00 2.917102e+00 2.237587e+00 4.982226e+00 5.517489e+00 3.578763e+00 -1.093872e-01 5.196671e+00 1.988351e+00 3.190359e-01 4.633583e-01 -3.103177e-01 2.080073e-01 3.633896e-02 5.459734e-01 1.647964e-01 2.246480e-02 2.516142e-01 2.941201e-01 3.521128e-01 1.137717e-01 -1.885255e-02
<VARIANCE> 25
 7.167507e+00 1.240158e+01 1.446669e+01 1.805247e+01 2.124653e+01 2.229731e+01 1.966976e+01 2.168560e+01 2.307532e+01 2.599187e+01 2.277081e+01 1.756464e+01 2.080115e-01 4.301761e-01 6.612316e-01 7.451552e-01 1.117513e+00 1.113340e+00 1.168646e+00 1.247239e+00 1.277689e+00 1.312804e+00 1.348027e+00 9.117219e-01 2.527558e-04
<GCONST> 7.051781e+01
<MIXTURE> 33 1.508826e-02
<MEAN> 25
 5.664926e+00 -3.480868e+00 -1.934786e+00 -2.256674e+00 -1.826290e+00 -4.854627e+00 -6.959383e+00 2.360074e+00 2.112691e+00 2.072140e-01 -4.104853e+00 -2.709578e+00 7.894824e-01 -9.609768e-01 -2.324834e+00 -1.594755e+00 1.235091e+00 1.028101e+00 -6.746452e-01 9.884604e-01 7.459241e-01 8.374159e-01 -2.890209e-01 -1.519942e+00 2.975264e-02
<VARIANCE> 25
 1.083504e+01 1.785975e+01 2.453944e+01 3.101563e+01 3.607530e+01 3.716443e+01 4.243520e+01 4.251278e+01 3.824690e+01 3.740500e+01 3.006668e+01 2.526401e+01 1.240477e+00 1.720928e+00 2.006936e+00 2.031985e+00 3.914257e+00 3.538530e+00 3.814858e+00 5.430838e+00 4.120268e+00 4.295280e+00 2.852683e+00 3.709608e+00 1.452849e-03
<GCONST> 9.296616e+01
<MIXTURE> 34 1.588179e-02
<MEAN> 25
 8.437628e+00 -5.731657e-01 -1.811873e-01 1.974557e+00 -2.949931e+00 -2.529562e+00 -5.613466e+00 -4.346576e+00 -2.809327e+00 5.305300e-01 -1.361778e+00 -3.683563e+00 7.234348e-02 1.101939e+00 1.544719e+00 2.133588e+00 8.505353e-02 1.385637e-01 1.042049e+00 -2.068515e+00 -1.082279e+00 -5.311200e-02 -1.211475e-01 3.077847e-01 -5.674452e-02
<VARIANCE> 25
 7.775847e+00 2.802137e+01 2.656208e+01 4.500927e+01 3.866890e+01 4.755433e+01 5.348433e+01 5.157786e+01 5.216030e+01 3.788724e+01 4.961258e+01 2.905642e+01 1.187436e+00 1.934388e+00 3.726711e+00 3.713927e+00 4.896007e+00 5.391018e+00 5.122236e+00 6.623310e+00 5.212317e+00 4.634171e+00 5.287644e+00 3.431821e+00 1.130131e-03
<GCONST> 9.827313e+01
<MIXTURE> 35 1.467755e-02
<MEAN> 25
 -2.044343e+00 -4.728496e+00 -1.086023e+01 -5.056605e-01 9.486359e+00 1.273060e+00 2.305676e+00 4.737638e-01 1.214605e+00 4.429131e+00 1.960760e-02 1.833240e+00 2.972348e-01 -8.775238e-01 -1.653838e+00 -1.280396e+00 5.864351e-01 -7.942318e-01 -8.300577e-01 -4.708558e-01 -5.268468e-01 8.210582e-01 -6.760584e-01 -2.798551e-01 1.029780e-01
<VARIANCE> 25
 1.675302e+01 2.465833e+01 6.366076e+01 4.928699e+01 3.350027e+01 4.538461e+01 4.229657e+01 4.333307e+01 4.103280e+01 3.263021e+01 3.112179e+01 2.669755e+01 3.137814e+00 2.819549e+00 6.702706e+00 4.861527e+00 4.708272e+00 4.569264e+00 4.060596e+00 4.379959e+00 4.238793e+00 4.647741e+00 3.184097e+00 3.172596e+00 4.444344e-03
<GCONST> 1.002725e+02
<MIXTURE> 36 1.093293e-02
<MEAN> 25
 4.016432e+00 -2.342328e+00 5.567992e+00 2.480749e+00 -8.120003e+00 -7.988751e+00 -6.093231e+00 3.582662e+00 -2.480721e+00 -2.789615e+00 1.082620e+00 8.233072e-01 2.130977e-01 1.067788e-01 -6.735737e-01 -7.882639e-02 1.099828e+00 8.800396e-02 -2.606412e-01 -2.827328e-02 2.117402e-01 5.021803e-01 -1.469042e-01 -3.085899e-01 -1.437535e-02
<VARIANCE> 25
 8.509124e+00 1.450338e+01 1.921556e+01 2.164968e+01 3.234032e+01 2.685995e+01 4.213173e+01 3.277801e+01 3.943686e+01 3.310152e+01 2.372322e+01 2.039405e+01 4.575699e-01 5.599782e-01 1.564331e+00 1.157457e+00 2.292689e+00 1.773735e+00 2.164321e+00 2.318822e+00 2.275054e+00 1.431204e+00 1.435707e+00 1.358899e+00 6.545978e-04
<GCONST> 8.091199e+01
<MIXTURE> 37 1.246826e-02
<MEAN> 25
 5.707774e-01 7.600940e+00 1.188148e+01 -5.529098e+00 -7.992692e+00 -9.456863e-01 -5.069218e+00 -8.091295e+00 -3.927468e+00 -5.157942e-01 -3.562893e+00 -1.086245e+00 2.103684e-01 6.697190e-01 -1.347336e+00 3.414298e+00 1.996973e+00 -4.053636e-01 1.218953e+00 4.136835e-01 5.358394e-01 -2.694029e-01 4.965453e-01 -1.087383e-01 -9.093285e-02
<VARIANCE> 25
 1.507023e+01 2.504682e+01 2.962792e+01 4.867747e+01 3.237931e+01 3.072715e+01 4.222525e+01 3.453961e+01 3.727355e+01 3.668850e+01 3.611629e+01 3.000932e+01 2.868000e+00 3.308850e+00 2.858993e+00 4.343657e+00 4.399214e+00 3.838137e+00 4.275026e+00 3.676923e+00 3.332009e+00 3.613180e+00 3.701442e+00 2.641139e+00 3.942343e-03
<GCONST> 9.713391e+01
<MIXTURE> 38 1.154525e-02
<MEAN> 25
 -4.637522e+00 9.145539e+00 3.207796e+00 2.630365e+00 1.047186e+00 -4.719985e+00 -9.696404e-01 -3.820205e+00 -2.515337e+00 -1.784371e+00 -8.072343e-01 -3.084794e-01 -4.328351e+00 1.700504e+00 -4.683477e-01 1.143013e+00 2.054402e+00 1.353610e+00 1.865601e+00 4.471501e-01 1.069092e+00 8.172070e-02 1.262872e+00 2.728129e-01 4.923847e-02
<VARIANCE> 25
 2.561707e+01 2.692580e+01 4.657645e+01 2.720091e+01 4.504158e+01 3.246272e+01 3.275618e+01 4.617590e+01 2.808747e+01 3.724310e+01 2.269475e+01 2.661265e+01 1.859630e+00 3.692130e+00 2.990072e+00 4.611812e+00 3.708750e+00 3.806846e+00 3.790427e+00 5.031970e+00 4.791144e+00 4.221466e+00 3.815633e+00 2.676095e+00 1.670460e-03
<GCONST> 9.667521e+01
<MIXTURE> 39 9.501865e-03
<MEAN> 25
 1.026091e+00 2.774036e+00 9.669074e+00 -7.211383e+00 -1.021990e+01 -5.081823e-01 -3.640219e+00 -6.342477e+00 -4.134235e+00 4.643790e-01 -2.843231e+00 -1.445886e+00 -8.024243e-01 1.336965e+00 1.672808e+00 -1.426606e+00 2.624507e-01 1.248430e+00 -9.051381e-01 -1.178725e+00 4.008579e-01 4.420057e-01 -4.791408e-01 3.006797e-01 2.241231e-03
<VARIANCE> 25
 9.374085e+00 2.603294e+01 2.745592e+01 4.636394e+01 3.487761e+01 3.741624e+01 3.964257e+01 2.972907e+01 4.005622e+01 3.005157e+01 3.402453e+01 2.706720e+01 6.577540e-01 1.417336e+00 1.367113e+00 2.536793e+00 2.567034e+00 2.469378e+00 3.473605e+00 2.377937e+00 2.595906e+00 2.369192e+00 1.886578e+00 2.220250e+00 1.089111e-03
<GCONST> 8.831600e+01
<MIXTURE> 40 1.030800e-02
<MEAN> 25
 -8.351934e+00 1.909291e+00 -1.307533e+00 7.015165e+00 3.632538e+00 5.172267e+00 5.125356e+00 3.960662e+00 4.580127e+00 3.704781e+00 5.263666e+00 1.409696e+00 -1.054615e-01 -2.828285e-01 -5.241247e-02 -2.781426e-01 -1.228206e-01 -8.924277e-02 1.188982e-01 9.309711e-02 3.603885e-04 -3.702108e-02 6.309568e-02 2.653885e-05 1.862238e-03
<VARIANCE> 25
 4.561032e+01 2.507236e+01 2.742418e+01 3.195936e+01 2.403007e+01 1.944840e+01 1.872274e+01 1.692291e+01 1.621357e+01 1.979783e+01 1.902327e+01 1.409250e+01 7.000039e-01 7.188730e-01 8.437277e-01 1.097975e+00 1.064224e+00 1.212615e+00 1.341134e+00 1.246479e+00 1.200520e+00 1.288830e+00 1.120123e+00 1.005370e+00 8.090289e-04
<GCONST> 7.647422e+01
<MIXTURE> 41 6.713375e-03
<MEAN> 25
 1.138778e+00 1.834563e+00 1.042299e+01 -6.668266e+00 -1.019212e+01 -3.488251e+00 -2.753762e+00 -5.098885e+00 -4.556789e+00 2.438512e+00 -1.745690e+00 -6.759886e-01 8.898106e-02 -7.196338e-01 1.682448e+00 -3.411396e+00 -2.446416e+00 -9.132790e-02 -5.324334e-01 -3.469816e-01 -9.361671e-01 1.089304e+00 -1.026376e+00 7.766441e-02 8.411884e-02
<VARIANCE> 25
 1.199972e+01 2.858729e+01 3.193571e+01 4.022859e+01 3.841603e+01 4.103325e+01 3.721541e+01 2.882733e+01 3.192991e+01 2.879125e+01 3.064750e+01 2.730839e+01 3.050493e+00 3.207218e+00 3.694162e+00 4.027752e+00 4.712284e+00 5.632514e+00 4.528214e+00 4.470458e+00 4.020397e+00 4.049886e+00 3.674011e+00 3.086515e+00 2.888942e-03
<GCONST> 9.747610e+01
<MIXTURE> 42 1.106211e-02
<MEAN> 25
 -1.794772e+00 3.817871e+00 2.755380e+00 2.524361e+00 -1.176193e-01 -5.483930e+00 -1.529046e+00 -2.168292e+00 -1.348608e+00 -9.634356e-01 -1.497667e+00 6.624327e-01 3.754954e+00 -2.465386e-01 1.668137e+00 5.172082e-01 -3.005907e+00 -1.380334e+00 -2.447660e+00 -1.139094e-01 -1.344350e+00 -3.510674e-01 4.220138e-01 -1.075300e+00 6.320670e-03
<VARIANCE> 25
 2.820738e+01 2.116103e+01 4.782671e+01 2.579131e+01 3.479614e+01 3.387202e+01 3.944181e+01 2.093608e+01 2.515348e+01 2.434545e+01 1.599125e+01 1.763004e+01 3.318339e+00 4.211427e+00 5.527070e+00 3.755794e+00 4.190830e+00 4.390543e+00 4.102900e+00 5.022711e+00 4.556819e+00 3.996663e+00 3.329052e+00 3.216770e+00 3.652948e-03
<GCONST> 9.657286e+01
<MIXTURE> 43 7.108249e-03
<MEAN> 25
 3.069315e+00 -6.115029e+00 -2.030707e+00 -4.998535e+00 -7.143578e+00 -3.236258e+00 4.180534e+00 1.355975e+00 -5.024994e+00 -6.908179e+00 -4.364081e+00 -1.237487e+00 2.254318e-01 2.136052e+00 1.863675e+00 -1.289581e-01 -1.407818e+00 -7.536979e-01 -9.543101e-01 -7.923888e-01 8.033879e-01 1.447095e+00 3.881212e-01 2.990443e-02 -4.457799e-02
<VARIANCE> 25
 9.752568e+00 2.024571e+01 2.837068e+01 3.522615e+01 3.944860e+01 3.719001e+01 3.243429e+01 3.904235e+01 3.904786e+01 3.861049e+01 2.624745e+01 2.880287e+01 6.831304e-01 1.248095e+00 1.641827e+00 2.433174e+00 2.329238e+00 2.436534e+00 2.595234e+00 2.960531e+00 2.606439e+00 2.561856e+00 2.360738e+00 1.876508e+00 9.306128e-04
<GCONST> 8.792896e+01
<MIXTURE> 44 7.328289e-03
<MEAN> 25
 -1.495830e+01 2.031026e+00 2.340564e+00 -3.746070e+00 2.832941e+00 2.170273e+00 -2.502006e-01 2.159647e+00 2.368708e+00 -1.489919e+00 8.857034e-01 1.501095e+00 -1.897027e-01 1.180462e-02 1.258215e-01 3.711093e-01 -4.362607e-03 1.985759e-01 4.133013e-01 1.222374e-01 4.622303e-01 2.205355e-01 -6.825481e-02 -1.909403e-01 3.775652e-03
<VARIANCE> 25
 5.271780e+01 2.458311e+01 2.768548e+01 2.505906e+01 2.177140e+01 2.833426e+01 1.994555e+01 2.245004e+01 2.497960e+01 2.184477e+01 2.213772e+01 1.721168e+01 1.181624e+00 1.220864e+00 1.149896e+00 1.549042e+00 1.933960e+00 1.773840e+00 1.418076e+00 1.320153e+00 1.464947e+00 1.171832e+00 1.182217e+00 1.359501e+00 1.110116e-03
<GCONST> 8.144508e+01
<MIXTURE> 45 1.364932e-02
<MEAN> 25
 -1.213838e+01 3.703663e+00 -7.722977e-01 9.905427e-01 4.275674e+00 1.211378e-01 3.475599e+00 1.757887e+00 3.254666e+00 1.060162e+00 2.192477e+00 2.520657e+00 -3.006494e+00 4.704814e-01 -8.606887e-01 -7.632679e-01 1.815628e-01 -5.929772e-02 6.976935e-01 1.820517e-01 1.039162e-01 8.562361e-02 8.368509e-02 9.673274e-02 1.106729e-01
<VARIANCE> 25
 3.628655e+01 3.270059e+01 2.688102e+01 3.719746e+01 2.973714e+01 2.493188e+01 2.845493e+01 2.397588e+01 1.966099e+01 2.355958e+01 2.241235e+01 1.259414e+01 2.096273e+00 2.662986e+00 2.587401e+00 2.406103e+00 2.465564e+00 2.765321e+00 1.923645e+00 2.021209e+00 1.964720e+00 1.847583e+00 1.840841e+00 1.327525e+00 3.415623e-03
<GCONST> 8.817747e+01
<MIXTURE> 46 9.336259e-03
<MEAN> 25
 -9.380046e+00 2.330207e+00 1.195978e+00 7.481229e+00 5.958986e+00 3.276156e+00 7.035711e+00 4.453739e+00 5.659637e+00 4.705298e+00 4.984906e+00 2.903577e+00 1.045458e+00 -2.398150e-01 4.312615e-02 9.732782e-01 5.937479e-01 9.555331e-01 3.917921e-01 6.775737e-01 4.741572e-01 5.110726e-01 6.284730e-01 5.107373e-01 -1.049791e-01
<VARIANCE> 25
 3.467781e+01 4.365707e+01 3.830432e+01 5.017927e+01 5.061343e+01 4.090705e+01 3.694039e+01 3.524326e+01 3.315962e+01 3.097902e+01 2.827534e+01 2.014524e+01 3.904766e+00 4.109922e+00 3.853675e+00 4.187006e+00 4.152881e+00 3.698681e+00 3.373264e+00 3.100469e+00 2.966130e+00 2.857405e+00 2.321418e+00 1.792520e+00 7.921877e-03
<GCONST> 9.827793e+01
<MIXTURE> 47 7.116147e-03
<MEAN> 25
 7.095879e+00 -7.060013e+00 -7.580590e+00 -6.223176e+00 1.531675e+00 7.252750e-01 -2.240423e+00 1.262737e+00 2.886441e+00 4.407479e-01 -4.164600e+00 -6.525902e+00 -1.660836e-01 -1.216165e+00 -7.201068e-01 -3.964360e-01 5.876049e-01 7.872953e-01 8.462499e-01 3.012299e-01 1.658831e-01 -8.305141e-01 -4.759142e-01 -4.534329e-01 2.900837e-02
<VARIANCE> 25
 1.134683e+01 2.214678e+01 2.059474e+01 3.273401e+01 3.489799e+01 5.053543e+01 4.402238e+01 3.950239e+01 4.315572e+01 4.812151e+01 4.699981e+01 3.290248e+01 5.075366e-01 7.726127e-01 1.123609e+00 1.623554e+00 1.963244e+00 2.127562e+00 2.377076e+00 2.499053e+00 2.215883e+00 2.155684e+00 2.104918e+00 2.003310e+00 5.554744e-04
<GCONST> 8.628890e+01
<MIXTURE> 48 7.116147e-03
<MEAN> 25
 7.095879e+00 -7.060013e+00 -7.580590e+00 -6.223176e+00 1.531675e+00 7.252750e-01 -2.240423e+00 1.262737e+00 2.886441e+00 4.407479e-01 -4.164600e+00 -6.525902e+00 -1.660836e-01 -1.216165e+00 -7.201068e-01 -3.964360e-01 5.876049e-01 7.872953e-01 8.462499e-01 3.012299e-01 1.658831e-01 -8.305141e-01 -4.759142e-01 -4.534329e-01 2.900837e-02
<VARIANCE> 25
 1.134683e+01 2.214678e+01 2.059474e+01 3.273401e+01 3.489799e+01 5.053543e+01 4.402238e+01 3.950239e+01 4.315572e+01 4.812151e+01 4.699981e+01 3.290248e+01 5.075366e-01 7.726127e-01 1.123609e+00 1.623554e+00 1.963244e+00 2.127562e+00 2.377076e+00 2.499053e+00 2.215883e+00 2.155684e+00 2.104918e+00 2.003310e+00 5.554744e-04
<GCONST> 8.628890e+01
<MIXTURE> 49 5.548473e-03
<MEAN> 25
 -5.040577e+00 3.191197e-01 1.503679e-01 8.380206e+00 6.107506e+00 5.624794e+00 6.061363e+00 4.457499e+00 5.038042e+00 3.688813e+00 4.910284e+00 2.810803e+00 3.646291e-01 6.553395e-01 7.036754e-01 3.532660e-01 -1.974734e-01 -6.615904e-01 -1.007593e+00 -1.114779e+00 -9.452567e-01 -6.828785e-01 -4.932200e-01 -2.640241e-01 -1.443783e-05
<VARIANCE> 25
 9.745610e+00 1.007545e+01 1.420785e+01 1.632207e+01 1.598451e+01 1.700747e+01 1.931369e+01 1.938781e+01 1.809240e+01 1.798449e+01 2.050905e+01 1.447517e+01 2.787863e-01 2.617810e-01 3.575715e-01 6.069307e-01 8.689995e-01 1.005195e+00 9.884124e-01 1.062325e+00 1.142772e+00 1.212916e+00 1.272264e+00 1.210745e+00 1.447640e-05
<GCONST> 6.437296e+01
<MIXTURE> 50 6.234641e-03
<MEAN> 25
 -4.300860e+00 -1.352451e-01 -1.530009e+00 5.758169e+00 4.000589e+00 2.415110e+00 3.794269e+00 1.909552e+00 3.059565e+00 1.118121e+00 2.152597e+00 2.456965e+00 6.345738e-02 1.722433e-01 9.816131e-02 -1.544663e-01 -4.737873e-01 -6.611857e-01 -4.350750e-01 -2.288767e-02 4.443744e-01 7.244797e-01 6.900706e-01 4.887707e-01 -1.018038e-04
<VARIANCE> 25
 1.143173e+01 1.114893e+01 1.350366e+01 1.680755e+01 1.520150e+01 1.760263e+01 1.790762e+01 1.874991e+01 1.835686e+01 1.749102e+01 2.025492e+01 1.610467e+01 1.368175e-01 2.541469e-01 4.068604e-01 5.467408e-01 5.923563e-01 7.414077e-01 9.405033e-01 1.102778e+00 1.011136e+00 9.467531e-01 8.910639e-01 9.893422e-01 1.031452e-06
<GCONST> 5.958191e+01
<MIXTURE> 51 6.234641e-03
<MEAN> 25
 -4.300860e+00 -1.352451e-01 -1.530009e+00 5.758169e+00 4.000589e+00 2.415110e+00 3.794269e+00 1.909552e+00 3.059565e+00 1.118121e+00 2.152597e+00 2.456965e+00 6.345738e-02 1.722433e-01 9.816131e-02 -1.544663e-01 -4.737873e-01 -6.611857e-01 -4.350750e-01 -2.288767e-02 4.443744e-01 7.244797e-01 6.900706e-01 4.887707e-01 -1.018038e-04
<VARIANCE> 25
 1.143173e+01 1.114893e+01 1.350366e+01 1.680755e+01 1.520150e+01 1.760263e+01 1.790762e+01 1.874991e+01 1.835686e+01 1.749102e+01 2.025492e+01 1.610467e+01 1.368175e-01 2.541469e-01 4.068604e-01 5.467408e-01 5.923563e-01 7.414077e-01 9.405033e-01 1.102778e+00 1.011136e+00 9.467531e-01 8.910639e-01 9.893422e-01 1.031452e-06
<GCONST> 5.958191e+01
<MIXTURE> 52 6.367945e-03
<MEAN> 25
 1.001329e+01 2.100632e+00 -6.346677e+00 -1.350428e+01 -4.372944e+00 8.533538e+00 -2.568993e+00 -3.089157e+00 -4.798158e+00 -1.747383e+00 3.434237e+00 6.377820e-01 -4.048400e-01 -4.304206e-01 -1.346308e-01 1.138458e+00 1.275559e+00 -4.703563e-01 -7.264913e-01 -6.526434e-01 8.625061e-02 1.353781e+00 3.960528e-01 -5.393263e-01 -1.271844e-02
<VARIANCE> 25
 9.002653e+00 1.943545e+01 2.450245e+01 4.650910e+01 4.393033e+01 2.924516e+01 4.493540e+01 4.634702e+01 4.325197e+01 4.616183e+01 3.825834e+01 2.857160e+01 4.395938e-01 1.441595e+00 1.347187e+00 2.610922e+00 2.285544e+00 2.134533e+00 3.099765e+00 2.651750e+00 2.875760e+00 2.741769e+00 2.394875e+00 2.157066e+00 1.484187e-03
<GCONST> 8.923273e+01
<MIXTURE> 53 6.367945e-03
<MEAN> 25
 1.001329e+01 2.100632e+00 -6.346677e+00 -1.350428e+01 -4.372944e+00 8.533538e+00 -2.568993e+00 -3.089157e+00 -4.798158e+00 -1.747383e+00 3.434237e+00 6.377820e-01 -4.048400e-01 -4.304206e-01 -1.346308e-01 1.138458e+00 1.275559e+00 -4.703563e-01 -7.264913e-01 -6.526434e-01 8.625061e-02 1.353781e+00 3.960528e-01 -5.393263e-01 -1.271844e-02
<VARIANCE> 25
 9.002653e+00 1.943545e+01 2.450245e+01 4.650910e+01 4.393033e+01 2.924516e+01 4.493540e+01 4.634702e+01 4.325197e+01 4.616183e+01 3.825834e+01 2.857160e+01 4.395938e-01 1.441595e+00 1.347187e+00 2.610922e+00 2.285544e+00 2.134533e+00 3.099765e+00 2.651750e+00 2.875760e+00 2.741769e+00 2.394875e+00 2.157066e+00 1.484187e-03
<GCONST> 8.923273e+01
<MIXTURE> 54 7.368620e-03
<MEAN> 25
 -3.095435e+00 -7.229012e-02 -8.245249e-01 7.433541e+00 6.207223e+00 4.560546e+00 4.471587e+00 4.227715e+00 4.325256e+00 3.009446e+00 4.432722e+00 2.092646e+00 7.417195e-03 1.474329e-02 2.448529e-02 7.374804e-02 4.649870e-02 2.119372e-02 3.972935e-02 2.981946e-02 -1.086964e-02 1.697272e-02 -4.314268e-03 1.874627e-02 -4.854015e-05
<VARIANCE> 25
 1.117547e+01 9.639436e+00 8.764738e+00 2.026580e+01 1.303443e+01 1.252209e+01 1.194951e+01 1.214494e+01 1.114252e+01 1.592281e+01 1.638739e+01 1.214949e+01 4.203733e-02 8.580554e-02 1.587230e-01 2.380945e-01 3.250237e-01 3.911749e-01 4.334948e-01 5.021178e-01 5.218408e-01 4.808030e-01 4.959151e-01 4.853528e-01 1.020690e-06
<GCONST> 4.726144e+01
<MIXTURE> 55 7.368620e-03
<MEAN> 25
 -3.095435e+00 -7.229012e-02 -8.245249e-01 7.433541e+00 6.207223e+00 4.560546e+00 4.471587e+00 4.227715e+00 4.325256e+00 3.009446e+00 4.432722e+00 2.092646e+00 7.417195e-03 1.474329e-02 2.448529e-02 7.374804e-02 4.649870e-02 2.119372e-02 3.972935e-02 2.981946e-02 -1.086964e-02 1.697272e-02 -4.314268e-03 1.874627e-02 -4.854015e-05
<VARIANCE> 25
 1.117547e+01 9.639436e+00 8.764738e+00 2.026580e+01 1.303443e+01 1.252209e+01 1.194951e+01 1.214494e+01 1.114252e+01 1.592281e+01 1.638739e+01 1.214949e+01 4.203733e-02 8.580554e-02 1.587230e-01 2.380945e-01 3.250237e-01 3.911749e-01 4.334948e-01 5.021178e-01 5.218408e-01 4.808030e-01 4.959151e-01 4.853528e-01 1.020690e-06
<GCONST> 4.726144e+01
<MIXTURE> 56 6.132464e-03
<MEAN> 25
 6.652188e+00 -4.961527e+00 -8.555820e+00 -6.566592e+00 3.620711e+00 2.756860e+00 9.641884e-02 -1.620697e+00 4.764248e-01 2.872509e+00 -1.964214e+00 -5.380124e+00 3.989941e-02 -9.793778e-02 -5.716595e-02 5.057615e-03 2.469332e-01 1.726057e-01 1.798940e-01 -2.514566e-01 -2.391712e-02 -1.854355e-01 -1.218500e-01 1.868276e-02 -6.871546e-03
<VARIANCE> 25
 8.299775e+00 2.054490e+01 1.504770e+01 3.300082e+01 2.497417e+01 3.713550e+01 5.507480e+01 2.854262e+01 3.284103e+01 3.560546e+01 2.989045e+01 2.869607e+01 1.766971e-01 4.034805e-01 4.263459e-01 5.658781e-01 6.253451e-01 1.043416e+00 9.629686e-01 8.545390e-01 7.544853e-01 9.702254e-01 8.363147e-01 6.851347e-01 1.741618e-04
<GCONST> 7.109543e+01
<MIXTURE> 57 6.132464e-03
<MEAN> 25
 6.652188e+00 -4.961527e+00 -8.555820e+00 -6.566592e+00 3.620711e+00 2.756860e+00 9.641884e-02 -1.620697e+00 4.764248e-01 2.872509e+00 -1.964214e+00 -5.380124e+00 3.989941e-02 -9.793778e-02 -5.716595e-02 5.057615e-03 2.469332e-01 1.726057e-01 1.798940e-01 -2.514566e-01 -2.391712e-02 -1.854355e-01 -1.218500e-01 1.868276e-02 -6.871546e-03
<VARIANCE> 25
 8.299775e+00 2.054490e+01 1.504770e+01 3.300082e+01 2.497417e+01 3.713550e+01 5.507480e+01 2.854262e+01 3.284103e+01 3.560546e+01 2.989045e+01 2.869607e+01 1.766971e-01 4.034805e-01 4.263459e-01 5.658781e-01 6.253451e-01 1.043416e+00 9.629686e-01 8.545390e-01 7.544853e-01 9.702254e-01 8.363147e-01 6.851347e-01 1.741618e-04
<GCONST> 7.109543e+01
<MIXTURE> 58 6.172147e-03
<MEAN> 25
 2.428421e+00 -2.332838e+00 6.735389e+00 -4.199806e+00 -1.235028e+01 -5.353349e+00 1.044637e+00 1.502754e+00 -3.555302e+00 2.227054e+00 2.776173e-01 -4.608997e-02 -6.679680e-02 -1.211477e-01 -1.734204e-01 -1.493258e-01 7.270462e-02 3.135976e-01 4.713007e-01 4.216508e-01 3.718980e-02 1.034445e-01 -1.752008e-01 -1.772507e-01 -4.117644e-03
<VARIANCE> 25
 6.162302e+00 1.449651e+01 1.905644e+01 2.589349e+01 2.650883e+01 3.938214e+01 3.302099e+01 3.327914e+01 3.683432e+01 3.038703e+01 1.902776e+01 1.953709e+01 2.782465e-01 6.817230e-01 7.168414e-01 1.099498e+00 1.185898e+00 1.148133e+00 1.283274e+00 1.563809e+00 1.206645e+00 1.147341e+00 1.003221e+00 7.940382e-01 6.189502e-04
<GCONST> 7.534734e+01
<MIXTURE> 59 6.172147e-03
<MEAN> 25
 2.428421e+00 -2.332838e+00 6.735389e+00 -4.199806e+00 -1.235028e+01 -5.353349e+00 1.044637e+00 1.502754e+00 -3.555302e+00 2.227054e+00 2.776173e-01 -4.608997e-02 -6.679680e-02 -1.211477e-01 -1.734204e-01 -1.493258e-01 7.270462e-02 3.135976e-01 4.713007e-01 4.216508e-01 3.718980e-02 1.034445e-01 -1.752008e-01 -1.772507e-01 -4.117644e-03
<VARIANCE> 25
 6.162302e+00 1.449651e+01 1.905644e+01 2.589349e+01 2.650883e+01 3.938214e+01 3.302099e+01 3.327914e+01 3.683432e+01 3.038703e+01 1.902776e+01 1.953709e+01 2.782465e-01 6.817230e-01 7.168414e-01 1.099498e+00 1.185898e+00 1.148133e+00 1.283274e+00 1.563809e+00 1.206645e+00 1.147341e+00 1.003221e+00 7.940382e-01 6.189502e-04
<GCONST> 7.534734e+01
<MIXTURE> 60 4.479129e-03
<MEAN> 25
 -2.882836e+00 -1.066936e+00 -1.149523e+00 2.436419e+00 1.154175e+00 2.688324e+00 1.881001e+00 1.493360e+00 3.202278e+00 1.311232e-01 2.335085e+00 1.120177e+00 -2.157046e-03 2.054605e-02 7.014033e-02 1.634679e-01 1.539764e-01 7.188182e-02 1.586268e-01 2.493784e-01 5.738330e-01 6.461867e-01 5.951546e-01 3.007284e-01 -1.053133e-03
<VARIANCE> 25
 8.681553e+00 4.391714e+00 9.112945e+00 1.230408e+01 1.139726e+01 1.643815e+01 1.344612e+01 9.988048e+00 1.334983e+01 1.406933e+01 1.274878e+01 1.323787e+01 9.094796e-02 1.858029e-01 2.951412e-01 4.521925e-01 5.697539e-01 9.203224e-01 9.791026e-01 7.911982e-01 8.552496e-01 8.922433e-01 8.157520e-01 7.969295e-01 2.543714e-05
<GCONST> 5.652885e+01
<MIXTURE> 61 4.479129e-03
<MEAN> 25
 -2.882836e+00 -1.066936e+00 -1.149523e+00 2.436419e+00 1.154175e+00 2.688324e+00 1.881001e+00 1.493360e+00 3.202278e+00 1.311232e-01 2.335085e+00 1.120177e+00 -2.157046e-03 2.054605e-02 7.014033e-02 1.634679e-01 1.539764e-01 7.188182e-02 1.586268e-01 2.493784e-01 5.738330e-01 6.461867e-01 5.951546e-01 3.007284e-01 -1.053133e-03
<VARIANCE> 25
 8.681553e+00 4.391714e+00 9.112945e+00 1.230408e+01 1.139726e+01 1.643815e+01 1.344612e+01 9.988048e+00 1.334983e+01 1.406933e+01 1.274878e+01 1.323787e+01 9.094796e-02 1.858029e-01 2.951412e-01 4.521925e-01 5.697539e-01 9.203224e-01 9.791026e-01 7.911982e-01 8.552496e-01 8.922433e-01 8.157520e-01 7.969295e-01 2.543714e-05
<GCONST> 5.652885e+01
<MIXTURE> 62 3.278034e-03
<MEAN> 25
 -5.089907e+00 1.241175e+00 1.026100e+00 8.816691e+00 6.130719e+00 5.049994e+00 5.499400e+00 4.032877e+00 4.985853e+00 3.916927e+00 4.966378e+00 2.950872e+00 -1.003283e+00 -1.166769e+00 -9.532709e-01 -2.766906e-01 4.278297e-01 1.005095e+00 1.384505e+00 1.551852e+00 1.478841e+00 1.243236e+00 1.066751e+00 7.259545e-01 -1.266366e-03
<VARIANCE> 25
 9.876168e+00 9.960981e+00 1.312098e+01 1.674493e+01 1.741101e+01 1.752902e+01 1.969997e+01 1.911497e+01 1.886681e+01 1.872663e+01 2.155697e+01 1.479364e+01 4.018053e-01 4.323270e-01 5.540615e-01 7.792795e-01 1.035063e+00 1.191979e+00 1.252539e+00 1.279484e+00 1.330187e+00 1.364655e+00 1.400584e+00 1.371619e+00 1.632928e-05
<GCONST> 6.753037e+01
<MIXTURE> 63 4.351215e-03
<MEAN> 25
 -2.510626e+00 -2.750545e+00 -2.811938e+00 1.260856e+00 2.697202e+00 1.102052e+00 2.361186e+00 2.047406e+00 2.945021e+00 -2.179319e+00 -8.001099e-01 6.101232e-01 -9.834849e-02 2.863348e-01 4.690688e-01 4.460489e-01 3.588545e-01 4.962378e-01 4.813898e-01 2.142199e-01 -3.325130e-03 5.836232e-02 2.551345e-01 1.875917e-01 -4.318464e-03
<VARIANCE> 25
 9.008304e+00 9.951797e+00 1.333097e+01 1.400056e+01 1.407675e+01 2.155151e+01 1.940548e+01 1.687113e+01 2.034601e+01 1.747162e+01 1.907618e+01 1.433095e+01 2.821051e-01 3.956031e-01 7.904233e-01 6.095305e-01 9.566204e-01 1.016773e+00 1.403588e+00 1.095853e+00 1.167685e+00 1.414007e+00 1.136711e+00 1.093327e+00 2.225977e-04
<GCONST> 6.845093e+01
<MIXTURE> 64 4.351215e-03
<MEAN> 25
 -2.510626e+00 -2.750545e+00 -2.811938e+00 1.260856e+00 2.697202e+00 1.102052e+00 2.361186e+00 2.047406e+00 2.945021e+00 -2.179319e+00 -8.001099e-01 6.101232e-01 -9.834849e-02 2.863348e-01 4.690688e-01 4.460489e-01 3.588545e-01 4.962378e-01 4.813898e-01 2.142199e-01 -3.325130e-03 5.836232e-02 2.551345e-01 1.875917e-01 -4.318464e-03
<VARIANCE> 25
 9.008304e+00 9.951797e+00 1.333097e+01 1.400056e+01 1.407675e+01 2.155151e+01 1.940548e+01 1.687113e+01 2.034601e+01 1.747162e+01 1.907618e+01 1.433095e+01 2.821051e-01 3.956031e-01 7.904233e-01 6.095305e-01 9.566204e-01 1.016773e+00 1.403588e+00 1.095853e+00 1.167685e+00 1.414007e+00 1.136711e+00 1.093327e+00 2.225977e-04
<GCONST> 6.845093e+01
<MIXTURE> 65 1.721197e-02
<MEAN> 25
 6.789914e+00 1.544032e+00 1.549292e+00 6.210467e-01 -4.247561e+00 -3.697540e+00 -3.366055e+00 -4.377463e+00 -5.852589e+00 -3.479793e-01 -3.246239e+00 -6.815940e-01 1.547368e-01 1.777889e-01 -1.642690e-01 3.253183e-02 -2.916452e-01 3.513399e-01 -5.079334e-02 -6.324369e-02 2.617581e-01 5.783321e-02 -1.945474e-01 -4.917203e-02 -1.230219e-03
<VARIANCE> 25
 8.965356e+00 1.470416e+01 2.425251e+01 2.525775e+01 3.093995e+01 4.222126e+01 6.511929e+01 5.534389e+01 5.049901e+01 5.026357e+01 4.211924e+01 3.435082e+01 4.447417e-01 8.776865e-01 1.853218e+00 1.631248e+00 2.042725e+00 2.337273e+00 2.520918e+00 3.007534e+00 2.925147e+00 2.175365e+00 2.138387e+00 1.745943e+00 4.149911e-04
<GCONST> 8.686239e+01
<MIXTURE> 66 1.191532e-02
<MEAN> 25
 6.411438e+00 -3.746042e+00 -5.428504e+00 -4.640091e+00 1.538845e+00 -5.111981e+00 -5.962604e+00 1.006285e+00 9.638405e-01 -1.291712e+00 -5.722062e+00 -3.612391e+00 -1.643684e-01 1.710292e+00 2.065876e+00 2.297568e+00 -1.083469e+00 -1.230740e+00 -7.773431e-02 -7.009825e-01 -7.592265e-02 -4.139550e-01 6.331597e-03 1.001146e+00 -5.862881e-02
<VARIANCE> 25
 8.387089e+00 2.068150e+01 2.443965e+01 3.139610e+01 3.661905e+01 4.862130e+01 5.839311e+01 4.200117e+01 4.941107e+01 6.445264e+01 3.436909e+01 3.249605e+01 1.278524e+00 2.547752e+00 2.354307e+00 2.215127e+00 4.029987e+00 3.882363e+00 4.032731e+00 4.846848e+00 3.929989e+00 4.875606e+00 4.099323e+00 3.092041e+00 1.486385e-03
<GCONST> 9.565624e+01
<MIXTURE> 67 1.559142e-02
<MEAN> 25
 8.962217e+00 2.026455e+00 -5.971419e+00 -8.238357e+00 9.164709e-01 3.063165e+00 -3.299461e+00 -2.252585e+00 -3.756991e+00 8.070500e-01 -6.197450e-02 -1.748366e+00 -1.075107e+00 1.830436e+00 1.062032e+00 3.066625e+00 1.385048e+00 -5.099434e-01 1.292851e+00 1.151687e-01 1.600289e-01 2.424840e-01 -2.675074e-01 6.211579e-01 -1.293993e-01
<VARIANCE> 25
 1.151232e+01 3.870333e+01 3.066118e+01 5.589379e+01 4.903102e+01 5.416627e+01 6.199262e+01 5.259383e+01 6.460310e+01 5.703559e+01 5.554625e+01 4.722566e+01 2.174095e+00 3.467962e+00 3.279663e+00 4.507370e+00 4.512514e+00 4.541895e+00 4.707548e+00 5.076175e+00 5.461621e+00 4.779119e+00 5.130173e+00 3.734483e+00 3.094736e-03
<GCONST> 1.028952e+02
<MIXTURE> 68 1.485092e-02
<MEAN> 25
 -2.052963e+00 -2.360634e+00 -5.124385e+00 9.623901e-01 5.502381e+00 -5.910689e-01 1.697370e+00 8.543949e-01 2.051533e+00 2.181358e+00 2.466308e-01 2.006649e+00 2.649207e+00 5.999994e-01 2.602969e-01 -2.102777e+00 -2.501616e+00 -1.624341e+00 -2.533183e+00 -1.487678e+00 -1.740631e+00 -1.256728e+00 -1.786222e+00 -1.151217e+00 9.658868e-02
<VARIANCE> 25
 2.400356e+01 2.898889e+01 7.095947e+01 4.850546e+01 4.580376e+01 4.997822e+01 4.319175e+01 4.718071e+01 3.862508e+01 4.277940e+01 3.427389e+01 2.400373e+01 1.808457e+00 3.431865e+00 6.253737e+00 7.143469e+00 4.436902e+00 5.146024e+00 5.629088e+00 5.234628e+00 4.626122e+00 5.177786e+00 4.853436e+00 3.364142e+00 5.812576e-03
<GCONST> 1.030716e+02
<MIXTURE> 69 1.204884e-02
<MEAN> 25
 4.591594e+00 -4.060894e+00 -3.327854e+00 -3.451810e+00 -3.572280e+00 -7.607913e+00 -1.482676e+00 2.217643e+00 -3.381311e-01 -4.499266e+00 -5.624475e+00 9.896713e-01 1.649051e+00 -2.131447e+00 -1.293765e+00 -2.183025e+00 -5.632629e-01 -3.320588e-01 -5.469090e-01 7.392780e-01 -7.123525e-01 -1.349883e+00 -2.113029e+00 -1.844442e-01 6.046360e-02
<VARIANCE> 25
 8.730083e+00 2.137275e+01 2.693013e+01 2.553897e+01 4.274537e+01 3.564467e+01 5.302020e+01 3.084706e+01 3.942652e+01 3.786068e+01 3.002589e+01 2.403673e+01 3.447171e+00 2.996800e+00 3.297998e+00 3.641531e+00 5.604612e+00 4.893158e+00 7.078993e+00 6.209425e+00 5.993217e+00 6.017310e+00 4.331530e+00 3.681425e+00 2.449043e-03
<GCONST> 9.858570e+01
<MIXTURE> 70 1.329190e-02
<MEAN> 25
 6.938700e+00 -1.502669e+00 -4.105021e+00 -2.505804e+00 -9.939147e-01 -1.351303e+00 -8.334512e+00 -3.686470e+00 -6.573997e-01 3.208783e+00 1.105212e-01 -4.678720e+00 1.823550e+00 -8.912521e-01 -5.114444e-01 -1.831422e+00 -1.818989e+00 7.389001e-01 -1.538905e+00 6.491040e-02 1.525232e-01 -8.084868e-02 6.193615e-01 -1.395095e+00 5.607038e-02
<VARIANCE> 25
 9.997029e+00 2.018839e+01 2.577861e+01 4.570553e+01 3.352594e+01 4.082230e+01 5.127159e+01 3.907563e+01 5.161314e+01 2.953864e+01 3.821070e+01 2.566627e+01 3.101414e+00 2.971389e+00 5.179374e+00 4.784865e+00 5.445672e+00 6.428629e+00 6.135547e+00 6.859222e+00 5.695695e+00 5.473968e+00 5.009655e+00 4.104657e+00 2.237981e-03
<GCONST> 1.004554e+02
<MIXTURE> 71 1.406903e-02
<MEAN> 25
 5.708623e+00 4.692450e+00 4.309835e+00 2.864181e+00 -3.182622e+00 -3.420356e+00 -2.694717e+00 -5.992882e+00 -5.070058e+00 -2.236392e+00 -4.455379e+00 -2.068313e+00 -1.505571e+00 -5.346460e-01 -2.467309e-01 -1.630608e+00 1.001768e+00 -1.656181e-01 1.252003e-01 1.562214e+00 1.899707e-01 3.005981e-02 5.738711e-01 2.561567e-01 3.560620e-02
<VARIANCE> 25
 1.774331e+01 2.225171e+01 2.055812e+01 3.784992e+01 3.923384e+01 3.854365e+01 4.643237e+01 4.048848e+01 3.780442e+01 3.813098e+01 3.349138e+01 3.577192e+01 1.584141e+00 2.696607e+00 4.801735e+00 4.270961e+00 4.327218e+00 4.317610e+00 4.352335e+00 5.652999e+00 4.299712e+00 3.812504e+00 3.359415e+00 2.821310e+00 1.337003e-03
<GCONST> 9.683635e+01
<MIXTURE> 72 8.134747e-03
<MEAN> 25
 3.000509e+00 -2.448026e+00 4.573632e+00 -5.919991e-01 -9.723719e+00 -8.892010e+00 -2.522353e+00 2.297590e+00 -5.245231e+00 -1.025484e+00 -2.208401e+00 1.138300e+00 8.531658e-01 -7.508285e-01 -2.295178e+00 5.697635e-01 2.025787e+00 -8.484257e-01 -1.306653e+00 1.475289e+00 1.692472e+00 -2.840448e-01 -1.027983e+00 3.103647e-01 -3.991397e-03
<VARIANCE> 25
 9.807981e+00 1.958690e+01 2.626949e+01 3.900682e+01 2.994214e+01 2.904673e+01 3.289248e+01 3.819603e+01 3.416247e+01 3.760663e+01 2.867475e+01 2.365184e+01 5.349393e-01 7.870432e-01 1.745607e+00 1.172289e+00 1.993545e+00 2.168384e+00 2.628705e+00 2.355644e+00 2.832333e+00 2.655088e+00 1.823980e+00 1.713782e+00 4.821406e-04
<GCONST> 8.437725e+01
<MIXTURE> 73 1.213625e-02
<MEAN> 25
 -5.339260e+00 -9.475155e-01 -1.382795e+00 4.428359e+00 3.914860e+00 2.058985e+00 5.308730e+00 3.103641e+00 4.529214e+00 3.088210e+00 3.930429e+00 2.912134e+00 6.661902e-01 -9.626070e-01 -1.063743e+00 -2.477540e+00 -1.190979e+00 -1.706300e+00 -8.725724e-01 -5.098441e-01 -1.000105e+00 -4.704526e-01 -1.050316e+00 -2.250935e-01 1.488848e-01
<VARIANCE> 25
 1.525570e+01 1.238814e+01 1.434281e+01 2.374083e+01 2.372866e+01 2.538987e+01 1.984515e+01 1.949790e+01 1.673085e+01 1.928109e+01 2.247403e+01 1.515446e+01 4.017901e+00 2.913271e+00 6.328918e+00 4.572666e+00 6.408445e+00 4.470281e+00 4.128616e+00 4.304061e+00 3.718516e+00 4.428499e+00 3.232265e+00 2.561672e+00 4.259816e-03
<GCONST> 9.249992e+01
<MIXTURE> 74 1.756491e-02
<MEAN> 25
 3.823371e+00 -1.359693e+00 4.336485e+00 -5.286675e-02 -8.126160e+00 -7.822249e+00 -3.564616e+00 2.245669e+00 -4.761735e+00 -1.445363e+00 -2.257458e+00 1.043567e+00 5.284999e-02 1.493647e+00 2.218118e-01 1.298823e+00 1.359346e+00 6.906089e-01 4.661673e-01 -1.634229e+00 6.465601e-01 -2.182987e-01 1.629095e-01 -4.501530e-02 -6.490102e-02
<VARIANCE> 25
 9.787427e+00 1.729287e+01 3.155739e+01 2.996042e+01 3.280058e+01 3.600390e+01 5.464770e+01 4.493155e+01 4.137436e+01 3.903755e+01 3.271508e+01 2.883242e+01 1.982703e+00 2.127399e+00 3.784363e+00 2.439723e+00 3.147546e+00 3.321962e+00 4.260752e+00 4.008462e+00 4.257149e+00 3.409564e+00 3.377648e+00 3.030959e+00 1.605257e-03
<GCONST> 9.446058e+01
<MIXTURE> 75 9.711651e-03
<MEAN> 25
 2.127162e+00 -1.350428e+00 9.435736e+00 1.631573e+00 -1.094484e+01 -7.266379e+00 -5.345846e+00 -6.481463e-01 -3.274743e+00 -4.295454e+00 2.053840e+00 1.145911e+00 1.856898e+00 -1.440661e+00 1.618396e-01 -1.350615e-01 -2.403689e+00 -5.259052e-01 -1.973526e+00 1.574144e+00 -7.589074e-01 3.132581e-02 6.481705e-01 -5.772717e-01 3.494744e-02
<VARIANCE> 25
 1.179055e+01 1.639884e+01 2.962370e+01 2.307801e+01 2.312544e+01 3.307964e+01 2.940835e+01 3.203814e+01 4.246183e+01 2.776027e+01 2.014266e+01 2.504137e+01 2.092198e+00 1.708539e+00 3.515811e+00 2.366276e+00 3.381488e+00 3.669800e+00 4.139646e+00 3.754420e+00 4.438187e+00 3.195919e+00 2.860756e+00 2.121791e+00 1.285784e-03
<GCONST> 9.097605e+01
<MIXTURE> 76 1.052359e-02
<MEAN> 25
 -3.852042e+00 -1.187421e+00 -2.128153e+00 1.705364e+00 3.774855e+00 1.607644e+00 3.504555e+00 1.242982e+00 2.721366e+00 2.184784e-01 1.016802e+00 1.474729e+00 3.815868e-02 -4.118484e-01 -2.424988e-01 -7.156159e-01 -7.038116e-01 -6.999366e-01 -6.192078e-01 -2.699191e-01 -3.998642e-01 -3.479828e-02 -3.406599e-01 -5.356079e-02 1.823478e-02
<VARIANCE> 25
 2.994671e+01 2.166548e+01 2.102793e+01 2.248475e+01 2.259011e+01 3.045470e+01 2.410157e+01 2.270790e+01 1.957929e+01 3.131661e+01 2.323125e+01 1.912344e+01 9.920626e-01 9.305618e-01 1.238664e+00 1.288346e+00 1.516297e+00 1.572335e+00 1.594177e+00 1.641970e+00 2.045695e+00 1.863787e+00 1.143070e+00 9.877236e-01 1.095392e-03
<GCONST> 8.079613e+01
<MIXTURE> 77 1.244626e-02
<MEAN> 25
 -1.164645e-01 7.535461e+00 1.120676e+01 -9.670788e+00 -6.529310e+00 2.270863e-01 -9.469728e+00 -6.237216e+00 -4.746531e+00 5.251888e-01 -3.054383e+00 9.802195e-01 1.069073e-01 -1.906240e-01 4.733920e-03 2.392075e-01 2.017325e-02 8.500835e-02 1.844608e-01 -1.302617e-01 4.861751e-02 -3.927702e-02 -1.511231e-01 4.585300e-02 -7.883473e-03
<VARIANCE> 25
 7.977458e+00 1.840735e+01 2.213797e+01 3.951634e+01 2.670065e+01 2.764194e+01 3.044148e+01 2.516357e+01 3.103602e+01 2.541581e+01 3.118540e+01 3.764738e+01 2.828067e-01 8.070849e-01 5.451814e-01 1.126967e+00 2.116407e+00 8.561404e-01 1.133266e+00 8.512170e-01 1.225856e+00 1.065601e+00 9.350203e-01 7.761497e-01 4.723620e-04
<GCONST> 7.557707e+01
<MIXTURE> 78 9.702551e-03
<MEAN> 25
 -1.038919e+01 1.719335e+00 -1.784208e+00 2.135970e+00 4.104273e+00 -2.792056e+00 3.377403e+00 1.796787e+00 2.771365e+00 6.730738e-01 -3.676622e-01 2.604677e+00 2.313504e+00 -4.754046e-01 2.197647e-01 4.451009e-01 -1.545801e-01 -5.785882e-02 -3.831553e-01 -1.247801e-02 1.149828e-01 1.297128e-01 -2.727592e-01 -4.613869e-01 -5.746780e-02
<VARIANCE> 25
 4.466534e+01 3.534880e+01 3.043977e+01 2.886749e+01 3.665367e+01 3.606559e+01 3.259399e+01 3.231610e+01 2.570703e+01 2.700142e+01 2.365930e+01 2.097114e+01 4.539253e+00 2.646459e+00 2.563722e+00 2.772851e+00 2.679942e+00 3.573307e+00 3.001505e+00 2.686392e+00 2.295136e+00 2.357829e+00 2.013574e+00 1.896538e+00 4.184809e-03
<GCONST> 9.333206e+01
<MIXTURE> 79 1.156824e-02
<MEAN> 25
 2.294088e+00 2.209500e+00 8.865829e+00 -5.576619e+00 -1.116967e+01 -1.786067e+00 -2.288422e+00 -5.578443e+00 -6.721789e+00 1.710030e+00 -3.303075e+00 -1.783625e+00 1.136507e+00 -2.945698e-01 -1.385664e+00 2.094856e+00 7.815731e-01 -1.638958e+00 1.068464e+00 8.022989e-01 -2.906329e-01 -3.326404e-01 1.957395e-01 8.793660e-02 -3.203807e-02
<VARIANCE> 25
 1.082232e+01 2.120736e+01 2.841423e+01 4.152691e+01 2.948235e+01 3.464555e+01 3.494703e+01 3.061663e+01 3.002890e+01 3.449978e+01 3.302860e+01 2.777417e+01 8.352346e-01 1.968799e+00 1.419292e+00 2.018858e+00 2.455396e+00 2.347028e+00 3.249513e+00 3.222743e+00 2.231791e+00 2.936131e+00 1.792641e+00 1.748886e+00 9.967397e-04
<GCONST> 8.788684e+01
<MIXTURE> 80 7.550998e-03
<MEAN> 25
 -1.458782e+01 4.377799e+00 9.468726e-01 1.513002e+00 2.229434e+00 1.493288e+00 5.453077e+00 2.188308e+00 2.948082e+00 2.258506e+00 4.138389e+00 1.224804e+00 4.270116e+00 -7.203866e-02 1.698529e+00 -1.050793e+00 -2.835063e+00 -2.661609e+00 -2.290825e+00 -1.972081e+00 -2.076382e+00 -1.616871e+00 -1.361623e+00 -3.742693e-01 -4.683126e-02
<VARIANCE> 25
 1.937568e+01 1.908593e+01 3.245797e+01 4.666319e+01 2.771117e+01 2.692766e+01 3.246359e+01 2.656602e+01 2.431267e+01 2.612598e+01 2.786240e+01 1.627265e+01 2.179152e+00 2.438637e+00 2.428467e+00 3.753753e+00 3.091121e+00 2.532427e+00 2.722249e+00 2.908626e+00 2.557494e+00 2.453802e+00 3.126355e+00 2.356514e+00 1.419998e-03
<GCONST> 9.041209e+01
<MIXTURE> 81 8.025434e-03
<MEAN> 25
 -1.109263e+00 3.852158e+00 1.025344e+01 -1.339047e+01 -8.917433e+00 -1.096880e+00 -7.296940e+00 -8.015083e+00 -4.334344e+00 -1.978854e-01 -6.568148e+00 -9.534050e-01 1.922674e-01 -5.982984e-01 5.802823e-02 -4.843692e-01 -6.607938e-01 3.929383e-01 2.754510e-01 1.673733e-01 -2.637205e-01 2.747880e-01 -5.072253e-01 -1.231087e-01 1.164807e-02
<VARIANCE> 25
 9.702350e+00 2.912612e+01 2.307844e+01 3.546031e+01 3.145963e+01 2.766416e+01 4.221209e+01 2.579346e+01 3.577605e+01 2.898240e+01 2.785789e+01 3.688448e+01 7.965635e-01 2.045083e+00 1.525157e+00 2.879571e+00 2.726080e+00 1.971350e+00 3.118487e+00 1.998380e+00 2.603614e+00 2.460737e+00 2.056807e+00 1.886589e+00 1.068209e-03
<GCONST> 8.778929e+01
<MIXTURE> 82 8.213053e-03
<MEAN> 25
 -9.813936e+00 -3.827079e+00 1.379451e+00 -2.974625e+00 2.728680e+00 4.206487e-01 2.233490e+00 9.264615e-01 3.331956e+00 1.536091e+00 1.750877e+00 3.139274e+00 -1.279812e+00 -4.873521e-02 1.918526e-01 -2.417207e+00 -1.233798e+00 -1.425147e+00 -8.863185e-01 -7.306916e-01 -3.609245e-01 -3.275064e-01 -3.103734e-01 -8.100998e-02 1.720016e-01
<VARIANCE> 25
 1.791491e+01 2.295998e+01 3.092830e+01 2.846470e+01 3.231272e+01 3.163705e+01 2.976598e+01 3.040015e+01 2.969431e+01 2.481702e+01 2.864380e+01 1.626184e+01 3.673365e+00 2.880712e+00 3.216502e+00 3.330904e+00 3.441191e+00 3.342951e+00 3.068312e+00 2.986409e+00 2.801700e+00 2.514491e+00 2.241391e+00 1.736977e+00 3.577110e-03
<GCONST> 9.229738e+01
<MIXTURE> 83 1.167529e-02
<MEAN> 25
 -1.957503e+01 6.317100e+00 -1.634479e+00 -9.103195e-01 6.760855e+00 -7.552515e-01 4.093066e+00 2.733816e+00 2.963638e+00 1.609751e+00 2.217239e-01 1.507393e+00 1.431144e-01 -2.407609e-01 1.698054e-01 -3.623421e-01 -3.556550e-01 -1.205549e-01 -1.685344e-01 -2.073370e-01 4.435136e-02 9.557713e-02 -6.693751e-02 -5.609095e-02 -2.355134e-04
<VARIANCE> 25
 9.552520e+00 1.632907e+01 2.391106e+01 1.890546e+01 1.876735e+01 2.055903e+01 2.208840e+01 1.789813e+01 2.170854e+01 2.013894e+01 1.850258e+01 1.657822e+01 9.350501e-01 9.647181e-01 1.021715e+00 1.580676e+00 1.137182e+00 1.351970e+00 1.049924e+00 1.178526e+00 1.340317e+00 1.107123e+00 9.384015e-01 1.510376e+00 7.738979e-04
<GCONST> 7.545075e+01
<MIXTURE> 84 1.066614e-02
<MEAN> 25
 1.115842e+00 8.302588e+00 6.885012e+00 7.126405e+00 2.715728e+00 -1.257024e+00 -1.418432e+00 -4.402277e+00 -3.897355e+00 -2.670587e+00 -1.956116e+00 -8.430618e-01 -1.631252e+00 -1.191491e+00 -1.121624e+00 1.059486e+00 2.251224e+00 1.491107e+00 1.387684e+00 1.056860e+00 1.249852e+00 3.151960e-01 3.788160e-01 3.435515e-01 -6.746341e-02
<VARIANCE> 25
 2.056880e+01 1.880319e+01 2.107289e+01 2.597392e+01 2.781879e+01 2.705751e+01 2.803939e+01 2.420192e+01 2.317455e+01 2.276204e+01 2.359317e+01 2.683993e+01 2.049335e+00 2.299596e+00 3.446817e+00 3.269410e+00 2.912413e+00 3.433675e+00 3.098642e+00 3.365834e+00 3.220878e+00 3.018014e+00 3.347005e+00 2.669237e+00 3.244665e-03
<GCONST> 9.142546e+01
<MIXTURE> 85 7.591393e-03
<MEAN> 25
 -2.983867e+00 7.734039e+00 5.621591e+00 1.137703e+00 -3.602775e+00 -4.805717e+00 -3.357522e+00 -5.969550e+00 -3.537034e+00 -3.351507e+00 -4.593834e-01 -1.609589e+00 3.802584e+00 3.386359e-01 1.803933e+00 -1.845144e+00 -3.360671e+00 -2.462661e+00 -2.791763e+00 -2.238644e+00 -2.326386e+00 -1.176951e+00 -2.137262e+00 -5.554523e-01 9.698422e-03
<VARIANCE> 25
 4.048853e+01 2.218930e+01 3.606491e+01 3.697971e+01 3.714578e+01 4.407653e+01 3.286682e+01 2.609488e+01 2.501114e+01 2.517787e+01 2.445376e+01 2.062756e+01 3.068425e+00 4.032072e+00 3.776582e+00 5.378499e+00 4.141319e+00 3.750218e+00 3.768114e+00 4.014416e+00 3.637142e+00 3.820545e+00 4.221399e+00 3.372030e+00 5.318951e-03
<GCONST> 9.780370e+01
<MIXTURE> 86 1.273941e-02
<MEAN> 25
 -4.060736e+00 -1.595180e+00 -1.064371e+00 4.618844e+00 4.381427e+00 4.881785e+00 5.240283e+00 4.443456e+00 5.447049e+00 3.096006e+00 4.804472e+00 1.382380e+00 2.847836e-02 -4.067352e-02 -3.144952e-02 -7.406924e-02 -1.541301e-01 -1.507171e-01 -2.956978e-01 -2.900239e-01 -3.303252e-01 -4.263388e-01 -2.868915e-01 -1.212368e-01 -1.863394e-03
<VARIANCE> 25
 8.556062e+00 4.790768e+00 9.837478e+00 1.744283e+01 1.418814e+01 1.311675e+01 1.275006e+01 1.076982e+01 1.226915e+01 1.571952e+01 1.224236e+01 1.542660e+01 9.870464e-02 2.253391e-01 3.371001e-01 4.446010e-01 6.787810e-01 7.427391e-01 9.002281e-01 6.384891e-01 8.145688e-01 1.530626e+00 8.227592e-01 9.002507e-01 5.512901e-05
<GCONST> 5.862918e+01
<MIXTURE> 87 1.100681e-02
<MEAN> 25
 -3.033819e+00 3.802805e+00 3.337702e+00 5.940502e+00 5.334441e+00 9.130975e-01 1.760795e+00 -1.149644e+00 -2.614421e-01 -1.027946e+00 -7.417955e-01 -9.919561e-03 -2.077364e+00 -2.559099e+00 -2.137275e+00 -1.996387e+00 -6.480287e-02 -1.430219e-01 5.566631e-01 1.012586e+00 1.450419e+00 9.404094e-01 6.420144e-01 1.117583e+00 9.913637e-02
<VARIANCE> 25
 3.438292e+01 2.928178e+01 2.510443e+01 3.480633e+01 2.633148e+01 2.903280e+01 2.476642e+01 2.375286e+01 2.523334e+01 2.344414e+01 2.198256e+01 2.166801e+01 3.516880e+00 2.728767e+00 3.882007e+00 3.445426e+00 4.541190e+00 3.895753e+00 3.751301e+00 4.064306e+00 4.013860e+00 3.547104e+00 3.463117e+00 2.685774e+00 4.757610e-03
<GCONST> 9.518981e+01
<MIXTURE> 88 1.256585e-02
<MEAN> 25
 -2.057743e+00 -1.160301e+00 -1.095574e+00 3.590356e+00 3.776361e+00 3.233138e+00 3.705570e+00 2.565402e+00 3.474146e+00 4.871281e-01 1.670472e+00 9.528973e-01 1.120062e-01 1.472421e-01 -5.275316e-02 8.444522e-02 2.655463e-01 4.452136e-01 3.174186e-03 -5.016689e-01 -3.016297e-02 -1.604048e-01 4.931137e-02 -2.723211e-01 -4.057931e-03
<VARIANCE> 25
 8.330423e+00 7.105555e+00 1.220461e+01 1.491681e+01 1.543601e+01 1.807793e+01 1.574312e+01 1.244732e+01 1.453836e+01 1.788877e+01 1.729335e+01 1.385477e+01 9.382283e-01 1.273454e+00 2.068058e+00 2.008305e+00 2.663236e+00 2.172595e+00 2.462182e+00 2.246035e+00 2.845360e+00 2.755270e+00 1.893760e+00 1.725075e+00 1.459318e-03
<GCONST> 7.896204e+01
<MIXTURE> 89 9.333527e-03
<MEAN> 25
 5.237383e+00 -5.216682e+00 -2.754685e+00 -1.464871e+00 -1.781210e+00 -5.266906e+00 -6.920387e+00 3.683055e+00 3.407171e+00 -2.669671e+00 -4.478317e+00 -2.891775e+00 -5.569428e-01 1.204024e-01 1.943175e+00 8.467013e-01 -1.450269e+00 -1.403871e+00 5.659295e-01 9.840625e-01 -2.666989e-01 -1.573861e+00 6.653585e-02 1.616886e+00 -6.350220e-03
<VARIANCE> 25
 7.666976e+00 2.393741e+01 2.561777e+01 2.756455e+01 3.086834e+01 3.415700e+01 5.573967e+01 3.496423e+01 3.687922e+01 3.482338e+01 3.090539e+01 2.705335e+01 3.336937e-01 7.028822e-01 1.537524e+00 1.339311e+00 2.525753e+00 1.799696e+00 2.351032e+00 1.676687e+00 2.649529e+00 2.219299e+00 1.914036e+00 1.419789e+00 4.060314e-04
<GCONST> 8.326177e+01
<MIXTURE> 90 7.114505e-03
<MEAN> 25
 2.345637e+00 -9.034099e+00 -4.275646e+00 -3.623451e+00 -2.913485e+00 -1.139302e+00 3.191239e+00 1.174473e+00 -6.910675e+00 -1.000364e+01 -3.395119e+00 -8.649125e-01 -1.908787e-01 8.500151e-01 1.144206e+00 -8.268487e-01 -1.561235e+00 -1.587630e-01 6.756745e-01 -1.595815e-01 -1.155212e-01 6.410849e-01 2.491102e-01 -5.955449e-01 -1.169385e-02
<VARIANCE> 25
 8.235845e+00 2.108865e+01 2.115975e+01 2.724116e+01 3.621628e+01 3.540530e+01 3.737311e+01 3.407561e+01 3.700896e+01 2.709193e+01 2.616688e+01 2.431383e+01 2.262324e-01 6.276187e-01 7.788083e-01 1.007850e+00 1.395320e+00 1.542902e+00 1.728848e+00 1.711476e+00 1.834195e+00 1.753405e+00 1.534087e+00 1.316070e+00 2.124337e-04
<GCONST> 7.820411e+01
<MIXTURE> 91 7.852945e-03
<MEAN> 25
 6.052910e+00 -6.827611e+00 -8.138477e+00 -4.945415e+00 4.056248e+00 -2.601178e-01 -1.330884e+00 4.306024e-01 6.502694e-01 -1.634024e+00 -4.641539e+00 -4.905108e+00 2.519492e-01 9.613621e-01 1.820484e-01 4.271573e-01 -1.066817e-01 -5.299230e-01 -4.787977e-01 -6.294040e-02 -4.603294e-02 2.802335e-01 -3.388081e-03 9.039655e-02 -3.358836e-02
<VARIANCE> 25
 9.743507e+00 2.294568e+01 1.876451e+01 3.614211e+01 3.252172e+01 5.177158e+01 5.158891e+01 3.592799e+01 4.828770e+01 6.803454e+01 3.455140e+01 3.677213e+01 4.478217e-01 8.365752e-01 1.169957e+00 1.303250e+00 2.014850e+00 2.391146e+00 2.166526e+00 2.137213e+00 2.057007e+00 2.280102e+00 1.881852e+00 1.875232e+00 5.394303e-04
<GCONST> 8.590049e+01
<MIXTURE> 92 7.852945e-03
<MEAN> 25
 6.052910e+00 -6.827611e+00 -8.138477e+00 -4.945415e+00 4.056248e+00 -2.601178e-01 -1.330884e+00 4.306024e-01 6.502694e-01 -1.634024e+00 -4.641539e+00 -4.905108e+00 2.519492e-01 9.613621e-01 1.820484e-01 4.271573e-01 -1.066817e-01 -5.299230e-01 -4.787977e-01 -6.294040e-02 -4.603294e-02 2.802335e-01 -3.388081e-03 9.039655e-02 -3.358836e-02
<VARIANCE> 25
 9.743507e+00 2.294568e+01 1.876451e+01 3.614211e+01 3.252172e+01 5.177158e+01 5.158891e+01 3.592799e+01 4.828770e+01 6.803454e+01 3.455140e+01 3.677213e+01 4.478217e-01 8.365752e-01 1.169957e+00 1.303250e+00 2.014850e+00 2.391146e+00 2.166526e+00 2.137213e+00 2.057007e+00 2.280102e+00 1.881852e+00 1.875232e+00 5.394303e-04
<GCONST> 8.590049e+01
<MIXTURE> 93 6.122769e-03
<MEAN> 25
 -6.739198e+00 -9.725693e-01 -2.385636e+00 5.741969e+00 5.862588e+00 3.918939e+00 6.099887e+00 3.592945e+00 4.138471e+00 2.433305e+00 1.831137e+00 3.645960e+00 -6.217346e-02 -1.541307e-01 -2.582166e-01 -3.304874e-01 -3.283753e-01 -2.909041e-01 -2.209035e-01 -1.710694e-01 -1.678101e-01 -1.524244e-01 -1.062721e-01 -2.858582e-02 -1.896178e-05
<VARIANCE> 25
 9.644584e+00 5.995422e+00 8.142460e+00 1.158529e+01 1.158371e+01 1.584569e+01 1.517000e+01 1.636592e+01 1.464064e+01 1.490227e+01 1.663580e+01 1.369712e+01 8.263033e-02 1.531089e-01 2.675188e-01 3.831722e-01 4.981301e-01 6.417543e-01 7.772180e-01 8.815833e-01 9.100113e-01 8.680964e-01 8.829615e-01 9.167596e-01 1.014624e-06
<GCONST> 5.367777e+01
<MIXTURE> 94 6.122769e-03
<MEAN> 25
 -6.739198e+00 -9.725693e-01 -2.385636e+00 5.741969e+00 5.862588e+00 3.918939e+00 6.099887e+00 3.592945e+00 4.138471e+00 2.433305e+00 1.831137e+00 3.645960e+00 -6.217346e-02 -1.541307e-01 -2.582166e-01 -3.304874e-01 -3.283753e-01 -2.909041e-01 -2.209035e-01 -1.710694e-01 -1.678101e-01 -1.524244e-01 -1.062721e-01 -2.858582e-02 -1.896178e-05
<VARIANCE> 25
 9.644584e+00 5.995422e+00 8.142460e+00 1.158529e+01 1.158371e+01 1.584569e+01 1.517000e+01 1.636592e+01 1.464064e+01 1.490227e+01 1.663580e+01 1.369712e+01 8.263033e-02 1.531089e-01 2.675188e-01 3.831722e-01 4.981301e-01 6.417543e-01 7.772180e-01 8.815833e-01 9.100113e-01 8.680964e-01 8.829615e-01 9.167596e-01 1.014624e-06
<GCONST> 5.367777e+01
<MIXTURE> 95 5.258835e-03
<MEAN> 25
 -5.173913e+00 -8.347751e-01 -1.803533e+00 4.055336e+00 4.091784e+00 2.866327e+00 4.215206e+00 1.953971e+00 2.472558e+00 4.594093e-01 1.050967e+00 1.810245e+00 1.612809e-01 1.012409e-01 5.320217e-02 -1.085937e-01 -4.140784e-01 -6.223673e-01 -1.023254e+00 -1.182887e+00 -1.250070e+00 -9.845340e-01 -6.126583e-01 -2.271104e-01 -3.241460e-04
<VARIANCE> 25
 1.130163e+01 6.356627e+00 1.148787e+01 1.548521e+01 1.296778e+01 1.914354e+01 1.629022e+01 1.607640e+01 1.493924e+01 1.966443e+01 1.865773e+01 1.756604e+01 2.080313e-01 3.174542e-01 4.668245e-01 6.309199e-01 7.723618e-01 9.703588e-01 9.490843e-01 8.993722e-01 9.887547e-01 1.101515e+00 1.065215e+00 1.102085e+00 4.440801e-05
<GCONST> 6.379703e+01
<MIXTURE> 96 7.034694e-03
<MEAN> 25
 -4.163481e+00 -9.706867e-01 -2.219098e+00 4.038671e+00 3.694634e+00 2.445032e+00 3.239613e+00 1.509633e+00 3.193159e+00 3.316054e-01 1.303629e+00 2.438883e+00 -2.554172e-02 1.339312e-01 2.408176e-01 3.806022e-01 5.310972e-01 5.293705e-01 1.763341e-01 -1.646800e-01 -4.495544e-01 -6.981741e-01 -5.620666e-01 -2.841748e-01 -5.107310e-05
<VARIANCE> 25
 1.284955e+01 9.549964e+00 1.241921e+01 1.787778e+01 1.435486e+01 2.055679e+01 1.655154e+01 1.762582e+01 1.758453e+01 1.678107e+01 1.763936e+01 1.365677e+01 1.111885e-01 2.437904e-01 3.113016e-01 4.208887e-01 4.727741e-01 6.482651e-01 9.185616e-01 9.040179e-01 9.162239e-01 8.013521e-01 8.668823e-01 8.453650e-01 1.049809e-06
<GCONST> 5.729885e+01
<MIXTURE> 97 7.034694e-03
<MEAN> 25
 -4.163481e+00 -9.706867e-01 -2.219098e+00 4.038671e+00 3.694634e+00 2.445032e+00 3.239613e+00 1.509633e+00 3.193159e+00 3.316054e-01 1.303629e+00 2.438883e+00 -2.554172e-02 1.339312e-01 2.408176e-01 3.806022e-01 5.310972e-01 5.293705e-01 1.763341e-01 -1.646800e-01 -4.495544e-01 -6.981741e-01 -5.620666e-01 -2.841748e-01 -5.107310e-05
<VARIANCE> 25
 1.284955e+01 9.549964e+00 1.241921e+01 1.787778e+01 1.435486e+01 2.055679e+01 1.655154e+01 1.762582e+01 1.758453e+01 1.678107e+01 1.763936e+01 1.365677e+01 1.111885e-01 2.437904e-01 3.113016e-01 4.208887e-01 4.727741e-01 6.482651e-01 9.185616e-01 9.040179e-01 9.162239e-01 8.013521e-01 8.668823e-01 8.453650e-01 1.049809e-06
<GCONST> 5.729885e+01
<MIXTURE> 98 9.917808e-03
<MEAN> 25
 -4.721081e-01 9.499918e-01 6.964509e-01 2.995472e+00 3.791733e+00 1.589180e+00 2.197662e+00 6.632909e-01 1.080788e+00 1.015047e+00 4.653215e-01 9.778520e-01 -1.286210e+00 -1.194922e+00 -8.559743e-01 -2.595390e-01 5.048471e-01 1.025708e+00 1.094671e+00 1.243154e+00 1.773322e+00 3.370124e-01 8.404717e-01 5.158602e-01 -3.373416e-02
<VARIANCE> 25
 1.042749e+01 1.351533e+01 2.255157e+01 2.323284e+01 3.180923e+01 3.252882e+01 2.456141e+01 2.183498e+01 2.321325e+01 2.272287e+01 1.747586e+01 1.809892e+01 1.167843e+00 1.295093e+00 1.823696e+00 2.173585e+00 2.266034e+00 2.834437e+00 2.610595e+00 2.392506e+00 2.238056e+00 3.327913e+00 2.671233e+00 2.430337e+00 1.900773e-03
<GCONST> 8.550372e+01
<MIXTURE> 99 6.696178e-03
<MEAN> 25
 -5.324892e+00 8.863460e+00 5.064353e+00 3.263486e+00 1.156544e+00 -5.287529e+00 -1.155225e+00 -4.436475e+00 -2.675763e+00 -2.902187e+00 -1.139714e+00 4.867436e-01 7.689826e-01 -9.134195e-01 4.029084e-01 -2.950844e-01 -1.021820e+00 -7.259939e-01 -4.534487e-01 -1.393138e-01 -2.751173e-01 -4.942661e-02 2.462982e-01 2.899948e-02 4.850392e-03
<VARIANCE> 25
 3.575169e+01 2.661406e+01 5.352749e+01 2.610600e+01 3.425521e+01 3.517704e+01 2.660969e+01 2.457787e+01 2.625808e+01 2.449306e+01 1.794950e+01 2.624978e+01 2.531417e+00 1.846156e+00 1.283497e+00 1.480125e+00 2.354138e+00 2.227129e+00 1.410688e+00 1.695975e+00 1.725622e+00 1.636271e+00 1.149927e+00 1.128289e+00 1.675404e-03
<GCONST> 8.586579e+01
<MIXTURE> 100 4.498084e-03
<MEAN> 25
 -1.564936e+00 6.398166e+00 1.020065e+01 -7.322779e+00 -1.027023e+01 -4.915045e+00 -5.535054e+00 -9.434078e+00 -4.622259e+00 -8.547378e-01 -1.998164e+00 -1.860081e+00 2.941615e+00 -1.211033e+00 1.227337e+00 -1.984863e+00 -3.236677e+00 -7.469707e-01 -1.350812e+00 -7.207476e-01 -1.641209e+00 4.155606e-01 -1.397872e+00 -9.082697e-02 -4.182362e-04
<VARIANCE> 25
 1.246164e+01 1.931898e+01 2.044329e+01 2.410879e+01 2.301711e+01 2.233973e+01 2.941379e+01 2.206025e+01 2.487913e+01 2.061307e+01 2.495004e+01 2.520156e+01 1.724683e+00 3.599937e+00 2.719985e+00 4.209195e+00 4.062461e+00 4.114329e+00 3.793149e+00 3.998921e+00 3.984519e+00 3.624080e+00 4.114252e+00 3.235571e+00 1.603021e-03
<GCONST> 9.165462e+01
<MIXTURE> 101 6.007792e-03
<MEAN> 25
 7.877323e+00 -3.399789e+00 -6.205511e+00 -6.505215e+00 7.239884e-01 -1.384812e+00 -1.024308e+01 -1.669294e+00 1.661376e+00 2.853590e+00 -2.250196e+00 -5.143918e+00 6.660550e-01 6.227006e-01 -1.422002e+00 -1.552585e+00 1.032342e+00 2.203183e+00 2.528969e-01 -1.454705e+00 -1.036579e+00 1.039008e+00 1.307685e+00 -4.997734e-01 -4.349200e-03
<VARIANCE> 25
 9.582395e+00 1.614053e+01 2.857961e+01 4.277612e+01 3.499025e+01 3.433057e+01 3.714396e+01 3.716748e+01 3.791730e+01 4.257636e+01 4.940093e+01 2.355885e+01 2.882677e-01 6.518459e-01 1.151951e+00 1.531295e+00 1.660841e+00 2.226705e+00 2.053890e+00 1.945843e+00 2.256370e+00 2.118388e+00 1.795368e+00 1.994555e+00 3.508556e-04
<GCONST> 8.333832e+01
<MIXTURE> 102 6.007792e-03
<MEAN> 25
 7.877323e+00 -3.399789e+00 -6.205511e+00 -6.505215e+00 7.239884e-01 -1.384812e+00 -1.024308e+01 -1.669294e+00 1.661376e+00 2.853590e+00 -2.250196e+00 -5.143918e+00 6.660550e-01 6.227006e-01 -1.422002e+00 -1.552585e+00 1.032342e+00 2.203183e+00 2.528969e-01 -1.454705e+00 -1.036579e+00 1.039008e+00 1.307685e+00 -4.997734e-01 -4.349200e-03
<VARIANCE> 25
 9.582395e+00 1.614053e+01 2.857961e+01 4.277612e+01 3.499025e+01 3.433057e+01 3.714396e+01 3.716748e+01 3.791730e+01 4.257636e+01 4.940093e+01 2.355885e+01 2.882677e-01 6.518459e-01 1.151951e+00 1.531295e+00 1.660841e+00 2.226705e+00 2.053890e+00 1.945843e+00 2.256370e+00 2.118388e+00 1.795368e+00 1.994555e+00 3.508556e-04
<GCONST> 8.333832e+01
<MIXTURE> 103 5.694618e-03
<MEAN> 25
 3.309654e+00 -9.219250e+00 -6.101288e+00 -2.921364e+00 -1.213650e+00 -1.977017e+00 2.324470e+00 2.560218e+00 -4.141447e+00 -9.023676e+00 -4.842322e+00 3.860554e-01 -1.752708e-01 -1.443103e+00 -1.031741e+00 3.895053e-01 1.226480e+00 9.958324e-01 1.474919e-01 -3.204294e-01 -7.637183e-01 -8.456663e-01 -3.755863e-02 1.306450e-01 2.701421e-02
<VARIANCE> 25
 1.002370e+01 2.098394e+01 2.235659e+01 3.109141e+01 4.651279e+01 3.375978e+01 4.495301e+01 3.527886e+01 4.572709e+01 2.963833e+01 3.035935e+01 2.561884e+01 6.307690e-01 1.248258e+00 1.561025e+00 1.878042e+00 2.846431e+00 2.328449e+00 2.801714e+00 2.630679e+00 2.504075e+00 2.696294e+00 2.023947e+00 1.946158e+00 7.864833e-04
<GCONST> 8.729377e+01
<MIXTURE> 104 5.694618e-03
<MEAN> 25
 3.309654e+00 -9.219250e+00 -6.101288e+00 -2.921364e+00 -1.213650e+00 -1.977017e+00 2.324470e+00 2.560218e+00 -4.141447e+00 -9.023676e+00 -4.842322e+00 3.860554e-01 -1.752708e-01 -1.443103e+00 -1.031741e+00 3.895053e-01 1.226480e+00 9.958324e-01 1.474919e-01 -3.204294e-01 -7.637183e-01 -8.456663e-01 -3.755863e-02 1.306450e-01 2.701421e-02
<VARIANCE> 25
 1.002370e+01 2.098394e+01 2.235659e+01 3.109141e+01 4.651279e+01 3.375978e+01 4.495301e+01 3.527886e+01 4.572709e+01 2.963833e+01 3.035935e+01 2.561884e+01 6.307690e-01 1.248258e+00 1.561025e+00 1.878042e+00 2.846431e+00 2.328449e+00 2.801714e+00 2.630679e+00 2.504075e+00 2.696294e+00 2.023947e+00 1.946158e+00 7.864833e-04
<GCONST> 8.729377e+01
<MIXTURE> 105 4.710235e-03
<MEAN> 25
 2.222340e+00 -1.451391e+00 8.977549e+00 -2.642142e+00 -1.130653e+01 -4.854478e+00 -4.113630e+00 -7.579448e-01 -3.688127e+00 -3.044445e+00 1.485808e+00 -1.181394e+00 3.597130e-03 2.165416e-02 4.903766e-02 -5.372823e-02 1.297354e-02 6.072462e-02 -4.559501e-03 4.332782e-02 -4.167930e-02 1.299237e-02 2.976729e-02 -2.758637e-02 -2.288185e-03
<VARIANCE> 25
 1.303971e+01 2.821283e+01 4.284939e+01 4.368234e+01 3.969974e+01 5.320464e+01 4.053483e+01 4.233017e+01 3.957712e+01 4.235874e+01 4.097526e+01 3.087213e+01 8.411498e-02 1.862125e-01 3.417892e-01 2.967010e-01 3.850510e-01 4.322208e-01 4.679301e-01 4.972020e-01 4.986956e-01 4.532736e-01 4.137293e-01 3.974211e-01 8.788535e-05
<GCONST> 6.673151e+01
<MIXTURE> 106 4.710235e-03
<MEAN> 25
 2.222340e+00 -1.451391e+00 8.977549e+00 -2.642142e+00 -1.130653e+01 -4.854478e+00 -4.113630e+00 -7.579448e-01 -3.688127e+00 -3.044445e+00 1.485808e+00 -1.181394e+00 3.597130e-03 2.165416e-02 4.903766e-02 -5.372823e-02 1.297354e-02 6.072462e-02 -4.559501e-03 4.332782e-02 -4.167930e-02 1.299237e-02 2.976729e-02 -2.758637e-02 -2.288185e-03
<VARIANCE> 25
 1.303971e+01 2.821283e+01 4.284939e+01 4.368234e+01 3.969974e+01 5.320464e+01 4.053483e+01 4.233017e+01 3.957712e+01 4.235874e+01 4.097526e+01 3.087213e+01 8.411498e-02 1.862125e-01 3.417892e-01 2.967010e-01 3.850510e-01 4.322208e-01 4.679301e-01 4.972020e-01 4.986956e-01 4.532736e-01 4.137293e-01 3.974211e-01 8.788535e-05
<GCONST> 6.673151e+01
<MIXTURE> 107 5.452374e-03
<MEAN> 25
 8.447816e+00 -2.018339e+00 -7.927610e+00 -8.776900e+00 1.703415e+00 3.010308e+00 -8.160793e+00 -4.490228e+00 -1.152667e+00 3.834208e+00 9.695958e-01 -4.994555e+00 -6.469026e-01 -6.775940e-01 9.159006e-01 1.756399e+00 2.053999e-01 -2.005522e+00 -9.355373e-01 8.293844e-01 1.714630e+00 1.742560e-02 -1.496245e+00 -7.895060e-01 -2.541861e-03
<VARIANCE> 25
 9.064183e+00 2.036797e+01 2.672749e+01 4.691936e+01 3.483642e+01 3.669067e+01 5.116667e+01 3.422351e+01 4.405530e+01 4.225375e+01 4.832202e+01 2.860722e+01 3.785050e-01 1.008295e+00 1.532207e+00 2.264472e+00 2.149455e+00 2.862349e+00 2.593853e+00 2.394155e+00 2.257464e+00 3.058779e+00 2.142664e+00 2.139197e+00 6.838822e-04
<GCONST> 8.777205e+01
<MIXTURE> 108 5.452374e-03
<MEAN> 25
 8.447816e+00 -2.018339e+00 -7.927610e+00 -8.776900e+00 1.703415e+00 3.010308e+00 -8.160793e+00 -4.490228e+00 -1.152667e+00 3.834208e+00 9.695958e-01 -4.994555e+00 -6.469026e-01 -6.775940e-01 9.159006e-01 1.756399e+00 2.053999e-01 -2.005522e+00 -9.355373e-01 8.293844e-01 1.714630e+00 1.742560e-02 -1.496245e+00 -7.895060e-01 -2.541861e-03
<VARIANCE> 25
 9.064183e+00 2.036797e+01 2.672749e+01 4.691936e+01 3.483642e+01 3.669067e+01 5.116667e+01 3.422351e+01 4.405530e+01 4.225375e+01 4.832202e+01 2.860722e+01 3.785050e-01 1.008295e+00 1.532207e+00 2.264472e+00 2.149455e+00 2.862349e+00 2.593853e+00 2.394155e+00 2.257464e+00 3.058779e+00 2.142664e+00 2.139197e+00 6.838822e-04
<GCONST> 8.777205e+01
<MIXTURE> 109 6.661064e-03
<MEAN> 25
 3.656973e+00 -9.425549e+00 -7.576400e+00 -1.421935e+00 2.789196e+00 2.120203e-01 -1.198254e-01 1.624797e+00 -2.038120e+00 -7.145932e+00 -5.217202e+00 -4.318110e-01 -1.610805e-02 -1.152863e-01 -7.914627e-02 2.257716e-01 2.012731e-01 1.226178e-01 -1.498376e-01 -1.220341e-01 -4.897005e-02 -2.007459e-01 1.891907e-01 1.309207e-02 -3.918554e-03
<VARIANCE> 25
 9.236436e+00 2.102418e+01 2.036919e+01 2.735667e+01 3.645783e+01 3.234425e+01 4.327391e+01 3.098605e+01 4.219579e+01 4.009435e+01 2.790821e+01 2.617659e+01 1.831961e-01 4.062854e-01 6.195528e-01 6.112050e-01 1.108154e+00 9.278890e-01 1.201907e+00 1.046667e+00 9.932309e-01 9.204499e-01 8.216506e-01 8.326960e-01 1.807688e-04
<GCONST> 7.344063e+01
<MIXTURE> 110 6.661064e-03
<MEAN> 25
 3.656973e+00 -9.425549e+00 -7.576400e+00 -1.421935e+00 2.789196e+00 2.120203e-01 -1.198254e-01 1.624797e+00 -2.038120e+00 -7.145932e+00 -5.217202e+00 -4.318110e-01 -1.610805e-02 -1.152863e-01 -7.914627e-02 2.257716e-01 2.012731e-01 1.226178e-01 -1.498376e-01 -1.220341e-01 -4.897005e-02 -2.007459e-01 1.891907e-01 1.309207e-02 -3.918554e-03
<VARIANCE> 25
 9.236436e+00 2.102418e+01 2.036919e+01 2.735667e+01 3.645783e+01 3.234425e+01 4.327391e+01 3.098605e+01 4.219579e+01 4.009435e+01 2.790821e+01 2.617659e+01 1.831961e-01 4.062854e-01 6.195528e-01 6.112050e-01 1.108154e+00 9.278890e-01 1.201907e+00 1.046667e+00 9.932309e-01 9.204499e-01 8.216506e-01 8.326960e-01 1.807688e-04
<GCONST> 7.344063e+01
<MIXTURE> 111 4.337247e-03
<MEAN> 25
 -2.690255e+00 -1.267481e+00 -8.838091e-01 8.820034e-01 1.134250e+00 1.955327e+00 7.478783e-01 4.552836e-01 9.348334e-01 -1.395948e+00 -1.410485e-01 9.893490e-01 -4.109507e-02 -9.025973e-02 -2.932146e-02 -5.607774e-02 -4.307414e-03 -3.799061e-03 5.818161e-02 -3.051775e-02 -2.136024e-01 -2.844097e-01 -2.703766e-01 -1.138998e-01 -1.448529e-03
<VARIANCE> 25
 8.878716e+00 4.717128e+00 1.314594e+01 8.408737e+00 1.144800e+01 2.229064e+01 1.369518e+01 1.129343e+01 1.403595e+01 1.164555e+01 1.222315e+01 1.133986e+01 7.626876e-02 1.907791e-01 2.775424e-01 4.265582e-01 6.140452e-01 6.571612e-01 9.259166e-01 7.102430e-01 8.775177e-01 9.680761e-01 8.859548e-01 8.275977e-01 2.759730e-05
<GCONST> 5.633686e+01
<MIXTURE> 112 4.337247e-03
<MEAN> 25
 -2.690255e+00 -1.267481e+00 -8.838091e-01 8.820034e-01 1.134250e+00 1.955327e+00 7.478783e-01 4.552836e-01 9.348334e-01 -1.395948e+00 -1.410485e-01 9.893490e-01 -4.109507e-02 -9.025973e-02 -2.932146e-02 -5.607774e-02 -4.307414e-03 -3.799061e-03 5.818161e-02 -3.051775e-02 -2.136024e-01 -2.844097e-01 -2.703766e-01 -1.138998e-01 -1.448529e-03
<VARIANCE> 25
 8.878716e+00 4.717128e+00 1.314594e+01 8.408737e+00 1.144800e+01 2.229064e+01 1.369518e+01 1.129343e+01 1.403595e+01 1.164555e+01 1.222315e+01 1.133986e+01 7.626876e-02 1.907791e-01 2.775424e-01 4.265582e-01 6.140452e-01 6.571612e-01 9.259166e-01 7.102430e-01 8.775177e-01 9.680761e-01 8.859548e-01 8.275977e-01 2.759730e-05
<GCONST> 5.633686e+01
<MIXTURE> 113 5.938666e-03
<MEAN> 25
 9.710986e+00 1.664640e+00 -8.761839e+00 -1.620445e+01 -7.825941e-01 5.398603e+00 -4.645442e+00 -1.533264e+00 -5.675216e+00 1.118216e-01 2.870907e-01 -1.750212e-01 1.582052e-02 -2.412162e-02 -6.777913e-02 -1.084617e-01 1.167810e-01 1.685490e-01 1.029433e-01 1.815728e-02 -2.521542e-02 -1.125004e-01 1.704408e-01 4.009851e-02 -1.493591e-03
<VARIANCE> 25
 9.421429e+00 1.580982e+01 2.796729e+01 4.278051e+01 5.078727e+01 3.329286e+01 4.366749e+01 3.699339e+01 3.531321e+01 4.969911e+01 3.427664e+01 2.698659e+01 1.178825e-01 3.275819e-01 3.032714e-01 5.993785e-01 6.032838e-01 6.397210e-01 8.216872e-01 8.196428e-01 9.776425e-01 9.226655e-01 7.002398e-01 6.954052e-01 1.197241e-04
<GCONST> 7.099857e+01
<MIXTURE> 114 5.938666e-03
<MEAN> 25
 9.710986e+00 1.664640e+00 -8.761839e+00 -1.620445e+01 -7.825941e-01 5.398603e+00 -4.645442e+00 -1.533264e+00 -5.675216e+00 1.118216e-01 2.870907e-01 -1.750212e-01 1.582052e-02 -2.412162e-02 -6.777913e-02 -1.084617e-01 1.167810e-01 1.685490e-01 1.029433e-01 1.815728e-02 -2.521542e-02 -1.125004e-01 1.704408e-01 4.009851e-02 -1.493591e-03
<VARIANCE> 25
 9.421429e+00 1.580982e+01 2.796729e+01 4.278051e+01 5.078727e+01 3.329286e+01 4.366749e+01 3.699339e+01 3.531321e+01 4.969911e+01 3.427664e+01 2.698659e+01 1.178825e-01 3.275819e-01 3.032714e-01 5.993785e-01 6.032838e-01 6.397210e-01 8.216872e-01 8.196428e-01 9.776425e-01 9.226655e-01 7.002398e-01 6.954052e-01 1.197241e-04
<GCONST> 7.099857e+01
<MIXTURE> 115 2.935202e-03
<MEAN> 25
 -3.644457e+00 -8.850733e-01 -2.968987e+00 3.180501e+00 2.270159e+00 -1.682831e-02 2.404488e+00 6.005486e-01 1.684436e+00 -5.014338e-01 1.261339e-01 2.378750e+00 3.142605e-02 -1.066921e-01 -2.872294e-01 -4.726773e-01 -6.042286e-01 -6.931543e-01 -6.176205e-01 -5.009808e-01 -4.169637e-01 -3.758602e-01 -3.185891e-01 -7.192286e-02 -1.319513e-04
<VARIANCE> 25
 9.914315e+00 9.304457e+00 1.280369e+01 1.376775e+01 1.274518e+01 1.754459e+01 1.618462e+01 2.027036e+01 1.742397e+01 1.859037e+01 1.764942e+01 1.480321e+01 1.901288e-01 3.356051e-01 5.164484e-01 6.023431e-01 6.255827e-01 7.489427e-01 9.999675e-01 1.097300e+00 1.071778e+00 1.046610e+00 9.474987e-01 1.082300e+00 1.112382e-06
<GCONST> 6.003872e+01
<MIXTURE> 116 2.935202e-03
<MEAN> 25
 -3.644457e+00 -8.850733e-01 -2.968987e+00 3.180501e+00 2.270159e+00 -1.682831e-02 2.404488e+00 6.005486e-01 1.684436e+00 -5.014338e-01 1.261339e-01 2.378750e+00 3.142605e-02 -1.066921e-01 -2.872294e-01 -4.726773e-01 -6.042286e-01 -6.931543e-01 -6.176205e-01 -5.009808e-01 -4.169637e-01 -3.758602e-01 -3.185891e-01 -7.192286e-02 -1.319513e-04
<VARIANCE> 25
 9.914315e+00 9.304457e+00 1.280369e+01 1.376775e+01 1.274518e+01 1.754459e+01 1.618462e+01 2.027036e+01 1.742397e+01 1.859037e+01 1.764942e+01 1.480321e+01 1.901288e-01 3.356051e-01 5.164484e-01 6.023431e-01 6.255827e-01 7.489427e-01 9.999675e-01 1.097300e+00 1.071778e+00 1.046610e+00 9.474987e-01 1.082300e+00 1.112382e-06
<GCONST> 6.003872e+01
<MIXTURE> 117 6.506003e-03
<MEAN> 25
 -4.641718e+00 1.115828e+00 1.053550e+00 9.753675e+00 6.257532e+00 6.255582e+00 6.462110e+00 5.043280e+00 6.385041e+00 4.923572e+00 6.364820e+00 2.707331e+00 -7.509614e-02 -2.338354e-01 -3.581871e-01 -4.199136e-01 -3.671317e-01 -3.029014e-01 -2.877331e-01 -3.311973e-01 -3.917834e-01 -3.689869e-01 -2.630627e-01 -1.153953e-01 -9.804148e-06
<VARIANCE> 25
 7.196873e+00 8.754345e+00 9.806597e+00 1.433919e+01 1.562001e+01 1.534910e+01 1.771791e+01 1.795519e+01 1.639400e+01 1.641872e+01 1.674113e+01 1.476153e+01 2.165130e-01 3.076217e-01 4.261931e-01 6.172094e-01 8.536275e-01 1.055600e+00 1.177424e+00 1.232468e+00 1.223518e+00 1.194269e+00 1.166593e+00 1.113876e+00 1.001113e-06
<GCONST> 6.043407e+01
<MIXTURE> 118 6.506003e-03
<MEAN> 25
 -4.641718e+00 1.115828e+00 1.053550e+00 9.753675e+00 6.257532e+00 6.255582e+00 6.462110e+00 5.043280e+00 6.385041e+00 4.923572e+00 6.364820e+00 2.707331e+00 -7.509614e-02 -2.338354e-01 -3.581871e-01 -4.199136e-01 -3.671317e-01 -3.029014e-01 -2.877331e-01 -3.311973e-01 -3.917834e-01 -3.689869e-01 -2.630627e-01 -1.153953e-01 -9.804148e-06
<VARIANCE> 25
 7.196873e+00 8.754345e+00 9.806597e+00 1.433919e+01 1.562001e+01 1.534910e+01 1.771791e+01 1.795519e+01 1.639400e+01 1.641872e+01 1.674113e+01 1.476153e+01 2.165130e-01 3.076217e-01 4.261931e-01 6.172094e-01 8.536275e-01 1.055600e+00 1.177424e+00 1.232468e+00 1.223518e+00 1.194269e+00 1.166593e+00 1.113876e+00 1.001113e-06
<GCONST> 6.043407e+01
<MIXTURE> 119 4.297961e-03
<MEAN> 25
 -4.522985e+00 -6.908706e+00 1.778428e+00 1.673314e+00 2.154849e+00 8.553612e-01 4.805106e+00 5.395114e+00 2.237947e+00 -2.761830e-01 5.611104e+00 9.241091e-01 -7.130978e-02 -9.854699e-02 -8.234160e-03 -6.715237e-02 -1.123499e-01 -1.331034e-01 -7.539064e-03 6.807696e-02 -2.477813e-03 -5.761981e-02 -1.022812e-01 -1.395620e-01 2.117104e-03
<VARIANCE> 25
 9.299484e+00 9.529633e+00 1.400839e+01 1.941424e+01 2.021133e+01 2.139322e+01 2.152695e+01 2.407924e+01 2.305458e+01 2.949338e+01 1.949582e+01 1.792939e+01 1.716524e-01 2.678418e-01 5.250791e-01 6.102645e-01 8.207110e-01 9.224831e-01 1.010828e+00 1.216619e+00 1.118498e+00 1.348570e+00 1.107069e+00 9.871768e-01 2.340597e-04
<GCONST> 6.858636e+01
<MIXTURE> 120 4.297961e-03
<MEAN> 25
 -4.522985e+00 -6.908706e+00 1.778428e+00 1.673314e+00 2.154849e+00 8.553612e-01 4.805106e+00 5.395114e+00 2.237947e+00 -2.761830e-01 5.611104e+00 9.241091e-01 -7.130978e-02 -9.854699e-02 -8.234160e-03 -6.715237e-02 -1.123499e-01 -1.331034e-01 -7.539064e-03 6.807696e-02 -2.477813e-03 -5.761981e-02 -1.022812e-01 -1.395620e-01 2.117104e-03
<VARIANCE> 25
 9.299484e+00 9.529633e+00 1.400839e+01 1.941424e+01 2.021133e+01 2.139322e+01 2.152695e+01 2.407924e+01 2.305458e+01 2.949338e+01 1.949582e+01 1.792939e+01 1.716524e-01 2.678418e-01 5.250791e-01 6.102645e-01 8.207110e-01 9.224831e-01 1.010828e+00 1.216619e+00 1.118498e+00 1.348570e+00 1.107069e+00 9.871768e-01 2.340597e-04
<GCONST> 6.858636e+01
<MIXTURE> 121 4.567511e-03
<MEAN> 25
 2.151505e-01 -2.498005e+00 5.096668e+00 -1.280295e+01 -1.255829e+01 -1.661484e+00 1.008758e+00 -5.025795e+00 -4.174191e+00 -4.822088e-01 -5.465835e+00 -4.280846e+00 2.759621e-02 1.293554e-01 -4.793221e-02 8.428372e-02 1.527011e-01 6.996629e-02 -8.884536e-02 -1.832132e-01 -2.555854e-01 -2.660244e-01 -1.199310e-01 2.746710e-03 -7.495030e-03
<VARIANCE> 25
 7.665359e+00 1.566492e+01 1.755529e+01 2.108878e+01 2.498441e+01 2.901962e+01 2.946354e+01 2.505928e+01 3.565001e+01 2.823071e+01 1.976209e+01 2.118300e+01 1.549933e-01 6.382260e-01 6.244753e-01 7.014903e-01 7.689515e-01 1.147472e+00 1.123671e+00 1.117753e+00 1.250259e+00 1.196152e+00 9.474023e-01 8.668831e-01 2.111010e-04
<GCONST> 7.149723e+01
<MIXTURE> 122 4.567511e-03
<MEAN> 25
 2.151505e-01 -2.498005e+00 5.096668e+00 -1.280295e+01 -1.255829e+01 -1.661484e+00 1.008758e+00 -5.025795e+00 -4.174191e+00 -4.822088e-01 -5.465835e+00 -4.280846e+00 2.759621e-02 1.293554e-01 -4.793221e-02 8.428372e-02 1.527011e-01 6.996629e-02 -8.884536e-02 -1.832132e-01 -2.555854e-01 -2.660244e-01 -1.199310e-01 2.746710e-03 -7.495030e-03
<VARIANCE> 25
 7.665359e+00 1.566492e+01 1.755529e+01 2.108878e+01 2.498441e+01 2.901962e+01 2.946354e+01 2.505928e+01 3.565001e+01 2.823071e+01 1.976209e+01 2.118300e+01 1.549933e-01 6.382260e-01 6.244753e-01 7.014903e-01 7.689515e-01 1.147472e+00 1.123671e+00 1.117753e+00 1.250259e+00 1.196152e+00 9.474023e-01 8.668831e-01 2.111010e-04
<GCONST> 7.149723e+01
<MIXTURE> 123 4.393044e-03
<MEAN> 25
 -3.125262e+00 1.507461e-01 7.688214e-01 4.025575e+00 4.916904e+00 3.620838e+00 3.191877e+00 5.172254e-01 2.763106e-01 -7.133386e-01 -1.354486e-01 -2.309652e-01 -3.916573e-01 -7.636464e-01 -1.009683e+00 -7.817099e-01 -2.235212e-01 4.378048e-02 4.475905e-01 7.049843e-01 9.236233e-01 5.978211e-01 5.729526e-01 2.449709e-01 -4.971763e-03
<VARIANCE> 25
 1.049601e+01 9.221116e+00 1.661015e+01 2.148556e+01 1.961891e+01 2.279719e+01 1.735772e+01 1.636255e+01 2.539148e+01 1.514904e+01 1.895929e+01 1.893862e+01 3.217135e-01 3.213715e-01 5.838656e-01 6.889002e-01 7.953043e-01 1.000256e+00 1.330288e+00 1.075752e+00 1.254284e+00 1.338797e+00 1.162667e+00 1.203596e+00 1.783909e-04
<GCONST> 6.915730e+01
<MIXTURE> 124 4.069876e-03
<MEAN> 25
 -6.219067e+00 -1.303806e+00 -2.935924e+00 4.790796e+00 4.828759e+00 3.499324e+00 5.435654e+00 2.578612e+00 3.451925e+00 1.174115e+00 1.254953e+00 2.875663e+00 -1.981096e-01 -3.233739e-01 -3.661279e-01 -2.194752e-01 1.643012e-01 5.323499e-01 7.825300e-01 8.223803e-01 6.221848e-01 3.318536e-01 9.782030e-02 -3.690402e-02 -1.690560e-04
<VARIANCE> 25
 1.261886e+01 6.912242e+00 1.077996e+01 1.362814e+01 1.223671e+01 1.962215e+01 1.531907e+01 1.641895e+01 1.632307e+01 1.600393e+01 1.878688e+01 1.443971e+01 1.032186e-01 1.660922e-01 2.734167e-01 4.094717e-01 6.257425e-01 6.991971e-01 7.632170e-01 8.130685e-01 9.396625e-01 1.061413e+00 9.898081e-01 9.918699e-01 1.820472e-05
<GCONST> 5.908799e+01
<MIXTURE> 125 4.069876e-03
<MEAN> 25
 -6.219067e+00 -1.303806e+00 -2.935924e+00 4.790796e+00 4.828759e+00 3.499324e+00 5.435654e+00 2.578612e+00 3.451925e+00 1.174115e+00 1.254953e+00 2.875663e+00 -1.981096e-01 -3.233739e-01 -3.661279e-01 -2.194752e-01 1.643012e-01 5.323499e-01 7.825300e-01 8.223803e-01 6.221848e-01 3.318536e-01 9.782030e-02 -3.690402e-02 -1.690560e-04
<VARIANCE> 25
 1.261886e+01 6.912242e+00 1.077996e+01 1.362814e+01 1.223671e+01 1.962215e+01 1.531907e+01 1.641895e+01 1.632307e+01 1.600393e+01 1.878688e+01 1.443971e+01 1.032186e-01 1.660922e-01 2.734167e-01 4.094717e-01 6.257425e-01 6.991971e-01 7.632170e-01 8.130685e-01 9.396625e-01 1.061413e+00 9.898081e-01 9.918699e-01 1.820472e-05
<GCONST> 5.908799e+01
<MIXTURE> 126 2.402244e-03
<MEAN> 25
 -3.641870e+00 -6.470089e+00 -4.348980e+00 2.000191e+00 3.960071e+00 -2.570940e+00 1.837429e-01 3.670895e+00 3.696782e+00 -3.148097e+00 -1.435298e+00 1.734810e+00 1.603749e-02 -9.245386e-03 -4.853292e-02 -1.932616e-01 -3.658729e-01 -3.865080e-01 -3.077762e-01 -2.151699e-01 -8.364037e-02 -8.269521e-02 -2.259843e-01 -5.066716e-02 -2.601661e-03
<VARIANCE> 25
 8.942509e+00 1.110285e+01 1.357455e+01 1.484471e+01 2.269571e+01 2.274468e+01 2.037475e+01 2.625300e+01 2.715876e+01 2.344675e+01 1.967142e+01 2.096426e+01 1.725913e-01 3.197284e-01 5.602081e-01 5.878318e-01 7.882320e-01 8.531870e-01 1.021738e+00 1.195926e+00 1.134179e+00 1.267737e+00 1.207211e+00 1.078395e+00 2.442641e-04
<GCONST> 6.896328e+01
<MIXTURE> 127 2.402244e-03
<MEAN> 25
 -3.641870e+00 -6.470089e+00 -4.348980e+00 2.000191e+00 3.960071e+00 -2.570940e+00 1.837429e-01 3.670895e+00 3.696782e+00 -3.148097e+00 -1.435298e+00 1.734810e+00 1.603749e-02 -9.245386e-03 -4.853292e-02 -1.932616e-01 -3.658729e-01 -3.865080e-01 -3.077762e-01 -2.151699e-01 -8.364037e-02 -8.269521e-02 -2.259843e-01 -5.066716e-02 -2.601661e-03
<VARIANCE> 25
 8.942509e+00 1.110285e+01 1.357455e+01 1.484471e+01 2.269571e+01 2.274468e+01 2.037475e+01 2.625300e+01 2.715876e+01 2.344675e+01 1.967142e+01 2.096426e+01 1.725913e-01 3.197284e-01 5.602081e-01 5.878318e-01 7.882320e-01 8.531870e-01 1.021738e+00 1.195926e+00 1.134179e+00 1.267737e+00 1.207211e+00 1.078395e+00 2.442641e-04
<GCONST> 6.896328e+01
<MIXTURE> 128 3.790457e-03
<MEAN> 25
 -3.733789e+00 1.418751e+00 -3.783761e-01 6.367025e+00 3.668977e+00 1.845103e+00 3.449532e+00 2.486080e+00 3.885797e+00 3.448648e+00 3.415809e+00 3.387485e+00 -4.052209e-01 -2.039665e-01 1.798056e-01 7.377808e-01 1.134691e+00 1.110824e+00 7.708128e-01 1.168897e-01 -4.233668e-01 -7.611723e-01 -7.436658e-01 -3.767073e-01 -4.830452e-05
<VARIANCE> 25
 1.093219e+01 1.171866e+01 1.452523e+01 1.986395e+01 1.947264e+01 2.062481e+01 2.397493e+01 2.425358e+01 2.574546e+01 2.482303e+01 2.958192e+01 1.811922e+01 8.648383e-01 1.112902e+00 1.519820e+00 1.456740e+00 1.599180e+00 1.819264e+00 2.278788e+00 2.251936e+00 2.084174e+00 1.815053e+00 1.742873e+00 1.697758e+00 9.730251e-07
<GCONST> 7.360224e+01
<TRANSP> 3
 0.000000e+00 1.000000e+00 0.000000e+00
 0.000000e+00 9.999990e-01 9.999998e-07
 0.000000e+00 0.000000e+00 0.000000e+00
<ENDHMM>
