~o
<STREAMINFO> 1 25
<VECSIZE> 25<NULLD><MFCC_E_D_N><DIAGC>
~h "jmodel"
<BEGINHMM>
<NUMSTATES> 3
<STATE> 2
<NUMMIXES> 128
<MIXTURE> 1 5.748963e-03
<MEAN> 25
 -2.311424e+00 3.008875e+00 2.481664e+00 8.426050e+00 4.201147e+00 3.267662e+00 3.677818e+00 3.717105e+00 5.621506e+00 4.978663e+00 5.844103e+00 3.007046e+00 -1.923052e+00 -1.612031e+00 -8.819865e-01 8.450916e-01 1.598280e+00 2.214874e+00 2.151409e+00 2.106919e+00 1.714986e+00 1.057374e+00 1.426044e+00 4.536369e-01 -4.637821e-02
<VARIANCE> 25
 1.019098e+01 1.124030e+01 1.430939e+01 1.883685e+01 2.482200e+01 2.119295e+01 2.338063e+01 2.122979e+01 2.186191e+01 2.346791e+01 1.958244e+01 1.624343e+01 1.758959e+00 1.961334e+00 2.834765e+00 3.776351e+00 3.571323e+00 3.128031e+00 3.103807e+00 3.195376e+00 3.285015e+00 3.940083e+00 3.498324e+00 2.951854e+00 2.898898e-03
<GCONST> 8.812868e+01
<MIXTURE> 2 4.549242e-03
<MEAN> 25
 -4.875541e+00 1.311650e+00 9.943714e-01 9.899611e+00 6.692243e+00 7.424474e+00 7.846961e+00 6.957950e+00 8.373321e+00 6.372598e+00 7.624174e+00 3.074517e+00 -6.201119e-02 4.159536e-02 1.425182e-01 2.258260e-01 2.652860e-01 2.813882e-01 2.954288e-01 3.195279e-01 3.497764e-01 3.089252e-01 1.972267e-01 8.007966e-02 1.297036e-06
<VARIANCE> 25
 6.952590e+00 8.901746e+00 1.065092e+01 1.591178e+01 1.723527e+01 1.556351e+01 1.689890e+01 1.848569e+01 1.658622e+01 1.739096e+01 1.811133e+01 1.434065e+01 1.252485e-01 2.266378e-01 3.364643e-01 4.671468e-01 6.492570e-01 8.148792e-01 9.298773e-01 1.003169e+00 1.051641e+00 1.077744e+00 1.075717e+00 1.013910e+00 1.000125e-06
<GCONST> 5.804353e+01
<MIXTURE> 3 4.549242e-03
<MEAN> 25
 -4.875541e+00 1.311650e+00 9.943714e-01 9.899611e+00 6.692243e+00 7.424474e+00 7.846961e+00 6.957950e+00 8.373321e+00 6.372598e+00 7.624174e+00 3.074517e+00 -6.201119e-02 4.159536e-02 1.425182e-01 2.258260e-01 2.652860e-01 2.813882e-01 2.954288e-01 3.195279e-01 3.497764e-01 3.089252e-01 1.972267e-01 8.007966e-02 1.297036e-06
<VARIANCE> 25
 6.952590e+00 8.901746e+00 1.065092e+01 1.591178e+01 1.723527e+01 1.556351e+01 1.689890e+01 1.848569e+01 1.658622e+01 1.739096e+01 1.811133e+01 1.434065e+01 1.252485e-01 2.266378e-01 3.364643e-01 4.671468e-01 6.492570e-01 8.148792e-01 9.298773e-01 1.003169e+00 1.051641e+00 1.077744e+00 1.075717e+00 1.013910e+00 1.000125e-06
<GCONST> 5.804353e+01
<MIXTURE> 4 1.671429e-02
<MEAN> 25
 3.063279e+00 2.191449e+00 -2.823615e+00 -1.812240e-01 4.357580e+00 -1.350324e+00 -4.605698e-01 -3.704125e-01 1.159802e+00 1.885852e+00 -1.959751e+00 -3.008241e-01 -2.688499e+00 1.327646e+00 1.520849e+00 2.646960e+00 2.676303e-01 4.635395e-01 1.304188e+00 9.065284e-01 1.305401e+00 -5.164167e-01 9.792611e-01 1.046345e+00 -8.208428e-02
<VARIANCE> 25
 1.624456e+01 2.322659e+01 2.344314e+01 3.805564e+01 3.982349e+01 5.980603e+01 5.359156e+01 3.957218e+01 5.021650e+01 5.085880e+01 4.130225e+01 2.825427e+01 2.080624e+00 3.892636e+00 2.980334e+00 4.102570e+00 4.751283e+00 5.618563e+00 4.815216e+00 4.246949e+00 4.797833e+00 6.228706e+00 5.226275e+00 3.384890e+00 5.437356e-03
<GCONST> 1.009700e+02
<MIXTURE> 5 3.206198e-03
<MEAN> 25
 -3.400152e+00 2.154551e+00 6.256229e-01 9.318400e+00 6.711720e+00 6.292011e+00 7.066559e+00 4.730655e+00 5.475735e+00 3.823673e+00 4.633108e+00 2.574800e+00 -3.175801e-01 7.523395e-01 1.224646e+00 1.034062e+00 3.005355e-01 -1.058910e-01 -8.291934e-02 2.913356e-02 4.484698e-01 6.748359e-01 4.007201e-01 9.340262e-02 -2.496168e-05
<VARIANCE> 25
 1.025094e+01 1.396052e+01 2.348482e+01 2.729577e+01 2.021945e+01 1.941979e+01 2.038326e+01 2.026344e+01 2.134920e+01 2.130729e+01 2.410586e+01 1.642110e+01 1.214090e+00 1.237580e+00 1.349245e+00 1.665844e+00 2.285915e+00 2.381613e+00 2.294283e+00 2.268095e+00 2.315994e+00 2.238076e+00 2.081038e+00 1.872441e+00 1.003350e-06
<GCONST> 7.522550e+01
<MIXTURE> 6 5.475854e-03
<MEAN> 25
 9.083672e+00 1.647963e-01 -7.020549e+00 -9.146669e+00 -1.480851e+00 6.766548e+00 -5.627124e+00 -4.016935e+00 -6.181204e+00 2.413111e+00 4.681000e+00 -8.182025e-02 4.991547e-01 8.079048e-01 -1.904601e-01 -1.360656e+00 -7.321479e-01 1.373724e+00 1.882645e+00 1.444720e-02 -1.297019e+00 -1.108354e+00 2.899370e-01 1.216203e+00 -7.555493e-03
<VARIANCE> 25
 7.322008e+00 1.633372e+01 1.978646e+01 3.792034e+01 3.062299e+01 2.512009e+01 4.300895e+01 3.190039e+01 4.782753e+01 2.958236e+01 3.114649e+01 2.448767e+01 3.094906e-01 6.837193e-01 1.099423e+00 1.637105e+00 1.457593e+00 1.871512e+00 1.853365e+00 1.754089e+00 2.254933e+00 1.506600e+00 2.339658e+00 1.265972e+00 4.811440e-04
<GCONST> 8.099925e+01
<MIXTURE> 7 5.475854e-03
<MEAN> 25
 9.083672e+00 1.647963e-01 -7.020549e+00 -9.146669e+00 -1.480851e+00 6.766548e+00 -5.627124e+00 -4.016935e+00 -6.181204e+00 2.413111e+00 4.681000e+00 -8.182025e-02 4.991547e-01 8.079048e-01 -1.904601e-01 -1.360656e+00 -7.321479e-01 1.373724e+00 1.882645e+00 1.444720e-02 -1.297019e+00 -1.108354e+00 2.899370e-01 1.216203e+00 -7.555493e-03
<VARIANCE> 25
 7.322008e+00 1.633372e+01 1.978646e+01 3.792034e+01 3.062299e+01 2.512009e+01 4.300895e+01 3.190039e+01 4.782753e+01 2.958236e+01 3.114649e+01 2.448767e+01 3.094906e-01 6.837193e-01 1.099423e+00 1.637105e+00 1.457593e+00 1.871512e+00 1.853365e+00 1.754089e+00 2.254933e+00 1.506600e+00 2.339658e+00 1.265972e+00 4.811440e-04
<GCONST> 8.099925e+01
<MIXTURE> 8 1.165917e-02
<MEAN> 25
 -4.689795e+00 1.309016e+00 1.271200e+00 9.369370e+00 6.550721e+00 6.219460e+00 6.410276e+00 5.599102e+00 6.755345e+00 5.618289e+00 6.583760e+00 3.149837e+00 -6.341403e-01 -1.408224e+00 -1.042704e+00 -1.723889e+00 -2.027931e-01 -9.439669e-01 -1.793223e-01 -3.020501e-01 -2.682975e-01 -1.133566e-01 -2.383771e-01 7.351889e-02 9.819458e-02
<VARIANCE> 25
 9.320977e+00 9.939836e+00 1.148010e+01 1.793853e+01 1.656847e+01 1.559107e+01 1.817212e+01 1.774904e+01 1.741325e+01 1.714526e+01 1.870093e+01 1.391048e+01 2.725319e+00 2.791327e+00 3.905210e+00 3.709148e+00 3.480627e+00 3.271610e+00 3.083843e+00 3.053100e+00 2.852216e+00 2.858450e+00 2.477717e+00 1.896752e+00 6.612060e-03
<GCONST> 8.639794e+01
<MIXTURE> 9 1.199672e-02
<MEAN> 25
 8.126092e+00 3.550011e+00 -4.081754e+00 -9.627364e+00 -3.587735e+00 4.519459e+00 -8.903631e-02 1.223069e-01 -7.598757e+00 -5.288599e-01 3.381189e-01 -1.479058e-01 1.555876e+00 2.668295e-02 -3.145640e-01 -1.981521e+00 -2.010356e+00 5.203648e-01 -8.398473e-01 -4.316840e-01 -1.543219e+00 -9.775619e-02 1.190185e+00 -1.034106e-01 6.615883e-02
<VARIANCE> 25
 9.480498e+00 1.361539e+01 2.578067e+01 3.275257e+01 3.637723e+01 1.925064e+01 3.506374e+01 4.044111e+01 3.985351e+01 2.779309e+01 2.736209e+01 1.781944e+01 1.346343e+00 1.976829e+00 3.142034e+00 3.844316e+00 4.014138e+00 2.621193e+00 3.959055e+00 4.601676e+00 5.553137e+00 3.364604e+00 2.996054e+00 1.948105e+00 1.569674e-03
<GCONST> 9.151510e+01
<MIXTURE> 10 6.596976e-03
<MEAN> 25
 8.154117e-01 7.588213e+00 5.361852e+00 7.005313e+00 1.594024e+00 -2.208757e+00 -5.144114e-01 -1.659339e+00 8.461964e-01 8.006044e-01 7.543325e-01 7.048305e-01 -1.920726e+00 -6.664914e-01 -4.570908e-01 2.992224e+00 2.417455e+00 2.713168e+00 2.347486e+00 2.264303e+00 1.865032e+00 1.500029e+00 2.338555e+00 5.168403e-01 -1.369216e-01
<VARIANCE> 25
 1.929402e+01 2.055721e+01 2.215589e+01 3.032750e+01 3.811531e+01 3.540639e+01 3.485811e+01 3.346722e+01 2.739709e+01 2.906024e+01 2.732538e+01 2.486930e+01 2.216939e+00 3.383557e+00 5.459227e+00 5.205705e+00 5.675825e+00 4.417648e+00 4.714273e+00 4.800537e+00 4.338022e+00 5.095462e+00 4.415903e+00 3.155019e+00 2.764562e-03
<GCONST> 9.745308e+01
<MIXTURE> 11 1.633820e-02
<MEAN> 25
 6.399408e+00 2.028886e+00 4.050885e+00 4.956794e+00 -2.873665e+00 -3.136476e+00 -1.544064e+00 -4.199232e+00 -4.316054e+00 8.183303e-01 -1.250262e+00 -1.309294e+00 -3.701792e-01 5.633301e-01 2.924312e-01 1.208034e-01 5.722387e-01 1.802396e-02 6.878509e-01 -3.975596e-01 1.766977e-01 -2.674955e-01 -1.284835e-01 4.984290e-01 -1.515096e-02
<VARIANCE> 25
 7.970319e+00 1.690633e+01 1.401732e+01 1.945265e+01 2.913934e+01 2.687874e+01 6.578598e+01 4.378154e+01 4.189732e+01 2.289862e+01 2.868939e+01 2.065919e+01 9.677344e-01 9.039688e-01 1.585226e+00 1.615855e+00 2.622763e+00 2.267648e+00 2.467686e+00 2.758616e+00 1.841391e+00 2.112693e+00 1.602617e+00 1.376114e+00 7.150553e-04
<GCONST> 8.375270e+01
<MIXTURE> 12 5.904134e-03
<MEAN> 25
 1.025515e+01 3.716702e+00 -4.733523e+00 -1.413488e+01 -8.624958e+00 7.989407e+00 2.311082e-01 -1.468785e+00 -4.318319e+00 -3.869915e+00 1.407913e+00 1.030966e+00 3.106179e-02 1.386449e-01 1.865392e-01 -3.174893e-01 -4.075868e-01 1.233086e-01 4.230092e-01 3.679199e-01 4.366138e-01 -4.442041e-01 -4.311276e-01 -2.202335e-02 -4.564307e-03
<VARIANCE> 25
 7.713268e+00 1.670980e+01 1.874433e+01 3.631384e+01 3.507081e+01 2.580812e+01 3.671706e+01 3.938690e+01 5.515787e+01 3.246420e+01 3.225519e+01 2.538436e+01 2.226259e-01 6.459047e-01 8.181245e-01 1.019636e+00 1.058155e+00 8.885937e-01 1.090433e+00 1.171989e+00 1.729207e+00 1.135228e+00 1.471619e+00 9.141849e-01 5.053306e-04
<GCONST> 7.705569e+01
<MIXTURE> 13 5.904134e-03
<MEAN> 25
 1.025515e+01 3.716702e+00 -4.733523e+00 -1.413488e+01 -8.624958e+00 7.989407e+00 2.311082e-01 -1.468785e+00 -4.318319e+00 -3.869915e+00 1.407913e+00 1.030966e+00 3.106179e-02 1.386449e-01 1.865392e-01 -3.174893e-01 -4.075868e-01 1.233086e-01 4.230092e-01 3.679199e-01 4.366138e-01 -4.442041e-01 -4.311276e-01 -2.202335e-02 -4.564307e-03
<VARIANCE> 25
 7.713268e+00 1.670980e+01 1.874433e+01 3.631384e+01 3.507081e+01 2.580812e+01 3.671706e+01 3.938690e+01 5.515787e+01 3.246420e+01 3.225519e+01 2.538436e+01 2.226259e-01 6.459047e-01 8.181245e-01 1.019636e+00 1.058155e+00 8.885937e-01 1.090433e+00 1.171989e+00 1.729207e+00 1.135228e+00 1.471619e+00 9.141849e-01 5.053306e-04
<GCONST> 7.705569e+01
<MIXTURE> 14 6.488954e-03
<MEAN> 25
 -4.277107e+00 -4.140970e-01 -3.055258e-01 8.758618e+00 7.465909e+00 7.322379e+00 7.769889e+00 7.239183e+00 7.296813e+00 5.162505e+00 6.824131e+00 4.080901e+00 -2.826621e-01 1.823432e-01 3.723486e-01 2.953694e-01 2.161602e-02 5.918536e-02 9.639227e-02 1.698655e-01 2.885968e-01 5.555895e-01 4.822528e-01 7.368594e-02 -8.944582e-03
<VARIANCE> 25
 9.354044e+00 1.376725e+01 1.841560e+01 1.916627e+01 2.096523e+01 1.960782e+01 2.148520e+01 2.093570e+01 2.023993e+01 2.415775e+01 2.137055e+01 1.592677e+01 9.554140e-01 1.627732e+00 1.760155e+00 1.942641e+00 2.257273e+00 2.268722e+00 2.231253e+00 2.223101e+00 2.279949e+00 2.554879e+00 2.257813e+00 1.802180e+00 1.053130e-03
<GCONST> 8.203671e+01
<MIXTURE> 15 2.475190e-03
<MEAN> 25
 -5.231643e+00 -6.756058e-01 -1.799971e-01 7.246618e+00 5.661810e+00 5.691214e+00 5.984123e+00 4.885117e+00 5.159000e+00 4.049848e+00 5.549665e+00 2.540257e+00 -1.202962e-01 -2.341365e-02 9.267190e-02 2.463603e-01 4.953146e-01 7.940493e-01 1.101136e+00 1.205392e+00 1.058590e+00 7.303751e-01 3.869410e-01 1.531564e-01 -2.191191e-04
<VARIANCE> 25
 8.646103e+00 5.537261e+00 8.881634e+00 1.324416e+01 1.397635e+01 1.417723e+01 1.493038e+01 1.517413e+01 1.401612e+01 1.442492e+01 1.527528e+01 1.228133e+01 1.226802e-01 2.063780e-01 3.412128e-01 4.946997e-01 6.895108e-01 7.843063e-01 7.941170e-01 8.114052e-01 8.950866e-01 1.038054e+00 1.111301e+00 1.024238e+00 2.838586e-05
<GCONST> 5.891541e+01
<MIXTURE> 16 2.475190e-03
<MEAN> 25
 -5.231643e+00 -6.756058e-01 -1.799971e-01 7.246618e+00 5.661810e+00 5.691214e+00 5.984123e+00 4.885117e+00 5.159000e+00 4.049848e+00 5.549665e+00 2.540257e+00 -1.202962e-01 -2.341365e-02 9.267190e-02 2.463603e-01 4.953146e-01 7.940493e-01 1.101136e+00 1.205392e+00 1.058590e+00 7.303751e-01 3.869410e-01 1.531564e-01 -2.191191e-04
<VARIANCE> 25
 8.646103e+00 5.537261e+00 8.881634e+00 1.324416e+01 1.397635e+01 1.417723e+01 1.493038e+01 1.517413e+01 1.401612e+01 1.442492e+01 1.527528e+01 1.228133e+01 1.226802e-01 2.063780e-01 3.412128e-01 4.946997e-01 6.895108e-01 7.843063e-01 7.941170e-01 8.114052e-01 8.950866e-01 1.038054e+00 1.111301e+00 1.024238e+00 2.838586e-05
<GCONST> 5.891541e+01
<MIXTURE> 17 9.518312e-03
<MEAN> 25
 3.502815e+00 -6.368925e-01 6.282866e+00 2.594703e+00 -5.403420e+00 -6.495979e+00 -3.314888e+00 4.326460e-01 -3.214559e+00 -2.891997e+00 2.099061e-01 -3.978708e-02 -6.650388e-01 -1.096409e+00 1.220957e+00 -1.780363e+00 -2.353257e+00 -1.228641e-01 1.093439e-01 8.435313e-01 -3.383790e-01 -2.496045e-01 8.764529e-01 4.487146e-01 7.504138e-02
<VARIANCE> 25
 1.537709e+01 2.788887e+01 2.904386e+01 3.719003e+01 4.325870e+01 4.597783e+01 4.316577e+01 3.186087e+01 3.993307e+01 2.756561e+01 2.564427e+01 2.777359e+01 1.883863e+00 2.448361e+00 3.704545e+00 3.308913e+00 3.669297e+00 5.031790e+00 4.530902e+00 4.363255e+00 3.883622e+00 3.536838e+00 3.031144e+00 2.515053e+00 2.150808e-03
<GCONST> 9.583100e+01
<MIXTURE> 18 1.221018e-02
<MEAN> 25
 3.868502e+00 4.176804e+00 6.466524e+00 4.772045e+00 -4.284299e+00 -7.681651e+00 -1.461018e+00 -1.809141e+00 -3.626595e+00 -1.892346e+00 -6.274667e-01 9.499718e-01 -9.572229e-01 2.033817e+00 -2.588120e-01 1.588757e+00 3.148393e+00 1.231128e+00 6.930938e-01 -3.201451e-01 7.201017e-01 5.198057e-01 -2.963011e-01 6.573690e-02 -1.070775e-01
<VARIANCE> 25
 1.521881e+01 2.278888e+01 3.072681e+01 2.323692e+01 3.531029e+01 3.087418e+01 4.035102e+01 3.311410e+01 3.913943e+01 3.142404e+01 2.864509e+01 2.847747e+01 2.906277e+00 2.708215e+00 4.071582e+00 4.402563e+00 4.153678e+00 4.514978e+00 4.576990e+00 4.051090e+00 4.134713e+00 3.972996e+00 4.234449e+00 3.239245e+00 4.564291e-03
<GCONST> 9.720592e+01
<MIXTURE> 19 9.912824e-03
<MEAN> 25
 -8.878345e+00 1.349388e+00 6.418623e-02 -6.163140e-01 2.718692e+00 1.736904e+00 2.994068e+00 1.256834e+00 2.016209e+00 7.120692e-01 -3.181639e-01 1.422412e+00 1.976156e+00 1.288260e+00 2.045806e+00 7.516598e-01 -1.251134e+00 -7.660411e-01 -1.389593e+00 -1.004549e+00 -1.527940e+00 -9.207599e-01 -2.994092e-01 -6.714574e-01 -3.918734e-03
<VARIANCE> 25
 5.521787e+01 2.547985e+01 4.638934e+01 4.286622e+01 3.480290e+01 2.794936e+01 3.028249e+01 2.397963e+01 2.692887e+01 2.864766e+01 2.494717e+01 1.517376e+01 2.447186e+00 1.923109e+00 2.244987e+00 1.621261e+00 2.280594e+00 2.293094e+00 2.293671e+00 2.778541e+00 1.933022e+00 1.610412e+00 2.557420e+00 1.839365e+00 2.183404e-03
<GCONST> 8.974805e+01
<MIXTURE> 20 6.308331e-03
<MEAN> 25
 -1.349500e+01 7.855889e+00 9.125550e-01 5.745045e+00 4.437396e+00 1.405272e+00 5.175460e+00 9.813591e-01 1.923235e+00 -5.165336e-01 2.751640e+00 5.834584e-02 -3.292023e+00 -5.756026e-01 -1.565016e+00 -2.302256e-03 1.498100e+00 2.261681e+00 1.815721e+00 1.904004e+00 2.162856e+00 1.688015e+00 1.555352e+00 6.532534e-01 5.032442e-02
<VARIANCE> 25
 1.815412e+01 2.474632e+01 3.348857e+01 3.182299e+01 2.817208e+01 2.961766e+01 2.507677e+01 3.226026e+01 2.654932e+01 3.233158e+01 2.407384e+01 2.148972e+01 2.170966e+00 2.185865e+00 2.060130e+00 2.777757e+00 2.341748e+00 2.184235e+00 2.125228e+00 2.116704e+00 2.241046e+00 2.622978e+00 1.901911e+00 1.990060e+00 1.706432e-03
<GCONST> 8.861855e+01
<MIXTURE> 21 7.928653e-03
<MEAN> 25
 4.205967e+00 -3.561064e+00 5.492476e+00 2.668378e-01 -9.293972e+00 -8.261932e+00 -2.922756e+00 4.007623e+00 -4.265379e+00 -2.376673e+00 1.606114e+00 -1.070331e-01 -6.743529e-01 1.214460e+00 2.554889e+00 9.205516e-02 -1.418438e+00 -3.811457e-02 1.171021e+00 -1.548628e+00 -1.847381e+00 -9.668989e-02 1.074668e+00 5.319504e-01 -1.147430e-02
<VARIANCE> 25
 7.357572e+00 1.782306e+01 2.517604e+01 3.390810e+01 2.947419e+01 2.762224e+01 3.936740e+01 3.338325e+01 5.565216e+01 2.883077e+01 3.469709e+01 1.925227e+01 3.115659e-01 8.131872e-01 1.642622e+00 1.152661e+00 1.912104e+00 2.546696e+00 4.156085e+00 2.315909e+00 2.129626e+00 2.734016e+00 2.359753e+00 2.094121e+00 3.635689e-04
<GCONST> 8.389334e+01
<MIXTURE> 22 8.827789e-03
<MEAN> 25
 -1.648835e+01 9.145148e+00 -5.971014e+00 6.583862e+00 4.148522e+00 9.496390e-01 8.097248e+00 -7.711089e-02 8.004635e+00 -8.479438e-01 4.185568e+00 -1.845735e-01 -3.467112e-01 -2.911189e-01 3.851626e-03 -2.945781e-01 -9.092337e-02 4.124097e-02 3.167413e-01 1.568629e-01 3.202930e-01 2.211343e-02 -2.733857e-01 6.245494e-01 6.901613e-03
<VARIANCE> 25
 6.399095e+00 1.288560e+01 1.291555e+01 1.758895e+01 1.411773e+01 2.028871e+01 1.533501e+01 1.321699e+01 1.642222e+01 2.367999e+01 1.596418e+01 1.834627e+01 8.879731e-01 1.229477e+00 1.223032e+00 1.361482e+00 9.112880e-01 1.823017e+00 1.508680e+00 9.831574e-01 1.305999e+00 1.488104e+00 1.201033e+00 1.813867e+00 1.436652e-03
<GCONST> 7.479427e+01
<MIXTURE> 23 6.455497e-03
<MEAN> 25
 7.319119e+00 1.757432e+00 2.250378e+00 2.204245e+00 -4.830119e+00 -2.662458e+00 -4.106067e+00 -4.270468e+00 -4.101539e+00 -1.159366e-01 -2.595865e+00 -1.791812e+00 2.996582e-02 1.440420e-01 6.213463e-02 6.721981e-02 1.196480e-01 3.415633e-02 1.009407e-01 -5.964013e-02 1.416040e-04 9.824391e-02 -6.162319e-02 -1.678348e-01 -4.919205e-03
<VARIANCE> 25
 9.673940e+00 1.902296e+01 2.410009e+01 3.200239e+01 3.154912e+01 4.704696e+01 5.812557e+01 5.300531e+01 4.715311e+01 4.159874e+01 4.260266e+01 3.327177e+01 1.289644e-01 2.724164e-01 4.120513e-01 4.926370e-01 6.372905e-01 7.020681e-01 8.382120e-01 9.238498e-01 7.862589e-01 8.715870e-01 7.201148e-01 9.329849e-01 7.964173e-05
<GCONST> 7.176705e+01
<MIXTURE> 24 6.455497e-03
<MEAN> 25
 7.319119e+00 1.757432e+00 2.250378e+00 2.204245e+00 -4.830119e+00 -2.662458e+00 -4.106067e+00 -4.270468e+00 -4.101539e+00 -1.159366e-01 -2.595865e+00 -1.791812e+00 2.996582e-02 1.440420e-01 6.213463e-02 6.721981e-02 1.196480e-01 3.415633e-02 1.009407e-01 -5.964013e-02 1.416040e-04 9.824391e-02 -6.162319e-02 -1.678348e-01 -4.919205e-03
<VARIANCE> 25
 9.673940e+00 1.902296e+01 2.410009e+01 3.200239e+01 3.154912e+01 4.704696e+01 5.812557e+01 5.300531e+01 4.715311e+01 4.159874e+01 4.260266e+01 3.327177e+01 1.289644e-01 2.724164e-01 4.120513e-01 4.926370e-01 6.372905e-01 7.020681e-01 8.382120e-01 9.238498e-01 7.862589e-01 8.715870e-01 7.201148e-01 9.329849e-01 7.964173e-05
<GCONST> 7.176705e+01
<MIXTURE> 25 1.118642e-02
<MEAN> 25
 2.711557e-01 3.299280e+00 1.581068e+01 -4.164504e-01 -9.472715e+00 -2.817260e+00 -4.549096e+00 -2.294774e+00 -7.485550e+00 -3.105930e+00 2.663324e+00 5.490694e-01 4.141865e-02 2.782251e-01 -3.559552e-02 3.740093e-01 -4.082439e-02 7.483624e-02 3.981995e-01 -1.314602e-01 -2.520501e-01 2.948106e-01 -3.784106e-02 -1.373321e-01 -1.129188e-02
<VARIANCE> 25
 5.945666e+00 1.252271e+01 1.557399e+01 1.959159e+01 2.179843e+01 2.778426e+01 1.901335e+01 2.162210e+01 1.811296e+01 3.144405e+01 1.608017e+01 2.177009e+01 5.829622e-01 1.179350e+00 1.235671e+00 1.290591e+00 1.761451e+00 1.769519e+00 1.053028e+00 1.216316e+00 1.469344e+00 1.407525e+00 1.234681e+00 1.476816e+00 7.882855e-04
<GCONST> 7.626406e+01
<MIXTURE> 26 7.727677e-03
<MEAN> 25
 2.158145e+00 -5.038796e+00 -8.293886e+00 -2.215236e+00 7.376924e+00 5.335014e+00 4.328223e+00 -4.328179e-01 7.206585e-01 4.052292e-03 -2.314531e+00 -7.542512e-01 -5.493547e-01 6.158132e-01 3.213752e-01 5.971644e-01 1.956985e-01 1.894236e-01 2.804997e-01 2.440840e-01 2.952492e-01 3.343623e-02 1.708055e-01 4.495673e-01 -4.556997e-02
<VARIANCE> 25
 1.973046e+01 2.730358e+01 2.711936e+01 5.053006e+01 3.282204e+01 4.044449e+01 4.994670e+01 3.489955e+01 4.121241e+01 4.464250e+01 3.602192e+01 3.992899e+01 1.826074e+00 1.532062e+00 1.902473e+00 1.774419e+00 2.509381e+00 2.620359e+00 2.331901e+00 2.446589e+00 2.466210e+00 2.255244e+00 2.314342e+00 1.994023e+00 2.768904e-03
<GCONST> 9.212809e+01
<MIXTURE> 27 7.727677e-03
<MEAN> 25
 2.158145e+00 -5.038796e+00 -8.293886e+00 -2.215236e+00 7.376924e+00 5.335014e+00 4.328223e+00 -4.328179e-01 7.206585e-01 4.052292e-03 -2.314531e+00 -7.542512e-01 -5.493547e-01 6.158132e-01 3.213752e-01 5.971644e-01 1.956985e-01 1.894236e-01 2.804997e-01 2.440840e-01 2.952492e-01 3.343623e-02 1.708055e-01 4.495673e-01 -4.556997e-02
<VARIANCE> 25
 1.973046e+01 2.730358e+01 2.711936e+01 5.053006e+01 3.282204e+01 4.044449e+01 4.994670e+01 3.489955e+01 4.121241e+01 4.464250e+01 3.602192e+01 3.992899e+01 1.826074e+00 1.532062e+00 1.902473e+00 1.774419e+00 2.509381e+00 2.620359e+00 2.331901e+00 2.446589e+00 2.466210e+00 2.255244e+00 2.314342e+00 1.994023e+00 2.768904e-03
<GCONST> 9.212809e+01
<MIXTURE> 28 5.036674e-03
<MEAN> 25
 -5.418733e+00 -2.147698e-03 -1.556163e+00 6.564076e+00 5.207746e+00 3.495285e+00 5.405380e+00 3.118693e+00 3.971088e+00 2.335588e+00 2.590113e+00 3.213549e+00 -1.171817e-01 2.193507e-01 5.262654e-01 7.798797e-01 8.214138e-01 6.986303e-01 5.327335e-01 3.939536e-01 4.410057e-01 4.800617e-01 3.696182e-01 1.907807e-01 -1.441117e-07
<VARIANCE> 25
 1.049721e+01 8.308702e+00 1.211522e+01 1.511078e+01 1.472524e+01 1.769045e+01 1.793897e+01 1.901724e+01 1.735162e+01 1.702179e+01 2.080918e+01 1.490482e+01 2.573191e-01 3.361779e-01 4.057237e-01 4.646173e-01 6.186002e-01 8.498620e-01 1.063548e+00 1.139045e+00 1.103283e+00 1.033857e+00 1.030216e+00 1.070707e+00 1.019616e-06
<GCONST> 6.031160e+01
<MIXTURE> 29 5.036674e-03
<MEAN> 25
 -5.418733e+00 -2.147698e-03 -1.556163e+00 6.564076e+00 5.207746e+00 3.495285e+00 5.405380e+00 3.118693e+00 3.971088e+00 2.335588e+00 2.590113e+00 3.213549e+00 -1.171817e-01 2.193507e-01 5.262654e-01 7.798797e-01 8.214138e-01 6.986303e-01 5.327335e-01 3.939536e-01 4.410057e-01 4.800617e-01 3.696182e-01 1.907807e-01 -1.441117e-07
<VARIANCE> 25
 1.049721e+01 8.308702e+00 1.211522e+01 1.511078e+01 1.472524e+01 1.769045e+01 1.793897e+01 1.901724e+01 1.735162e+01 1.702179e+01 2.080918e+01 1.490482e+01 2.573191e-01 3.361779e-01 4.057237e-01 4.646173e-01 6.186002e-01 8.498620e-01 1.063548e+00 1.139045e+00 1.103283e+00 1.033857e+00 1.030216e+00 1.070707e+00 1.019616e-06
<GCONST> 6.031160e+01
<MIXTURE> 30 8.917812e-03
<MEAN> 25
 -4.470912e+00 -2.189998e-01 6.443542e-01 8.997716e+00 7.750587e+00 7.479771e+00 7.562459e+00 6.841077e+00 6.579779e+00 4.791239e+00 6.907668e+00 3.463177e+00 -2.241345e-02 3.162704e-02 5.716002e-02 9.177043e-02 7.875291e-02 4.316838e-02 7.278775e-03 -3.000599e-03 1.747121e-02 5.321684e-02 6.413373e-02 3.388503e-02 -5.146927e-04
<VARIANCE> 25
 6.946367e+00 9.803493e+00 1.031121e+01 1.430323e+01 1.569180e+01 1.638115e+01 1.901984e+01 1.825418e+01 1.633567e+01 1.907587e+01 2.192589e+01 1.437161e+01 9.711291e-02 1.991005e-01 3.248953e-01 4.792807e-01 6.146631e-01 7.219355e-01 7.741795e-01 8.157007e-01 8.691953e-01 9.291205e-01 9.178411e-01 8.725417e-01 5.112321e-05
<GCONST> 6.066069e+01
<MIXTURE> 31 4.136493e-03
<MEAN> 25
 -2.780252e+00 -5.621981e+00 -3.639651e-02 4.557032e+00 3.272514e+00 1.900117e+00 4.146376e+00 5.497640e+00 3.951974e+00 6.517803e-01 5.338521e+00 2.836994e+00 2.635284e-01 4.315453e-01 -2.034360e-01 2.191114e-01 1.740781e-01 4.617768e-01 1.963943e-01 -1.047000e-01 4.136154e-01 2.848907e-01 6.779233e-02 1.376975e-01 -1.915560e-02
<VARIANCE> 25
 8.070341e+00 1.372867e+01 1.476592e+01 1.760043e+01 2.195117e+01 2.165956e+01 2.623968e+01 2.659906e+01 2.784321e+01 2.715390e+01 2.147715e+01 1.691120e+01 1.807931e-01 4.406639e-01 6.542554e-01 8.241169e-01 9.680083e-01 1.187141e+00 1.283871e+00 1.309917e+00 1.310272e+00 1.238331e+00 1.144885e+00 1.217281e+00 2.240683e-04
<GCONST> 7.137401e+01
<MIXTURE> 32 4.136493e-03
<MEAN> 25
 -2.780252e+00 -5.621981e+00 -3.639651e-02 4.557032e+00 3.272514e+00 1.900117e+00 4.146376e+00 5.497640e+00 3.951974e+00 6.517803e-01 5.338521e+00 2.836994e+00 2.635284e-01 4.315453e-01 -2.034360e-01 2.191114e-01 1.740781e-01 4.617768e-01 1.963943e-01 -1.047000e-01 4.136154e-01 2.848907e-01 6.779233e-02 1.376975e-01 -1.915560e-02
<VARIANCE> 25
 8.070341e+00 1.372867e+01 1.476592e+01 1.760043e+01 2.195117e+01 2.165956e+01 2.623968e+01 2.659906e+01 2.784321e+01 2.715390e+01 2.147715e+01 1.691120e+01 1.807931e-01 4.406639e-01 6.542554e-01 8.241169e-01 9.680083e-01 1.187141e+00 1.283871e+00 1.309917e+00 1.310272e+00 1.238331e+00 1.144885e+00 1.217281e+00 2.240683e-04
<GCONST> 7.137401e+01
<MIXTURE> 33 1.508826e-02
<MEAN> 25
 5.242351e+00 -3.472048e+00 -1.973690e+00 -2.597828e+00 -2.647469e-01 -4.066021e+00 -6.361004e+00 1.186425e+00 1.717191e+00 7.138093e-01 -4.121272e+00 -3.034441e+00 7.365928e-01 -1.204549e+00 -2.385800e+00 -1.892105e+00 1.157275e+00 1.440292e+00 -6.762580e-01 1.173912e+00 5.989168e-01 7.558728e-01 -5.766037e-02 -1.099091e+00 3.378087e-02
<VARIANCE> 25
 1.170448e+01 1.765199e+01 2.415284e+01 3.244888e+01 3.834005e+01 4.091105e+01 3.869224e+01 3.591063e+01 3.373315e+01 4.280244e+01 2.772669e+01 2.608196e+01 1.201494e+00 1.761711e+00 1.992399e+00 2.003499e+00 4.025224e+00 3.126537e+00 3.537587e+00 5.238478e+00 3.550721e+00 3.299326e+00 3.234819e+00 2.626714e+00 1.302648e-03
<GCONST> 9.193837e+01
<MIXTURE> 34 1.588179e-02
<MEAN> 25
 8.323578e+00 -1.051267e+00 -2.315361e-01 1.676028e+00 -2.189409e+00 -1.349527e+00 -5.238258e+00 -4.095644e+00 -2.212429e+00 1.228896e+00 -1.980856e+00 -3.482742e+00 -1.383177e-01 1.250182e+00 1.484721e+00 2.014245e+00 -7.422184e-02 -3.254699e-01 1.065883e+00 -1.840899e+00 -3.482096e-01 -2.060565e-01 -4.299912e-01 4.699897e-01 -5.448277e-02
<VARIANCE> 25
 7.340178e+00 2.923401e+01 2.705005e+01 4.149617e+01 3.600719e+01 3.812533e+01 5.032243e+01 4.723635e+01 4.581236e+01 3.616410e+01 3.939513e+01 2.550103e+01 1.367280e+00 1.689652e+00 3.413839e+00 3.612344e+00 5.215220e+00 4.746631e+00 4.764593e+00 5.649389e+00 5.980118e+00 4.494579e+00 5.275384e+00 3.697540e+00 1.180116e-03
<GCONST> 9.703329e+01
<MIXTURE> 35 1.467755e-02
<MEAN> 25
 -2.481436e+00 -4.336343e+00 -7.013249e+00 -1.477351e+00 9.057356e+00 5.021402e-01 1.236871e+00 1.906435e+00 2.517158e+00 4.217975e+00 -6.738704e-01 8.143715e-01 4.983132e-01 -7.475631e-01 -9.974561e-01 -1.154472e+00 3.956720e-01 -5.395668e-01 -6.167184e-01 2.341280e-02 -7.540452e-01 6.702048e-01 -6.625171e-01 -8.190264e-01 8.107140e-02
<VARIANCE> 25
 1.669054e+01 2.122768e+01 4.034237e+01 4.683784e+01 3.291919e+01 4.409091e+01 4.668468e+01 3.559002e+01 3.809768e+01 2.794412e+01 3.329469e+01 3.340228e+01 3.214115e+00 2.685377e+00 4.907105e+00 4.250155e+00 6.234378e+00 4.923863e+00 4.175458e+00 4.129380e+00 4.316521e+00 3.753382e+00 3.711573e+00 3.128965e+00 4.673615e-03
<GCONST> 9.937730e+01
<MIXTURE> 36 1.093293e-02
<MEAN> 25
 4.663335e+00 -2.433762e+00 5.544761e+00 4.247037e+00 -7.828139e+00 -6.949219e+00 -6.755706e+00 2.968001e+00 -2.838733e+00 -2.986979e+00 1.259286e+00 7.525358e-01 3.316350e-01 1.659043e-01 -9.572437e-01 -4.757992e-02 9.354067e-01 3.726852e-02 -5.318248e-01 9.464861e-03 2.656365e-01 5.521389e-01 -3.471192e-01 -3.296882e-01 -9.459824e-03
<VARIANCE> 25
 6.765588e+00 1.288684e+01 1.817451e+01 2.155236e+01 2.439004e+01 2.006416e+01 5.071320e+01 2.473867e+01 5.631321e+01 2.217764e+01 2.310700e+01 2.264591e+01 4.173041e-01 6.094776e-01 1.919165e+00 1.019941e+00 1.721589e+00 2.139732e+00 2.246711e+00 1.816457e+00 2.586169e+00 1.477483e+00 1.080155e+00 1.460090e+00 6.330428e-04
<GCONST> 7.954726e+01
<MIXTURE> 37 1.246826e-02
<MEAN> 25
 5.208981e-01 7.683869e+00 1.201467e+01 -5.348045e+00 -7.926830e+00 -1.162495e+00 -4.979280e+00 -8.184732e+00 -3.815187e+00 -9.175918e-01 -3.558570e+00 -1.217200e+00 1.466196e-01 6.755639e-01 -1.361070e+00 3.522857e+00 1.968523e+00 -3.055281e-01 1.085722e+00 4.221542e-01 5.708437e-01 -3.220709e-01 5.139684e-01 -1.124909e-01 -9.268780e-02
<VARIANCE> 25
 1.572495e+01 2.571290e+01 3.042096e+01 5.151841e+01 3.378528e+01 3.173919e+01 4.363251e+01 3.491581e+01 3.843034e+01 3.557051e+01 3.737870e+01 3.058336e+01 2.972519e+00 3.399232e+00 2.970213e+00 4.130497e+00 4.525348e+00 3.727491e+00 4.123695e+00 3.729054e+00 3.463862e+00 3.548856e+00 3.845496e+00 2.784712e+00 4.014345e-03
<GCONST> 9.761497e+01
<MIXTURE> 38 1.154525e-02
<MEAN> 25
 -4.165437e+00 7.481222e+00 4.401782e+00 3.164122e+00 1.278626e-01 -4.581652e+00 -1.737448e+00 -2.773947e+00 -1.357840e+00 -1.714105e+00 -7.749562e-01 3.126834e-01 -4.147753e+00 1.408247e+00 -4.677950e-01 7.502272e-01 1.593578e+00 1.211719e+00 2.166736e+00 4.941460e-01 2.028042e+00 -3.046692e-01 2.664404e-01 3.231434e-01 4.024120e-02
<VARIANCE> 25
 2.685610e+01 2.492867e+01 2.968522e+01 2.070640e+01 3.962854e+01 3.499611e+01 2.697439e+01 2.861062e+01 3.176171e+01 3.149694e+01 2.057601e+01 2.073016e+01 2.242391e+00 2.629740e+00 3.914413e+00 3.810237e+00 3.786888e+00 4.705894e+00 3.823912e+00 3.377948e+00 4.477701e+00 5.262725e+00 3.228140e+00 2.602170e+00 1.467444e-03
<GCONST> 9.440131e+01
<MIXTURE> 39 9.501865e-03
<MEAN> 25
 1.342198e+00 2.578090e+00 1.018282e+01 -9.128320e+00 -1.120795e+01 -1.015116e+00 -2.973911e+00 -6.542017e+00 -4.490477e+00 8.662137e-01 -3.667924e+00 -2.277113e+00 -7.321954e-01 1.519221e+00 1.615627e+00 -1.380688e+00 8.177355e-02 1.222540e+00 -1.173685e+00 -1.255338e+00 4.287820e-01 4.456244e-01 -5.029060e-01 1.266320e-01 1.178563e-03
<VARIANCE> 25
 8.942946e+00 3.004282e+01 3.168686e+01 3.908131e+01 3.785562e+01 4.255368e+01 4.454186e+01 3.362755e+01 3.996575e+01 3.304282e+01 3.599694e+01 2.936063e+01 6.974030e-01 1.544248e+00 1.519400e+00 2.920955e+00 2.420615e+00 2.813642e+00 3.124040e+00 2.758879e+00 2.430079e+00 2.611682e+00 2.118568e+00 2.071708e+00 1.182061e-03
<GCONST> 8.973055e+01
<MIXTURE> 40 1.030800e-02
<MEAN> 25
 -8.454222e+00 1.926200e+00 -9.011412e-01 7.721551e+00 3.544503e+00 5.405873e+00 5.276615e+00 4.175822e+00 4.940655e+00 3.596111e+00 5.352595e+00 1.372417e+00 -1.192074e-01 -2.693155e-01 -6.824517e-02 -2.569616e-01 -8.057520e-02 -8.751392e-02 9.792343e-02 5.072606e-02 1.465830e-01 -5.540862e-02 -1.500247e-02 9.132620e-02 1.444782e-03
<VARIANCE> 25
 4.841343e+01 2.088668e+01 2.867376e+01 2.752788e+01 2.509435e+01 1.830415e+01 1.885538e+01 1.806575e+01 1.746597e+01 2.047287e+01 1.901177e+01 1.521302e+01 6.941270e-01 7.156031e-01 8.697377e-01 1.084742e+00 1.106607e+00 1.211261e+00 1.311991e+00 1.278981e+00 1.521438e+00 1.213556e+00 1.184421e+00 1.162156e+00 8.928273e-04
<GCONST> 7.700839e+01
<MIXTURE> 41 6.713375e-03
<MEAN> 25
 1.257716e+00 1.750951e+00 1.040750e+01 -6.887870e+00 -1.038600e+01 -3.826107e+00 -2.406039e+00 -4.939564e+00 -4.682566e+00 2.712253e+00 -1.727015e+00 -9.514309e-01 7.621616e-02 -7.557746e-01 1.686581e+00 -3.505262e+00 -2.481143e+00 -1.056429e-01 -5.012289e-01 -3.756092e-01 -8.539392e-01 1.077505e+00 -1.037317e+00 8.232804e-02 8.585818e-02
<VARIANCE> 25
 1.215172e+01 2.954305e+01 3.281132e+01 4.015112e+01 3.898718e+01 3.995718e+01 3.806907e+01 3.053415e+01 3.297319e+01 2.885675e+01 3.160349e+01 2.705085e+01 3.181560e+00 3.278295e+00 3.796126e+00 3.993803e+00 4.984170e+00 5.842724e+00 4.686110e+00 4.628870e+00 4.002910e+00 4.187041e+00 3.820152e+00 3.197005e+00 2.919614e-03
<GCONST> 9.802901e+01
<MIXTURE> 42 1.106211e-02
<MEAN> 25
 -2.001776e+00 3.266249e+00 4.432341e+00 2.561770e+00 -4.220406e-01 -4.898997e+00 -1.788464e+00 -1.541301e+00 4.756048e-02 -9.977357e-01 -2.069478e+00 4.043919e-01 3.941042e+00 -4.355852e-01 1.487185e+00 2.092398e-01 -2.047058e+00 -6.708540e-01 -2.368619e+00 -3.069757e-01 -1.559338e+00 -7.477196e-02 5.373542e-01 -3.358349e-01 -5.171024e-03
<VARIANCE> 25
 2.831226e+01 1.847985e+01 3.598796e+01 2.043113e+01 3.003269e+01 3.287361e+01 3.170058e+01 1.980603e+01 2.697305e+01 2.477283e+01 1.474224e+01 1.810948e+01 2.766561e+00 3.783186e+00 5.859513e+00 3.092544e+00 3.859514e+00 3.938139e+00 4.095926e+00 4.280154e+00 4.804389e+00 3.566285e+00 3.188781e+00 3.117227e+00 3.080900e-03
<GCONST> 9.442173e+01
<MIXTURE> 43 7.108249e-03
<MEAN> 25
 3.087902e+00 -6.065646e+00 -2.321520e+00 -5.294248e+00 -6.910253e+00 -3.196826e+00 4.329805e+00 1.309419e+00 -5.181112e+00 -6.697374e+00 -4.363139e+00 -1.267158e+00 2.554562e-01 2.112679e+00 1.855618e+00 -1.251577e-01 -1.453437e+00 -7.295756e-01 -9.666747e-01 -7.221915e-01 7.941997e-01 1.369539e+00 3.704742e-01 1.782936e-02 -4.414584e-02
<VARIANCE> 25
 9.590479e+00 2.018582e+01 2.683716e+01 3.518769e+01 4.358250e+01 3.724166e+01 3.318358e+01 3.859069e+01 4.021939e+01 4.131482e+01 2.600208e+01 2.845201e+01 7.195047e-01 1.276468e+00 1.620759e+00 2.398360e+00 2.389821e+00 2.474891e+00 2.630498e+00 3.113182e+00 2.565537e+00 2.757190e+00 2.277014e+00 1.909974e+00 9.509802e-04
<GCONST> 8.825341e+01
<MIXTURE> 44 7.328289e-03
<MEAN> 25
 -1.408394e+01 1.565458e+00 4.414382e+00 -2.921153e+00 6.473650e-01 3.056397e+00 1.104596e-03 4.903768e-01 4.361185e+00 -2.202728e+00 1.785367e-01 9.060619e-01 -2.350681e-01 -2.776165e-01 1.616469e-01 6.166322e-01 -3.759282e-01 -1.738966e-01 5.793076e-02 -1.799554e-02 8.041555e-02 -1.589901e-01 5.426586e-02 -4.005879e-02 4.455109e-03
<VARIANCE> 25
 4.323121e+01 1.993505e+01 2.731951e+01 2.520943e+01 5.511252e+01 3.675377e+01 2.558275e+01 3.104877e+01 3.297506e+01 2.826083e+01 2.014135e+01 1.490984e+01 1.258796e+00 1.168831e+00 1.184674e+00 1.415681e+00 2.378786e+00 1.947830e+00 1.649142e+00 2.072477e+00 1.670428e+00 1.152067e+00 1.426671e+00 1.059083e+00 1.319070e-03
<GCONST> 8.417601e+01
<MIXTURE> 45 1.364932e-02
<MEAN> 25
 -1.030839e+01 4.279335e+00 -1.126074e+00 1.461511e+00 4.603786e+00 -7.958256e-01 4.457280e+00 1.091998e+00 5.437614e+00 -4.925396e-01 1.828475e+00 8.064903e-01 -3.068855e+00 1.252622e+00 -8.874028e-01 -2.974755e-01 7.067687e-02 -6.323446e-02 5.381665e-01 -4.743227e-01 9.858050e-02 -3.302589e-01 3.152368e-01 -1.263595e-01 1.018267e-01
<VARIANCE> 25
 3.437304e+01 2.993148e+01 2.670642e+01 2.317383e+01 2.575770e+01 2.828275e+01 1.919867e+01 1.829943e+01 2.077045e+01 2.289914e+01 1.856446e+01 1.525679e+01 1.885923e+00 2.676430e+00 1.929405e+00 3.908767e+00 2.042600e+00 2.665213e+00 1.524927e+00 1.935757e+00 1.830568e+00 1.714764e+00 1.589237e+00 1.571659e+00 2.793539e-03
<GCONST> 8.616976e+01
<MIXTURE> 46 9.336259e-03
<MEAN> 25
 -9.210133e+00 1.722543e+00 1.289279e+00 6.637138e+00 5.748679e+00 3.273552e+00 6.188043e+00 4.063060e+00 5.691262e+00 4.146668e+00 4.721559e+00 2.214487e+00 1.154135e+00 -2.630691e-01 -5.842007e-02 9.823860e-01 5.275660e-01 9.641610e-01 2.761432e-01 6.730510e-01 2.312823e-01 5.502055e-01 6.064515e-01 4.740640e-01 -9.722536e-02
<VARIANCE> 25
 3.320554e+01 4.219276e+01 3.655317e+01 5.106853e+01 5.597034e+01 3.754414e+01 4.331113e+01 3.494843e+01 3.225693e+01 3.218312e+01 2.728587e+01 2.308054e+01 3.898557e+00 3.795932e+00 3.703844e+00 3.754674e+00 4.725791e+00 3.775633e+00 3.311049e+00 3.186012e+00 3.284641e+00 2.796868e+00 2.179457e+00 1.766714e+00 7.783365e-03
<GCONST> 9.836170e+01
<MIXTURE> 47 7.116147e-03
<MEAN> 25
 7.004116e+00 -7.180465e+00 -7.146147e+00 -5.949728e+00 1.644600e+00 1.031265e+00 -2.609384e+00 1.455906e+00 2.722594e+00 7.877383e-01 -4.076895e+00 -6.197039e+00 -8.747394e-02 -1.198896e+00 -7.304116e-01 -4.839482e-01 6.675901e-01 6.875240e-01 9.104627e-01 4.086816e-01 -4.049676e-02 -7.612910e-01 -4.361682e-01 -4.041374e-01 2.759381e-02
<VARIANCE> 25
 1.163397e+01 2.063415e+01 2.067073e+01 3.178427e+01 3.571092e+01 4.934435e+01 4.396111e+01 3.773624e+01 4.310872e+01 4.525824e+01 4.475818e+01 3.197957e+01 7.063645e-01 8.010390e-01 1.098506e+00 1.623209e+00 1.815652e+00 2.377271e+00 2.105921e+00 2.286595e+00 2.577883e+00 2.097216e+00 2.023180e+00 1.959565e+00 5.343588e-04
<GCONST> 8.621980e+01
<MIXTURE> 48 7.116147e-03
<MEAN> 25
 7.004116e+00 -7.180465e+00 -7.146147e+00 -5.949728e+00 1.644600e+00 1.031265e+00 -2.609384e+00 1.455906e+00 2.722594e+00 7.877383e-01 -4.076895e+00 -6.197039e+00 -8.747394e-02 -1.198896e+00 -7.304116e-01 -4.839482e-01 6.675901e-01 6.875240e-01 9.104627e-01 4.086816e-01 -4.049676e-02 -7.612910e-01 -4.361682e-01 -4.041374e-01 2.759381e-02
<VARIANCE> 25
 1.163397e+01 2.063415e+01 2.067073e+01 3.178427e+01 3.571092e+01 4.934435e+01 4.396111e+01 3.773624e+01 4.310872e+01 4.525824e+01 4.475818e+01 3.197957e+01 7.063645e-01 8.010390e-01 1.098506e+00 1.623209e+00 1.815652e+00 2.377271e+00 2.105921e+00 2.286595e+00 2.577883e+00 2.097216e+00 2.023180e+00 1.959565e+00 5.343588e-04
<GCONST> 8.621980e+01
<MIXTURE> 49 5.548473e-03
<MEAN> 25
 -4.834035e+00 2.516352e-01 2.321093e-01 7.706317e+00 6.081805e+00 5.514013e+00 5.831363e+00 4.426791e+00 5.456905e+00 3.410639e+00 4.630770e+00 2.641258e+00 3.847416e-01 6.367474e-01 7.095901e-01 4.074639e-01 -1.727315e-01 -6.754009e-01 -9.646034e-01 -1.112745e+00 -9.609379e-01 -6.680175e-01 -5.129265e-01 -2.038922e-01 2.195667e-04
<VARIANCE> 25
 9.920588e+00 9.562162e+00 1.391067e+01 2.324482e+01 1.534978e+01 1.628607e+01 1.976080e+01 1.897389e+01 2.297536e+01 1.826224e+01 2.083288e+01 1.441794e+01 2.717230e-01 2.591374e-01 3.427672e-01 6.187320e-01 8.408289e-01 9.681476e-01 9.792573e-01 9.925887e-01 1.090469e+00 1.151922e+00 1.211169e+00 1.317051e+00 1.566906e-05
<GCONST> 6.466345e+01
<MIXTURE> 50 6.234641e-03
<MEAN> 25
 -4.574192e+00 1.118219e-01 -1.408043e+00 6.018501e+00 4.175186e+00 2.131009e+00 3.669761e+00 2.095958e+00 2.936296e+00 1.188148e+00 2.103629e+00 2.744633e+00 5.768841e-02 1.718903e-01 8.258627e-02 -1.804582e-01 -5.115253e-01 -6.440263e-01 -4.106449e-01 -1.505475e-02 4.580799e-01 7.533288e-01 7.205111e-01 4.007144e-01 -3.235641e-05
<VARIANCE> 25
 1.045857e+01 1.084326e+01 1.397841e+01 1.595679e+01 1.497026e+01 1.872610e+01 1.807643e+01 1.937565e+01 1.873054e+01 1.823236e+01 2.102745e+01 1.506102e+01 1.437426e-01 2.389183e-01 3.744808e-01 5.047213e-01 5.877804e-01 7.659468e-01 9.393749e-01 1.136043e+00 1.046341e+00 8.948337e-01 9.110935e-01 1.047451e+00 1.016795e-06
<GCONST> 5.948941e+01
<MIXTURE> 51 6.234641e-03
<MEAN> 25
 -4.574192e+00 1.118219e-01 -1.408043e+00 6.018501e+00 4.175186e+00 2.131009e+00 3.669761e+00 2.095958e+00 2.936296e+00 1.188148e+00 2.103629e+00 2.744633e+00 5.768841e-02 1.718903e-01 8.258627e-02 -1.804582e-01 -5.115253e-01 -6.440263e-01 -4.106449e-01 -1.505475e-02 4.580799e-01 7.533288e-01 7.205111e-01 4.007144e-01 -3.235641e-05
<VARIANCE> 25
 1.045857e+01 1.084326e+01 1.397841e+01 1.595679e+01 1.497026e+01 1.872610e+01 1.807643e+01 1.937565e+01 1.873054e+01 1.823236e+01 2.102745e+01 1.506102e+01 1.437426e-01 2.389183e-01 3.744808e-01 5.047213e-01 5.877804e-01 7.659468e-01 9.393749e-01 1.136043e+00 1.046341e+00 8.948337e-01 9.110935e-01 1.047451e+00 1.016795e-06
<GCONST> 5.948941e+01
<MIXTURE> 52 6.367945e-03
<MEAN> 25
 9.373124e+00 1.367133e+00 -6.164902e+00 -1.145258e+01 -5.010843e+00 8.647654e+00 -8.667688e-01 -2.780903e+00 -7.466969e+00 -9.433810e-01 3.996037e+00 9.487267e-01 -3.373449e-01 -6.020094e-01 -3.448612e-01 1.099472e+00 1.313758e+00 -2.550444e-01 -1.039192e+00 -6.833160e-01 3.570816e-01 1.191703e+00 6.376901e-01 -6.949193e-01 -4.938372e-03
<VARIANCE> 25
 7.389886e+00 1.438312e+01 1.931505e+01 3.702761e+01 3.286427e+01 2.249819e+01 4.324053e+01 3.287846e+01 4.462327e+01 3.309258e+01 2.742040e+01 2.154927e+01 3.724700e-01 1.060937e+00 1.285176e+00 2.232219e+00 2.089820e+00 2.382041e+00 3.430741e+00 2.299057e+00 3.425227e+00 1.967837e+00 2.396199e+00 1.960861e+00 1.225491e-03
<GCONST> 8.527695e+01
<MIXTURE> 53 6.367945e-03
<MEAN> 25
 9.373124e+00 1.367133e+00 -6.164902e+00 -1.145258e+01 -5.010843e+00 8.647654e+00 -8.667688e-01 -2.780903e+00 -7.466969e+00 -9.433810e-01 3.996037e+00 9.487267e-01 -3.373449e-01 -6.020094e-01 -3.448612e-01 1.099472e+00 1.313758e+00 -2.550444e-01 -1.039192e+00 -6.833160e-01 3.570816e-01 1.191703e+00 6.376901e-01 -6.949193e-01 -4.938372e-03
<VARIANCE> 25
 7.389886e+00 1.438312e+01 1.931505e+01 3.702761e+01 3.286427e+01 2.249819e+01 4.324053e+01 3.287846e+01 4.462327e+01 3.309258e+01 2.742040e+01 2.154927e+01 3.724700e-01 1.060937e+00 1.285176e+00 2.232219e+00 2.089820e+00 2.382041e+00 3.430741e+00 2.299057e+00 3.425227e+00 1.967837e+00 2.396199e+00 1.960861e+00 1.225491e-03
<GCONST> 8.527695e+01
<MIXTURE> 54 7.368620e-03
<MEAN> 25
 -3.631576e+00 4.511307e-02 -6.840940e-01 8.019285e+00 6.479936e+00 4.617675e+00 4.668399e+00 4.595666e+00 4.062474e+00 3.580019e+00 4.448967e+00 2.327424e+00 -2.858043e-03 2.636329e-02 3.319205e-02 4.722882e-02 5.158708e-02 4.637254e-02 3.943059e-02 2.972478e-02 3.031689e-02 2.517558e-02 1.439960e-02 1.265096e-03 -1.397316e-05
<VARIANCE> 25
 9.124398e+00 1.035646e+01 9.286443e+00 1.831915e+01 1.330938e+01 1.354792e+01 1.198573e+01 1.128144e+01 1.137114e+01 1.362936e+01 1.781153e+01 1.251888e+01 4.115737e-02 8.727668e-02 1.545404e-01 2.264850e-01 3.082542e-01 3.974474e-01 4.609630e-01 5.214868e-01 5.427824e-01 5.203329e-01 5.139263e-01 5.159643e-01 1.003936e-06
<GCONST> 4.727421e+01
<MIXTURE> 55 7.368620e-03
<MEAN> 25
 -3.631576e+00 4.511307e-02 -6.840940e-01 8.019285e+00 6.479936e+00 4.617675e+00 4.668399e+00 4.595666e+00 4.062474e+00 3.580019e+00 4.448967e+00 2.327424e+00 -2.858043e-03 2.636329e-02 3.319205e-02 4.722882e-02 5.158708e-02 4.637254e-02 3.943059e-02 2.972478e-02 3.031689e-02 2.517558e-02 1.439960e-02 1.265096e-03 -1.397316e-05
<VARIANCE> 25
 9.124398e+00 1.035646e+01 9.286443e+00 1.831915e+01 1.330938e+01 1.354792e+01 1.198573e+01 1.128144e+01 1.137114e+01 1.362936e+01 1.781153e+01 1.251888e+01 4.115737e-02 8.727668e-02 1.545404e-01 2.264850e-01 3.082542e-01 3.974474e-01 4.609630e-01 5.214868e-01 5.427824e-01 5.203329e-01 5.139263e-01 5.159643e-01 1.003936e-06
<GCONST> 4.727421e+01
<MIXTURE> 56 6.132464e-03
<MEAN> 25
 7.287207e+00 -6.630908e+00 -8.799975e+00 -8.316857e+00 4.128316e+00 4.058986e+00 -2.100797e+00 -8.851725e-01 3.784584e-01 1.949982e+00 -2.932415e+00 -6.183054e+00 -4.354173e-04 3.318088e-02 -1.995740e-01 -3.781338e-02 1.592335e-01 1.419029e-01 2.466739e-01 -1.761561e-01 -1.085720e-01 -7.488615e-02 7.938039e-02 9.035457e-02 -5.444713e-03
<VARIANCE> 25
 8.142438e+00 1.982703e+01 1.859615e+01 3.743757e+01 2.967308e+01 4.351442e+01 5.427251e+01 3.210465e+01 4.185676e+01 3.823275e+01 3.520768e+01 2.909552e+01 2.047088e-01 4.295638e-01 4.799966e-01 7.059790e-01 9.052536e-01 1.097450e+00 1.041799e+00 8.232191e-01 8.741946e-01 8.542359e-01 1.145903e+00 7.036526e-01 2.103827e-04
<GCONST> 7.386553e+01
<MIXTURE> 57 6.132464e-03
<MEAN> 25
 7.287207e+00 -6.630908e+00 -8.799975e+00 -8.316857e+00 4.128316e+00 4.058986e+00 -2.100797e+00 -8.851725e-01 3.784584e-01 1.949982e+00 -2.932415e+00 -6.183054e+00 -4.354173e-04 3.318088e-02 -1.995740e-01 -3.781338e-02 1.592335e-01 1.419029e-01 2.466739e-01 -1.761561e-01 -1.085720e-01 -7.488615e-02 7.938039e-02 9.035457e-02 -5.444713e-03
<VARIANCE> 25
 8.142438e+00 1.982703e+01 1.859615e+01 3.743757e+01 2.967308e+01 4.351442e+01 5.427251e+01 3.210465e+01 4.185676e+01 3.823275e+01 3.520768e+01 2.909552e+01 2.047088e-01 4.295638e-01 4.799966e-01 7.059790e-01 9.052536e-01 1.097450e+00 1.041799e+00 8.232191e-01 8.741946e-01 8.542359e-01 1.145903e+00 7.036526e-01 2.103827e-04
<GCONST> 7.386553e+01
<MIXTURE> 58 6.172147e-03
<MEAN> 25
 2.756539e+00 -2.318820e+00 6.667113e+00 -3.250602e+00 -1.157247e+01 -5.538888e+00 1.567430e+00 2.129829e+00 -4.585251e+00 2.335670e+00 -1.277474e-01 -3.844550e-01 3.720334e-02 -1.621966e-01 -6.660745e-02 -1.422676e-01 5.842115e-02 2.909067e-01 4.324014e-01 2.270785e-01 -1.687086e-01 -2.395263e-02 -1.728002e-01 -2.173815e-01 -3.249993e-03
<VARIANCE> 25
 5.902592e+00 1.409514e+01 1.939664e+01 2.774503e+01 2.577834e+01 3.544061e+01 3.207410e+01 3.144981e+01 4.264025e+01 2.575636e+01 1.929035e+01 1.676004e+01 3.603954e-01 6.578237e-01 6.406321e-01 8.925248e-01 1.086878e+00 1.296134e+00 1.075344e+00 1.252141e+00 1.136795e+00 9.203350e-01 7.303519e-01 9.352712e-01 5.604123e-04
<GCONST> 7.398926e+01
<MIXTURE> 59 6.172147e-03
<MEAN> 25
 2.756539e+00 -2.318820e+00 6.667113e+00 -3.250602e+00 -1.157247e+01 -5.538888e+00 1.567430e+00 2.129829e+00 -4.585251e+00 2.335670e+00 -1.277474e-01 -3.844550e-01 3.720334e-02 -1.621966e-01 -6.660745e-02 -1.422676e-01 5.842115e-02 2.909067e-01 4.324014e-01 2.270785e-01 -1.687086e-01 -2.395263e-02 -1.728002e-01 -2.173815e-01 -3.249993e-03
<VARIANCE> 25
 5.902592e+00 1.409514e+01 1.939664e+01 2.774503e+01 2.577834e+01 3.544061e+01 3.207410e+01 3.144981e+01 4.264025e+01 2.575636e+01 1.929035e+01 1.676004e+01 3.603954e-01 6.578237e-01 6.406321e-01 8.925248e-01 1.086878e+00 1.296134e+00 1.075344e+00 1.252141e+00 1.136795e+00 9.203350e-01 7.303519e-01 9.352712e-01 5.604123e-04
<GCONST> 7.398926e+01
<MIXTURE> 60 4.479129e-03
<MEAN> 25
 -3.675330e+00 -9.879913e-01 -9.349081e-01 2.892949e+00 2.185804e+00 2.202931e+00 1.566025e+00 1.130730e+00 3.836180e+00 -8.704936e-02 1.750064e+00 1.846194e+00 -1.997035e-02 6.910004e-02 8.692585e-02 2.718933e-02 1.337300e-01 1.747952e-01 1.905077e-01 3.333650e-01 5.724295e-01 6.259505e-01 5.118303e-01 3.818015e-01 -1.290624e-04
<VARIANCE> 25
 6.923349e+00 3.948885e+00 9.198995e+00 1.114833e+01 1.215043e+01 1.523292e+01 1.223946e+01 1.091897e+01 1.863327e+01 1.561871e+01 1.419193e+01 1.173563e+01 8.882277e-02 1.733179e-01 2.909713e-01 4.034618e-01 5.595733e-01 8.194191e-01 8.302625e-01 8.797919e-01 9.270023e-01 7.469698e-01 7.546937e-01 9.151866e-01 2.882846e-05
<GCONST> 5.618884e+01
<MIXTURE> 61 4.479129e-03
<MEAN> 25
 -3.675330e+00 -9.879913e-01 -9.349081e-01 2.892949e+00 2.185804e+00 2.202931e+00 1.566025e+00 1.130730e+00 3.836180e+00 -8.704936e-02 1.750064e+00 1.846194e+00 -1.997035e-02 6.910004e-02 8.692585e-02 2.718933e-02 1.337300e-01 1.747952e-01 1.905077e-01 3.333650e-01 5.724295e-01 6.259505e-01 5.118303e-01 3.818015e-01 -1.290624e-04
<VARIANCE> 25
 6.923349e+00 3.948885e+00 9.198995e+00 1.114833e+01 1.215043e+01 1.523292e+01 1.223946e+01 1.091897e+01 1.863327e+01 1.561871e+01 1.419193e+01 1.173563e+01 8.882277e-02 1.733179e-01 2.909713e-01 4.034618e-01 5.595733e-01 8.194191e-01 8.302625e-01 8.797919e-01 9.270023e-01 7.469698e-01 7.546937e-01 9.151866e-01 2.882846e-05
<GCONST> 5.618884e+01
<MIXTURE> 62 3.278034e-03
<MEAN> 25
 -5.084077e+00 1.237401e+00 1.023807e+00 8.808037e+00 6.125816e+00 5.043663e+00 5.495728e+00 4.029613e+00 4.992882e+00 3.907283e+00 4.959663e+00 2.948593e+00 -1.002596e+00 -1.166025e+00 -9.523972e-01 -2.773417e-01 4.278442e-01 1.005086e+00 1.383754e+00 1.551540e+00 1.477271e+00 1.241068e+00 1.066825e+00 7.262388e-01 -1.268280e-03
<VARIANCE> 25
 9.894174e+00 9.955172e+00 1.310927e+01 1.679017e+01 1.741340e+01 1.755542e+01 1.968809e+01 1.910333e+01 1.886874e+01 1.878314e+01 2.157074e+01 1.479874e+01 4.015471e-01 4.321329e-01 5.549151e-01 7.791178e-01 1.034524e+00 1.195080e+00 1.253337e+00 1.279820e+00 1.329654e+00 1.366310e+00 1.399608e+00 1.370198e+00 1.635408e-05
<GCONST> 6.754173e+01
<MIXTURE> 63 4.351215e-03
<MEAN> 25
 -2.724952e+00 -2.567925e+00 -3.266000e+00 1.947745e+00 3.095841e+00 5.939767e-01 2.768856e+00 1.065485e+00 4.715328e+00 -1.563018e+00 -8.938794e-01 2.189034e+00 -1.020159e-01 2.510683e-01 3.200938e-01 3.575325e-01 4.806746e-01 4.507521e-01 4.975269e-01 1.954270e-01 1.085053e-01 2.359567e-02 9.887864e-02 9.898853e-02 -4.956234e-03
<VARIANCE> 25
 1.003593e+01 1.187528e+01 1.438255e+01 1.501673e+01 1.702989e+01 2.292851e+01 2.112206e+01 2.017741e+01 2.971984e+01 2.127904e+01 1.652244e+01 1.366137e+01 2.757467e-01 4.296353e-01 5.649503e-01 7.274895e-01 8.903698e-01 1.371788e+00 1.208169e+00 1.445618e+00 1.269086e+00 1.391374e+00 1.225968e+00 1.383727e+00 1.998367e-04
<GCONST> 7.030826e+01
<MIXTURE> 64 4.351215e-03
<MEAN> 25
 -2.724952e+00 -2.567925e+00 -3.266000e+00 1.947745e+00 3.095841e+00 5.939767e-01 2.768856e+00 1.065485e+00 4.715328e+00 -1.563018e+00 -8.938794e-01 2.189034e+00 -1.020159e-01 2.510683e-01 3.200938e-01 3.575325e-01 4.806746e-01 4.507521e-01 4.975269e-01 1.954270e-01 1.085053e-01 2.359567e-02 9.887864e-02 9.898853e-02 -4.956234e-03
<VARIANCE> 25
 1.003593e+01 1.187528e+01 1.438255e+01 1.501673e+01 1.702989e+01 2.292851e+01 2.112206e+01 2.017741e+01 2.971984e+01 2.127904e+01 1.652244e+01 1.366137e+01 2.757467e-01 4.296353e-01 5.649503e-01 7.274895e-01 8.903698e-01 1.371788e+00 1.208169e+00 1.445618e+00 1.269086e+00 1.391374e+00 1.225968e+00 1.383727e+00 1.998367e-04
<GCONST> 7.030826e+01
<MIXTURE> 65 1.721197e-02
<MEAN> 25
 7.033402e+00 7.605404e-01 2.270855e+00 1.803642e+00 -4.502122e+00 -4.289638e+00 -5.101011e+00 -3.653961e+00 -4.525362e+00 -4.501559e-01 -3.652405e+00 -1.217999e+00 2.003764e-01 1.147145e-01 2.213906e-01 1.942715e-01 -2.172864e-01 1.187413e-01 1.195157e-01 -4.036087e-01 3.816178e-01 -1.986625e-01 -6.640759e-02 1.894068e-01 -3.673753e-03
<VARIANCE> 25
 8.557270e+00 1.650142e+01 2.090303e+01 2.904049e+01 2.901807e+01 4.398793e+01 6.854488e+01 5.953189e+01 5.787577e+01 4.714490e+01 4.513191e+01 3.736854e+01 5.539548e-01 8.269335e-01 1.646065e+00 1.486478e+00 1.968860e+00 2.069184e+00 2.390832e+00 3.260044e+00 2.537506e+00 2.125146e+00 2.162731e+00 1.969860e+00 4.160060e-04
<GCONST> 8.703513e+01
<MIXTURE> 66 1.191532e-02
<MEAN> 25
 6.123692e+00 -3.088120e+00 -4.884713e+00 -3.893259e+00 2.642480e+00 -4.182892e+00 -4.785217e+00 1.398973e-01 1.002195e+00 1.841935e-01 -4.426251e+00 -3.666526e+00 -2.864475e-01 1.511187e+00 1.954212e+00 2.062863e+00 -1.100661e+00 -1.102333e+00 -7.106870e-02 -3.447202e-01 9.495273e-02 -7.138879e-01 -3.160746e-01 1.344847e+00 -6.095204e-02
<VARIANCE> 25
 6.904717e+00 1.861721e+01 1.978571e+01 2.813112e+01 3.230777e+01 4.542704e+01 5.410678e+01 3.367830e+01 4.653101e+01 5.393898e+01 3.418282e+01 2.719535e+01 1.118098e+00 1.943170e+00 1.995427e+00 2.414701e+00 3.632429e+00 3.567110e+00 3.445062e+00 4.038627e+00 4.850221e+00 4.179963e+00 3.562397e+00 2.747705e+00 1.370613e-03
<GCONST> 9.282793e+01
<MIXTURE> 67 1.559142e-02
<MEAN> 25
 8.578704e+00 1.011804e+00 -5.610838e+00 -7.533575e+00 1.416692e+00 3.170521e+00 -2.895664e+00 -2.194640e+00 -4.368884e+00 1.509470e+00 1.014279e+00 -2.429558e+00 -1.076501e+00 1.817178e+00 1.068667e+00 2.736249e+00 1.204503e+00 -4.005503e-01 1.145797e+00 -9.114197e-02 4.518425e-01 -1.599674e-02 -2.254940e-01 6.803271e-01 -1.211747e-01
<VARIANCE> 25
 1.050579e+01 3.745744e+01 2.610601e+01 5.253249e+01 4.260622e+01 5.339436e+01 5.852635e+01 4.427434e+01 6.093074e+01 5.146650e+01 5.372590e+01 4.276498e+01 1.837571e+00 2.951228e+00 2.759224e+00 4.178654e+00 4.153461e+00 4.140908e+00 4.154267e+00 4.409537e+00 5.156609e+00 4.322922e+00 4.553250e+00 3.445483e+00 2.989433e-03
<GCONST> 1.004583e+02
<MIXTURE> 68 1.485092e-02
<MEAN> 25
 -1.643350e+00 -2.239268e+00 -4.042018e+00 9.862661e-01 4.857930e+00 3.111543e-01 1.557477e+00 1.461287e+00 1.822219e+00 1.677052e+00 2.643587e-01 1.354523e+00 2.578955e+00 5.513521e-01 2.158544e-01 -2.255472e+00 -2.513308e+00 -1.397333e+00 -2.082093e+00 -1.617701e+00 -1.778559e+00 -1.014733e+00 -1.503500e+00 -1.059491e+00 9.140787e-02
<VARIANCE> 25
 2.285742e+01 2.700915e+01 4.986656e+01 4.563594e+01 4.217312e+01 4.963762e+01 4.418649e+01 3.772948e+01 3.484095e+01 3.935011e+01 3.231034e+01 2.303192e+01 1.980685e+00 3.211769e+00 5.170308e+00 5.402838e+00 4.604169e+00 5.000528e+00 5.284414e+00 4.996473e+00 4.872566e+00 5.123929e+00 5.425255e+00 3.290965e+00 5.690696e-03
<GCONST> 1.015244e+02
<MIXTURE> 69 1.204884e-02
<MEAN> 25
 4.284056e+00 -3.954103e+00 -3.163460e+00 -3.320254e+00 -2.720689e+00 -7.758282e+00 -7.435938e-01 1.950065e+00 -4.298395e-01 -4.280196e+00 -5.790576e+00 9.285895e-01 1.623832e+00 -2.185953e+00 -1.234776e+00 -2.080540e+00 -6.023628e-01 -2.374680e-01 -5.146402e-01 7.636397e-01 -4.956324e-01 -1.370993e+00 -2.042166e+00 -1.889460e-01 5.354795e-02
<VARIANCE> 25
 9.953067e+00 2.118361e+01 2.574944e+01 2.547944e+01 4.440963e+01 3.598481e+01 5.023263e+01 2.975735e+01 3.768793e+01 3.927753e+01 2.937592e+01 2.337543e+01 3.297574e+00 2.785955e+00 3.198097e+00 3.586547e+00 5.305118e+00 4.841379e+00 6.427692e+00 5.632730e+00 5.824191e+00 5.568882e+00 4.455418e+00 3.409394e+00 2.960202e-03
<GCONST> 9.817244e+01
<MIXTURE> 70 1.329190e-02
<MEAN> 25
 6.368759e+00 -2.821886e+00 -3.719721e+00 -2.193552e+00 -7.930042e-01 4.551487e-01 -8.295347e+00 -2.850459e+00 4.751248e-01 3.387965e+00 1.555628e-01 -4.617650e+00 2.191055e+00 -1.005361e+00 -6.244441e-01 -1.780386e+00 -1.406701e+00 6.380613e-01 -1.335665e+00 2.220987e-02 -7.459413e-01 5.108020e-01 8.612353e-01 -1.076957e+00 5.796700e-02
<VARIANCE> 25
 1.044453e+01 2.465342e+01 1.935188e+01 3.498171e+01 2.867900e+01 3.595966e+01 4.962347e+01 3.374138e+01 5.406949e+01 2.767174e+01 3.406289e+01 2.286099e+01 2.602646e+00 2.724404e+00 3.963786e+00 3.724003e+00 4.566770e+00 5.519495e+00 5.104785e+00 5.668032e+00 6.860845e+00 3.970938e+00 4.455649e+00 3.506122e+00 2.247135e-03
<GCONST> 9.754391e+01
<MIXTURE> 71 1.406903e-02
<MEAN> 25
 5.929391e+00 4.415682e+00 4.059875e+00 3.196346e+00 -2.409892e+00 -3.697452e+00 -2.647484e+00 -6.724885e+00 -4.526533e+00 -1.497151e+00 -4.646745e+00 -2.288148e+00 -1.687904e+00 -4.572931e-01 -4.188199e-01 -1.805697e+00 1.251283e+00 -6.470048e-02 -1.659051e-01 1.577487e+00 4.047497e-01 -1.550052e-02 5.800202e-01 -4.151658e-02 3.727666e-02
<VARIANCE> 25
 1.784976e+01 2.288925e+01 2.115386e+01 3.928421e+01 3.917052e+01 3.436437e+01 4.439943e+01 3.966243e+01 3.675998e+01 4.038622e+01 3.468826e+01 3.369950e+01 1.676983e+00 2.815119e+00 4.638153e+00 4.606524e+00 4.583130e+00 4.398326e+00 4.979054e+00 5.105954e+00 3.718164e+00 4.046266e+00 3.486145e+00 3.534029e+00 1.434292e-03
<GCONST> 9.725581e+01
<MIXTURE> 72 8.134747e-03
<MEAN> 25
 3.739490e+00 -3.387754e+00 5.405586e+00 -7.136352e-02 -1.021873e+01 -9.160354e+00 -2.227126e+00 2.234061e+00 -6.183116e+00 -2.039816e+00 -9.097894e-01 7.164727e-01 9.569409e-01 -7.002020e-01 -2.461519e+00 2.521195e-01 2.061671e+00 -6.624969e-01 -1.475356e+00 1.352490e+00 1.908553e+00 -4.365254e-01 -1.273017e+00 1.066166e-01 -6.534672e-03
<VARIANCE> 25
 9.359880e+00 1.609618e+01 2.770186e+01 5.147955e+01 3.067044e+01 3.048591e+01 3.751421e+01 3.116062e+01 4.740992e+01 3.530634e+01 3.682421e+01 2.502962e+01 4.026644e-01 8.891048e-01 1.949079e+00 1.447562e+00 1.866575e+00 2.052900e+00 2.891758e+00 2.412735e+00 2.575030e+00 2.735596e+00 1.796657e+00 2.129268e+00 4.787804e-04
<GCONST> 8.532385e+01
<MIXTURE> 73 1.213625e-02
<MEAN> 25
 -5.337518e+00 -6.943165e-01 -8.215892e-01 3.715317e+00 4.112080e+00 2.066790e+00 5.257458e+00 3.503566e+00 4.549963e+00 3.761638e+00 4.141558e+00 2.354341e+00 5.661148e-01 -9.830080e-01 -7.404665e-01 -2.135281e+00 -1.532591e+00 -1.358069e+00 -7.363898e-01 -8.375729e-01 -1.163507e+00 -2.979746e-02 -9.019992e-01 -4.478004e-01 1.395528e-01
<VARIANCE> 25
 1.185641e+01 1.230659e+01 1.568611e+01 2.537367e+01 2.785517e+01 2.120871e+01 2.132730e+01 2.448857e+01 2.125494e+01 1.784850e+01 2.567800e+01 1.762634e+01 3.766572e+00 2.593093e+00 5.093671e+00 5.139657e+00 8.259282e+00 4.506093e+00 3.787815e+00 4.346332e+00 3.585129e+00 6.011953e+00 3.569313e+00 2.695278e+00 4.425013e-03
<GCONST> 9.348540e+01
<MIXTURE> 74 1.756491e-02
<MEAN> 25
 4.378606e+00 -1.428431e+00 5.099416e+00 1.948734e-01 -7.543374e+00 -7.170197e+00 -2.504988e+00 5.622477e-01 -4.119552e+00 -2.161253e+00 -1.459796e+00 4.065475e-01 4.403355e-01 1.793704e+00 8.441428e-02 1.387012e+00 1.117616e+00 3.561900e-01 4.222914e-02 -1.442487e+00 4.302125e-01 2.099351e-01 1.420502e-02 2.013128e-01 -6.989309e-02
<VARIANCE> 25
 1.106355e+01 1.879816e+01 3.222298e+01 3.744852e+01 3.460972e+01 3.760026e+01 5.352983e+01 4.233430e+01 5.335404e+01 4.169210e+01 3.539986e+01 2.972736e+01 2.815566e+00 1.895257e+00 3.254767e+00 2.498729e+00 3.943300e+00 3.356156e+00 5.131789e+00 4.082715e+00 4.451952e+00 3.938097e+00 3.348981e+00 3.011549e+00 1.732258e-03
<GCONST> 9.615527e+01
<MIXTURE> 75 9.711651e-03
<MEAN> 25
 2.433473e+00 -9.036008e-01 9.774132e+00 3.235296e+00 -1.116649e+01 -6.649430e+00 -2.930792e+00 6.801911e-01 -6.677077e+00 -3.100593e+00 2.865477e+00 4.210955e-01 1.628492e+00 -1.325731e+00 2.312828e-01 -5.548001e-02 -2.176500e+00 -6.341315e-01 -1.643491e+00 1.100570e+00 -6.363223e-01 -3.858884e-01 9.951143e-01 -2.644398e-01 3.457567e-02
<VARIANCE> 25
 9.073690e+00 1.311488e+01 2.725526e+01 2.876628e+01 2.841831e+01 2.660712e+01 4.091281e+01 2.635420e+01 5.464962e+01 3.044195e+01 1.758504e+01 2.126432e+01 2.390430e+00 1.776617e+00 3.342669e+00 1.806962e+00 3.048188e+00 3.642557e+00 3.757925e+00 2.690920e+00 3.748557e+00 2.439398e+00 2.713391e+00 2.135838e+00 1.411626e-03
<GCONST> 8.971540e+01
<MIXTURE> 76 1.052359e-02
<MEAN> 25
 -3.999380e+00 -1.496083e+00 -1.783772e+00 9.713334e-01 5.192732e+00 9.503145e-01 4.002229e+00 4.592968e-01 4.256426e+00 1.762814e-01 -4.591319e-01 1.334986e+00 -1.418405e-01 -3.541926e-01 -3.315299e-01 -9.274452e-01 -3.836052e-01 -7.784355e-01 -7.027063e-01 -7.122610e-02 -3.496345e-01 1.904428e-01 -4.569217e-01 -8.787034e-02 2.140710e-02
<VARIANCE> 25
 3.188686e+01 2.297606e+01 2.061374e+01 3.128505e+01 2.827551e+01 2.480107e+01 3.123107e+01 2.429168e+01 2.286102e+01 2.504240e+01 2.186281e+01 1.479250e+01 1.074789e+00 9.711660e-01 1.301366e+00 1.395081e+00 1.891488e+00 1.511599e+00 1.921611e+00 2.058097e+00 2.103981e+00 2.099256e+00 1.303902e+00 1.230061e+00 1.119857e-03
<GCONST> 8.255399e+01
<MIXTURE> 77 1.244626e-02
<MEAN> 25
 -4.421605e-01 8.022929e+00 1.276296e+01 -1.048448e+01 -7.037476e+00 5.853810e-01 -8.755177e+00 -6.764588e+00 -3.874946e+00 -1.831439e-01 -4.158541e+00 -8.687891e-01 1.086450e-01 1.132422e-01 7.490473e-02 2.886848e-01 -6.193036e-02 -5.978963e-04 1.324838e-02 -3.176371e-02 2.291687e-02 8.365225e-03 -2.291502e-02 5.528577e-02 -9.641775e-03
<VARIANCE> 25
 9.524055e+00 2.024595e+01 2.569178e+01 4.658716e+01 2.973180e+01 3.143832e+01 3.525929e+01 3.019718e+01 3.388275e+01 3.120370e+01 3.613209e+01 3.431446e+01 2.975557e-01 7.355462e-01 6.034894e-01 1.023831e+00 1.147692e+00 1.008867e+00 1.146269e+00 9.868225e-01 9.824435e-01 1.050705e+00 9.960486e-01 9.172917e-01 4.846535e-04
<GCONST> 7.677155e+01
<MIXTURE> 78 9.702551e-03
<MEAN> 25
 -1.045455e+01 3.816952e-01 -2.080186e-01 1.278345e+00 1.342564e+00 -1.864638e+00 3.127327e+00 1.315785e+00 4.546491e+00 -2.279994e+00 -7.852722e-01 6.215666e-01 2.598209e+00 -7.950826e-01 -2.152021e-02 3.238224e-01 1.213732e-01 -6.481633e-03 -8.512438e-01 4.331975e-01 -6.093984e-01 5.120984e-01 -3.636363e-01 -6.243584e-01 -5.826457e-02
<VARIANCE> 25
 3.413689e+01 1.972626e+01 2.341117e+01 2.856052e+01 5.105943e+01 2.895908e+01 2.676706e+01 1.837227e+01 2.625532e+01 2.742229e+01 2.170070e+01 1.541453e+01 4.078661e+00 1.889853e+00 2.616506e+00 2.580953e+00 2.908600e+00 2.799314e+00 2.693680e+00 2.207401e+00 2.200584e+00 2.810533e+00 1.574120e+00 2.107000e+00 2.666319e-03
<GCONST> 8.977929e+01
<MIXTURE> 79 1.156824e-02
<MEAN> 25
 2.306265e+00 1.580292e+00 9.316640e+00 -5.239052e+00 -1.151112e+01 -2.126983e+00 -1.619214e+00 -5.781875e+00 -6.823493e+00 1.085361e+00 -2.979441e+00 -2.777174e+00 1.186579e+00 -4.198765e-01 -1.437887e+00 2.253838e+00 3.027426e-01 -1.355373e+00 4.153277e-01 7.739117e-01 -4.760679e-01 -5.252337e-01 4.198873e-01 2.424344e-01 -3.401251e-02
<VARIANCE> 25
 1.317305e+01 2.104123e+01 3.872147e+01 5.581793e+01 3.079510e+01 3.968110e+01 4.050383e+01 3.490635e+01 3.625481e+01 3.916259e+01 4.023200e+01 2.900967e+01 9.748781e-01 2.038560e+00 1.768199e+00 1.985675e+00 2.398750e+00 2.810181e+00 3.364307e+00 3.256054e+00 2.479831e+00 2.477356e+00 2.099565e+00 1.889266e+00 1.152887e-03
<GCONST> 9.060541e+01
<MIXTURE> 80 7.550998e-03
<MEAN> 25
 -1.462509e+01 3.975780e+00 6.932006e-01 2.493418e+00 2.238940e+00 1.182521e+00 6.137105e+00 2.410022e+00 2.964959e+00 2.004551e+00 4.626956e+00 1.162830e+00 4.251705e+00 -6.412750e-02 1.721101e+00 -1.026802e+00 -2.798995e+00 -2.659037e+00 -2.324396e+00 -1.906518e+00 -1.973362e+00 -1.601658e+00 -1.546939e+00 -5.365180e-01 -4.503494e-02
<VARIANCE> 25
 2.037050e+01 1.941836e+01 3.406272e+01 3.571978e+01 2.954017e+01 2.895346e+01 2.857983e+01 2.728644e+01 2.661165e+01 2.996014e+01 2.659040e+01 1.748329e+01 2.282718e+00 2.620970e+00 2.761698e+00 4.115592e+00 3.393875e+00 2.811893e+00 2.904548e+00 3.282299e+00 2.652344e+00 2.701055e+00 2.841398e+00 2.180315e+00 1.447699e-03
<GCONST> 9.124993e+01
<MIXTURE> 81 8.025434e-03
<MEAN> 25
 -1.133565e+00 4.051660e+00 1.015005e+01 -1.473802e+01 -9.015210e+00 -1.444100e+00 -6.702180e+00 -8.391644e+00 -4.134042e+00 -4.155434e-01 -7.549347e+00 -2.235363e+00 1.324605e-01 -5.857936e-01 -2.149418e-04 -5.527134e-01 -4.682682e-01 3.375169e-01 3.215608e-01 1.427762e-01 -1.373175e-01 1.016406e-01 -4.680886e-01 -1.237561e-01 1.141096e-02
<VARIANCE> 25
 1.015412e+01 3.268367e+01 2.670863e+01 2.982204e+01 3.432006e+01 3.045024e+01 4.597243e+01 2.856633e+01 3.810510e+01 3.180881e+01 2.528543e+01 3.102848e+01 7.793354e-01 2.272794e+00 1.539930e+00 2.866126e+00 2.670961e+00 2.124197e+00 3.279589e+00 2.288121e+00 2.360205e+00 2.539072e+00 2.309812e+00 2.074132e+00 1.185688e-03
<GCONST> 8.875674e+01
<MIXTURE> 82 8.213053e-03
<MEAN> 25
 -9.998536e+00 -3.594074e+00 2.078359e+00 -3.054859e+00 2.311949e+00 1.039823e+00 2.447496e+00 1.040730e+00 3.233420e+00 1.477312e+00 1.645902e+00 2.706600e+00 -1.431361e+00 -1.592715e-01 2.597078e-01 -2.263013e+00 -1.121780e+00 -9.159292e-01 -9.369498e-01 -9.858298e-01 -2.809816e-01 -3.208514e-01 -2.823852e-01 -1.699869e-01 1.629902e-01
<VARIANCE> 25
 1.920023e+01 2.497226e+01 3.107296e+01 2.755599e+01 3.864840e+01 3.327323e+01 3.184548e+01 3.115328e+01 3.565765e+01 3.020543e+01 2.872800e+01 1.749550e+01 3.510319e+00 2.693645e+00 2.895474e+00 4.124499e+00 4.527378e+00 3.701739e+00 2.782833e+00 3.288765e+00 2.997986e+00 2.424289e+00 2.482790e+00 1.745837e+00 4.201967e-03
<GCONST> 9.387056e+01
<MIXTURE> 83 1.167529e-02
<MEAN> 25
 -1.916162e+01 6.874999e+00 -2.736551e+00 -4.259950e-01 6.327718e+00 -1.503923e+00 5.494533e+00 9.798090e-01 3.097407e+00 1.537278e-01 5.351130e-01 1.943735e+00 -3.571305e-02 -8.402743e-01 3.201897e-01 -5.988596e-01 -5.665732e-01 -2.065205e-01 -3.784485e-01 7.379230e-02 7.043756e-02 -1.962154e-01 -9.516387e-02 -2.375814e-01 -5.676057e-04
<VARIANCE> 25
 7.805741e+00 1.644377e+01 2.677315e+01 2.170267e+01 1.841516e+01 1.809401e+01 1.958450e+01 2.293809e+01 2.220826e+01 2.276535e+01 1.633550e+01 1.392068e+01 9.644350e-01 1.048280e+00 1.550180e+00 1.089769e+00 1.094056e+00 1.197015e+00 1.091209e+00 1.381594e+00 1.171878e+00 9.334521e-01 9.912370e-01 8.985092e-01 8.214983e-04
<GCONST> 7.482034e+01
<MIXTURE> 84 1.066614e-02
<MEAN> 25
 1.075938e+00 7.735654e+00 6.932860e+00 7.180141e+00 2.169052e+00 -1.551564e+00 -1.029829e+00 -4.438465e+00 -4.207016e+00 -1.888878e+00 -2.106291e+00 -9.559375e-01 -1.661182e+00 -9.030682e-01 -1.274190e+00 8.780825e-01 2.214849e+00 1.581528e+00 1.525441e+00 1.143851e+00 1.433420e+00 2.405906e-02 2.804691e-01 3.533818e-01 -6.186658e-02
<VARIANCE> 25
 1.974976e+01 1.914532e+01 1.931478e+01 2.246560e+01 3.117613e+01 2.456113e+01 2.644467e+01 2.413357e+01 2.315442e+01 2.247886e+01 2.039034e+01 2.257622e+01 1.913741e+00 2.344579e+00 3.356542e+00 3.299990e+00 2.714971e+00 3.152368e+00 2.795051e+00 2.881959e+00 3.052339e+00 3.222597e+00 3.653953e+00 2.227854e+00 2.957529e-03
<GCONST> 9.013997e+01
<MIXTURE> 85 7.591393e-03
<MEAN> 25
 -3.367537e+00 7.849865e+00 6.051138e+00 1.075098e+00 -3.470415e+00 -5.184441e+00 -3.122390e+00 -5.834804e+00 -3.272039e+00 -3.347396e+00 -4.627495e-01 -1.753339e+00 3.949732e+00 2.880213e-01 1.886707e+00 -1.878815e+00 -3.305090e+00 -2.424435e+00 -2.788918e+00 -2.240761e+00 -2.348853e+00 -1.183801e+00 -2.130590e+00 -5.001531e-01 5.532589e-03
<VARIANCE> 25
 4.161264e+01 2.271815e+01 3.590741e+01 3.664209e+01 3.728813e+01 3.902776e+01 3.065884e+01 2.780388e+01 2.688501e+01 2.551347e+01 2.466360e+01 2.059144e+01 2.530238e+00 4.064889e+00 4.038549e+00 5.406025e+00 4.287944e+00 3.930629e+00 3.758238e+00 3.856390e+00 3.764150e+00 3.865056e+00 4.118275e+00 3.470132e+00 5.299345e-03
<GCONST> 9.778201e+01
<MIXTURE> 86 1.273941e-02
<MEAN> 25
 -4.181706e+00 -1.411530e+00 -8.022985e-01 5.398965e+00 4.680561e+00 4.481991e+00 5.149777e+00 4.390074e+00 5.700082e+00 2.782346e+00 4.441485e+00 2.469729e+00 -2.566224e-03 3.997863e-03 -5.032451e-02 -4.933522e-02 -1.162197e-01 -1.341749e-01 -3.198614e-01 -3.342603e-01 -3.405767e-01 -2.677972e-01 -2.119761e-01 -7.276270e-02 -7.838447e-04
<VARIANCE> 25
 1.037977e+01 5.044776e+00 8.841243e+00 1.447373e+01 1.509743e+01 1.273874e+01 1.317798e+01 1.302314e+01 1.682920e+01 1.799627e+01 1.630115e+01 1.314030e+01 9.650322e-02 1.745449e-01 3.531030e-01 4.659750e-01 6.320506e-01 7.075241e-01 7.250345e-01 7.882902e-01 7.701434e-01 7.731686e-01 8.332227e-01 1.100916e+00 5.583558e-05
<GCONST> 5.859114e+01
<MIXTURE> 87 1.100681e-02
<MEAN> 25
 -3.095802e+00 4.129082e+00 3.406642e+00 6.420967e+00 5.473784e+00 7.562144e-01 1.844521e+00 -8.574597e-01 -2.565306e-01 -1.096766e+00 -8.974568e-01 4.126464e-02 -2.056170e+00 -2.542824e+00 -2.034534e+00 -2.157181e+00 -5.709417e-02 -5.061656e-02 5.778694e-01 1.222190e+00 1.410882e+00 9.057722e-01 9.766654e-01 9.394790e-01 9.829663e-02
<VARIANCE> 25
 3.669593e+01 2.959193e+01 2.637049e+01 3.460098e+01 2.876626e+01 3.058339e+01 2.799435e+01 2.685401e+01 2.610025e+01 2.572405e+01 2.462243e+01 2.217036e+01 4.060627e+00 3.067789e+00 3.780352e+00 3.644936e+00 4.893177e+00 4.413682e+00 3.926117e+00 3.872631e+00 3.348610e+00 3.376276e+00 3.552294e+00 2.643106e+00 5.049177e-03
<GCONST> 9.628301e+01
<MIXTURE> 88 1.256585e-02
<MEAN> 25
 -2.177560e+00 -1.386528e+00 -9.620568e-01 2.955935e+00 4.209029e+00 2.799333e+00 3.995357e+00 2.170552e+00 4.468927e+00 3.747407e-01 1.443977e+00 1.418530e+00 -1.479514e-01 -8.171811e-02 1.146678e-01 1.009974e-01 3.111956e-01 3.836350e-01 -9.296548e-02 -3.291160e-01 -6.122531e-02 1.226455e-01 -4.932772e-02 -1.268791e-01 -5.290346e-03
<VARIANCE> 25
 9.792233e+00 6.674632e+00 1.379976e+01 1.850832e+01 1.626470e+01 1.790968e+01 1.681096e+01 1.625431e+01 1.812483e+01 2.072830e+01 1.815639e+01 1.500559e+01 1.116559e+00 1.230257e+00 1.692677e+00 2.389096e+00 2.891403e+00 2.428354e+00 2.242255e+00 2.088913e+00 2.645425e+00 3.357423e+00 2.463783e+00 2.213828e+00 1.686879e-03
<GCONST> 8.119400e+01
<MIXTURE> 89 9.333527e-03
<MEAN> 25
 5.834716e+00 -4.816164e+00 -2.188491e+00 -5.378916e-01 -1.992053e+00 -4.369858e+00 -6.464382e+00 3.932790e+00 6.910421e-01 -3.907569e-01 -3.932656e+00 -2.503097e+00 -5.708615e-01 1.459375e-01 1.917381e+00 9.941101e-01 -1.709765e+00 -1.635393e+00 6.955494e-01 1.217263e+00 -7.270541e-01 -1.248975e+00 2.397148e-01 1.394758e+00 -4.242341e-03
<VARIANCE> 25
 6.504912e+00 2.282915e+01 2.737844e+01 2.866370e+01 2.759096e+01 3.125318e+01 4.214036e+01 3.019883e+01 4.659398e+01 4.389103e+01 3.067627e+01 2.734938e+01 3.394427e-01 5.944384e-01 1.202687e+00 1.622516e+00 1.411173e+00 1.797323e+00 2.333215e+00 1.593289e+00 3.546118e+00 1.454082e+00 2.655244e+00 1.032326e+00 3.365559e-04
<GCONST> 8.184023e+01
<MIXTURE> 90 7.114505e-03
<MEAN> 25
 2.495758e+00 -9.132005e+00 -4.760076e+00 -4.214194e+00 -2.416871e+00 -1.290205e+00 3.723468e+00 1.055119e+00 -7.845809e+00 -9.140312e+00 -3.469228e+00 -8.536372e-01 -1.245069e-01 9.336050e-01 1.190724e+00 -8.422934e-01 -1.573512e+00 -1.312247e-01 6.182271e-01 -1.422032e-01 -2.143709e-01 6.846383e-01 2.774956e-01 -5.727844e-01 -1.142968e-02
<VARIANCE> 25
 8.750810e+00 2.043248e+01 1.884422e+01 2.712843e+01 4.351720e+01 3.288253e+01 3.728014e+01 3.346930e+01 3.407799e+01 3.773584e+01 2.580774e+01 2.412810e+01 2.505716e-01 5.697661e-01 7.722070e-01 9.943973e-01 1.589942e+00 1.660143e+00 1.942558e+00 1.924915e+00 1.836907e+00 1.580764e+00 1.471387e+00 1.244977e+00 2.040154e-04
<GCONST> 7.861133e+01
<MIXTURE> 91 7.852945e-03
<MEAN> 25
 5.877770e+00 -6.585701e+00 -7.532732e+00 -5.246742e+00 4.293699e+00 -1.702940e-01 -6.520255e-01 9.898736e-02 2.123115e-01 -4.312496e-01 -4.119965e+00 -4.864546e+00 2.657876e-01 1.038315e+00 1.750078e-01 4.040616e-01 -6.905673e-02 -6.255234e-01 -2.169236e-01 -1.043695e-01 -1.831462e-01 2.852049e-01 -3.018790e-02 2.796967e-01 -3.105520e-02
<VARIANCE> 25
 9.907463e+00 2.149261e+01 1.748106e+01 3.368677e+01 3.260979e+01 4.899043e+01 5.278005e+01 3.061434e+01 5.011602e+01 5.686441e+01 3.399897e+01 3.360464e+01 5.599374e-01 7.860258e-01 1.099123e+00 1.646036e+00 2.859307e+00 2.692713e+00 2.739120e+00 2.153456e+00 2.384233e+00 2.168780e+00 2.158816e+00 1.912986e+00 5.722516e-04
<GCONST> 8.662935e+01
<MIXTURE> 92 7.852945e-03
<MEAN> 25
 5.877770e+00 -6.585701e+00 -7.532732e+00 -5.246742e+00 4.293699e+00 -1.702940e-01 -6.520255e-01 9.898736e-02 2.123115e-01 -4.312496e-01 -4.119965e+00 -4.864546e+00 2.657876e-01 1.038315e+00 1.750078e-01 4.040616e-01 -6.905673e-02 -6.255234e-01 -2.169236e-01 -1.043695e-01 -1.831462e-01 2.852049e-01 -3.018790e-02 2.796967e-01 -3.105520e-02
<VARIANCE> 25
 9.907463e+00 2.149261e+01 1.748106e+01 3.368677e+01 3.260979e+01 4.899043e+01 5.278005e+01 3.061434e+01 5.011602e+01 5.686441e+01 3.399897e+01 3.360464e+01 5.599374e-01 7.860258e-01 1.099123e+00 1.646036e+00 2.859307e+00 2.692713e+00 2.739120e+00 2.153456e+00 2.384233e+00 2.168780e+00 2.158816e+00 1.912986e+00 5.722516e-04
<GCONST> 8.662935e+01
<MIXTURE> 93 6.122769e-03
<MEAN> 25
 -6.782052e+00 -9.671494e-01 -2.387840e+00 5.737450e+00 5.889492e+00 3.886074e+00 6.078902e+00 3.595274e+00 4.164082e+00 2.445912e+00 1.799252e+00 3.691757e+00 -6.409381e-02 -1.541294e-01 -2.596299e-01 -3.303047e-01 -3.295562e-01 -2.863389e-01 -2.129504e-01 -1.676417e-01 -1.643036e-01 -1.478162e-01 -1.025276e-01 -3.799340e-02 -1.026375e-05
<VARIANCE> 25
 9.214044e+00 5.998328e+00 8.165854e+00 1.168863e+01 1.144068e+01 1.602038e+01 1.538248e+01 1.635960e+01 1.483993e+01 1.483448e+01 1.668330e+01 1.339402e+01 8.331196e-02 1.531679e-01 2.631738e-01 3.784559e-01 4.998816e-01 6.446248e-01 7.801974e-01 8.870537e-01 9.170203e-01 8.698322e-01 8.883011e-01 9.148344e-01 1.012301e-06
<GCONST> 5.365496e+01
<MIXTURE> 94 6.122769e-03
<MEAN> 25
 -6.782052e+00 -9.671494e-01 -2.387840e+00 5.737450e+00 5.889492e+00 3.886074e+00 6.078902e+00 3.595274e+00 4.164082e+00 2.445912e+00 1.799252e+00 3.691757e+00 -6.409381e-02 -1.541294e-01 -2.596299e-01 -3.303047e-01 -3.295562e-01 -2.863389e-01 -2.129504e-01 -1.676417e-01 -1.643036e-01 -1.478162e-01 -1.025276e-01 -3.799340e-02 -1.026375e-05
<VARIANCE> 25
 9.214044e+00 5.998328e+00 8.165854e+00 1.168863e+01 1.144068e+01 1.602038e+01 1.538248e+01 1.635960e+01 1.483993e+01 1.483448e+01 1.668330e+01 1.339402e+01 8.331196e-02 1.531679e-01 2.631738e-01 3.784559e-01 4.998816e-01 6.446248e-01 7.801974e-01 8.870537e-01 9.170203e-01 8.698322e-01 8.883011e-01 9.148344e-01 1.012301e-06
<GCONST> 5.365496e+01
<MIXTURE> 95 5.258835e-03
<MEAN> 25
 -5.107954e+00 -8.982899e-01 -1.595754e+00 4.302763e+00 4.054453e+00 2.676986e+00 3.742999e+00 1.341962e+00 3.515749e+00 2.268457e-01 6.699613e-01 2.323121e+00 1.487420e-01 9.837350e-02 8.435052e-02 1.134466e-02 -3.302093e-01 -6.196553e-01 -1.032168e+00 -1.271794e+00 -1.177378e+00 -8.809529e-01 -6.094731e-01 -3.163597e-01 -5.161648e-04
<VARIANCE> 25
 1.119184e+01 5.643767e+00 1.134570e+01 1.320426e+01 1.251574e+01 1.617430e+01 1.709063e+01 1.694824e+01 2.228966e+01 1.548222e+01 1.857762e+01 1.468810e+01 2.066046e-01 3.034053e-01 4.291674e-01 6.146624e-01 7.651330e-01 8.910359e-01 8.175579e-01 1.042894e+00 9.273732e-01 9.737152e-01 1.028813e+00 1.108575e+00 4.567681e-05
<GCONST> 6.292475e+01
<MIXTURE> 96 7.034694e-03
<MEAN> 25
 -4.775195e+00 -5.736826e-01 -2.049089e+00 4.748585e+00 3.674238e+00 1.587759e+00 3.357885e+00 1.729213e+00 2.766167e+00 3.561078e-01 9.449168e-01 2.857624e+00 -6.297927e-02 6.162790e-02 1.925307e-01 3.875227e-01 5.675420e-01 4.758761e-01 2.662777e-01 -1.128165e-01 -4.724138e-01 -6.577772e-01 -5.628010e-01 -3.940449e-01 -2.565002e-05
<VARIANCE> 25
 1.151608e+01 9.374335e+00 1.250000e+01 1.569539e+01 1.455722e+01 1.881421e+01 1.748349e+01 1.860517e+01 1.855776e+01 1.974458e+01 1.936875e+01 1.375841e+01 1.342915e-01 2.217572e-01 3.256259e-01 3.914910e-01 4.852019e-01 6.687540e-01 8.561653e-01 9.575732e-01 9.176466e-01 8.396315e-01 8.749938e-01 8.934665e-01 1.169216e-06
<GCONST> 5.773024e+01
<MIXTURE> 97 7.034694e-03
<MEAN> 25
 -4.775195e+00 -5.736826e-01 -2.049089e+00 4.748585e+00 3.674238e+00 1.587759e+00 3.357885e+00 1.729213e+00 2.766167e+00 3.561078e-01 9.449168e-01 2.857624e+00 -6.297927e-02 6.162790e-02 1.925307e-01 3.875227e-01 5.675420e-01 4.758761e-01 2.662777e-01 -1.128165e-01 -4.724138e-01 -6.577772e-01 -5.628010e-01 -3.940449e-01 -2.565002e-05
<VARIANCE> 25
 1.151608e+01 9.374335e+00 1.250000e+01 1.569539e+01 1.455722e+01 1.881421e+01 1.748349e+01 1.860517e+01 1.855776e+01 1.974458e+01 1.936875e+01 1.375841e+01 1.342915e-01 2.217572e-01 3.256259e-01 3.914910e-01 4.852019e-01 6.687540e-01 8.561653e-01 9.575732e-01 9.176466e-01 8.396315e-01 8.749938e-01 8.934665e-01 1.169216e-06
<GCONST> 5.773024e+01
<MIXTURE> 98 9.917808e-03
<MEAN> 25
 -2.787012e-01 8.809959e-01 1.497353e+00 3.467783e+00 3.217967e+00 1.375594e+00 2.960359e+00 1.069008e+00 1.716164e+00 2.358954e-01 3.464686e-01 8.333243e-01 -1.317176e+00 -1.099132e+00 -8.532842e-01 -1.120785e-01 7.036110e-01 9.116267e-01 1.215760e+00 1.157608e+00 1.794816e+00 1.898988e-01 8.271899e-01 5.536340e-01 -3.065696e-02
<VARIANCE> 25
 1.150064e+01 1.349605e+01 2.279787e+01 2.609652e+01 3.270337e+01 3.195417e+01 2.765175e+01 2.373575e+01 2.881675e+01 2.841959e+01 2.328844e+01 1.736664e+01 1.349839e+00 1.141565e+00 1.663953e+00 2.517996e+00 3.755212e+00 2.406168e+00 2.309010e+00 2.589949e+00 1.865524e+00 2.804358e+00 2.781139e+00 2.057648e+00 1.861709e-03
<GCONST> 8.649675e+01
<MIXTURE> 99 6.696178e-03
<MEAN> 25
 -7.552504e+00 9.046306e+00 4.583961e+00 2.254959e+00 8.626730e-01 -5.940475e+00 -1.113605e+00 -4.361255e+00 -1.370687e+00 -2.648290e+00 -2.014324e+00 3.004613e-01 6.668863e-01 -1.080840e+00 5.341271e-01 -1.771594e-01 -1.181345e+00 -4.036060e-01 -2.323050e-01 -4.371470e-02 -1.171485e-01 -1.945673e-02 -3.096164e-02 1.478814e-01 2.731305e-03
<VARIANCE> 25
 3.845547e+01 2.391588e+01 4.816004e+01 2.759368e+01 2.777516e+01 3.185330e+01 2.256841e+01 2.399970e+01 2.784867e+01 2.524557e+01 1.582948e+01 2.233845e+01 2.148401e+00 1.775981e+00 1.194967e+00 1.743406e+00 1.939735e+00 1.540665e+00 1.347843e+00 1.707647e+00 1.391454e+00 1.266371e+00 1.472797e+00 1.182380e+00 1.373251e-03
<GCONST> 8.399862e+01
<MIXTURE> 100 4.498084e-03
<MEAN> 25
 -1.698361e+00 6.289801e+00 1.053736e+01 -7.096367e+00 -1.049471e+01 -4.964755e+00 -5.021282e+00 -9.620636e+00 -4.716758e+00 -9.761393e-01 -2.491347e+00 -2.314527e+00 2.927792e+00 -1.247870e+00 1.393772e+00 -2.011877e+00 -3.280946e+00 -7.459331e-01 -1.182573e+00 -8.168980e-01 -1.586701e+00 3.629816e-01 -1.518368e+00 -1.701117e-01 5.894167e-06
<VARIANCE> 25
 1.304319e+01 1.993846e+01 2.224853e+01 2.670487e+01 2.284869e+01 2.263734e+01 2.751096e+01 2.195539e+01 2.599593e+01 2.171778e+01 2.190600e+01 2.241191e+01 1.722631e+00 3.758822e+00 2.911966e+00 4.431399e+00 4.172922e+00 4.264547e+00 3.784302e+00 4.067380e+00 4.132958e+00 3.675014e+00 3.975267e+00 3.254783e+00 1.635484e-03
<GCONST> 9.198275e+01
<MIXTURE> 101 6.007792e-03
<MEAN> 25
 7.494097e+00 -3.196800e+00 -6.032609e+00 -4.291851e+00 3.448525e-01 -1.672472e+00 -1.102319e+01 -8.791274e-01 -3.149572e-01 3.031162e+00 -1.742483e+00 -4.165022e+00 5.709708e-01 7.334406e-01 -1.410063e+00 -1.702503e+00 1.090072e+00 2.252319e+00 3.094313e-01 -1.328412e+00 -1.179033e+00 1.152675e+00 1.365728e+00 -5.746645e-01 -5.611512e-03
<VARIANCE> 25
 9.759809e+00 1.662563e+01 2.353484e+01 4.878588e+01 3.076798e+01 2.917691e+01 3.322850e+01 3.200123e+01 4.472018e+01 3.464917e+01 4.355621e+01 2.230385e+01 2.805752e-01 6.369418e-01 1.087271e+00 1.322271e+00 1.330610e+00 1.903675e+00 1.935976e+00 1.804587e+00 2.077124e+00 2.111330e+00 1.892237e+00 1.665741e+00 2.747627e-04
<GCONST> 8.132374e+01
<MIXTURE> 102 6.007792e-03
<MEAN> 25
 7.494097e+00 -3.196800e+00 -6.032609e+00 -4.291851e+00 3.448525e-01 -1.672472e+00 -1.102319e+01 -8.791274e-01 -3.149572e-01 3.031162e+00 -1.742483e+00 -4.165022e+00 5.709708e-01 7.334406e-01 -1.410063e+00 -1.702503e+00 1.090072e+00 2.252319e+00 3.094313e-01 -1.328412e+00 -1.179033e+00 1.152675e+00 1.365728e+00 -5.746645e-01 -5.611512e-03
<VARIANCE> 25
 9.759809e+00 1.662563e+01 2.353484e+01 4.878588e+01 3.076798e+01 2.917691e+01 3.322850e+01 3.200123e+01 4.472018e+01 3.464917e+01 4.355621e+01 2.230385e+01 2.805752e-01 6.369418e-01 1.087271e+00 1.322271e+00 1.330610e+00 1.903675e+00 1.935976e+00 1.804587e+00 2.077124e+00 2.111330e+00 1.892237e+00 1.665741e+00 2.747627e-04
<GCONST> 8.132374e+01
<MIXTURE> 103 5.694618e-03
<MEAN> 25
 3.377188e+00 -9.105941e+00 -6.037572e+00 -3.141261e+00 -1.366346e+00 -1.747447e+00 2.441596e+00 2.640630e+00 -4.203671e+00 -8.967382e+00 -4.855789e+00 5.378127e-01 -1.417531e-01 -1.421411e+00 -1.026173e+00 3.398315e-01 1.136759e+00 1.051298e+00 1.656316e-01 -2.208652e-01 -7.680036e-01 -8.991213e-01 1.104273e-02 1.634896e-01 2.650365e-02
<VARIANCE> 25
 1.059072e+01 2.191831e+01 2.319968e+01 3.086451e+01 4.705223e+01 3.554314e+01 4.485424e+01 3.581618e+01 4.520990e+01 2.988087e+01 3.030381e+01 2.694379e+01 6.459898e-01 1.318200e+00 1.578977e+00 1.934810e+00 3.027686e+00 2.361316e+00 2.802371e+00 2.591808e+00 2.559979e+00 2.508227e+00 2.096514e+00 2.045558e+00 8.259600e-04
<GCONST> 8.780784e+01
<MIXTURE> 104 5.694618e-03
<MEAN> 25
 3.377188e+00 -9.105941e+00 -6.037572e+00 -3.141261e+00 -1.366346e+00 -1.747447e+00 2.441596e+00 2.640630e+00 -4.203671e+00 -8.967382e+00 -4.855789e+00 5.378127e-01 -1.417531e-01 -1.421411e+00 -1.026173e+00 3.398315e-01 1.136759e+00 1.051298e+00 1.656316e-01 -2.208652e-01 -7.680036e-01 -8.991213e-01 1.104273e-02 1.634896e-01 2.650365e-02
<VARIANCE> 25
 1.059072e+01 2.191831e+01 2.319968e+01 3.086451e+01 4.705223e+01 3.554314e+01 4.485424e+01 3.581618e+01 4.520990e+01 2.988087e+01 3.030381e+01 2.694379e+01 6.459898e-01 1.318200e+00 1.578977e+00 1.934810e+00 3.027686e+00 2.361316e+00 2.802371e+00 2.591808e+00 2.559979e+00 2.508227e+00 2.096514e+00 2.045558e+00 8.259600e-04
<GCONST> 8.780784e+01
<MIXTURE> 105 4.710235e-03
<MEAN> 25
 2.085734e+00 -6.127589e-01 9.554174e+00 -2.313016e+00 -1.079188e+01 -4.415075e+00 -3.777660e+00 -7.493236e-01 -4.308027e+00 -2.373481e+00 1.241002e+00 -3.978418e-01 4.045048e-02 1.940911e-02 3.805454e-02 2.614896e-02 5.334393e-02 3.724669e-02 5.119279e-02 2.992339e-02 -5.622187e-02 7.894919e-02 -8.167494e-02 -6.393249e-02 -3.670856e-03
<VARIANCE> 25
 1.184502e+01 2.522344e+01 4.458767e+01 3.658718e+01 3.291650e+01 4.471538e+01 3.697617e+01 3.641135e+01 3.569592e+01 3.727174e+01 3.489789e+01 2.685426e+01 1.022344e-01 1.698125e-01 3.377151e-01 2.720615e-01 3.821535e-01 4.024959e-01 4.165908e-01 4.845916e-01 5.075209e-01 5.764967e-01 5.103778e-01 3.792565e-01 8.191153e-05
<GCONST> 6.538538e+01
<MIXTURE> 106 4.710235e-03
<MEAN> 25
 2.085734e+00 -6.127589e-01 9.554174e+00 -2.313016e+00 -1.079188e+01 -4.415075e+00 -3.777660e+00 -7.493236e-01 -4.308027e+00 -2.373481e+00 1.241002e+00 -3.978418e-01 4.045048e-02 1.940911e-02 3.805454e-02 2.614896e-02 5.334393e-02 3.724669e-02 5.119279e-02 2.992339e-02 -5.622187e-02 7.894919e-02 -8.167494e-02 -6.393249e-02 -3.670856e-03
<VARIANCE> 25
 1.184502e+01 2.522344e+01 4.458767e+01 3.658718e+01 3.291650e+01 4.471538e+01 3.697617e+01 3.641135e+01 3.569592e+01 3.727174e+01 3.489789e+01 2.685426e+01 1.022344e-01 1.698125e-01 3.377151e-01 2.720615e-01 3.821535e-01 4.024959e-01 4.165908e-01 4.845916e-01 5.075209e-01 5.764967e-01 5.103778e-01 3.792565e-01 8.191153e-05
<GCONST> 6.538538e+01
<MIXTURE> 107 5.452374e-03
<MEAN> 25
 8.025194e+00 -2.041015e+00 -6.657238e+00 -6.483032e+00 1.226001e+00 3.424495e+00 -7.853642e+00 -3.693660e+00 -2.339905e+00 4.310466e+00 1.910006e+00 -4.119936e+00 -7.285265e-01 -6.159002e-01 1.023548e+00 1.652335e+00 7.674534e-01 -2.220810e+00 -9.715267e-01 8.206339e-01 2.122437e+00 8.462729e-02 -1.751478e+00 -6.844406e-01 -2.346169e-03
<VARIANCE> 25
 7.279767e+00 1.524948e+01 2.474455e+01 4.285139e+01 2.837783e+01 3.055961e+01 3.879101e+01 2.489300e+01 4.871614e+01 2.943015e+01 3.886737e+01 2.638633e+01 4.346503e-01 7.421131e-01 1.615279e+00 1.779289e+00 2.508518e+00 1.997157e+00 2.115759e+00 1.789054e+00 2.760198e+00 2.828584e+00 1.582319e+00 2.106850e+00 5.987265e-04
<GCONST> 8.416724e+01
<MIXTURE> 108 5.452374e-03
<MEAN> 25
 8.025194e+00 -2.041015e+00 -6.657238e+00 -6.483032e+00 1.226001e+00 3.424495e+00 -7.853642e+00 -3.693660e+00 -2.339905e+00 4.310466e+00 1.910006e+00 -4.119936e+00 -7.285265e-01 -6.159002e-01 1.023548e+00 1.652335e+00 7.674534e-01 -2.220810e+00 -9.715267e-01 8.206339e-01 2.122437e+00 8.462729e-02 -1.751478e+00 -6.844406e-01 -2.346169e-03
<VARIANCE> 25
 7.279767e+00 1.524948e+01 2.474455e+01 4.285139e+01 2.837783e+01 3.055961e+01 3.879101e+01 2.489300e+01 4.871614e+01 2.943015e+01 3.886737e+01 2.638633e+01 4.346503e-01 7.421131e-01 1.615279e+00 1.779289e+00 2.508518e+00 1.997157e+00 2.115759e+00 1.789054e+00 2.760198e+00 2.828584e+00 1.582319e+00 2.106850e+00 5.987265e-04
<GCONST> 8.416724e+01
<MIXTURE> 109 6.661064e-03
<MEAN> 25
 4.081780e+00 -9.831360e+00 -7.091090e+00 -1.204585e+00 2.591070e+00 -3.586682e-01 2.130603e-01 1.640324e+00 -2.618883e+00 -6.966469e+00 -5.229334e+00 -1.324860e-02 1.588222e-02 -1.370718e-01 -1.196108e-01 2.121911e-01 2.854072e-01 2.006628e-01 -6.538799e-04 -1.743605e-01 -1.551408e-01 -6.376220e-02 1.803247e-01 -5.131413e-02 -3.332870e-03
<VARIANCE> 25
 8.102510e+00 1.870617e+01 2.576582e+01 2.802911e+01 3.655946e+01 3.496206e+01 4.229854e+01 3.138035e+01 4.384146e+01 4.184932e+01 2.657867e+01 2.456243e+01 2.081177e-01 4.084548e-01 5.375640e-01 6.083712e-01 1.199268e+00 9.624278e-01 1.226038e+00 1.034592e+00 1.129101e+00 9.349450e-01 8.218563e-01 8.413222e-01 1.630439e-04
<GCONST> 7.365256e+01
<MIXTURE> 110 6.661064e-03
<MEAN> 25
 4.081780e+00 -9.831360e+00 -7.091090e+00 -1.204585e+00 2.591070e+00 -3.586682e-01 2.130603e-01 1.640324e+00 -2.618883e+00 -6.966469e+00 -5.229334e+00 -1.324860e-02 1.588222e-02 -1.370718e-01 -1.196108e-01 2.121911e-01 2.854072e-01 2.006628e-01 -6.538799e-04 -1.743605e-01 -1.551408e-01 -6.376220e-02 1.803247e-01 -5.131413e-02 -3.332870e-03
<VARIANCE> 25
 8.102510e+00 1.870617e+01 2.576582e+01 2.802911e+01 3.655946e+01 3.496206e+01 4.229854e+01 3.138035e+01 4.384146e+01 4.184932e+01 2.657867e+01 2.456243e+01 2.081177e-01 4.084548e-01 5.375640e-01 6.083712e-01 1.199268e+00 9.624278e-01 1.226038e+00 1.034592e+00 1.129101e+00 9.349450e-01 8.218563e-01 8.413222e-01 1.630439e-04
<GCONST> 7.365256e+01
<MIXTURE> 111 4.337247e-03
<MEAN> 25
 -3.308239e+00 -1.398214e+00 -1.320051e+00 1.001124e+00 1.535891e+00 8.491110e-01 2.385115e-01 7.281129e-02 2.033200e+00 -1.898016e+00 -8.514181e-01 1.888403e+00 -7.191167e-02 -2.814246e-02 -8.826824e-02 -1.071117e-01 9.320530e-02 -4.890693e-02 7.077461e-02 -5.943030e-02 -2.390838e-01 -2.835748e-01 -1.576673e-01 -1.863297e-01 -2.373958e-05
<VARIANCE> 25
 7.576176e+00 4.298968e+00 9.071952e+00 8.998487e+00 1.210972e+01 1.942709e+01 1.255232e+01 1.302483e+01 1.794753e+01 1.387456e+01 1.137107e+01 1.084400e+01 9.040353e-02 1.533738e-01 2.707569e-01 3.782139e-01 5.561885e-01 8.838884e-01 7.640697e-01 7.655478e-01 8.680998e-01 7.539610e-01 7.214805e-01 6.995617e-01 2.503306e-05
<GCONST> 5.521575e+01
<MIXTURE> 112 4.337247e-03
<MEAN> 25
 -3.308239e+00 -1.398214e+00 -1.320051e+00 1.001124e+00 1.535891e+00 8.491110e-01 2.385115e-01 7.281129e-02 2.033200e+00 -1.898016e+00 -8.514181e-01 1.888403e+00 -7.191167e-02 -2.814246e-02 -8.826824e-02 -1.071117e-01 9.320530e-02 -4.890693e-02 7.077461e-02 -5.943030e-02 -2.390838e-01 -2.835748e-01 -1.576673e-01 -1.863297e-01 -2.373958e-05
<VARIANCE> 25
 7.576176e+00 4.298968e+00 9.071952e+00 8.998487e+00 1.210972e+01 1.942709e+01 1.255232e+01 1.302483e+01 1.794753e+01 1.387456e+01 1.137107e+01 1.084400e+01 9.040353e-02 1.533738e-01 2.707569e-01 3.782139e-01 5.561885e-01 8.838884e-01 7.640697e-01 7.655478e-01 8.680998e-01 7.539610e-01 7.214805e-01 6.995617e-01 2.503306e-05
<GCONST> 5.521575e+01
<MIXTURE> 113 5.938666e-03
<MEAN> 25
 9.637694e+00 1.712677e+00 -8.028273e+00 -1.457209e+01 -2.650274e+00 5.969868e+00 -3.569394e+00 -1.336447e+00 -6.590816e+00 -4.234790e-01 6.271067e-01 3.141543e-01 -1.534432e-02 -4.393513e-02 -7.990227e-02 -4.702853e-02 1.271746e-01 1.991050e-01 7.525144e-02 -4.990233e-02 -7.109781e-03 4.850178e-03 2.131466e-01 5.283430e-02 -2.481812e-04
<VARIANCE> 25
 7.493113e+00 1.432077e+01 2.541136e+01 4.618779e+01 5.448298e+01 2.906250e+01 4.425977e+01 3.230708e+01 3.439006e+01 3.872720e+01 3.120542e+01 2.643109e+01 1.179171e-01 3.326964e-01 3.490119e-01 5.802673e-01 6.257876e-01 5.963203e-01 7.192061e-01 8.013176e-01 1.113243e+00 9.047220e-01 7.177328e-01 7.614440e-01 1.102640e-04
<GCONST> 7.015096e+01
<MIXTURE> 114 5.938666e-03
<MEAN> 25
 9.637694e+00 1.712677e+00 -8.028273e+00 -1.457209e+01 -2.650274e+00 5.969868e+00 -3.569394e+00 -1.336447e+00 -6.590816e+00 -4.234790e-01 6.271067e-01 3.141543e-01 -1.534432e-02 -4.393513e-02 -7.990227e-02 -4.702853e-02 1.271746e-01 1.991050e-01 7.525144e-02 -4.990233e-02 -7.109781e-03 4.850178e-03 2.131466e-01 5.283430e-02 -2.481812e-04
<VARIANCE> 25
 7.493113e+00 1.432077e+01 2.541136e+01 4.618779e+01 5.448298e+01 2.906250e+01 4.425977e+01 3.230708e+01 3.439006e+01 3.872720e+01 3.120542e+01 2.643109e+01 1.179171e-01 3.326964e-01 3.490119e-01 5.802673e-01 6.257876e-01 5.963203e-01 7.192061e-01 8.013176e-01 1.113243e+00 9.047220e-01 7.177328e-01 7.614440e-01 1.102640e-04
<GCONST> 7.015096e+01
<MIXTURE> 115 2.935202e-03
<MEAN> 25
 -3.832296e+00 -8.368781e-01 -2.960914e+00 3.545264e+00 2.318527e+00 -4.989486e-01 2.097402e+00 4.867849e-01 1.876104e+00 -3.418171e-01 2.873673e-02 2.573336e+00 1.534360e-02 -9.094983e-02 -2.448982e-01 -4.224864e-01 -5.947922e-01 -6.845632e-01 -5.390989e-01 -4.625137e-01 -4.564025e-01 -4.546513e-01 -3.360677e-01 -1.575508e-01 -9.371190e-05
<VARIANCE> 25
 9.537765e+00 1.022684e+01 1.312755e+01 1.311164e+01 1.313753e+01 1.697986e+01 1.658498e+01 2.006742e+01 2.074591e+01 1.793456e+01 1.800938e+01 1.421798e+01 2.105927e-01 3.470559e-01 4.740563e-01 5.376177e-01 6.595024e-01 7.830257e-01 1.018595e+00 1.136522e+00 1.068730e+00 9.414670e-01 1.002548e+00 1.064646e+00 1.101566e-06
<GCONST> 6.020997e+01
<MIXTURE> 116 2.935202e-03
<MEAN> 25
 -3.832296e+00 -8.368781e-01 -2.960914e+00 3.545264e+00 2.318527e+00 -4.989486e-01 2.097402e+00 4.867849e-01 1.876104e+00 -3.418171e-01 2.873673e-02 2.573336e+00 1.534360e-02 -9.094983e-02 -2.448982e-01 -4.224864e-01 -5.947922e-01 -6.845632e-01 -5.390989e-01 -4.625137e-01 -4.564025e-01 -4.546513e-01 -3.360677e-01 -1.575508e-01 -9.371190e-05
<VARIANCE> 25
 9.537765e+00 1.022684e+01 1.312755e+01 1.311164e+01 1.313753e+01 1.697986e+01 1.658498e+01 2.006742e+01 2.074591e+01 1.793456e+01 1.800938e+01 1.421798e+01 2.105927e-01 3.470559e-01 4.740563e-01 5.376177e-01 6.595024e-01 7.830257e-01 1.018595e+00 1.136522e+00 1.068730e+00 9.414670e-01 1.002548e+00 1.064646e+00 1.101566e-06
<GCONST> 6.020997e+01
<MIXTURE> 117 6.506003e-03
<MEAN> 25
 -4.643502e+00 1.117319e+00 1.054213e+00 9.756711e+00 6.259593e+00 6.255167e+00 6.462173e+00 5.043725e+00 6.386581e+00 4.926473e+00 6.365540e+00 2.708793e+00 -7.510564e-02 -2.342808e-01 -3.583839e-01 -4.200309e-01 -3.673636e-01 -3.025933e-01 -2.872831e-01 -3.313754e-01 -3.914796e-01 -3.688269e-01 -2.626356e-01 -1.157493e-01 -8.779996e-06
<VARIANCE> 25
 7.189959e+00 8.751692e+00 9.808314e+00 1.431633e+01 1.561565e+01 1.535242e+01 1.772597e+01 1.795976e+01 1.640223e+01 1.639470e+01 1.674724e+01 1.475541e+01 2.165837e-01 3.075480e-01 4.260966e-01 6.169851e-01 8.536441e-01 1.055485e+00 1.177337e+00 1.232770e+00 1.224043e+00 1.194656e+00 1.167900e+00 1.113750e+00 1.000792e-06
<GCONST> 6.043203e+01
<MIXTURE> 118 6.506003e-03
<MEAN> 25
 -4.643502e+00 1.117319e+00 1.054213e+00 9.756711e+00 6.259593e+00 6.255167e+00 6.462173e+00 5.043725e+00 6.386581e+00 4.926473e+00 6.365540e+00 2.708793e+00 -7.510564e-02 -2.342808e-01 -3.583839e-01 -4.200309e-01 -3.673636e-01 -3.025933e-01 -2.872831e-01 -3.313754e-01 -3.914796e-01 -3.688269e-01 -2.626356e-01 -1.157493e-01 -8.779996e-06
<VARIANCE> 25
 7.189959e+00 8.751692e+00 9.808314e+00 1.431633e+01 1.561565e+01 1.535242e+01 1.772597e+01 1.795976e+01 1.640223e+01 1.639470e+01 1.674724e+01 1.475541e+01 2.165837e-01 3.075480e-01 4.260966e-01 6.169851e-01 8.536441e-01 1.055485e+00 1.177337e+00 1.232770e+00 1.224043e+00 1.194656e+00 1.167900e+00 1.113750e+00 1.000792e-06
<GCONST> 6.043203e+01
<MIXTURE> 119 4.297961e-03
<MEAN> 25
 -4.780125e+00 -7.440893e+00 2.020147e+00 2.281806e+00 2.016893e+00 2.837841e-01 4.970494e+00 5.830082e+00 2.107477e+00 4.921732e-01 6.171357e+00 1.568377e+00 -6.135888e-02 -1.175007e-01 -2.832115e-02 -7.461435e-02 -1.131817e-01 -2.447613e-01 -4.700756e-02 4.218571e-03 -8.100126e-02 -1.032651e-01 -3.752542e-02 -1.398905e-01 1.915513e-03
<VARIANCE> 25
 8.893458e+00 9.576141e+00 1.559850e+01 2.256943e+01 2.283307e+01 2.248768e+01 2.404359e+01 2.519312e+01 2.919580e+01 2.687543e+01 2.008123e+01 1.895011e+01 1.571919e-01 2.795029e-01 5.190561e-01 6.144904e-01 7.690920e-01 9.913406e-01 1.025427e+00 1.197756e+00 1.206319e+00 1.145436e+00 1.144422e+00 1.276899e+00 2.284653e-04
<GCONST> 6.949490e+01
<MIXTURE> 120 4.297961e-03
<MEAN> 25
 -4.780125e+00 -7.440893e+00 2.020147e+00 2.281806e+00 2.016893e+00 2.837841e-01 4.970494e+00 5.830082e+00 2.107477e+00 4.921732e-01 6.171357e+00 1.568377e+00 -6.135888e-02 -1.175007e-01 -2.832115e-02 -7.461435e-02 -1.131817e-01 -2.447613e-01 -4.700756e-02 4.218571e-03 -8.100126e-02 -1.032651e-01 -3.752542e-02 -1.398905e-01 1.915513e-03
<VARIANCE> 25
 8.893458e+00 9.576141e+00 1.559850e+01 2.256943e+01 2.283307e+01 2.248768e+01 2.404359e+01 2.519312e+01 2.919580e+01 2.687543e+01 2.008123e+01 1.895011e+01 1.571919e-01 2.795029e-01 5.190561e-01 6.144904e-01 7.690920e-01 9.913406e-01 1.025427e+00 1.197756e+00 1.206319e+00 1.145436e+00 1.144422e+00 1.276899e+00 2.284653e-04
<GCONST> 6.949490e+01
<MIXTURE> 121 4.567511e-03
<MEAN> 25
 2.134175e-01 -2.514448e+00 5.159155e+00 -1.286731e+01 -1.262646e+01 -1.668202e+00 9.950178e-01 -5.091725e+00 -4.207932e+00 -4.834176e-01 -5.498878e+00 -4.297258e+00 2.451950e-02 1.314042e-01 -4.129428e-02 8.069691e-02 1.585965e-01 7.715955e-02 -7.663738e-02 -1.828125e-01 -2.686493e-01 -2.567795e-01 -1.149828e-01 -1.192965e-03 -7.429651e-03
<VARIANCE> 25
 7.736224e+00 1.564154e+01 1.737633e+01 2.071631e+01 2.451430e+01 2.920389e+01 2.950808e+01 2.463121e+01 3.528678e+01 2.829745e+01 1.973522e+01 2.120951e+01 1.550795e-01 6.420691e-01 6.217285e-01 7.054260e-01 7.693132e-01 1.152511e+00 1.118120e+00 1.118582e+00 1.215291e+00 1.193538e+00 9.400057e-01 8.728576e-01 2.103563e-04
<GCONST> 7.141384e+01
<MIXTURE> 122 4.567511e-03
<MEAN> 25
 2.134175e-01 -2.514448e+00 5.159155e+00 -1.286731e+01 -1.262646e+01 -1.668202e+00 9.950178e-01 -5.091725e+00 -4.207932e+00 -4.834176e-01 -5.498878e+00 -4.297258e+00 2.451950e-02 1.314042e-01 -4.129428e-02 8.069691e-02 1.585965e-01 7.715955e-02 -7.663738e-02 -1.828125e-01 -2.686493e-01 -2.567795e-01 -1.149828e-01 -1.192965e-03 -7.429651e-03
<VARIANCE> 25
 7.736224e+00 1.564154e+01 1.737633e+01 2.071631e+01 2.451430e+01 2.920389e+01 2.950808e+01 2.463121e+01 3.528678e+01 2.829745e+01 1.973522e+01 2.120951e+01 1.550795e-01 6.420691e-01 6.217285e-01 7.054260e-01 7.693132e-01 1.152511e+00 1.118120e+00 1.118582e+00 1.215291e+00 1.193538e+00 9.400057e-01 8.728576e-01 2.103563e-04
<GCONST> 7.141384e+01
<MIXTURE> 123 4.393044e-03
<MEAN> 25
 -2.832928e+00 2.980877e-01 -1.071402e-01 4.763309e+00 4.179027e+00 3.159276e+00 3.225645e+00 -2.851716e-02 2.487482e+00 -1.855631e+00 -3.409736e-01 1.019093e+00 -4.594703e-01 -7.189629e-01 -8.564374e-01 -6.461373e-01 -1.080468e-01 -1.827400e-01 2.012442e-01 6.216198e-01 8.723584e-01 5.808414e-01 6.946979e-01 6.253962e-01 -3.745132e-03
<VARIANCE> 25
 1.128435e+01 9.662901e+00 1.290802e+01 1.801869e+01 2.187667e+01 2.088736e+01 2.274216e+01 1.814756e+01 2.571430e+01 1.610230e+01 1.616113e+01 1.773978e+01 2.808856e-01 3.385556e-01 4.079874e-01 5.824217e-01 8.873128e-01 1.084399e+00 1.041967e+00 1.160731e+00 9.993651e-01 1.045619e+00 1.321067e+00 1.150979e+00 1.368249e-04
<GCONST> 6.784753e+01
<MIXTURE> 124 4.069876e-03
<MEAN> 25
 -5.432492e+00 -1.395096e+00 -2.495963e+00 4.224519e+00 4.892481e+00 3.254115e+00 5.143753e+00 2.216422e+00 4.380353e+00 3.476911e-01 7.208027e-01 2.552371e+00 -2.179115e-01 -3.078389e-01 -3.614532e-01 -1.981091e-01 1.254162e-01 4.915587e-01 8.579146e-01 8.429981e-01 5.964833e-01 2.527704e-01 8.926570e-02 -5.689947e-02 -5.276977e-04
<VARIANCE> 25
 1.431670e+01 5.941694e+00 1.029046e+01 1.343705e+01 1.142839e+01 1.687954e+01 1.559152e+01 1.618373e+01 1.870861e+01 1.780990e+01 1.678875e+01 1.361117e+01 9.610824e-02 1.517417e-01 2.402096e-01 3.928034e-01 5.220379e-01 6.990530e-01 7.977626e-01 8.028104e-01 8.778371e-01 9.759015e-01 9.993851e-01 9.558862e-01 2.149020e-05
<GCONST> 5.836235e+01
<MIXTURE> 125 4.069876e-03
<MEAN> 25
 -5.432492e+00 -1.395096e+00 -2.495963e+00 4.224519e+00 4.892481e+00 3.254115e+00 5.143753e+00 2.216422e+00 4.380353e+00 3.476911e-01 7.208027e-01 2.552371e+00 -2.179115e-01 -3.078389e-01 -3.614532e-01 -1.981091e-01 1.254162e-01 4.915587e-01 8.579146e-01 8.429981e-01 5.964833e-01 2.527704e-01 8.926570e-02 -5.689947e-02 -5.276977e-04
<VARIANCE> 25
 1.431670e+01 5.941694e+00 1.029046e+01 1.343705e+01 1.142839e+01 1.687954e+01 1.559152e+01 1.618373e+01 1.870861e+01 1.780990e+01 1.678875e+01 1.361117e+01 9.610824e-02 1.517417e-01 2.402096e-01 3.928034e-01 5.220379e-01 6.990530e-01 7.977626e-01 8.028104e-01 8.778371e-01 9.759015e-01 9.993851e-01 9.558862e-01 2.149020e-05
<GCONST> 5.836235e+01
<MIXTURE> 126 2.402244e-03
<MEAN> 25
 -3.276032e+00 -6.558571e+00 -4.255333e+00 2.897545e+00 3.165760e+00 -2.724585e+00 -3.156973e-01 3.104762e+00 5.150270e+00 -3.043828e+00 -1.210521e+00 2.451242e+00 4.262697e-02 -2.403398e-02 -8.656920e-02 -2.757707e-01 -2.914383e-01 -3.460331e-01 -3.973020e-01 -2.404783e-01 5.039195e-02 8.201612e-02 -1.227221e-01 -2.225532e-02 -3.195009e-03
<VARIANCE> 25
 7.054750e+00 1.259034e+01 1.252429e+01 1.648058e+01 2.217037e+01 2.102647e+01 2.127960e+01 2.527863e+01 3.193320e+01 2.110729e+01 1.756142e+01 1.752140e+01 1.853094e-01 3.043181e-01 4.389125e-01 7.011815e-01 7.012895e-01 8.912936e-01 1.184835e+00 1.239279e+00 1.427687e+00 1.480997e+00 1.063082e+00 1.332192e+00 2.029419e-04
<GCONST> 6.889259e+01
<MIXTURE> 127 2.402244e-03
<MEAN> 25
 -3.276032e+00 -6.558571e+00 -4.255333e+00 2.897545e+00 3.165760e+00 -2.724585e+00 -3.156973e-01 3.104762e+00 5.150270e+00 -3.043828e+00 -1.210521e+00 2.451242e+00 4.262697e-02 -2.403398e-02 -8.656920e-02 -2.757707e-01 -2.914383e-01 -3.460331e-01 -3.973020e-01 -2.404783e-01 5.039195e-02 8.201612e-02 -1.227221e-01 -2.225532e-02 -3.195009e-03
<VARIANCE> 25
 7.054750e+00 1.259034e+01 1.252429e+01 1.648058e+01 2.217037e+01 2.102647e+01 2.127960e+01 2.527863e+01 3.193320e+01 2.110729e+01 1.756142e+01 1.752140e+01 1.853094e-01 3.043181e-01 4.389125e-01 7.011815e-01 7.012895e-01 8.912936e-01 1.184835e+00 1.239279e+00 1.427687e+00 1.480997e+00 1.063082e+00 1.332192e+00 2.029419e-04
<GCONST> 6.889259e+01
<MIXTURE> 128 3.790457e-03
<MEAN> 25
 -3.818027e+00 1.364261e+00 -3.119099e-01 6.100624e+00 3.636703e+00 2.036545e+00 3.476439e+00 2.541782e+00 4.204545e+00 3.422045e+00 3.561272e+00 3.159424e+00 -3.988791e-01 -2.323229e-01 8.140219e-02 6.067818e-01 1.221105e+00 1.135404e+00 7.575024e-01 1.814584e-01 -4.571583e-01 -7.897376e-01 -6.735861e-01 -4.380701e-01 -4.499304e-05
<VARIANCE> 25
 1.010583e+01 1.193512e+01 1.444787e+01 2.378073e+01 1.934616e+01 2.131181e+01 2.361825e+01 2.440985e+01 2.688520e+01 2.466962e+01 2.678826e+01 2.072175e+01 8.602730e-01 1.137137e+00 1.323397e+00 1.816555e+00 1.563714e+00 1.821403e+00 2.199713e+00 2.303340e+00 2.069616e+00 1.782677e+00 1.694458e+00 1.751048e+00 9.804212e-07
<GCONST> 7.385629e+01
<TRANSP> 3
 0.000000e+00 1.000000e+00 0.000000e+00
 0.000000e+00 9.999990e-01 9.999998e-07
 0.000000e+00 0.000000e+00 0.000000e+00
<ENDHMM>
