~o
<STREAMINFO> 1 25
<VECSIZE> 25<NULLD><MFCC_E_D_N><DIAGC>
~h "jmodel"
<BEGINHMM>
<NUMSTATES> 3
<STATE> 2
<NUMMIXES> 128
<MIXTURE> 1 5.748963e-03
<MEAN> 25
 -2.543154e+00 3.162492e+00 2.307384e+00 8.711172e+00 4.345794e+00 3.434651e+00 4.032672e+00 3.913246e+00 5.801312e+00 5.227139e+00 5.879547e+00 3.070469e+00 -1.993881e+00 -1.626150e+00 -8.607921e-01 1.066371e+00 1.557517e+00 2.222590e+00 2.149962e+00 2.068035e+00 1.694149e+00 1.257988e+00 1.554695e+00 6.188380e-01 -4.673834e-02
<VARIANCE> 25
 1.024315e+01 1.174446e+01 1.489407e+01 1.886860e+01 2.324341e+01 2.208070e+01 2.195761e+01 2.193900e+01 2.111487e+01 2.249147e+01 2.093824e+01 1.701482e+01 1.793771e+00 2.108998e+00 3.031143e+00 3.217542e+00 3.719170e+00 3.363317e+00 3.302830e+00 3.414772e+00 3.513209e+00 3.722173e+00 3.519400e+00 2.857240e+00 3.117156e-03
<GCONST> 8.849783e+01
<MIXTURE> 2 4.549242e-03
<MEAN> 25
 -4.875333e+00 1.311141e+00 9.938551e-01 9.899461e+00 6.691920e+00 7.424702e+00 7.846560e+00 6.957768e+00 8.373769e+00 6.371337e+00 7.623571e+00 3.073982e+00 -6.194650e-02 4.173094e-02 1.425282e-01 2.259670e-01 2.655086e-01 2.813157e-01 2.955085e-01 3.193913e-01 3.497252e-01 3.089775e-01 1.971937e-01 7.999986e-02 1.331684e-06
<VARIANCE> 25
 6.956692e+00 8.903170e+00 1.065245e+01 1.591377e+01 1.723716e+01 1.556249e+01 1.689890e+01 1.848540e+01 1.658600e+01 1.740380e+01 1.811281e+01 1.434139e+01 1.252533e-01 2.267242e-01 3.364712e-01 4.671712e-01 6.497751e-01 8.148286e-01 9.298463e-01 1.003351e+00 1.051625e+00 1.077980e+00 1.075585e+00 1.013936e+00 1.000803e-06
<GCONST> 5.804757e+01
<MIXTURE> 3 4.549242e-03
<MEAN> 25
 -4.875333e+00 1.311141e+00 9.938551e-01 9.899461e+00 6.691920e+00 7.424702e+00 7.846560e+00 6.957768e+00 8.373769e+00 6.371337e+00 7.623571e+00 3.073982e+00 -6.194650e-02 4.173094e-02 1.425282e-01 2.259670e-01 2.655086e-01 2.813157e-01 2.955085e-01 3.193913e-01 3.497252e-01 3.089775e-01 1.971937e-01 7.999986e-02 1.331684e-06
<VARIANCE> 25
 6.956692e+00 8.903170e+00 1.065245e+01 1.591377e+01 1.723716e+01 1.556249e+01 1.689890e+01 1.848540e+01 1.658600e+01 1.740380e+01 1.811281e+01 1.434139e+01 1.252533e-01 2.267242e-01 3.364712e-01 4.671712e-01 6.497751e-01 8.148286e-01 9.298463e-01 1.003351e+00 1.051625e+00 1.077980e+00 1.075585e+00 1.013936e+00 1.000803e-06
<GCONST> 5.804757e+01
<MIXTURE> 4 1.671429e-02
<MEAN> 25
 2.777976e+00 1.939901e+00 -2.669559e+00 -5.184696e-01 4.923325e+00 1.437650e-01 4.570071e-01 -2.577738e-01 5.844594e-01 1.035244e+00 -1.758093e+00 7.044246e-01 -2.453370e+00 7.375888e-01 1.752370e+00 2.513365e+00 8.914435e-01 2.577512e-01 1.429633e+00 2.579805e-01 1.362391e+00 1.530547e-02 9.060689e-01 5.904173e-01 -7.322107e-02
<VARIANCE> 25
 1.775759e+01 2.314558e+01 2.455681e+01 3.523412e+01 3.654583e+01 5.145479e+01 5.981976e+01 4.789381e+01 4.784126e+01 4.498515e+01 4.013303e+01 2.771680e+01 2.216771e+00 4.285397e+00 3.095919e+00 5.321920e+00 5.963933e+00 6.545197e+00 5.128924e+00 7.122174e+00 6.285416e+00 5.504843e+00 5.100413e+00 3.569901e+00 6.876472e-03
<GCONST> 1.026984e+02
<MIXTURE> 5 3.206198e-03
<MEAN> 25
 -3.346075e+00 2.148343e+00 6.118736e-01 9.360616e+00 6.634014e+00 6.298890e+00 7.063269e+00 4.675085e+00 5.534332e+00 3.746663e+00 4.597835e+00 2.555642e+00 -3.172611e-01 7.536492e-01 1.222068e+00 1.037681e+00 3.109297e-01 -1.050721e-01 -7.294725e-02 1.570661e-02 4.523498e-01 6.830225e-01 4.034248e-01 9.032249e-02 -3.035337e-05
<VARIANCE> 25
 1.048594e+01 1.403935e+01 2.327124e+01 2.619288e+01 2.034538e+01 1.933120e+01 2.008982e+01 2.058739e+01 2.154798e+01 2.178053e+01 2.406376e+01 1.634228e+01 1.199998e+00 1.232084e+00 1.347704e+00 1.694870e+00 2.282685e+00 2.362342e+00 2.280632e+00 2.355752e+00 2.294509e+00 2.233169e+00 2.059471e+00 1.868231e+00 1.047667e-06
<GCONST> 7.527256e+01
<MIXTURE> 6 5.475854e-03
<MEAN> 25
 8.610383e+00 -7.820920e-01 -6.811049e+00 -8.247352e+00 -2.893915e+00 6.491472e+00 -5.253310e+00 -5.027630e+00 -5.140912e+00 2.635941e+00 4.113104e+00 -2.508776e-01 5.511682e-01 6.961930e-01 -3.258146e-01 -1.116222e+00 -2.368003e-01 1.006676e+00 1.439857e+00 2.304737e-01 -1.336938e+00 -9.395902e-01 1.558566e-01 1.428147e+00 -9.622807e-03
<VARIANCE> 25
 9.242761e+00 1.346527e+01 1.826843e+01 4.767598e+01 2.780765e+01 2.268361e+01 5.117744e+01 2.733216e+01 3.534727e+01 2.983451e+01 3.189346e+01 2.716945e+01 2.887730e-01 8.287413e-01 8.339182e-01 2.209469e+00 2.097205e+00 1.834906e+00 1.831236e+00 2.357267e+00 2.087107e+00 1.883638e+00 1.783162e+00 1.511982e+00 5.323827e-04
<GCONST> 8.177010e+01
<MIXTURE> 7 5.475854e-03
<MEAN> 25
 8.610383e+00 -7.820920e-01 -6.811049e+00 -8.247352e+00 -2.893915e+00 6.491472e+00 -5.253310e+00 -5.027630e+00 -5.140912e+00 2.635941e+00 4.113104e+00 -2.508776e-01 5.511682e-01 6.961930e-01 -3.258146e-01 -1.116222e+00 -2.368003e-01 1.006676e+00 1.439857e+00 2.304737e-01 -1.336938e+00 -9.395902e-01 1.558566e-01 1.428147e+00 -9.622807e-03
<VARIANCE> 25
 9.242761e+00 1.346527e+01 1.826843e+01 4.767598e+01 2.780765e+01 2.268361e+01 5.117744e+01 2.733216e+01 3.534727e+01 2.983451e+01 3.189346e+01 2.716945e+01 2.887730e-01 8.287413e-01 8.339182e-01 2.209469e+00 2.097205e+00 1.834906e+00 1.831236e+00 2.357267e+00 2.087107e+00 1.883638e+00 1.783162e+00 1.511982e+00 5.323827e-04
<GCONST> 8.177010e+01
<MIXTURE> 8 1.165917e-02
<MEAN> 25
 -4.693376e+00 1.352114e+00 1.280729e+00 9.490053e+00 6.561223e+00 6.243879e+00 6.449243e+00 5.669596e+00 6.671305e+00 5.581528e+00 6.524320e+00 3.115814e+00 -6.279695e-01 -1.414320e+00 -1.069844e+00 -1.724497e+00 -2.270768e-01 -9.453928e-01 -1.809267e-01 -2.905139e-01 -2.445821e-01 -1.712646e-01 -2.072640e-01 8.109716e-02 9.814338e-02
<VARIANCE> 25
 9.469043e+00 9.799506e+00 1.158122e+01 1.654436e+01 1.668413e+01 1.566814e+01 1.813828e+01 1.747436e+01 1.708026e+01 1.761509e+01 1.909071e+01 1.423369e+01 2.753746e+00 2.817213e+00 3.889885e+00 3.790462e+00 3.454701e+00 3.325624e+00 3.115581e+00 3.079195e+00 2.881915e+00 2.667078e+00 2.428013e+00 1.903977e+00 6.724598e-03
<GCONST> 8.637959e+01
<MIXTURE> 9 1.199672e-02
<MEAN> 25
 8.276380e+00 2.501744e+00 -5.975101e+00 -8.829972e+00 -1.893534e+00 4.658154e+00 -2.599759e+00 -2.618730e+00 -5.637136e+00 -2.771586e-01 1.242494e+00 -1.177673e-01 1.531296e+00 -1.164866e-01 -4.910819e-01 -2.341461e+00 -1.843029e+00 8.745411e-01 -9.739027e-01 1.811272e-02 -6.958518e-01 -2.463183e-01 3.578580e-01 -6.308490e-02 6.074600e-02
<VARIANCE> 25
 1.364835e+01 1.945984e+01 2.812831e+01 6.090917e+01 4.691567e+01 2.995806e+01 4.251273e+01 4.585642e+01 3.726649e+01 4.051967e+01 3.100414e+01 2.477459e+01 2.028347e+00 2.072603e+00 4.397751e+00 4.305235e+00 4.382777e+00 3.732592e+00 3.846969e+00 6.681754e+00 5.282485e+00 3.634777e+00 3.779578e+00 2.628389e+00 2.149259e-03
<GCONST> 9.728905e+01
<MIXTURE> 10 6.596976e-03
<MEAN> 25
 9.544770e-01 7.474983e+00 5.172905e+00 6.942458e+00 1.590651e+00 -2.174167e+00 -8.795744e-01 -1.765276e+00 9.044185e-01 8.912289e-01 1.043401e+00 7.539456e-01 -1.853928e+00 -6.805270e-01 -3.236982e-01 2.790345e+00 2.362510e+00 2.553622e+00 2.388568e+00 2.220642e+00 1.975725e+00 1.478226e+00 2.261701e+00 4.538061e-01 -1.355996e-01
<VARIANCE> 25
 1.902345e+01 2.027309e+01 2.208809e+01 2.864052e+01 3.666412e+01 3.391783e+01 3.628920e+01 3.258945e+01 2.653341e+01 2.779841e+01 2.734093e+01 2.411879e+01 2.247738e+00 3.277833e+00 5.757374e+00 6.045066e+00 5.725282e+00 4.897812e+00 4.516670e+00 4.859090e+00 4.502466e+00 4.878879e+00 4.362253e+00 3.327857e+00 2.697475e-03
<GCONST> 9.746632e+01
<MIXTURE> 11 1.633820e-02
<MEAN> 25
 5.589892e+00 3.840314e+00 2.774285e+00 5.742814e+00 -1.989561e+00 1.439745e-01 1.132964e+00 -5.815664e+00 -3.566608e+00 1.323637e-01 -1.879637e+00 -1.068768e+00 -1.761548e-01 4.311719e-01 2.928741e-01 8.967348e-02 3.105602e-01 8.770733e-02 4.432315e-01 -3.880298e-01 3.992161e-01 -4.447240e-01 -2.828796e-01 2.005504e-01 -1.096885e-02
<VARIANCE> 25
 7.680832e+00 1.848024e+01 1.462833e+01 3.085748e+01 2.754270e+01 2.967906e+01 3.792380e+01 4.647987e+01 3.886896e+01 2.274578e+01 2.317608e+01 1.463989e+01 7.698362e-01 1.030377e+00 2.194930e+00 3.211089e+00 2.482181e+00 1.990026e+00 2.274403e+00 5.096938e+00 2.187188e+00 1.495108e+00 1.422345e+00 1.234779e+00 5.539401e-04
<GCONST> 8.382523e+01
<MIXTURE> 12 5.904134e-03
<MEAN> 25
 1.049563e+01 3.560329e+00 -4.529841e+00 -1.545556e+01 -8.539609e+00 8.572751e+00 -7.378361e-01 -1.812430e+00 -1.688100e+00 -4.543144e+00 1.620433e+00 7.407963e-01 5.155163e-02 2.744354e-01 7.919648e-02 -3.740538e-01 -2.897007e-01 4.222856e-02 3.346575e-01 4.373788e-01 1.536272e-01 -3.670915e-01 -3.777434e-01 7.153589e-02 -6.167036e-03
<VARIANCE> 25
 9.775919e+00 2.128973e+01 2.309133e+01 3.883132e+01 4.071483e+01 3.039756e+01 4.077097e+01 4.863933e+01 4.433742e+01 3.812411e+01 3.769112e+01 2.784719e+01 2.527896e-01 6.768864e-01 6.734937e-01 1.158735e+00 1.225166e+00 1.087204e+00 1.177863e+00 1.346632e+00 1.261424e+00 1.218818e+00 1.224265e+00 9.498052e-01 5.529935e-04
<GCONST> 7.900134e+01
<MIXTURE> 13 5.904134e-03
<MEAN> 25
 1.049563e+01 3.560329e+00 -4.529841e+00 -1.545556e+01 -8.539609e+00 8.572751e+00 -7.378361e-01 -1.812430e+00 -1.688100e+00 -4.543144e+00 1.620433e+00 7.407963e-01 5.155163e-02 2.744354e-01 7.919648e-02 -3.740538e-01 -2.897007e-01 4.222856e-02 3.346575e-01 4.373788e-01 1.536272e-01 -3.670915e-01 -3.777434e-01 7.153589e-02 -6.167036e-03
<VARIANCE> 25
 9.775919e+00 2.128973e+01 2.309133e+01 3.883132e+01 4.071483e+01 3.039756e+01 4.077097e+01 4.863933e+01 4.433742e+01 3.812411e+01 3.769112e+01 2.784719e+01 2.527896e-01 6.768864e-01 6.734937e-01 1.158735e+00 1.225166e+00 1.087204e+00 1.177863e+00 1.346632e+00 1.261424e+00 1.218818e+00 1.224265e+00 9.498052e-01 5.529935e-04
<GCONST> 7.900134e+01
<MIXTURE> 14 6.488954e-03
<MEAN> 25
 -4.133660e+00 -4.088207e-01 -3.284360e-01 8.751577e+00 7.363947e+00 7.375493e+00 7.678815e+00 7.253747e+00 7.335821e+00 4.949522e+00 6.682333e+00 3.991937e+00 -2.743295e-01 1.999937e-01 3.549547e-01 2.829257e-01 5.180560e-02 3.641266e-02 9.424183e-02 1.527177e-01 2.958011e-01 5.240572e-01 4.959808e-01 4.746914e-02 -8.899361e-03
<VARIANCE> 25
 9.914081e+00 1.361458e+01 1.813735e+01 1.888188e+01 2.111265e+01 1.925404e+01 2.154960e+01 2.033808e+01 2.027820e+01 2.546443e+01 2.159368e+01 1.623206e+01 9.401794e-01 1.599522e+00 1.722267e+00 1.944517e+00 2.286531e+00 2.248684e+00 2.219046e+00 2.245387e+00 2.309949e+00 2.451172e+00 2.159307e+00 1.817946e+00 1.008315e-03
<GCONST> 8.194670e+01
<MIXTURE> 15 2.475190e-03
<MEAN> 25
 -5.404157e+00 -6.592177e-01 -2.100938e-01 7.338491e+00 5.718017e+00 5.721928e+00 6.073302e+00 4.967119e+00 5.184649e+00 4.137502e+00 5.475295e+00 2.529146e+00 -1.216003e-01 -2.595894e-02 7.544357e-02 2.420520e-01 4.900635e-01 7.845075e-01 1.072297e+00 1.182558e+00 1.056860e+00 7.583106e-01 4.185804e-01 1.544907e-01 -1.222701e-04
<VARIANCE> 25
 7.065206e+00 5.646664e+00 9.025527e+00 1.299977e+01 1.404072e+01 1.438316e+01 1.492571e+01 1.489346e+01 1.415481e+01 1.422055e+01 1.523979e+01 1.250179e+01 1.244494e-01 2.088157e-01 3.188531e-01 5.028049e-01 6.972434e-01 7.924834e-01 7.605069e-01 7.903977e-01 9.075099e-01 1.022147e+00 1.067975e+00 1.038867e+00 2.830243e-05
<GCONST> 5.863795e+01
<MIXTURE> 16 2.475190e-03
<MEAN> 25
 -5.404157e+00 -6.592177e-01 -2.100938e-01 7.338491e+00 5.718017e+00 5.721928e+00 6.073302e+00 4.967119e+00 5.184649e+00 4.137502e+00 5.475295e+00 2.529146e+00 -1.216003e-01 -2.595894e-02 7.544357e-02 2.420520e-01 4.900635e-01 7.845075e-01 1.072297e+00 1.182558e+00 1.056860e+00 7.583106e-01 4.185804e-01 1.544907e-01 -1.222701e-04
<VARIANCE> 25
 7.065206e+00 5.646664e+00 9.025527e+00 1.299977e+01 1.404072e+01 1.438316e+01 1.492571e+01 1.489346e+01 1.415481e+01 1.422055e+01 1.523979e+01 1.250179e+01 1.244494e-01 2.088157e-01 3.188531e-01 5.028049e-01 6.972434e-01 7.924834e-01 7.605069e-01 7.903977e-01 9.075099e-01 1.022147e+00 1.067975e+00 1.038867e+00 2.830243e-05
<GCONST> 5.863795e+01
<MIXTURE> 17 9.518312e-03
<MEAN> 25
 3.539831e+00 -3.598242e-01 6.322242e+00 2.094623e+00 -5.371962e+00 -5.570596e+00 -3.014799e+00 -3.625772e-01 -2.298743e+00 -3.010592e+00 2.810489e-01 4.524648e-01 -7.561448e-01 -1.043549e+00 1.316494e+00 -1.853311e+00 -2.455757e+00 -3.841683e-02 5.181236e-01 5.926785e-01 -2.624607e-01 -4.586289e-02 8.311846e-01 5.197023e-01 6.998347e-02
<VARIANCE> 25
 1.603566e+01 2.625041e+01 2.633466e+01 3.417149e+01 4.357985e+01 4.152591e+01 3.552094e+01 3.036065e+01 3.729791e+01 2.361354e+01 2.394829e+01 2.434560e+01 1.760987e+00 2.307025e+00 3.347128e+00 2.926513e+00 3.972974e+00 4.602138e+00 5.532882e+00 4.277246e+00 5.584947e+00 3.482005e+00 2.679549e+00 2.497403e+00 2.677345e-03
<GCONST> 9.512434e+01
<MIXTURE> 18 1.221018e-02
<MEAN> 25
 3.176340e+00 4.045155e+00 6.224376e+00 4.598088e+00 -4.918628e+00 -8.030313e+00 -1.189854e+00 -1.902775e+00 -5.051313e+00 -1.286623e+00 -2.000853e-01 3.100626e-01 -6.285625e-01 1.880839e+00 -2.780823e-01 7.352886e-01 3.111801e+00 1.124974e+00 5.532336e-01 -1.340328e-01 1.194562e+00 2.683236e-01 -2.645716e-01 -2.515966e-01 -1.144113e-01
<VARIANCE> 25
 1.482462e+01 2.128221e+01 2.813999e+01 2.295051e+01 3.946645e+01 2.801124e+01 3.887469e+01 3.392776e+01 5.733731e+01 3.496269e+01 2.882721e+01 2.679193e+01 2.130877e+00 2.656309e+00 3.890911e+00 8.276976e+00 3.465845e+00 4.387242e+00 4.919286e+00 4.081743e+00 5.606154e+00 3.681389e+00 3.715938e+00 3.323928e+00 3.639396e-03
<GCONST> 9.746883e+01
<MIXTURE> 19 9.912824e-03
<MEAN> 25
 -8.713017e+00 1.463184e+00 -1.135793e-01 1.565940e+00 2.831403e+00 7.539595e-01 3.284636e+00 8.786877e-01 3.183303e+00 7.107452e-01 1.042773e+00 6.941998e-01 1.797050e+00 1.308649e+00 1.951347e+00 6.520414e-01 -1.072498e+00 -1.002007e+00 -1.122296e+00 -8.549216e-01 -1.979318e+00 -9.076993e-01 -4.560563e-01 -7.539350e-01 -4.761496e-03
<VARIANCE> 25
 5.270164e+01 2.157047e+01 4.681031e+01 4.284330e+01 4.270674e+01 3.191053e+01 3.986184e+01 3.573675e+01 3.024194e+01 2.775321e+01 2.496193e+01 1.791661e+01 2.380505e+00 1.648391e+00 2.232900e+00 2.225591e+00 2.098901e+00 1.943739e+00 2.581605e+00 3.913060e+00 2.355336e+00 2.353450e+00 1.673039e+00 1.721155e+00 1.895576e-03
<GCONST> 9.109226e+01
<MIXTURE> 20 6.308331e-03
<MEAN> 25
 -1.366356e+01 7.290639e+00 1.070788e+00 6.113297e+00 4.299401e+00 8.796130e-01 5.871774e+00 -1.965470e-01 1.072979e+00 2.073465e-01 2.237559e+00 2.521886e-01 -3.266049e+00 -8.484427e-01 -1.671193e+00 3.378139e-01 1.401865e+00 1.728423e+00 2.041121e+00 1.823674e+00 2.269438e+00 1.837382e+00 1.444558e+00 1.057080e+00 4.919818e-02
<VARIANCE> 25
 1.968456e+01 2.095779e+01 2.855094e+01 3.285374e+01 2.982035e+01 2.799858e+01 2.971904e+01 3.638317e+01 2.463652e+01 2.696354e+01 2.275822e+01 2.304933e+01 1.844941e+00 1.987314e+00 1.755398e+00 2.251427e+00 2.557322e+00 2.850105e+00 2.083477e+00 2.503064e+00 2.096481e+00 2.614796e+00 2.309854e+00 1.718720e+00 1.676065e-03
<GCONST> 8.828781e+01
<MIXTURE> 21 7.928653e-03
<MEAN> 25
 3.962517e+00 -4.381441e+00 5.736565e+00 -1.314125e+00 -1.048120e+01 -8.579906e+00 -2.544620e+00 4.143803e+00 -2.300352e+00 -3.243680e+00 2.709835e-01 4.061362e-01 -7.047089e-01 1.319498e+00 2.540393e+00 -5.867014e-02 -1.496854e+00 3.481842e-01 6.054863e-01 -1.479563e+00 -1.914327e+00 2.966756e-01 1.306902e+00 2.397409e-01 -1.286671e-02
<VARIANCE> 25
 8.872759e+00 1.912461e+01 2.930885e+01 2.964682e+01 2.930735e+01 3.317813e+01 4.209646e+01 3.978108e+01 4.497748e+01 3.177557e+01 3.297655e+01 2.318978e+01 3.814215e-01 9.508476e-01 1.889197e+00 1.356521e+00 2.388758e+00 2.171179e+00 3.666478e+00 2.502789e+00 2.237381e+00 2.575476e+00 1.974112e+00 2.248143e+00 4.225382e-04
<GCONST> 8.531742e+01
<MIXTURE> 22 8.827789e-03
<MEAN> 25
 -1.781855e+01 7.025015e+00 -4.104273e+00 7.325969e+00 4.583514e+00 2.588535e+00 8.363693e+00 1.562928e+00 5.416660e+00 3.107203e+00 5.599320e+00 1.219020e+00 -3.315433e-01 -2.455075e-01 -1.410169e-01 -1.392870e-01 -3.096288e-02 8.666071e-02 1.655751e-01 2.243766e-01 2.550356e-01 1.810220e-01 1.655164e-01 2.307345e-01 9.598901e-03
<VARIANCE> 25
 8.272145e+00 1.707200e+01 1.724387e+01 2.498626e+01 2.309886e+01 2.165874e+01 1.934582e+01 1.962731e+01 1.788385e+01 2.183298e+01 1.934834e+01 1.391613e+01 1.107821e+00 1.403832e+00 1.363592e+00 1.606242e+00 1.390617e+00 1.601220e+00 1.478870e+00 1.653881e+00 1.588591e+00 1.529102e+00 1.325093e+00 1.197508e+00 1.731844e-03
<GCONST> 7.859183e+01
<MIXTURE> 23 6.455497e-03
<MEAN> 25
 6.233006e+00 1.939196e+00 1.420699e+00 1.272432e+00 -4.222124e+00 -5.128033e-01 -3.177016e+00 -3.569209e+00 -5.139827e+00 1.285652e+00 -2.332216e+00 -2.287622e+00 2.237165e-02 1.320697e-01 -8.261964e-02 3.290663e-02 5.327097e-02 3.656222e-01 -9.984504e-03 -4.057017e-02 9.016602e-02 6.312086e-02 6.388342e-02 6.635256e-02 -5.151943e-03
<VARIANCE> 25
 7.936432e+00 1.353575e+01 2.208555e+01 2.686655e+01 3.415891e+01 4.042541e+01 6.064950e+01 5.049789e+01 4.607588e+01 3.232467e+01 3.886562e+01 2.824848e+01 9.218329e-02 2.979110e-01 3.261786e-01 5.609543e-01 8.316764e-01 6.821979e-01 7.834087e-01 1.050351e+00 8.883175e-01 7.974061e-01 9.370350e-01 6.107567e-01 7.909231e-05
<GCONST> 7.017143e+01
<MIXTURE> 24 6.455497e-03
<MEAN> 25
 6.233006e+00 1.939196e+00 1.420699e+00 1.272432e+00 -4.222124e+00 -5.128033e-01 -3.177016e+00 -3.569209e+00 -5.139827e+00 1.285652e+00 -2.332216e+00 -2.287622e+00 2.237165e-02 1.320697e-01 -8.261964e-02 3.290663e-02 5.327097e-02 3.656222e-01 -9.984504e-03 -4.057017e-02 9.016602e-02 6.312086e-02 6.388342e-02 6.635256e-02 -5.151943e-03
<VARIANCE> 25
 7.936432e+00 1.353575e+01 2.208555e+01 2.686655e+01 3.415891e+01 4.042541e+01 6.064950e+01 5.049789e+01 4.607588e+01 3.232467e+01 3.886562e+01 2.824848e+01 9.218329e-02 2.979110e-01 3.261786e-01 5.609543e-01 8.316764e-01 6.821979e-01 7.834087e-01 1.050351e+00 8.883175e-01 7.974061e-01 9.370350e-01 6.107567e-01 7.909231e-05
<GCONST> 7.017143e+01
<MIXTURE> 25 1.118642e-02
<MEAN> 25
 -2.908459e-01 3.600044e+00 1.365279e+01 3.206928e-01 -1.032768e+01 -1.493608e+00 -4.024699e+00 -2.958189e+00 -6.703193e+00 -4.338068e+00 4.417220e+00 -5.593546e-02 -1.160135e-01 1.095707e-01 1.345042e-01 4.069850e-01 5.750517e-02 -3.579756e-01 7.169030e-01 -1.336212e-01 -6.267922e-01 7.430340e-02 9.369674e-02 -1.071663e-02 -6.948857e-03
<VARIANCE> 25
 6.382487e+00 1.674256e+01 2.270944e+01 2.225557e+01 2.690641e+01 2.944539e+01 2.265478e+01 2.415727e+01 2.406235e+01 3.136765e+01 1.774899e+01 2.925365e+01 4.435454e-01 1.241505e+00 9.763498e-01 1.150454e+00 2.460752e+00 2.343255e+00 2.188932e+00 1.345151e+00 1.737564e+00 1.337739e+00 1.423255e+00 1.102045e+00 9.670593e-04
<GCONST> 7.940627e+01
<MIXTURE> 26 7.727677e-03
<MEAN> 25
 1.961886e+00 -5.644913e+00 -8.897706e+00 -1.391570e+00 7.320483e+00 4.306953e+00 3.974669e+00 -7.738143e-01 2.325062e+00 -3.482057e-01 -2.470632e+00 -1.645932e+00 -5.175711e-01 6.376557e-01 4.880016e-01 4.625507e-01 2.176616e-01 2.892495e-01 3.734305e-01 3.195391e-01 3.188919e-01 -8.071728e-02 3.922285e-01 3.713356e-01 -4.499183e-02
<VARIANCE> 25
 2.153002e+01 2.944267e+01 2.749957e+01 5.852546e+01 3.591243e+01 3.837194e+01 4.056306e+01 4.573309e+01 3.691635e+01 4.732246e+01 3.694204e+01 4.099419e+01 1.795802e+00 1.849986e+00 1.819798e+00 2.369935e+00 2.133977e+00 2.662605e+00 2.518525e+00 2.771377e+00 2.452169e+00 2.206767e+00 2.264250e+00 2.060186e+00 3.048203e-03
<GCONST> 9.310283e+01
<MIXTURE> 27 7.727677e-03
<MEAN> 25
 1.961886e+00 -5.644913e+00 -8.897706e+00 -1.391570e+00 7.320483e+00 4.306953e+00 3.974669e+00 -7.738143e-01 2.325062e+00 -3.482057e-01 -2.470632e+00 -1.645932e+00 -5.175711e-01 6.376557e-01 4.880016e-01 4.625507e-01 2.176616e-01 2.892495e-01 3.734305e-01 3.195391e-01 3.188919e-01 -8.071728e-02 3.922285e-01 3.713356e-01 -4.499183e-02
<VARIANCE> 25
 2.153002e+01 2.944267e+01 2.749957e+01 5.852546e+01 3.591243e+01 3.837194e+01 4.056306e+01 4.573309e+01 3.691635e+01 4.732246e+01 3.694204e+01 4.099419e+01 1.795802e+00 1.849986e+00 1.819798e+00 2.369935e+00 2.133977e+00 2.662605e+00 2.518525e+00 2.771377e+00 2.452169e+00 2.206767e+00 2.264250e+00 2.060186e+00 3.048203e-03
<GCONST> 9.310283e+01
<MIXTURE> 28 5.036674e-03
<MEAN> 25
 -5.380260e+00 -3.586046e-02 -1.582564e+00 6.525550e+00 5.252548e+00 3.591574e+00 5.409123e+00 3.111807e+00 4.200247e+00 2.191921e+00 2.583432e+00 3.065841e+00 -1.033484e-01 2.489217e-01 5.209566e-01 7.944854e-01 8.198896e-01 6.656586e-01 5.307577e-01 3.794871e-01 4.548770e-01 5.210698e-01 3.545475e-01 1.881234e-01 -3.950554e-05
<VARIANCE> 25
 1.175454e+01 8.173934e+00 1.214795e+01 1.540845e+01 1.504756e+01 1.756226e+01 1.760039e+01 1.871448e+01 1.879788e+01 1.763142e+01 2.015981e+01 1.524928e+01 2.526599e-01 3.588177e-01 4.135612e-01 4.638498e-01 6.155008e-01 8.646792e-01 1.044500e+00 1.121924e+00 1.075711e+00 1.095155e+00 1.020641e+00 1.050295e+00 1.135794e-06
<GCONST> 6.067132e+01
<MIXTURE> 29 5.036674e-03
<MEAN> 25
 -5.380260e+00 -3.586046e-02 -1.582564e+00 6.525550e+00 5.252548e+00 3.591574e+00 5.409123e+00 3.111807e+00 4.200247e+00 2.191921e+00 2.583432e+00 3.065841e+00 -1.033484e-01 2.489217e-01 5.209566e-01 7.944854e-01 8.198896e-01 6.656586e-01 5.307577e-01 3.794871e-01 4.548770e-01 5.210698e-01 3.545475e-01 1.881234e-01 -3.950554e-05
<VARIANCE> 25
 1.175454e+01 8.173934e+00 1.214795e+01 1.540845e+01 1.504756e+01 1.756226e+01 1.760039e+01 1.871448e+01 1.879788e+01 1.763142e+01 2.015981e+01 1.524928e+01 2.526599e-01 3.588177e-01 4.135612e-01 4.638498e-01 6.155008e-01 8.646792e-01 1.044500e+00 1.121924e+00 1.075711e+00 1.095155e+00 1.020641e+00 1.050295e+00 1.135794e-06
<GCONST> 6.067132e+01
<MIXTURE> 30 8.917812e-03
<MEAN> 25
 -4.412711e+00 -2.556812e-01 6.338452e-01 9.028246e+00 7.719997e+00 7.493102e+00 7.538434e+00 6.844911e+00 6.598817e+00 4.712500e+00 6.899294e+00 3.485259e+00 -2.310097e-02 3.474617e-02 5.220502e-02 7.859793e-02 9.295855e-02 5.507775e-02 1.131213e-02 -1.490542e-02 1.960202e-02 5.682847e-02 5.739250e-02 2.166933e-02 -6.770379e-04
<VARIANCE> 25
 7.261829e+00 9.921845e+00 1.029615e+01 1.394335e+01 1.577812e+01 1.634904e+01 1.906015e+01 1.804994e+01 1.631814e+01 2.013066e+01 2.163984e+01 1.423513e+01 9.657850e-02 1.990745e-01 3.214081e-01 4.933593e-01 6.293782e-01 7.211356e-01 7.818140e-01 8.271765e-01 8.686061e-01 9.324363e-01 9.135496e-01 8.686107e-01 5.167072e-05
<GCONST> 6.077780e+01
<MIXTURE> 31 4.136493e-03
<MEAN> 25
 -2.470961e+00 -5.246220e+00 5.282952e-02 4.469288e+00 3.317094e+00 2.007109e+00 4.852890e+00 6.125425e+00 3.842386e+00 1.027179e-03 5.708119e+00 2.920561e+00 2.091963e-01 4.012238e-01 -2.004793e-01 2.342505e-01 1.569686e-01 5.637890e-01 3.432374e-01 -4.767205e-02 4.308715e-01 2.578108e-01 9.994701e-02 9.327906e-02 -1.785655e-02
<VARIANCE> 25
 8.417184e+00 1.424425e+01 1.555711e+01 1.978731e+01 2.264304e+01 2.315638e+01 2.196647e+01 2.518896e+01 3.256400e+01 3.154251e+01 1.977815e+01 1.845669e+01 1.845911e-01 4.977634e-01 5.286757e-01 7.425033e-01 9.910179e-01 1.128177e+00 1.436851e+00 1.440587e+00 1.431613e+00 1.475674e+00 1.125865e+00 1.141404e+00 2.416289e-04
<GCONST> 7.206306e+01
<MIXTURE> 32 4.136493e-03
<MEAN> 25
 -2.470961e+00 -5.246220e+00 5.282952e-02 4.469288e+00 3.317094e+00 2.007109e+00 4.852890e+00 6.125425e+00 3.842386e+00 1.027179e-03 5.708119e+00 2.920561e+00 2.091963e-01 4.012238e-01 -2.004793e-01 2.342505e-01 1.569686e-01 5.637890e-01 3.432374e-01 -4.767205e-02 4.308715e-01 2.578108e-01 9.994701e-02 9.327906e-02 -1.785655e-02
<VARIANCE> 25
 8.417184e+00 1.424425e+01 1.555711e+01 1.978731e+01 2.264304e+01 2.315638e+01 2.196647e+01 2.518896e+01 3.256400e+01 3.154251e+01 1.977815e+01 1.845669e+01 1.845911e-01 4.977634e-01 5.286757e-01 7.425033e-01 9.910179e-01 1.128177e+00 1.436851e+00 1.440587e+00 1.431613e+00 1.475674e+00 1.125865e+00 1.141404e+00 2.416289e-04
<GCONST> 7.206306e+01
<MIXTURE> 33 1.508826e-02
<MEAN> 25
 5.301940e+00 -3.703837e+00 -1.499237e+00 -1.244537e+00 -1.909269e+00 -3.544578e+00 -5.666909e+00 1.816494e+00 2.083234e+00 1.144282e+00 -5.320508e+00 -1.317817e+00 3.415428e-01 -8.762376e-01 -2.260942e+00 -1.521210e+00 1.380079e+00 1.211421e+00 -2.053762e-01 6.544738e-01 4.984049e-01 6.959084e-01 -1.736667e-01 -1.143277e+00 2.784399e-02
<VARIANCE> 25
 7.289394e+00 1.525373e+01 2.096294e+01 3.023218e+01 2.703860e+01 3.896491e+01 3.571556e+01 4.458096e+01 3.771621e+01 4.432309e+01 3.255581e+01 2.287190e+01 9.755607e-01 1.606958e+00 1.741407e+00 1.920988e+00 3.115424e+00 2.526065e+00 4.530321e+00 5.290721e+00 3.597231e+00 3.252314e+00 2.998557e+00 1.919142e+00 1.425504e-03
<GCONST> 9.003033e+01
<MIXTURE> 34 1.588179e-02
<MEAN> 25
 7.727299e+00 3.219142e-01 2.172386e-01 1.239500e+00 -1.601738e+00 -8.080221e-01 -5.090471e+00 -4.755482e+00 -3.440737e+00 9.574354e-01 -1.949179e+00 -2.383703e+00 -3.392818e-02 9.303486e-01 1.548437e+00 2.115670e+00 -1.783131e-01 -2.883242e-01 1.057327e+00 -1.964748e+00 1.293720e-01 -3.138943e-01 -6.781215e-01 5.477173e-01 -5.149740e-02
<VARIANCE> 25
 8.256362e+00 2.448981e+01 2.943310e+01 3.804362e+01 3.823511e+01 4.175338e+01 4.994740e+01 4.923607e+01 5.210121e+01 3.579503e+01 3.840232e+01 2.849913e+01 1.012685e+00 2.236896e+00 3.425929e+00 4.315674e+00 5.556849e+00 4.712898e+00 4.875902e+00 6.089179e+00 5.878626e+00 4.220366e+00 4.143850e+00 3.370704e+00 1.240184e-03
<GCONST> 9.731210e+01
<MIXTURE> 35 1.467755e-02
<MEAN> 25
 -2.423288e+00 -4.104107e+00 -9.067594e+00 -1.137706e+00 1.044347e+01 1.005911e+00 7.473364e-01 1.124280e+00 1.672462e+00 4.744469e+00 1.502522e+00 3.074877e-01 -4.014966e-02 -6.067666e-01 -1.278691e+00 -2.385146e-01 5.881765e-01 -8.362669e-01 -7.752829e-01 -7.894933e-02 -4.059666e-01 8.220721e-01 4.219304e-02 -8.889138e-01 7.871918e-02
<VARIANCE> 25
 1.305319e+01 1.891661e+01 3.482151e+01 4.676499e+01 2.809573e+01 4.027224e+01 4.116375e+01 3.550759e+01 4.964785e+01 3.590755e+01 2.974909e+01 2.640311e+01 3.458360e+00 2.179124e+00 5.561459e+00 5.222626e+00 4.476784e+00 4.441790e+00 3.509976e+00 6.660995e+00 4.516961e+00 4.522552e+00 3.423430e+00 3.201841e+00 3.804926e-03
<GCONST> 9.869238e+01
<MIXTURE> 36 1.093293e-02
<MEAN> 25
 3.993498e+00 -2.403410e+00 4.131102e+00 5.395915e+00 -9.228697e+00 -8.623306e+00 -6.451314e+00 4.130926e+00 -5.946604e+00 -1.321446e+00 1.103383e+00 2.895236e-01 3.517791e-01 6.334963e-02 -8.570431e-01 -5.734537e-01 9.176435e-01 2.063182e-01 -4.377369e-01 1.609299e-01 5.090465e-01 5.842703e-01 -4.843654e-01 -6.209130e-01 -1.245718e-02
<VARIANCE> 25
 8.021459e+00 1.267265e+01 2.495867e+01 3.247319e+01 3.208736e+01 2.472063e+01 4.202388e+01 3.491973e+01 5.599975e+01 2.954332e+01 1.998893e+01 2.187218e+01 3.701869e-01 5.950971e-01 1.602891e+00 1.502499e+00 1.375211e+00 1.398170e+00 2.301776e+00 1.766806e+00 1.827803e+00 1.605063e+00 1.254561e+00 1.275518e+00 5.202838e-04
<GCONST> 8.013318e+01
<MIXTURE> 37 1.246826e-02
<MEAN> 25
 5.077976e-01 7.667950e+00 1.193282e+01 -5.491657e+00 -7.911841e+00 -1.116764e+00 -5.041396e+00 -8.249268e+00 -3.701823e+00 -9.199418e-01 -3.594535e+00 -1.214919e+00 1.910385e-01 6.212955e-01 -1.348891e+00 3.510941e+00 1.964656e+00 -3.178922e-01 1.073346e+00 4.259044e-01 5.266957e-01 -3.154793e-01 5.223783e-01 -8.048563e-02 -9.362184e-02
<VARIANCE> 25
 1.576399e+01 2.606816e+01 3.102727e+01 5.110358e+01 3.453268e+01 3.180286e+01 4.357951e+01 3.484904e+01 3.858674e+01 3.557904e+01 3.740652e+01 3.092303e+01 2.982943e+00 3.396316e+00 2.976493e+00 4.355151e+00 4.635065e+00 3.766811e+00 4.180620e+00 3.766054e+00 3.592069e+00 3.600962e+00 3.838404e+00 2.784454e+00 3.959142e-03
<GCONST> 9.783056e+01
<MIXTURE> 38 1.154525e-02
<MEAN> 25
 -4.759895e+00 7.437890e+00 4.109639e+00 2.287866e+00 6.993103e-01 -4.410039e+00 -1.958650e-01 -2.745123e+00 -1.458140e+00 -3.339821e+00 -9.732872e-01 -8.667656e-04 -4.163770e+00 1.104441e+00 -4.392165e-01 1.575212e+00 1.797596e+00 1.425438e+00 1.951737e+00 3.347683e-01 1.170732e+00 1.012187e-01 7.141362e-01 5.014425e-01 5.271828e-02
<VARIANCE> 25
 2.965592e+01 3.072112e+01 3.361044e+01 3.047154e+01 5.875606e+01 3.125163e+01 3.145588e+01 3.533121e+01 4.883133e+01 2.764850e+01 2.225348e+01 2.514565e+01 2.281951e+00 3.213931e+00 3.712595e+00 4.604290e+00 6.451365e+00 4.904958e+00 4.092369e+00 5.216714e+00 4.307546e+00 5.787935e+00 4.065685e+00 2.848707e+00 2.067560e-03
<GCONST> 9.858809e+01
<MIXTURE> 39 9.501865e-03
<MEAN> 25
 1.137985e+00 2.904046e+00 9.789090e+00 -8.612340e+00 -1.008191e+01 -1.065108e+00 -2.873793e+00 -6.659981e+00 -4.145626e+00 5.978370e-01 -3.165308e+00 -1.850637e+00 -8.145770e-01 1.466061e+00 1.497424e+00 -1.418384e+00 3.120470e-02 1.198003e+00 -1.225697e+00 -1.050739e+00 4.596005e-01 3.424341e-01 -4.531721e-01 1.119827e-01 2.217209e-03
<VARIANCE> 25
 8.693929e+00 2.870215e+01 3.014125e+01 3.865949e+01 4.507774e+01 3.938604e+01 4.101491e+01 3.139854e+01 3.788449e+01 3.126010e+01 3.476095e+01 2.900667e+01 7.421358e-01 1.499858e+00 1.560762e+00 2.920439e+00 2.382940e+00 2.625297e+00 2.955165e+00 2.934923e+00 2.735866e+00 2.565936e+00 1.979842e+00 1.989012e+00 1.148057e-03
<GCONST> 8.933017e+01
<MIXTURE> 40 1.030800e-02
<MEAN> 25
 -7.442456e+00 1.777699e+00 -1.032282e+00 7.148763e+00 3.589101e+00 5.499102e+00 4.943304e+00 3.939776e+00 5.292150e+00 3.151985e+00 5.016257e+00 1.646848e+00 -1.448393e-01 -1.692822e-01 -3.607067e-02 -2.856134e-01 4.414853e-04 -2.095439e-01 9.255379e-02 1.343598e-02 1.391627e-01 7.524504e-03 6.006565e-02 7.597147e-02 2.795251e-03
<VARIANCE> 25
 5.129954e+01 1.796536e+01 2.593770e+01 2.998583e+01 2.506064e+01 1.754399e+01 1.819537e+01 1.758191e+01 2.113873e+01 2.105027e+01 1.816852e+01 1.407252e+01 6.945289e-01 7.596031e-01 8.076016e-01 1.167643e+00 1.166126e+00 1.455224e+00 1.252448e+00 1.325059e+00 1.560215e+00 1.096235e+00 1.161611e+00 1.203393e+00 7.823173e-04
<GCONST> 7.698109e+01
<MIXTURE> 41 6.713375e-03
<MEAN> 25
 1.137273e+00 1.834052e+00 1.014650e+01 -6.166497e+00 -1.001426e+01 -3.747109e+00 -2.591244e+00 -4.689666e+00 -4.902490e+00 2.940653e+00 -1.621534e+00 -1.048075e+00 1.279749e-01 -7.800266e-01 1.813085e+00 -3.302050e+00 -2.676003e+00 -2.292592e-01 -5.199794e-01 -2.420713e-01 -1.271427e+00 1.170099e+00 -1.016918e+00 1.625789e-01 8.640438e-02
<VARIANCE> 25
 1.101997e+01 2.699521e+01 3.108068e+01 4.188377e+01 3.785885e+01 3.647437e+01 3.398322e+01 2.848470e+01 3.148633e+01 2.767781e+01 2.899967e+01 2.493734e+01 2.920689e+00 3.009627e+00 3.666435e+00 4.025864e+00 5.038103e+00 5.466208e+00 4.331263e+00 4.277002e+00 5.716112e+00 3.931738e+00 3.507604e+00 3.009918e+00 2.762664e-03
<GCONST> 9.695129e+01
<MIXTURE> 42 1.106211e-02
<MEAN> 25
 -2.801432e+00 3.531804e+00 4.082489e+00 3.232815e+00 -1.254616e+00 -4.840796e+00 -7.683161e-02 -1.829675e+00 -8.982624e-01 -1.529135e+00 -1.105865e+00 1.062961e+00 3.530646e+00 -1.769080e-01 1.048089e+00 6.797809e-01 -2.308276e+00 -1.389075e+00 -2.331546e+00 -3.809441e-01 -2.177881e+00 1.588500e-02 5.566170e-01 -4.557033e-01 5.324798e-03
<VARIANCE> 25
 2.937136e+01 1.537690e+01 4.094905e+01 2.808452e+01 5.076268e+01 3.269525e+01 4.461370e+01 2.204815e+01 2.866199e+01 2.249974e+01 1.930235e+01 1.657382e+01 3.292396e+00 3.176834e+00 4.498318e+00 4.497258e+00 3.965315e+00 4.781020e+00 5.067748e+00 5.205660e+00 7.213826e+00 3.592720e+00 2.786617e+00 2.576451e+00 3.096865e-03
<GCONST> 9.666848e+01
<MIXTURE> 43 7.108249e-03
<MEAN> 25
 3.150660e+00 -6.178022e+00 -2.231652e+00 -5.102239e+00 -7.094922e+00 -3.317726e+00 4.104176e+00 1.275300e+00 -4.868366e+00 -6.939909e+00 -4.245005e+00 -1.301509e+00 2.389448e-01 2.138340e+00 1.891836e+00 -1.245024e-01 -1.408143e+00 -7.567322e-01 -9.579726e-01 -7.695397e-01 8.044673e-01 1.423658e+00 3.443775e-01 4.179720e-02 -4.454364e-02
<VARIANCE> 25
 9.398715e+00 2.013910e+01 2.677966e+01 3.533740e+01 4.103019e+01 3.606555e+01 3.284235e+01 3.929144e+01 4.109745e+01 3.891714e+01 2.628283e+01 2.905048e+01 6.841500e-01 1.250569e+00 1.591208e+00 2.519326e+00 2.417844e+00 2.451586e+00 2.730442e+00 3.050348e+00 2.629970e+00 2.612572e+00 2.312124e+00 1.904301e+00 9.409643e-04
<GCONST> 8.809327e+01
<MIXTURE> 44 7.328289e-03
<MEAN> 25
 -1.394485e+01 3.574179e+00 3.068413e+00 -4.996348e+00 3.536462e+00 1.193023e+00 -5.776927e-01 2.310934e+00 3.839265e+00 -1.066540e+00 2.981945e-01 -6.368914e-02 -3.626256e-01 -1.134574e-01 4.554116e-01 3.011947e-01 -3.920261e-01 5.986632e-01 3.877468e-01 1.254732e-01 4.481584e-01 1.118178e-01 4.550033e-02 4.475379e-03 8.819933e-03
<VARIANCE> 25
 6.054796e+01 1.768565e+01 1.768219e+01 2.140213e+01 3.393267e+01 3.702681e+01 1.756262e+01 2.749266e+01 2.825101e+01 2.095711e+01 1.731949e+01 1.898845e+01 1.144852e+00 8.485716e-01 1.229971e+00 1.516418e+00 1.674724e+00 1.789770e+00 1.194679e+00 1.665866e+00 1.548398e+00 1.575834e+00 1.180721e+00 1.055576e+00 1.031067e-03
<GCONST> 8.096958e+01
<MIXTURE> 45 1.364932e-02
<MEAN> 25
 -1.047001e+01 2.466022e+00 -9.174377e-01 3.499287e-01 5.628995e+00 -4.836459e-01 3.621019e+00 1.330478e+00 4.132280e+00 -6.722420e-01 1.464781e+00 1.800721e+00 -3.030231e+00 6.683167e-01 -2.639541e-01 -1.343514e-01 -4.581835e-03 -8.508822e-02 2.424896e-01 -2.138280e-01 -8.893388e-02 -1.134049e-01 4.615360e-01 -7.633747e-03 9.944725e-02
<VARIANCE> 25
 3.490849e+01 2.185806e+01 1.867286e+01 3.766167e+01 3.513426e+01 1.990339e+01 3.933204e+01 3.588132e+01 2.019934e+01 2.298417e+01 1.717524e+01 1.195580e+01 2.225170e+00 2.443414e+00 2.807186e+00 3.657336e+00 2.870923e+00 2.349099e+00 2.813266e+00 2.220686e+00 1.997461e+00 2.894252e+00 1.852050e+00 1.466788e+00 2.444628e-03
<GCONST> 8.891050e+01
<MIXTURE> 46 9.336259e-03
<MEAN> 25
 -8.998159e+00 1.449075e+00 1.207283e+00 7.374411e+00 5.497776e+00 2.684424e+00 7.139666e+00 4.231665e+00 5.872927e+00 4.018312e+00 3.419687e+00 1.344844e+00 1.367980e+00 -3.156102e-01 -1.889191e-01 6.471546e-01 4.567712e-01 9.926726e-01 3.337893e-01 6.500152e-01 3.759481e-01 3.483397e-01 6.379020e-01 4.640799e-01 -1.007095e-01
<VARIANCE> 25
 3.343495e+01 4.206018e+01 3.300084e+01 6.551842e+01 5.019357e+01 3.829187e+01 3.418690e+01 3.227354e+01 2.917528e+01 2.796697e+01 3.536877e+01 2.825558e+01 3.975038e+00 3.864971e+00 3.578078e+00 5.822998e+00 3.887215e+00 3.399794e+00 2.835110e+00 3.177501e+00 2.871417e+00 2.619288e+00 1.996572e+00 1.824178e+00 7.322100e-03
<GCONST> 9.799482e+01
<MIXTURE> 47 7.116147e-03
<MEAN> 25
 6.533856e+00 -6.859833e+00 -6.901079e+00 -6.125388e+00 1.093665e+00 3.122300e-01 -2.408984e+00 2.064113e+00 2.876622e+00 7.535585e-01 -3.762234e+00 -5.838450e+00 -1.997087e-01 -1.097799e+00 -6.621816e-01 -4.480737e-01 6.532125e-01 7.843381e-01 7.261199e-01 3.470538e-01 2.174923e-01 -7.746925e-01 -5.502620e-01 -3.039257e-01 2.702465e-02
<VARIANCE> 25
 1.098510e+01 1.912393e+01 2.025806e+01 2.900390e+01 3.144348e+01 4.621131e+01 4.242208e+01 4.520740e+01 4.698416e+01 4.369888e+01 4.296150e+01 3.199785e+01 5.087932e-01 8.181602e-01 1.115859e+00 1.542889e+00 1.850247e+00 1.985389e+00 2.113481e+00 2.307877e+00 2.505794e+00 1.846429e+00 2.029293e+00 2.009076e+00 5.524082e-04
<GCONST> 8.535250e+01
<MIXTURE> 48 7.116147e-03
<MEAN> 25
 6.533856e+00 -6.859833e+00 -6.901079e+00 -6.125388e+00 1.093665e+00 3.122300e-01 -2.408984e+00 2.064113e+00 2.876622e+00 7.535585e-01 -3.762234e+00 -5.838450e+00 -1.997087e-01 -1.097799e+00 -6.621816e-01 -4.480737e-01 6.532125e-01 7.843381e-01 7.261199e-01 3.470538e-01 2.174923e-01 -7.746925e-01 -5.502620e-01 -3.039257e-01 2.702465e-02
<VARIANCE> 25
 1.098510e+01 1.912393e+01 2.025806e+01 2.900390e+01 3.144348e+01 4.621131e+01 4.242208e+01 4.520740e+01 4.698416e+01 4.369888e+01 4.296150e+01 3.199785e+01 5.087932e-01 8.181602e-01 1.115859e+00 1.542889e+00 1.850247e+00 1.985389e+00 2.113481e+00 2.307877e+00 2.505794e+00 1.846429e+00 2.029293e+00 2.009076e+00 5.524082e-04
<GCONST> 8.535250e+01
<MIXTURE> 49 5.548473e-03
<MEAN> 25
 -5.016713e+00 3.088991e-01 1.354064e-01 8.427686e+00 6.113609e+00 5.642016e+00 6.030802e+00 4.495975e+00 5.117615e+00 3.587232e+00 4.910037e+00 2.815716e+00 3.591975e-01 6.581162e-01 6.960051e-01 3.447011e-01 -1.702148e-01 -6.706361e-01 -9.872869e-01 -1.129831e+00 -9.585635e-01 -6.766459e-01 -4.814874e-01 -2.766985e-01 1.031291e-05
<VARIANCE> 25
 9.895478e+00 1.007189e+01 1.415818e+01 1.622034e+01 1.597152e+01 1.717895e+01 1.927302e+01 1.934762e+01 1.858683e+01 1.896385e+01 2.039185e+01 1.427468e+01 2.849565e-01 2.636440e-01 3.605875e-01 6.354550e-01 9.443061e-01 1.002515e+00 1.015426e+00 1.050286e+00 1.128797e+00 1.211783e+00 1.280345e+00 1.200941e+00 1.432530e-05
<GCONST> 6.459727e+01
<MIXTURE> 50 6.234641e-03
<MEAN> 25
 -4.536945e+00 -1.931763e-01 -1.412122e+00 5.872415e+00 4.085328e+00 2.370993e+00 3.841288e+00 2.129348e+00 3.181819e+00 9.938145e-01 1.877619e+00 2.664438e+00 5.055729e-02 1.766183e-01 8.218319e-02 -1.878767e-01 -4.993922e-01 -6.310869e-01 -4.305803e-01 -8.716679e-02 3.958750e-01 8.000940e-01 7.224205e-01 4.391504e-01 9.562559e-06
<VARIANCE> 25
 1.173014e+01 1.263454e+01 1.405579e+01 1.740007e+01 1.615169e+01 1.782683e+01 1.858049e+01 2.082851e+01 2.025257e+01 1.955591e+01 2.257453e+01 1.502543e+01 1.396424e-01 2.327495e-01 3.695484e-01 5.809149e-01 5.847124e-01 7.115139e-01 9.146529e-01 1.107677e+00 1.084695e+00 9.172220e-01 8.925802e-01 9.612153e-01 9.988102e-07
<GCONST> 6.007028e+01
<MIXTURE> 51 6.234641e-03
<MEAN> 25
 -4.536945e+00 -1.931763e-01 -1.412122e+00 5.872415e+00 4.085328e+00 2.370993e+00 3.841288e+00 2.129348e+00 3.181819e+00 9.938145e-01 1.877619e+00 2.664438e+00 5.055729e-02 1.766183e-01 8.218319e-02 -1.878767e-01 -4.993922e-01 -6.310869e-01 -4.305803e-01 -8.716679e-02 3.958750e-01 8.000940e-01 7.224205e-01 4.391504e-01 9.562559e-06
<VARIANCE> 25
 1.173014e+01 1.263454e+01 1.405579e+01 1.740007e+01 1.615169e+01 1.782683e+01 1.858049e+01 2.082851e+01 2.025257e+01 1.955591e+01 2.257453e+01 1.502543e+01 1.396424e-01 2.327495e-01 3.695484e-01 5.809149e-01 5.847124e-01 7.115139e-01 9.146529e-01 1.107677e+00 1.084695e+00 9.172220e-01 8.925802e-01 9.612153e-01 9.988102e-07
<GCONST> 6.007028e+01
<MIXTURE> 52 6.367945e-03
<MEAN> 25
 9.612640e+00 1.437543e+00 -6.566113e+00 -1.309115e+01 -3.681443e+00 7.922956e+00 -2.478143e+00 -2.189545e+00 -4.925614e+00 -1.238365e+00 3.002649e+00 1.339749e+00 -3.683248e-01 -3.651894e-01 -3.729285e-02 8.888287e-01 1.500230e+00 -4.640960e-01 -4.654541e-01 -4.624976e-01 -4.020775e-03 1.187394e+00 3.166638e-01 -5.883986e-01 -1.348645e-02
<VARIANCE> 25
 9.729969e+00 2.035555e+01 2.237442e+01 4.157492e+01 4.066719e+01 2.732948e+01 4.625338e+01 5.417651e+01 4.173126e+01 4.125666e+01 3.671692e+01 2.649540e+01 3.971936e-01 1.341954e+00 1.213338e+00 3.002588e+00 2.265585e+00 2.062601e+00 2.948321e+00 2.725365e+00 2.966441e+00 2.493783e+00 2.224334e+00 1.979852e+00 1.420983e-03
<GCONST> 8.845848e+01
<MIXTURE> 53 6.367945e-03
<MEAN> 25
 9.612640e+00 1.437543e+00 -6.566113e+00 -1.309115e+01 -3.681443e+00 7.922956e+00 -2.478143e+00 -2.189545e+00 -4.925614e+00 -1.238365e+00 3.002649e+00 1.339749e+00 -3.683248e-01 -3.651894e-01 -3.729285e-02 8.888287e-01 1.500230e+00 -4.640960e-01 -4.654541e-01 -4.624976e-01 -4.020775e-03 1.187394e+00 3.166638e-01 -5.883986e-01 -1.348645e-02
<VARIANCE> 25
 9.729969e+00 2.035555e+01 2.237442e+01 4.157492e+01 4.066719e+01 2.732948e+01 4.625338e+01 5.417651e+01 4.173126e+01 4.125666e+01 3.671692e+01 2.649540e+01 3.971936e-01 1.341954e+00 1.213338e+00 3.002588e+00 2.265585e+00 2.062601e+00 2.948321e+00 2.725365e+00 2.966441e+00 2.493783e+00 2.224334e+00 1.979852e+00 1.420983e-03
<GCONST> 8.845848e+01
<MIXTURE> 54 7.368620e-03
<MEAN> 25
 -3.633858e+00 4.876114e-02 -6.832067e-01 8.035984e+00 6.483857e+00 4.625340e+00 4.675447e+00 4.601264e+00 4.053685e+00 3.592780e+00 4.456817e+00 2.326012e+00 -2.130868e-03 2.654385e-02 3.413081e-02 4.747308e-02 5.131470e-02 4.699137e-02 3.881721e-02 2.885966e-02 3.082664e-02 2.519507e-02 1.453253e-02 1.796049e-03 -1.215753e-05
<VARIANCE> 25
 9.140205e+00 1.036701e+01 9.296371e+00 1.819024e+01 1.332293e+01 1.353238e+01 1.197079e+01 1.128404e+01 1.134553e+01 1.355960e+01 1.780740e+01 1.253417e+01 4.087397e-02 8.733881e-02 1.540883e-01 2.267265e-01 3.079493e-01 3.969950e-01 4.608592e-01 5.215843e-01 5.420591e-01 5.213771e-01 5.144398e-01 5.164403e-01 1.000016e-06
<GCONST> 4.725190e+01
<MIXTURE> 55 7.368620e-03
<MEAN> 25
 -3.633858e+00 4.876114e-02 -6.832067e-01 8.035984e+00 6.483857e+00 4.625340e+00 4.675447e+00 4.601264e+00 4.053685e+00 3.592780e+00 4.456817e+00 2.326012e+00 -2.130868e-03 2.654385e-02 3.413081e-02 4.747308e-02 5.131470e-02 4.699137e-02 3.881721e-02 2.885966e-02 3.082664e-02 2.519507e-02 1.453253e-02 1.796049e-03 -1.215753e-05
<VARIANCE> 25
 9.140205e+00 1.036701e+01 9.296371e+00 1.819024e+01 1.332293e+01 1.353238e+01 1.197079e+01 1.128404e+01 1.134553e+01 1.355960e+01 1.780740e+01 1.253417e+01 4.087397e-02 8.733881e-02 1.540883e-01 2.267265e-01 3.079493e-01 3.969950e-01 4.608592e-01 5.215843e-01 5.420591e-01 5.213771e-01 5.144398e-01 5.164403e-01 1.000016e-06
<GCONST> 4.725190e+01
<MIXTURE> 56 6.132464e-03
<MEAN> 25
 6.898955e+00 -6.064297e+00 -8.394380e+00 -8.094770e+00 2.909106e+00 3.723290e+00 -1.572445e+00 -1.176767e+00 2.417496e+00 6.750067e-01 -1.997665e+00 -6.280667e+00 -1.566306e-02 8.891040e-03 -1.211122e-01 3.090339e-02 2.702419e-01 2.093355e-01 1.355545e-01 -6.817231e-02 -2.374983e-03 -3.730810e-02 -1.408905e-01 -2.798827e-02 -6.072021e-03
<VARIANCE> 25
 1.058858e+01 2.233686e+01 2.147384e+01 3.704564e+01 3.329617e+01 4.417233e+01 5.844225e+01 3.617193e+01 5.116762e+01 3.550714e+01 3.908345e+01 3.323082e+01 2.139125e-01 3.994434e-01 4.324748e-01 7.609574e-01 8.846079e-01 1.230315e+00 1.017107e+00 9.589596e-01 1.036054e+00 9.338858e-01 1.027318e+00 7.917086e-01 2.114338e-04
<GCONST> 7.550304e+01
<MIXTURE> 57 6.132464e-03
<MEAN> 25
 6.898955e+00 -6.064297e+00 -8.394380e+00 -8.094770e+00 2.909106e+00 3.723290e+00 -1.572445e+00 -1.176767e+00 2.417496e+00 6.750067e-01 -1.997665e+00 -6.280667e+00 -1.566306e-02 8.891040e-03 -1.211122e-01 3.090339e-02 2.702419e-01 2.093355e-01 1.355545e-01 -6.817231e-02 -2.374983e-03 -3.730810e-02 -1.408905e-01 -2.798827e-02 -6.072021e-03
<VARIANCE> 25
 1.058858e+01 2.233686e+01 2.147384e+01 3.704564e+01 3.329617e+01 4.417233e+01 5.844225e+01 3.617193e+01 5.116762e+01 3.550714e+01 3.908345e+01 3.323082e+01 2.139125e-01 3.994434e-01 4.324748e-01 7.609574e-01 8.846079e-01 1.230315e+00 1.017107e+00 9.589596e-01 1.036054e+00 9.338858e-01 1.027318e+00 7.917086e-01 2.114338e-04
<GCONST> 7.550304e+01
<MIXTURE> 58 6.172147e-03
<MEAN> 25
 1.993015e+00 -2.089373e+00 6.667771e+00 -2.986612e+00 -1.182479e+01 -4.009587e+00 1.833027e+00 6.830896e-01 -2.847814e+00 1.306454e+00 7.196610e-01 8.789726e-01 -8.257264e-03 -2.185254e-01 -2.060713e-01 2.077870e-02 8.532042e-03 1.785489e-01 4.507375e-01 3.822153e-02 1.073003e-01 4.504270e-02 -2.373210e-02 -2.049309e-01 -1.806782e-03
<VARIANCE> 25
 5.688487e+00 1.327432e+01 1.844742e+01 3.146612e+01 3.529159e+01 3.420338e+01 2.543573e+01 2.615305e+01 6.325055e+01 2.649663e+01 1.633868e+01 2.086927e+01 2.284356e-01 6.277551e-01 6.404182e-01 1.030051e+00 9.787667e-01 1.036473e+00 1.092069e+00 1.244609e+00 1.232340e+00 1.053205e+00 8.691342e-01 8.565522e-01 6.008605e-04
<GCONST> 7.399870e+01
<MIXTURE> 59 6.172147e-03
<MEAN> 25
 1.993015e+00 -2.089373e+00 6.667771e+00 -2.986612e+00 -1.182479e+01 -4.009587e+00 1.833027e+00 6.830896e-01 -2.847814e+00 1.306454e+00 7.196610e-01 8.789726e-01 -8.257264e-03 -2.185254e-01 -2.060713e-01 2.077870e-02 8.532042e-03 1.785489e-01 4.507375e-01 3.822153e-02 1.073003e-01 4.504270e-02 -2.373210e-02 -2.049309e-01 -1.806782e-03
<VARIANCE> 25
 5.688487e+00 1.327432e+01 1.844742e+01 3.146612e+01 3.529159e+01 3.420338e+01 2.543573e+01 2.615305e+01 6.325055e+01 2.649663e+01 1.633868e+01 2.086927e+01 2.284356e-01 6.277551e-01 6.404182e-01 1.030051e+00 9.787667e-01 1.036473e+00 1.092069e+00 1.244609e+00 1.232340e+00 1.053205e+00 8.691342e-01 8.565522e-01 6.008605e-04
<GCONST> 7.399870e+01
<MIXTURE> 60 4.479129e-03
<MEAN> 25
 -3.983393e+00 -7.504777e-01 -8.506578e-01 3.505532e+00 1.616072e+00 2.013122e+00 1.642763e+00 1.637695e+00 2.485319e+00 9.732162e-01 2.330586e+00 1.784921e+00 -2.303261e-02 5.775265e-02 1.391928e-01 1.367864e-01 9.681153e-02 1.002529e-01 2.225471e-01 3.367962e-01 5.194145e-01 6.644416e-01 5.594472e-01 3.169957e-01 -1.496889e-04
<VARIANCE> 25
 8.024605e+00 4.569874e+00 1.116104e+01 1.166095e+01 1.333043e+01 1.681232e+01 1.368182e+01 1.189927e+01 1.439814e+01 1.447262e+01 1.530628e+01 1.240471e+01 8.454196e-02 1.678694e-01 3.298175e-01 4.278300e-01 5.912423e-01 7.288809e-01 8.359458e-01 9.247823e-01 8.797634e-01 8.053497e-01 8.172110e-01 8.468435e-01 2.531287e-05
<GCONST> 5.689864e+01
<MIXTURE> 61 4.479129e-03
<MEAN> 25
 -3.983393e+00 -7.504777e-01 -8.506578e-01 3.505532e+00 1.616072e+00 2.013122e+00 1.642763e+00 1.637695e+00 2.485319e+00 9.732162e-01 2.330586e+00 1.784921e+00 -2.303261e-02 5.775265e-02 1.391928e-01 1.367864e-01 9.681153e-02 1.002529e-01 2.225471e-01 3.367962e-01 5.194145e-01 6.644416e-01 5.594472e-01 3.169957e-01 -1.496889e-04
<VARIANCE> 25
 8.024605e+00 4.569874e+00 1.116104e+01 1.166095e+01 1.333043e+01 1.681232e+01 1.368182e+01 1.189927e+01 1.439814e+01 1.447262e+01 1.530628e+01 1.240471e+01 8.454196e-02 1.678694e-01 3.298175e-01 4.278300e-01 5.912423e-01 7.288809e-01 8.359458e-01 9.247823e-01 8.797634e-01 8.053497e-01 8.172110e-01 8.468435e-01 2.531287e-05
<GCONST> 5.689864e+01
<MIXTURE> 62 3.278034e-03
<MEAN> 25
 -5.090958e+00 1.240960e+00 1.026395e+00 8.815878e+00 6.131260e+00 5.049446e+00 5.499485e+00 4.034606e+00 4.985889e+00 3.917300e+00 4.965210e+00 2.950768e+00 -1.003093e+00 -1.166581e+00 -9.530288e-01 -2.767559e-01 4.276333e-01 1.005301e+00 1.384428e+00 1.552567e+00 1.478525e+00 1.243341e+00 1.067193e+00 7.258114e-01 -1.265530e-03
<VARIANCE> 25
 9.874359e+00 9.957566e+00 1.311470e+01 1.677106e+01 1.743771e+01 1.753009e+01 1.970069e+01 1.911427e+01 1.886816e+01 1.872662e+01 2.156532e+01 1.479644e+01 4.019832e-01 4.321384e-01 5.542789e-01 7.798958e-01 1.034854e+00 1.192254e+00 1.252445e+00 1.279623e+00 1.329702e+00 1.363740e+00 1.400108e+00 1.371553e+00 1.632204e-05
<GCONST> 6.753254e+01
<MIXTURE> 63 4.351215e-03
<MEAN> 25
 -2.029790e+00 -2.454066e+00 -3.388591e+00 1.817257e+00 2.940433e+00 9.552378e-01 2.721813e+00 2.456787e+00 4.455636e+00 -1.965735e+00 -1.046810e+00 1.552859e+00 -1.309365e-01 3.861532e-01 3.581455e-01 5.045210e-01 5.064377e-01 4.046680e-01 5.514815e-01 1.553268e-01 1.624088e-01 2.601433e-01 1.210239e-01 -7.913140e-02 -5.056957e-03
<VARIANCE> 25
 1.114093e+01 1.207837e+01 1.472620e+01 1.757504e+01 1.810547e+01 2.752894e+01 2.153411e+01 2.416234e+01 3.134111e+01 1.973460e+01 1.586642e+01 1.609569e+01 2.134543e-01 4.750521e-01 5.744542e-01 7.937579e-01 9.859852e-01 1.176972e+00 1.261865e+00 1.811318e+00 1.221540e+00 1.362000e+00 1.196647e+00 1.201690e+00 1.738372e-04
<GCONST> 7.095744e+01
<MIXTURE> 64 4.351215e-03
<MEAN> 25
 -2.029790e+00 -2.454066e+00 -3.388591e+00 1.817257e+00 2.940433e+00 9.552378e-01 2.721813e+00 2.456787e+00 4.455636e+00 -1.965735e+00 -1.046810e+00 1.552859e+00 -1.309365e-01 3.861532e-01 3.581455e-01 5.045210e-01 5.064377e-01 4.046680e-01 5.514815e-01 1.553268e-01 1.624088e-01 2.601433e-01 1.210239e-01 -7.913140e-02 -5.056957e-03
<VARIANCE> 25
 1.114093e+01 1.207837e+01 1.472620e+01 1.757504e+01 1.810547e+01 2.752894e+01 2.153411e+01 2.416234e+01 3.134111e+01 1.973460e+01 1.586642e+01 1.609569e+01 2.134543e-01 4.750521e-01 5.744542e-01 7.937579e-01 9.859852e-01 1.176972e+00 1.261865e+00 1.811318e+00 1.221540e+00 1.362000e+00 1.196647e+00 1.201690e+00 1.738372e-04
<GCONST> 7.095744e+01
<MIXTURE> 65 1.721197e-02
<MEAN> 25
 5.998730e+00 1.727896e+00 2.596278e-02 2.152400e+00 -4.156297e+00 -1.179312e+00 -3.726097e+00 -5.144864e+00 -3.503209e+00 -5.662915e-01 -2.854759e+00 -1.130148e+00 2.493124e-01 -9.937135e-02 -6.634586e-02 -2.808012e-02 -4.120522e-01 4.171476e-01 -2.421761e-01 -1.970375e-02 2.486429e-01 2.531458e-02 -8.640712e-02 8.803827e-02 -4.657898e-03
<VARIANCE> 25
 7.785458e+00 1.820168e+01 2.356521e+01 3.111994e+01 3.268447e+01 4.505876e+01 5.504016e+01 6.699379e+01 6.691214e+01 4.064881e+01 3.855549e+01 3.013403e+01 4.640237e-01 7.728148e-01 1.625617e+00 2.248590e+00 1.970840e+00 1.680593e+00 2.457715e+00 3.842652e+00 2.635692e+00 1.996314e+00 1.713355e+00 1.726477e+00 2.934831e-04
<GCONST> 8.629690e+01
<MIXTURE> 66 1.191532e-02
<MEAN> 25
 5.608756e+00 -3.203245e+00 -4.357139e+00 -3.849944e+00 3.236807e+00 -4.417440e+00 -6.259552e+00 9.415180e-01 -1.039035e+00 4.334328e-01 -4.786594e+00 -2.978356e+00 -1.999606e-02 1.207056e+00 2.123084e+00 2.326262e+00 -1.342332e+00 -7.716929e-01 -7.767021e-02 -8.984430e-01 3.326257e-01 -4.614493e-01 -4.962509e-01 1.328321e+00 -5.106522e-02
<VARIANCE> 25
 8.135104e+00 1.899056e+01 2.187627e+01 2.708537e+01 3.487674e+01 4.082995e+01 5.407784e+01 3.749984e+01 5.846398e+01 6.146666e+01 3.394849e+01 2.839120e+01 1.101770e+00 2.446265e+00 2.059652e+00 2.424105e+00 3.572075e+00 3.963103e+00 5.087307e+00 4.278822e+00 3.811029e+00 3.911494e+00 3.330832e+00 2.662894e+00 1.415691e-03
<GCONST> 9.395967e+01
<MIXTURE> 67 1.559142e-02
<MEAN> 25
 8.248772e+00 2.177501e+00 -6.172713e+00 -6.732584e+00 1.132444e+00 3.966228e+00 -3.306381e+00 -2.786487e+00 -5.907856e+00 1.010901e+00 5.067169e-01 3.181491e-01 -9.495248e-01 1.443148e+00 1.445061e+00 2.277316e+00 1.594329e+00 -6.460440e-01 1.231193e+00 2.055599e-01 1.018662e+00 -2.285808e-01 -2.288094e-01 5.828418e-01 -1.175883e-01
<VARIANCE> 25
 9.690761e+00 2.844468e+01 2.524858e+01 5.781329e+01 3.958650e+01 4.343135e+01 6.481147e+01 4.049126e+01 6.355438e+01 4.234513e+01 4.129428e+01 4.345888e+01 1.671126e+00 2.944519e+00 2.898256e+00 4.910952e+00 3.806545e+00 3.903648e+00 5.521445e+00 4.044972e+00 6.004182e+00 3.971656e+00 4.090278e+00 3.235942e+00 2.661625e-03
<GCONST> 9.944411e+01
<MIXTURE> 68 1.485092e-02
<MEAN> 25
 -2.488252e+00 -1.904973e+00 -3.958544e+00 4.489034e-01 6.082943e+00 -1.208434e+00 1.015499e+00 1.394203e+00 2.367424e+00 2.176293e+00 1.416458e+00 2.119768e-01 2.740620e+00 4.812858e-01 9.599415e-02 -2.013648e+00 -2.585437e+00 -1.033898e+00 -2.234820e+00 -1.360690e+00 -2.085334e+00 -9.130080e-01 -1.382149e+00 -9.922615e-01 7.476916e-02
<VARIANCE> 25
 2.259713e+01 2.368906e+01 4.182399e+01 5.103473e+01 3.772184e+01 4.139365e+01 4.747992e+01 4.140152e+01 4.186917e+01 4.191468e+01 3.009232e+01 2.482304e+01 1.457581e+00 2.578905e+00 5.630407e+00 5.058066e+00 4.080439e+00 5.168378e+00 4.396284e+00 4.955585e+00 5.284331e+00 4.394370e+00 4.225296e+00 2.502262e+00 5.050658e-03
<GCONST> 9.993742e+01
<MIXTURE> 69 1.204884e-02
<MEAN> 25
 4.589075e+00 -4.151231e+00 -3.313989e+00 -3.586639e+00 -3.060241e+00 -7.643907e+00 -1.431865e+00 2.245826e+00 -5.153581e-01 -3.831650e+00 -5.239902e+00 5.411736e-01 1.638655e+00 -2.091560e+00 -1.172670e+00 -2.269523e+00 -6.349491e-01 -3.006900e-01 -4.146537e-01 6.705952e-01 -8.364944e-01 -1.395310e+00 -2.038325e+00 -1.608815e-01 5.783381e-02
<VARIANCE> 25
 8.258691e+00 2.027852e+01 2.474819e+01 2.520851e+01 4.053331e+01 3.416497e+01 4.669525e+01 3.132815e+01 4.026751e+01 4.215988e+01 3.025780e+01 2.608195e+01 3.447203e+00 2.874041e+00 3.417349e+00 3.534549e+00 5.788533e+00 4.663340e+00 6.638128e+00 5.813994e+00 6.353297e+00 5.434192e+00 4.197456e+00 3.357534e+00 2.506331e-03
<GCONST> 9.806507e+01
<MIXTURE> 70 1.329190e-02
<MEAN> 25
 6.063600e+00 -1.307289e+00 -3.833675e+00 -3.022563e+00 -1.231377e-01 2.306445e-01 -6.591753e+00 -4.475192e+00 -2.053152e+00 3.226357e+00 1.701552e+00 -4.334241e+00 1.874575e+00 -7.751312e-01 -6.310441e-01 -1.656276e+00 -1.840305e+00 1.032375e+00 -1.422332e+00 -6.672837e-02 -7.751181e-01 2.625941e-01 3.423362e-01 -9.451810e-01 4.189331e-02
<VARIANCE> 25
 8.535314e+00 1.539662e+01 2.202567e+01 3.574569e+01 2.849168e+01 3.575341e+01 3.843992e+01 3.355701e+01 4.374925e+01 2.752133e+01 3.341267e+01 1.947887e+01 3.165043e+00 2.284546e+00 3.922472e+00 3.943077e+00 4.287973e+00 4.807859e+00 5.051270e+00 8.353541e+00 7.021465e+00 3.696070e+00 4.722840e+00 3.965716e+00 1.990639e-03
<GCONST> 9.660667e+01
<MIXTURE> 71 1.406903e-02
<MEAN> 25
 4.967134e+00 4.000628e+00 4.212218e+00 1.897011e+00 -1.585239e+00 -2.990041e+00 -1.824848e+00 -5.895980e+00 -3.656031e+00 -1.040081e+00 -3.270725e+00 -2.458080e+00 -1.290858e+00 -4.620413e-01 -3.527038e-01 -2.038482e+00 1.297601e+00 -1.106705e-01 -1.289245e-01 1.838884e+00 4.726226e-01 1.816706e-02 4.103754e-01 -3.114358e-01 2.225869e-02
<VARIANCE> 25
 1.568247e+01 2.036776e+01 1.820207e+01 4.644988e+01 3.665642e+01 3.003406e+01 3.679952e+01 3.791653e+01 3.331285e+01 3.654815e+01 3.042832e+01 2.823363e+01 1.439766e+00 2.093466e+00 4.803854e+00 4.626074e+00 3.969538e+00 4.336534e+00 4.898770e+00 4.753012e+00 5.357978e+00 3.347523e+00 2.679792e+00 3.007464e+00 1.827886e-03
<GCONST> 9.542554e+01
<MIXTURE> 72 8.134747e-03
<MEAN> 25
 3.360522e+00 -2.591354e+00 5.560946e+00 -4.512964e-01 -9.517384e+00 -8.827923e+00 -2.699762e+00 1.753071e+00 -4.700747e+00 -1.876309e+00 -1.621891e+00 1.606283e+00 9.299028e-01 -8.442189e-01 -2.358729e+00 4.221916e-01 1.993103e+00 -4.556068e-01 -1.105343e+00 1.245257e+00 1.950400e+00 -3.755258e-01 -1.427187e+00 1.845652e-01 -9.113900e-03
<VARIANCE> 25
 9.762225e+00 2.057475e+01 2.914797e+01 4.960532e+01 3.300155e+01 3.228167e+01 3.456760e+01 3.034457e+01 5.524000e+01 3.357709e+01 3.196896e+01 2.694097e+01 3.920251e-01 9.074485e-01 1.858999e+00 1.298413e+00 2.020669e+00 2.209275e+00 2.916460e+00 2.903860e+00 3.307472e+00 2.740928e+00 1.789453e+00 1.963495e+00 5.354356e-04
<GCONST> 8.614536e+01
<MIXTURE> 73 1.213625e-02
<MEAN> 25
 -5.456635e+00 -7.284982e-01 -1.258779e+00 4.651985e+00 4.278931e+00 2.215720e+00 5.397702e+00 3.338752e+00 4.465796e+00 3.123152e+00 4.147385e+00 2.790023e+00 7.531091e-01 -9.688075e-01 -8.676604e-01 -2.502045e+00 -1.316211e+00 -1.729686e+00 -9.297497e-01 -4.852227e-01 -9.845432e-01 -5.943841e-01 -1.056158e+00 -2.949677e-01 1.489104e-01
<VARIANCE> 25
 1.310503e+01 1.298085e+01 1.474568e+01 2.342597e+01 2.330782e+01 2.415581e+01 2.035439e+01 2.071988e+01 1.775391e+01 2.066488e+01 2.254962e+01 1.593155e+01 4.004222e+00 3.027929e+00 6.065089e+00 4.887274e+00 6.341211e+00 4.518725e+00 4.143593e+00 4.158787e+00 4.252020e+00 4.353505e+00 3.497470e+00 2.560399e+00 4.678634e-03
<GCONST> 9.292728e+01
<MIXTURE> 74 1.756491e-02
<MEAN> 25
 3.963003e+00 -1.316572e+00 5.039713e+00 2.498560e-01 -6.987669e+00 -7.538377e+00 -2.668828e+00 1.296565e+00 -5.950301e+00 -1.550221e+00 -1.058796e+00 -9.938042e-02 3.379780e-01 1.695107e+00 2.950634e-01 9.116036e-01 1.289456e+00 4.606923e-01 2.785735e-01 -1.740529e+00 6.865335e-01 -7.919437e-02 -1.759753e-01 -7.119223e-02 -6.816565e-02
<VARIANCE> 25
 1.074614e+01 1.849787e+01 3.051817e+01 3.865869e+01 4.329998e+01 3.231981e+01 4.574148e+01 5.800926e+01 6.375143e+01 3.753506e+01 3.286532e+01 2.716138e+01 1.637782e+00 1.825958e+00 3.297516e+00 3.970705e+00 3.941088e+00 3.320011e+00 4.497979e+00 5.840419e+00 4.703528e+00 3.312961e+00 2.848658e+00 2.892941e+00 1.675852e-03
<GCONST> 9.598539e+01
<MIXTURE> 75 9.711651e-03
<MEAN> 25
 2.024591e+00 -1.146427e+00 9.473597e+00 4.370794e+00 -1.201352e+01 -7.441772e+00 -4.088889e+00 3.920742e-01 -8.105469e+00 -3.172801e+00 2.925827e+00 1.215318e+00 1.952829e+00 -1.410358e+00 -3.546253e-01 3.105056e-01 -1.999081e+00 -9.047449e-01 -1.910458e+00 1.068070e+00 -1.197490e+00 1.935509e-01 7.399725e-01 -1.691179e-01 3.903507e-02
<VARIANCE> 25
 8.603105e+00 1.283287e+01 2.753017e+01 4.331798e+01 2.036210e+01 2.564120e+01 2.584009e+01 2.354784e+01 4.510615e+01 2.565203e+01 1.574630e+01 2.040331e+01 2.365474e+00 1.584793e+00 3.947779e+00 3.093566e+00 3.688158e+00 4.109005e+00 5.753362e+00 2.726845e+00 5.149355e+00 3.190913e+00 2.657954e+00 2.626847e+00 1.272332e-03
<GCONST> 9.060046e+01
<MIXTURE> 76 1.052359e-02
<MEAN> 25
 -3.699765e+00 -1.275560e+00 -1.572680e+00 7.819459e-01 4.076985e+00 9.103296e-01 4.289126e+00 1.269063e+00 4.612565e+00 -5.070028e-01 1.218439e+00 1.194300e+00 -2.827661e-01 -3.087052e-01 -2.419534e-01 -8.928899e-01 -4.024215e-01 -1.113169e+00 -5.289070e-01 -2.344350e-01 -2.520799e-01 -4.826522e-01 -1.433889e-01 -1.233880e-01 1.382709e-02
<VARIANCE> 25
 3.250521e+01 1.879354e+01 2.051610e+01 2.601360e+01 3.004217e+01 2.969934e+01 2.535293e+01 2.150642e+01 2.650174e+01 1.760147e+01 1.757935e+01 2.113046e+01 9.655539e-01 9.681360e-01 1.208847e+00 1.543270e+00 1.758030e+00 1.397890e+00 1.374025e+00 2.195886e+00 2.435502e+00 1.635622e+00 1.322590e+00 1.120579e+00 9.025467e-04
<GCONST> 8.112421e+01
<MIXTURE> 77 1.244626e-02
<MEAN> 25
 -5.423890e-01 7.948133e+00 1.182563e+01 -1.024876e+01 -6.494181e+00 5.758539e-01 -8.517493e+00 -6.494999e+00 -3.462857e+00 -4.874686e-02 -3.887747e+00 -7.273549e-01 6.068959e-02 1.073551e-01 7.203344e-02 3.128436e-01 -5.870438e-02 3.746752e-02 -4.116790e-02 2.922559e-02 3.607484e-02 -2.978056e-02 1.072785e-01 6.289125e-02 -9.451617e-03
<VARIANCE> 25
 9.339350e+00 2.059334e+01 2.693731e+01 4.909956e+01 3.209104e+01 3.211298e+01 3.795758e+01 3.251416e+01 3.228871e+01 3.046201e+01 3.732420e+01 3.611993e+01 2.824298e-01 7.187311e-01 5.960792e-01 1.037693e+00 1.386560e+00 9.787503e-01 1.172139e+00 1.123618e+00 1.123362e+00 1.047226e+00 1.047731e+00 9.217383e-01 5.180520e-04
<GCONST> 7.761507e+01
<MIXTURE> 78 9.702551e-03
<MEAN> 25
 -1.090558e+01 6.873263e-01 -6.537471e-01 2.103990e+00 3.316739e+00 -3.385543e+00 5.175382e+00 2.419685e+00 3.983386e+00 -1.709895e+00 -1.196416e+00 2.549036e+00 1.988604e+00 -2.932341e-01 -1.189651e-01 6.579800e-01 1.257419e-01 1.671173e-01 -3.508016e-01 1.334931e-01 1.597890e-01 1.591886e-01 -3.166678e-01 -4.830356e-01 -4.959115e-02
<VARIANCE> 25
 3.396701e+01 2.106140e+01 2.469543e+01 3.440034e+01 4.163760e+01 3.268066e+01 3.685423e+01 3.299059e+01 2.253714e+01 2.947581e+01 2.085772e+01 3.047559e+01 3.696354e+00 2.963571e+00 2.295400e+00 3.995963e+00 3.096371e+00 3.000121e+00 3.176939e+00 3.735007e+00 2.214995e+00 2.126467e+00 1.684564e+00 1.797194e+00 3.558275e-03
<GCONST> 9.286828e+01
<MIXTURE> 79 1.156824e-02
<MEAN> 25
 1.928108e+00 1.621745e+00 8.779459e+00 -6.209758e+00 -1.081991e+01 -1.883136e+00 -2.357516e+00 -6.007071e+00 -6.740674e+00 1.958220e-01 -2.798460e+00 -2.167120e+00 1.289583e+00 -6.017104e-01 -1.314426e+00 2.223455e+00 2.483670e-01 -1.580714e+00 5.418539e-01 8.995869e-01 -7.847826e-01 -3.809177e-01 4.949794e-01 4.980782e-01 -3.539399e-02
<VARIANCE> 25
 1.388172e+01 2.156954e+01 3.415394e+01 4.752893e+01 3.880061e+01 3.847723e+01 3.920469e+01 3.424558e+01 3.667976e+01 3.551895e+01 4.217849e+01 3.430648e+01 1.032919e+00 2.035889e+00 1.763204e+00 1.925435e+00 2.291847e+00 2.645344e+00 2.953867e+00 3.220039e+00 3.120259e+00 2.582443e+00 2.247273e+00 2.109465e+00 1.149821e-03
<GCONST> 9.089632e+01
<MIXTURE> 80 7.550998e-03
<MEAN> 25
 -1.474672e+01 3.976756e+00 2.111475e+00 2.128722e+00 1.536630e+00 2.389326e+00 5.777074e+00 2.447970e+00 3.259267e+00 9.740834e-01 4.133651e+00 8.970208e-01 4.261688e+00 -4.320446e-02 1.456346e+00 -8.200336e-01 -2.616176e+00 -2.697261e+00 -2.207943e+00 -1.917669e+00 -2.376760e+00 -1.469233e+00 -1.373672e+00 -3.246015e-01 -4.797249e-02
<VARIANCE> 25
 1.980854e+01 1.909498e+01 3.879894e+01 4.200925e+01 3.363237e+01 3.123064e+01 3.966302e+01 2.707119e+01 2.728819e+01 3.408518e+01 2.605365e+01 1.568347e+01 2.116250e+00 2.210115e+00 2.410671e+00 4.022949e+00 3.099115e+00 2.397380e+00 3.323482e+00 3.441499e+00 3.194590e+00 2.509902e+00 2.711759e+00 2.127603e+00 1.682451e-03
<GCONST> 9.176643e+01
<MIXTURE> 81 8.025434e-03
<MEAN> 25
 -1.181924e+00 3.969002e+00 9.834743e+00 -1.451068e+01 -8.623828e+00 -1.688333e+00 -6.679948e+00 -8.362523e+00 -3.786036e+00 -3.984540e-01 -6.953860e+00 -2.212893e+00 7.767326e-02 -5.801854e-01 -5.706919e-02 -6.932290e-01 -3.477725e-01 3.355578e-01 2.595551e-01 1.852073e-01 4.808739e-02 2.890086e-03 -4.266923e-01 -2.908625e-02 8.978256e-03
<VARIANCE> 25
 9.614015e+00 3.101973e+01 2.656193e+01 2.940379e+01 3.508487e+01 3.022509e+01 4.309439e+01 2.762246e+01 3.774507e+01 3.023650e+01 2.921887e+01 2.974960e+01 7.748028e-01 2.151828e+00 1.513931e+00 3.335109e+00 2.881916e+00 2.022008e+00 3.155293e+00 2.229396e+00 2.988241e+00 2.590786e+00 2.203231e+00 2.134621e+00 1.251778e-03
<GCONST> 8.891678e+01
<MIXTURE> 82 8.213053e-03
<MEAN> 25
 -9.926692e+00 -3.696305e+00 1.554940e+00 -2.906639e+00 3.104258e+00 6.091676e-01 2.056168e+00 8.854247e-01 3.119331e+00 1.554908e+00 1.667250e+00 3.046231e+00 -1.377447e+00 -8.024672e-02 2.971671e-01 -2.496025e+00 -1.089277e+00 -1.216703e+00 -9.716226e-01 -8.536775e-01 -2.989705e-01 -4.594040e-01 -2.889386e-01 -9.822939e-02 1.747392e-01
<VARIANCE> 25
 1.832572e+01 2.555024e+01 3.146951e+01 3.107149e+01 3.431464e+01 3.152390e+01 3.240543e+01 3.343835e+01 3.131111e+01 2.570539e+01 3.003871e+01 1.716416e+01 3.818997e+00 3.020327e+00 3.237496e+00 3.561787e+00 3.654767e+00 3.349027e+00 3.034990e+00 2.977256e+00 2.825766e+00 2.569054e+00 2.422971e+00 1.836448e+00 3.663342e-03
<GCONST> 9.335361e+01
<MIXTURE> 83 1.167529e-02
<MEAN> 25
 -1.998610e+01 5.729317e+00 -1.240655e+00 -1.402697e+00 7.437562e+00 -6.528971e-01 4.190077e+00 3.247016e+00 1.985163e+00 1.632185e+00 5.690354e-01 2.068957e+00 -1.026064e-01 -3.641663e-01 1.108461e-01 -3.020103e-01 -5.539584e-01 8.747805e-02 -9.374741e-02 -4.489194e-02 1.300402e-01 -1.738202e-02 -1.044808e-01 -1.174860e-01 6.877546e-03
<VARIANCE> 25
 1.020463e+01 1.497036e+01 2.580840e+01 2.436568e+01 2.031841e+01 2.913729e+01 2.739676e+01 2.120322e+01 2.100895e+01 2.096324e+01 2.146773e+01 1.773517e+01 1.007132e+00 8.933232e-01 1.152466e+00 1.051595e+00 1.224914e+00 1.597949e+00 1.242297e+00 1.441129e+00 1.286939e+00 1.308511e+00 1.156263e+00 1.005239e+00 8.612230e-04
<GCONST> 7.715258e+01
<MIXTURE> 84 1.066614e-02
<MEAN> 25
 9.141241e-01 8.322572e+00 6.963548e+00 7.372005e+00 2.145774e+00 -1.418678e+00 -1.246998e+00 -4.577698e+00 -4.216415e+00 -2.791534e+00 -1.844976e+00 -1.143547e+00 -1.665947e+00 -9.610250e-01 -1.141042e+00 1.070324e+00 2.199854e+00 1.238060e+00 1.543770e+00 1.139783e+00 1.310163e+00 3.940896e-01 1.291353e-01 4.158493e-01 -6.356447e-02
<VARIANCE> 25
 2.170621e+01 1.855807e+01 1.981870e+01 2.419068e+01 2.873355e+01 2.737884e+01 2.894692e+01 2.383270e+01 2.539472e+01 2.309109e+01 2.334933e+01 2.239058e+01 2.025922e+00 2.523059e+00 3.577267e+00 3.317373e+00 3.205664e+00 3.478163e+00 3.128577e+00 3.241750e+00 3.497316e+00 2.901819e+00 3.685505e+00 2.713402e+00 3.443893e-03
<GCONST> 9.173775e+01
<MIXTURE> 85 7.591393e-03
<MEAN> 25
 -3.392571e+00 7.574496e+00 5.975141e+00 7.220781e-01 -3.126519e+00 -4.413009e+00 -3.329026e+00 -5.714148e+00 -2.976536e+00 -3.004313e+00 -1.917413e-01 -1.819273e+00 3.982449e+00 2.273411e-01 1.567491e+00 -1.820629e+00 -3.177247e+00 -2.570971e+00 -2.719774e+00 -2.326968e+00 -2.577134e+00 -1.037654e+00 -2.124636e+00 -3.966476e-01 1.575634e-03
<VARIANCE> 25
 4.009688e+01 2.254302e+01 3.663634e+01 3.862731e+01 3.735719e+01 4.444504e+01 3.137206e+01 2.666111e+01 2.760101e+01 2.386292e+01 2.431216e+01 1.943757e+01 2.787903e+00 3.944012e+00 4.160185e+00 5.143126e+00 4.578096e+00 3.752056e+00 3.664023e+00 3.720976e+00 4.278033e+00 3.974650e+00 3.752417e+00 3.518820e+00 5.689368e-03
<GCONST> 9.796257e+01
<MIXTURE> 86 1.273941e-02
<MEAN> 25
 -4.323438e+00 -1.421679e+00 -7.508433e-01 6.258455e+00 5.088916e+00 4.761467e+00 5.102295e+00 4.515547e+00 5.280006e+00 2.818194e+00 4.835694e+00 2.799525e+00 -1.139760e-02 -1.866210e-03 -7.052764e-02 -1.802261e-01 -6.906078e-02 -9.915908e-02 -3.484204e-01 -3.628096e-01 -2.922557e-01 -2.825268e-01 -2.641628e-01 -2.020940e-01 -1.510781e-03
<VARIANCE> 25
 1.051272e+01 5.497961e+00 9.082535e+00 1.174430e+01 1.468293e+01 1.321531e+01 1.276336e+01 1.193837e+01 1.537837e+01 2.214493e+01 1.474233e+01 1.174685e+01 9.201092e-02 1.767252e-01 2.961437e-01 5.905913e-01 5.997224e-01 7.494447e-01 7.770216e-01 7.227278e-01 8.210286e-01 8.307897e-01 8.746971e-01 9.513569e-01 5.985360e-05
<GCONST> 5.842367e+01
<MIXTURE> 87 1.100681e-02
<MEAN> 25
 -3.104875e+00 4.014489e+00 3.081505e+00 6.001532e+00 5.323719e+00 7.043083e-01 2.058201e+00 -1.300838e+00 -6.618422e-02 -1.247877e+00 -7.479541e-01 2.059876e-01 -2.184415e+00 -2.481369e+00 -1.839697e+00 -1.855442e+00 -6.241552e-02 -3.049245e-01 7.013855e-01 1.195530e+00 1.395071e+00 1.021541e+00 8.855466e-01 9.757538e-01 9.903800e-02
<VARIANCE> 25
 3.815097e+01 2.828294e+01 2.660470e+01 3.748337e+01 2.792784e+01 3.042340e+01 2.787267e+01 2.827893e+01 2.586782e+01 2.396614e+01 2.207342e+01 2.220502e+01 3.738744e+00 2.875623e+00 4.110766e+00 4.436107e+00 4.695217e+00 4.121857e+00 4.314462e+00 4.203542e+00 3.304954e+00 3.261254e+00 3.040466e+00 2.704206e+00 5.022483e-03
<GCONST> 9.620434e+01
<MIXTURE> 88 1.256585e-02
<MEAN> 25
 -2.812641e+00 -9.529127e-01 -1.099575e+00 2.497053e+00 5.021127e+00 2.749119e+00 4.685490e+00 2.112021e+00 4.466635e+00 4.600648e-01 2.364501e+00 1.579097e+00 -2.179869e-01 1.941667e-01 -2.460655e-02 2.289537e-01 2.444635e-01 -4.314330e-02 -5.747119e-02 -4.261913e-01 -2.621686e-01 -1.581845e-01 2.786165e-02 -1.041265e-01 4.773965e-03
<VARIANCE> 25
 1.094211e+01 7.731352e+00 1.399658e+01 1.878233e+01 1.779205e+01 1.869890e+01 1.972618e+01 1.780862e+01 1.970579e+01 1.676516e+01 1.840377e+01 1.534141e+01 1.173025e+00 1.422387e+00 2.050896e+00 2.886593e+00 2.676086e+00 2.829302e+00 2.331657e+00 2.332024e+00 2.626707e+00 1.852810e+00 2.387565e+00 1.893013e+00 1.238363e-03
<GCONST> 8.147362e+01
<MIXTURE> 89 9.333527e-03
<MEAN> 25
 5.613682e+00 -6.159494e+00 -3.302146e+00 -1.464226e+00 -1.538723e+00 -4.774996e+00 -7.275017e+00 4.506282e+00 2.390195e+00 -1.425481e+00 -5.859140e+00 -2.821592e+00 -5.683534e-01 1.216659e-01 1.955507e+00 8.495997e-01 -1.591241e+00 -1.571854e+00 7.710387e-01 1.446158e+00 -6.914206e-01 -1.169509e+00 2.622823e-01 1.306900e+00 -2.847885e-03
<VARIANCE> 25
 8.056971e+00 2.228452e+01 2.511589e+01 3.615266e+01 3.026264e+01 3.540870e+01 6.063919e+01 3.604832e+01 4.149442e+01 4.544924e+01 2.923046e+01 2.685580e+01 3.166359e-01 7.122470e-01 1.256324e+00 1.430094e+00 1.971099e+00 1.755751e+00 2.083383e+00 1.863798e+00 1.952996e+00 1.771466e+00 2.053144e+00 1.353520e+00 3.096766e-04
<GCONST> 8.270110e+01
<MIXTURE> 90 7.114505e-03
<MEAN> 25
 2.379718e+00 -9.486146e+00 -4.598640e+00 -3.832667e+00 -3.123096e+00 -1.570690e+00 3.273761e+00 1.267467e+00 -6.845690e+00 -1.012575e+01 -3.460313e+00 -6.836910e-01 -1.579450e-01 8.986320e-01 1.124507e+00 -8.463123e-01 -1.581714e+00 -2.028077e-01 6.208592e-01 -2.189003e-01 -1.495963e-01 7.356800e-01 1.773610e-01 -5.803337e-01 -1.111729e-02
<VARIANCE> 25
 8.262918e+00 1.858277e+01 1.954859e+01 2.791507e+01 3.723988e+01 3.271416e+01 3.728495e+01 3.521896e+01 4.331421e+01 2.767278e+01 2.592319e+01 2.574729e+01 2.166830e-01 6.094874e-01 8.222543e-01 1.028979e+00 1.451366e+00 1.571709e+00 1.778990e+00 1.644217e+00 1.757139e+00 1.640801e+00 1.452207e+00 1.306114e+00 2.083870e-04
<GCONST> 7.809004e+01
<MIXTURE> 91 7.852945e-03
<MEAN> 25
 5.453326e+00 -6.621608e+00 -7.193198e+00 -5.089395e+00 4.058222e+00 -6.512270e-01 -1.319416e+00 7.477972e-01 1.340037e+00 -2.033247e+00 -4.203585e+00 -4.700769e+00 2.517106e-01 9.957434e-01 2.437114e-01 4.318681e-01 1.173570e-01 -2.102384e-01 -3.895268e-01 -1.726774e-02 -1.970085e-02 2.787229e-01 -8.389281e-02 3.149653e-01 -3.226775e-02
<VARIANCE> 25
 1.000002e+01 2.096588e+01 1.975115e+01 3.515555e+01 3.085222e+01 4.600072e+01 4.798545e+01 3.578544e+01 4.792381e+01 5.516778e+01 3.425687e+01 3.437732e+01 5.214974e-01 7.285318e-01 1.061452e+00 1.711644e+00 2.108101e+00 2.537916e+00 3.289896e+00 2.300380e+00 2.596453e+00 2.213288e+00 2.258325e+00 1.916075e+00 6.052540e-04
<GCONST> 8.662701e+01
<MIXTURE> 92 7.852945e-03
<MEAN> 25
 5.453326e+00 -6.621608e+00 -7.193198e+00 -5.089395e+00 4.058222e+00 -6.512270e-01 -1.319416e+00 7.477972e-01 1.340037e+00 -2.033247e+00 -4.203585e+00 -4.700769e+00 2.517106e-01 9.957434e-01 2.437114e-01 4.318681e-01 1.173570e-01 -2.102384e-01 -3.895268e-01 -1.726774e-02 -1.970085e-02 2.787229e-01 -8.389281e-02 3.149653e-01 -3.226775e-02
<VARIANCE> 25
 1.000002e+01 2.096588e+01 1.975115e+01 3.515555e+01 3.085222e+01 4.600072e+01 4.798545e+01 3.578544e+01 4.792381e+01 5.516778e+01 3.425687e+01 3.437732e+01 5.214974e-01 7.285318e-01 1.061452e+00 1.711644e+00 2.108101e+00 2.537916e+00 3.289896e+00 2.300380e+00 2.596453e+00 2.213288e+00 2.258325e+00 1.916075e+00 6.052540e-04
<GCONST> 8.662701e+01
<MIXTURE> 93 6.122769e-03
<MEAN> 25
 -6.833889e+00 -9.753633e-01 -2.421054e+00 5.800888e+00 5.916789e+00 3.913182e+00 6.124618e+00 3.582314e+00 4.172817e+00 2.445032e+00 1.803487e+00 3.668407e+00 -6.069447e-02 -1.502654e-01 -2.599369e-01 -3.250081e-01 -3.297746e-01 -2.901517e-01 -2.190368e-01 -1.777996e-01 -1.671171e-01 -1.477928e-01 -1.052777e-01 -2.708452e-02 7.354293e-06
<VARIANCE> 25
 9.333742e+00 6.044266e+00 8.219044e+00 1.147579e+01 1.176115e+01 1.587099e+01 1.525981e+01 1.643784e+01 1.499111e+01 1.498892e+01 1.684044e+01 1.351367e+01 8.262420e-02 1.545394e-01 2.627478e-01 4.029837e-01 4.960469e-01 6.425594e-01 7.733614e-01 8.843980e-01 9.242164e-01 8.712777e-01 8.905325e-01 9.198807e-01 1.010338e-06
<GCONST> 5.377201e+01
<MIXTURE> 94 6.122769e-03
<MEAN> 25
 -6.833889e+00 -9.753633e-01 -2.421054e+00 5.800888e+00 5.916789e+00 3.913182e+00 6.124618e+00 3.582314e+00 4.172817e+00 2.445032e+00 1.803487e+00 3.668407e+00 -6.069447e-02 -1.502654e-01 -2.599369e-01 -3.250081e-01 -3.297746e-01 -2.901517e-01 -2.190368e-01 -1.777996e-01 -1.671171e-01 -1.477928e-01 -1.052777e-01 -2.708452e-02 7.354293e-06
<VARIANCE> 25
 9.333742e+00 6.044266e+00 8.219044e+00 1.147579e+01 1.176115e+01 1.587099e+01 1.525981e+01 1.643784e+01 1.499111e+01 1.498892e+01 1.684044e+01 1.351367e+01 8.262420e-02 1.545394e-01 2.627478e-01 4.029837e-01 4.960469e-01 6.425594e-01 7.733614e-01 8.843980e-01 9.242164e-01 8.712777e-01 8.905325e-01 9.198807e-01 1.010338e-06
<GCONST> 5.377201e+01
<MIXTURE> 95 5.258835e-03
<MEAN> 25
 -5.659414e+00 -7.945778e-01 -1.978517e+00 4.804632e+00 4.211539e+00 2.835916e+00 4.212412e+00 1.689777e+00 2.462963e+00 7.335190e-01 1.184542e+00 2.561727e+00 1.327984e-01 1.586757e-01 8.062366e-02 -1.104165e-01 -3.624108e-01 -7.316968e-01 -1.038715e+00 -1.278499e+00 -1.261177e+00 -9.736465e-01 -6.327280e-01 -2.920772e-01 -1.127559e-04
<VARIANCE> 25
 1.111869e+01 6.519342e+00 1.197139e+01 1.312311e+01 1.404797e+01 1.803700e+01 1.782617e+01 1.667136e+01 1.720272e+01 1.586717e+01 1.974058e+01 1.414316e+01 2.147367e-01 2.997616e-01 4.518240e-01 6.646885e-01 7.965162e-01 9.428421e-01 9.092803e-01 9.169354e-01 9.763303e-01 1.081403e+00 1.170388e+00 1.123216e+00 4.282469e-05
<GCONST> 6.361296e+01
<MIXTURE> 96 7.034694e-03
<MEAN> 25
 -5.191943e+00 -4.330129e-01 -2.245655e+00 5.108379e+00 3.810524e+00 1.835963e+00 3.490295e+00 1.685799e+00 2.635846e+00 7.764573e-01 1.159108e+00 2.804051e+00 -2.946945e-02 8.688694e-02 2.115084e-01 4.087998e-01 5.412152e-01 4.869024e-01 2.422536e-01 -1.397613e-01 -4.615051e-01 -6.293888e-01 -6.020505e-01 -3.516014e-01 -1.644724e-06
<VARIANCE> 25
 1.184121e+01 9.785340e+00 1.298670e+01 1.515374e+01 1.665559e+01 1.945705e+01 1.792116e+01 2.002731e+01 1.919788e+01 1.767072e+01 1.950649e+01 1.446900e+01 1.194328e-01 2.153823e-01 3.257024e-01 4.155194e-01 4.929423e-01 6.598378e-01 8.555337e-01 9.956465e-01 9.676614e-01 9.047154e-01 8.843521e-01 9.440520e-01 1.018286e-06
<GCONST> 5.806034e+01
<MIXTURE> 97 7.034694e-03
<MEAN> 25
 -5.191943e+00 -4.330129e-01 -2.245655e+00 5.108379e+00 3.810524e+00 1.835963e+00 3.490295e+00 1.685799e+00 2.635846e+00 7.764573e-01 1.159108e+00 2.804051e+00 -2.946945e-02 8.688694e-02 2.115084e-01 4.087998e-01 5.412152e-01 4.869024e-01 2.422536e-01 -1.397613e-01 -4.615051e-01 -6.293888e-01 -6.020505e-01 -3.516014e-01 -1.644724e-06
<VARIANCE> 25
 1.184121e+01 9.785340e+00 1.298670e+01 1.515374e+01 1.665559e+01 1.945705e+01 1.792116e+01 2.002731e+01 1.919788e+01 1.767072e+01 1.950649e+01 1.446900e+01 1.194328e-01 2.153823e-01 3.257024e-01 4.155194e-01 4.929423e-01 6.598378e-01 8.555337e-01 9.956465e-01 9.676614e-01 9.047154e-01 8.843521e-01 9.440520e-01 1.018286e-06
<GCONST> 5.806034e+01
<MIXTURE> 98 9.917808e-03
<MEAN> 25
 -3.387834e-01 1.224209e+00 4.982619e-01 5.616228e-01 3.747151e+00 1.597820e+00 2.834764e+00 1.521968e+00 1.587870e+00 6.503941e-01 4.453995e-01 3.636726e-02 -1.308190e+00 -1.099809e+00 -6.826869e-01 -3.270172e-01 6.896599e-01 3.524211e-01 1.130048e+00 1.031772e+00 1.888492e+00 6.170157e-01 1.161776e+00 5.350298e-01 -2.283274e-02
<VARIANCE> 25
 1.124360e+01 1.528143e+01 2.159174e+01 3.185452e+01 4.227980e+01 3.841303e+01 2.616792e+01 2.121714e+01 2.802095e+01 2.082012e+01 1.810174e+01 1.562602e+01 1.178316e+00 1.301594e+00 1.964192e+00 2.880715e+00 2.853181e+00 2.972122e+00 2.842886e+00 2.931925e+00 2.141744e+00 2.383813e+00 2.373505e+00 2.261977e+00 2.307842e-03
<GCONST> 8.701119e+01
<MIXTURE> 99 6.696178e-03
<MEAN> 25
 -4.234046e+00 8.221772e+00 5.016602e+00 3.630632e+00 1.110141e+00 -4.966562e+00 -2.714479e+00 -3.653741e+00 -1.971908e+00 -3.413876e+00 -1.957368e+00 9.364368e-01 3.736319e-01 -5.568652e-01 4.011492e-01 -2.675289e-01 -1.264488e+00 -2.071662e-01 -7.516758e-01 2.048015e-01 -4.387336e-01 8.522351e-02 4.875134e-01 -1.712492e-01 9.515858e-03
<VARIANCE> 25
 2.826429e+01 1.910180e+01 3.562199e+01 3.070727e+01 3.211441e+01 4.773685e+01 2.697987e+01 2.276066e+01 2.385571e+01 2.085533e+01 1.692248e+01 2.241453e+01 1.772014e+00 1.573337e+00 1.086728e+00 1.737793e+00 2.064223e+00 1.841754e+00 1.617703e+00 1.596970e+00 2.164156e+00 1.354003e+00 1.239659e+00 1.099325e+00 1.077100e-03
<GCONST> 8.363574e+01
<MIXTURE> 100 4.498084e-03
<MEAN> 25
 -1.618917e+00 6.302766e+00 1.023837e+01 -7.436405e+00 -1.068090e+01 -5.016973e+00 -4.959259e+00 -9.870865e+00 -4.699002e+00 -8.916208e-01 -2.727895e+00 -2.566566e+00 2.924860e+00 -1.264049e+00 1.270356e+00 -2.138224e+00 -3.383347e+00 -8.247614e-01 -1.207803e+00 -8.105856e-01 -1.512785e+00 3.634546e-01 -1.621601e+00 -2.547919e-01 1.229024e-03
<VARIANCE> 25
 1.351174e+01 2.086802e+01 2.223763e+01 2.619099e+01 2.338977e+01 2.360646e+01 2.877768e+01 2.202596e+01 2.719530e+01 2.255719e+01 2.212857e+01 2.249419e+01 1.793988e+00 3.897601e+00 2.959793e+00 4.379418e+00 4.234215e+00 4.590715e+00 3.966519e+00 4.290078e+00 4.214143e+00 3.859705e+00 3.930884e+00 3.247315e+00 1.725500e-03
<GCONST> 9.263253e+01
<MIXTURE> 101 6.007792e-03
<MEAN> 25
 7.631906e+00 -3.506687e+00 -6.212521e+00 -5.865386e+00 5.481873e-01 -1.495647e+00 -1.038356e+01 -1.770378e+00 8.987177e-01 3.417050e+00 -2.393882e+00 -4.978792e+00 6.023765e-01 6.422819e-01 -1.381857e+00 -1.559979e+00 1.083908e+00 2.223581e+00 3.735271e-01 -1.493291e+00 -8.938313e-01 8.525893e-01 1.393582e+00 -4.648974e-01 -5.721187e-03
<VARIANCE> 25
 9.689690e+00 1.690559e+01 2.674403e+01 4.618038e+01 3.658239e+01 3.377083e+01 4.083677e+01 3.402968e+01 4.279125e+01 4.398483e+01 4.934599e+01 2.251044e+01 3.087111e-01 6.146969e-01 1.156986e+00 1.478514e+00 1.597375e+00 1.964807e+00 2.614559e+00 2.083561e+00 2.529714e+00 2.268020e+00 1.753611e+00 2.143237e+00 3.383909e-04
<GCONST> 8.386700e+01
<MIXTURE> 102 6.007792e-03
<MEAN> 25
 7.631906e+00 -3.506687e+00 -6.212521e+00 -5.865386e+00 5.481873e-01 -1.495647e+00 -1.038356e+01 -1.770378e+00 8.987177e-01 3.417050e+00 -2.393882e+00 -4.978792e+00 6.023765e-01 6.422819e-01 -1.381857e+00 -1.559979e+00 1.083908e+00 2.223581e+00 3.735271e-01 -1.493291e+00 -8.938313e-01 8.525893e-01 1.393582e+00 -4.648974e-01 -5.721187e-03
<VARIANCE> 25
 9.689690e+00 1.690559e+01 2.674403e+01 4.618038e+01 3.658239e+01 3.377083e+01 4.083677e+01 3.402968e+01 4.279125e+01 4.398483e+01 4.934599e+01 2.251044e+01 3.087111e-01 6.146969e-01 1.156986e+00 1.478514e+00 1.597375e+00 1.964807e+00 2.614559e+00 2.083561e+00 2.529714e+00 2.268020e+00 1.753611e+00 2.143237e+00 3.383909e-04
<GCONST> 8.386700e+01
<MIXTURE> 103 5.694618e-03
<MEAN> 25
 3.214213e+00 -8.934654e+00 -5.632469e+00 -3.188185e+00 -1.389433e+00 -1.714840e+00 2.374936e+00 2.375112e+00 -3.313668e+00 -8.696440e+00 -4.713472e+00 2.963521e-01 -1.805709e-01 -1.373922e+00 -9.739239e-01 3.440351e-01 1.212757e+00 9.747085e-01 1.388269e-01 -2.645043e-01 -7.954361e-01 -9.335420e-01 -6.549703e-02 6.288502e-02 2.540464e-02
<VARIANCE> 25
 9.720505e+00 2.112888e+01 2.283483e+01 3.056057e+01 4.478263e+01 3.253623e+01 4.308632e+01 3.648200e+01 5.146214e+01 3.015772e+01 2.920383e+01 2.442572e+01 6.033984e-01 1.283852e+00 1.608330e+00 1.831091e+00 2.744867e+00 2.282780e+00 2.756601e+00 2.499243e+00 2.506270e+00 2.387832e+00 2.145545e+00 1.880309e+00 8.106444e-04
<GCONST> 8.703746e+01
<MIXTURE> 104 5.694618e-03
<MEAN> 25
 3.214213e+00 -8.934654e+00 -5.632469e+00 -3.188185e+00 -1.389433e+00 -1.714840e+00 2.374936e+00 2.375112e+00 -3.313668e+00 -8.696440e+00 -4.713472e+00 2.963521e-01 -1.805709e-01 -1.373922e+00 -9.739239e-01 3.440351e-01 1.212757e+00 9.747085e-01 1.388269e-01 -2.645043e-01 -7.954361e-01 -9.335420e-01 -6.549703e-02 6.288502e-02 2.540464e-02
<VARIANCE> 25
 9.720505e+00 2.112888e+01 2.283483e+01 3.056057e+01 4.478263e+01 3.253623e+01 4.308632e+01 3.648200e+01 5.146214e+01 3.015772e+01 2.920383e+01 2.442572e+01 6.033984e-01 1.283852e+00 1.608330e+00 1.831091e+00 2.744867e+00 2.282780e+00 2.756601e+00 2.499243e+00 2.506270e+00 2.387832e+00 2.145545e+00 1.880309e+00 8.106444e-04
<GCONST> 8.703746e+01
<MIXTURE> 105 4.710235e-03
<MEAN> 25
 1.828144e+00 -1.259476e+00 7.481777e+00 -1.346423e+00 -1.090330e+01 -3.701819e+00 -3.150170e+00 4.159701e-01 -4.217024e+00 -1.842399e+00 1.777573e+00 2.382508e-01 2.134567e-02 1.568790e-02 -3.447353e-02 8.394370e-03 -2.600949e-02 -4.230465e-03 1.950070e-02 6.031929e-02 -3.976569e-02 -2.145508e-02 -8.365086e-02 -2.678161e-02 -1.662892e-03
<VARIANCE> 25
 1.010137e+01 2.085111e+01 3.638300e+01 3.753056e+01 4.571187e+01 3.920336e+01 3.708892e+01 3.194764e+01 5.445483e+01 3.716570e+01 3.121339e+01 3.061394e+01 7.141846e-02 1.525864e-01 2.746472e-01 3.850143e-01 3.595308e-01 3.770855e-01 5.220022e-01 5.544713e-01 6.375046e-01 4.778017e-01 4.714294e-01 3.786396e-01 1.035136e-04
<GCONST> 6.546812e+01
<MIXTURE> 106 4.710235e-03
<MEAN> 25
 1.828144e+00 -1.259476e+00 7.481777e+00 -1.346423e+00 -1.090330e+01 -3.701819e+00 -3.150170e+00 4.159701e-01 -4.217024e+00 -1.842399e+00 1.777573e+00 2.382508e-01 2.134567e-02 1.568790e-02 -3.447353e-02 8.394370e-03 -2.600949e-02 -4.230465e-03 1.950070e-02 6.031929e-02 -3.976569e-02 -2.145508e-02 -8.365086e-02 -2.678161e-02 -1.662892e-03
<VARIANCE> 25
 1.010137e+01 2.085111e+01 3.638300e+01 3.753056e+01 4.571187e+01 3.920336e+01 3.708892e+01 3.194764e+01 5.445483e+01 3.716570e+01 3.121339e+01 3.061394e+01 7.141846e-02 1.525864e-01 2.746472e-01 3.850143e-01 3.595308e-01 3.770855e-01 5.220022e-01 5.544713e-01 6.375046e-01 4.778017e-01 4.714294e-01 3.786396e-01 1.035136e-04
<GCONST> 6.546812e+01
<MIXTURE> 107 5.452374e-03
<MEAN> 25
 8.260833e+00 -2.476969e+00 -7.668295e+00 -7.947604e+00 2.091341e+00 2.825200e+00 -8.899967e+00 -3.402040e+00 -1.665116e+00 3.970546e+00 1.069165e+00 -4.245189e+00 -6.343048e-01 -7.181941e-01 7.871692e-01 1.861635e+00 6.145373e-02 -1.910962e+00 -1.056174e+00 8.394552e-01 1.729470e+00 1.374151e-01 -1.800442e+00 -8.285015e-01 -3.036852e-03
<VARIANCE> 25
 8.653163e+00 1.680755e+01 2.394930e+01 4.334316e+01 3.019718e+01 3.226608e+01 5.067365e+01 3.443733e+01 4.646122e+01 3.610175e+01 4.476596e+01 2.934928e+01 3.084421e-01 9.164670e-01 1.269126e+00 2.263214e+00 2.583744e+00 2.378752e+00 2.398872e+00 2.562936e+00 2.111702e+00 2.747847e+00 1.900034e+00 1.964330e+00 6.963741e-04
<GCONST> 8.605309e+01
<MIXTURE> 108 5.452374e-03
<MEAN> 25
 8.260833e+00 -2.476969e+00 -7.668295e+00 -7.947604e+00 2.091341e+00 2.825200e+00 -8.899967e+00 -3.402040e+00 -1.665116e+00 3.970546e+00 1.069165e+00 -4.245189e+00 -6.343048e-01 -7.181941e-01 7.871692e-01 1.861635e+00 6.145373e-02 -1.910962e+00 -1.056174e+00 8.394552e-01 1.729470e+00 1.374151e-01 -1.800442e+00 -8.285015e-01 -3.036852e-03
<VARIANCE> 25
 8.653163e+00 1.680755e+01 2.394930e+01 4.334316e+01 3.019718e+01 3.226608e+01 5.067365e+01 3.443733e+01 4.646122e+01 3.610175e+01 4.476596e+01 2.934928e+01 3.084421e-01 9.164670e-01 1.269126e+00 2.263214e+00 2.583744e+00 2.378752e+00 2.398872e+00 2.562936e+00 2.111702e+00 2.747847e+00 1.900034e+00 1.964330e+00 6.963741e-04
<GCONST> 8.605309e+01
<MIXTURE> 109 6.661064e-03
<MEAN> 25
 3.060802e+00 -8.728061e+00 -6.011961e+00 -2.458768e+00 1.206494e+00 4.012980e-01 7.841422e-01 2.126854e+00 1.640278e+00 -8.088263e+00 -4.663558e+00 -6.795440e-01 -4.260803e-02 -1.160971e-01 -6.047146e-02 2.752896e-01 2.955450e-01 1.588633e-01 -5.390899e-02 -1.518839e-02 1.812522e-02 -5.831989e-02 6.173896e-02 -1.682274e-01 -2.448856e-03
<VARIANCE> 25
 7.643512e+00 1.732229e+01 2.092780e+01 2.425581e+01 3.234749e+01 2.692817e+01 3.512976e+01 2.777321e+01 5.421066e+01 2.837954e+01 2.494580e+01 2.263217e+01 1.642370e-01 4.037581e-01 5.413517e-01 5.751955e-01 1.258880e+00 9.434064e-01 1.151354e+00 1.224580e+00 9.318779e-01 9.915115e-01 9.291552e-01 7.818621e-01 1.661102e-04
<GCONST> 7.192386e+01
<MIXTURE> 110 6.661064e-03
<MEAN> 25
 3.060802e+00 -8.728061e+00 -6.011961e+00 -2.458768e+00 1.206494e+00 4.012980e-01 7.841422e-01 2.126854e+00 1.640278e+00 -8.088263e+00 -4.663558e+00 -6.795440e-01 -4.260803e-02 -1.160971e-01 -6.047146e-02 2.752896e-01 2.955450e-01 1.588633e-01 -5.390899e-02 -1.518839e-02 1.812522e-02 -5.831989e-02 6.173896e-02 -1.682274e-01 -2.448856e-03
<VARIANCE> 25
 7.643512e+00 1.732229e+01 2.092780e+01 2.425581e+01 3.234749e+01 2.692817e+01 3.512976e+01 2.777321e+01 5.421066e+01 2.837954e+01 2.494580e+01 2.263217e+01 1.642370e-01 4.037581e-01 5.413517e-01 5.751955e-01 1.258880e+00 9.434064e-01 1.151354e+00 1.224580e+00 9.318779e-01 9.915115e-01 9.291552e-01 7.818621e-01 1.661102e-04
<GCONST> 7.192386e+01
<MIXTURE> 111 4.337247e-03
<MEAN> 25
 -4.090051e+00 -9.488730e-01 -1.557725e+00 1.699310e+00 9.915235e-01 3.976492e-01 -8.077309e-02 2.614706e-01 3.483831e-01 -7.932137e-01 -7.829372e-01 1.854568e+00 -1.549464e-02 -2.306594e-02 -9.743792e-02 -1.585724e-01 2.963281e-02 -2.161209e-02 2.014344e-02 -2.049128e-02 -1.253389e-01 -1.731262e-01 -2.458872e-01 -1.339245e-01 -6.575335e-05
<VARIANCE> 25
 8.199717e+00 5.316139e+00 9.973084e+00 1.000555e+01 1.282240e+01 3.035860e+01 1.749388e+01 1.252917e+01 1.393985e+01 1.213596e+01 1.382280e+01 1.119801e+01 7.713759e-02 1.637315e-01 2.812366e-01 5.065716e-01 6.808516e-01 6.893327e-01 7.726096e-01 8.320928e-01 8.664775e-01 8.223692e-01 8.615670e-01 8.652133e-01 2.352913e-05
<GCONST> 5.704343e+01
<MIXTURE> 112 4.337247e-03
<MEAN> 25
 -4.090051e+00 -9.488730e-01 -1.557725e+00 1.699310e+00 9.915235e-01 3.976492e-01 -8.077309e-02 2.614706e-01 3.483831e-01 -7.932137e-01 -7.829372e-01 1.854568e+00 -1.549464e-02 -2.306594e-02 -9.743792e-02 -1.585724e-01 2.963281e-02 -2.161209e-02 2.014344e-02 -2.049128e-02 -1.253389e-01 -1.731262e-01 -2.458872e-01 -1.339245e-01 -6.575335e-05
<VARIANCE> 25
 8.199717e+00 5.316139e+00 9.973084e+00 1.000555e+01 1.282240e+01 3.035860e+01 1.749388e+01 1.252917e+01 1.393985e+01 1.213596e+01 1.382280e+01 1.119801e+01 7.713759e-02 1.637315e-01 2.812366e-01 5.065716e-01 6.808516e-01 6.893327e-01 7.726096e-01 8.320928e-01 8.664775e-01 8.223692e-01 8.615670e-01 8.652133e-01 2.352913e-05
<GCONST> 5.704343e+01
<MIXTURE> 113 5.938666e-03
<MEAN> 25
 9.475572e+00 1.309425e+00 -8.400536e+00 -1.540538e+01 -1.410120e+00 5.591145e+00 -5.038061e+00 -1.525472e+00 -6.107969e+00 4.768688e-01 6.615753e-01 -1.482209e-01 -6.975185e-03 -1.926182e-04 -8.836819e-02 -1.173775e-01 8.289873e-02 1.583497e-01 1.950984e-01 7.353012e-02 -2.037173e-02 1.445887e-03 1.495255e-01 2.344001e-02 -1.150804e-03
<VARIANCE> 25
 9.626461e+00 1.586547e+01 2.748003e+01 4.483073e+01 4.703455e+01 3.162694e+01 3.748133e+01 3.450444e+01 3.495500e+01 4.572239e+01 3.319143e+01 2.801457e+01 1.243692e-01 2.924386e-01 3.544569e-01 6.064880e-01 6.335596e-01 7.537026e-01 9.706835e-01 8.066498e-01 1.062890e+00 9.449968e-01 7.374644e-01 7.758176e-01 1.110973e-04
<GCONST> 7.127935e+01
<MIXTURE> 114 5.938666e-03
<MEAN> 25
 9.475572e+00 1.309425e+00 -8.400536e+00 -1.540538e+01 -1.410120e+00 5.591145e+00 -5.038061e+00 -1.525472e+00 -6.107969e+00 4.768688e-01 6.615753e-01 -1.482209e-01 -6.975185e-03 -1.926182e-04 -8.836819e-02 -1.173775e-01 8.289873e-02 1.583497e-01 1.950984e-01 7.353012e-02 -2.037173e-02 1.445887e-03 1.495255e-01 2.344001e-02 -1.150804e-03
<VARIANCE> 25
 9.626461e+00 1.586547e+01 2.748003e+01 4.483073e+01 4.703455e+01 3.162694e+01 3.748133e+01 3.450444e+01 3.495500e+01 4.572239e+01 3.319143e+01 2.801457e+01 1.243692e-01 2.924386e-01 3.544569e-01 6.064880e-01 6.335596e-01 7.537026e-01 9.706835e-01 8.066498e-01 1.062890e+00 9.449968e-01 7.374644e-01 7.758176e-01 1.110973e-04
<GCONST> 7.127935e+01
<MIXTURE> 115 2.935202e-03
<MEAN> 25
 -3.744845e+00 -8.423632e-01 -2.971210e+00 3.537018e+00 2.368093e+00 -3.443922e-01 2.444314e+00 5.191307e-01 1.535418e+00 -1.286284e-01 -2.488958e-01 2.482891e+00 2.382950e-02 -6.027771e-02 -2.379927e-01 -4.948674e-01 -5.910994e-01 -6.776091e-01 -5.993944e-01 -4.545717e-01 -5.311797e-01 -4.405368e-01 -3.290227e-01 -1.471578e-01 -4.693844e-06
<VARIANCE> 25
 1.051719e+01 1.022568e+01 1.327515e+01 1.289175e+01 1.357489e+01 1.743924e+01 1.828995e+01 2.028438e+01 2.040670e+01 1.671297e+01 1.972900e+01 1.464282e+01 1.950448e-01 3.426811e-01 4.627376e-01 5.973856e-01 6.431334e-01 7.905580e-01 9.792533e-01 1.419318e+00 1.076006e+00 9.927827e-01 1.026074e+00 1.044175e+00 1.023597e-06
<GCONST> 6.065287e+01
<MIXTURE> 116 2.935202e-03
<MEAN> 25
 -3.744845e+00 -8.423632e-01 -2.971210e+00 3.537018e+00 2.368093e+00 -3.443922e-01 2.444314e+00 5.191307e-01 1.535418e+00 -1.286284e-01 -2.488958e-01 2.482891e+00 2.382950e-02 -6.027771e-02 -2.379927e-01 -4.948674e-01 -5.910994e-01 -6.776091e-01 -5.993944e-01 -4.545717e-01 -5.311797e-01 -4.405368e-01 -3.290227e-01 -1.471578e-01 -4.693844e-06
<VARIANCE> 25
 1.051719e+01 1.022568e+01 1.327515e+01 1.289175e+01 1.357489e+01 1.743924e+01 1.828995e+01 2.028438e+01 2.040670e+01 1.671297e+01 1.972900e+01 1.464282e+01 1.950448e-01 3.426811e-01 4.627376e-01 5.973856e-01 6.431334e-01 7.905580e-01 9.792533e-01 1.419318e+00 1.076006e+00 9.927827e-01 1.026074e+00 1.044175e+00 1.023597e-06
<GCONST> 6.065287e+01
<MIXTURE> 117 6.506003e-03
<MEAN> 25
 -4.644560e+00 1.117158e+00 1.053759e+00 9.758053e+00 6.259907e+00 6.256364e+00 6.462890e+00 5.044136e+00 6.386340e+00 4.927547e+00 6.366425e+00 2.709345e+00 -7.501404e-02 -2.340155e-01 -3.583287e-01 -4.198615e-01 -3.672821e-01 -3.027926e-01 -2.872634e-01 -3.315975e-01 -3.918267e-01 -3.689321e-01 -2.630375e-01 -1.159334e-01 -8.746131e-06
<VARIANCE> 25
 7.191496e+00 8.754893e+00 9.812182e+00 1.431132e+01 1.562089e+01 1.534920e+01 1.772561e+01 1.796137e+01 1.640301e+01 1.638688e+01 1.674445e+01 1.475340e+01 2.166051e-01 3.075651e-01 4.261071e-01 6.174176e-01 8.542078e-01 1.055440e+00 1.177461e+00 1.232938e+00 1.224001e+00 1.194702e+00 1.167177e+00 1.113694e+00 1.000545e-06
<GCONST> 6.043295e+01
<MIXTURE> 118 6.506003e-03
<MEAN> 25
 -4.644560e+00 1.117158e+00 1.053759e+00 9.758053e+00 6.259907e+00 6.256364e+00 6.462890e+00 5.044136e+00 6.386340e+00 4.927547e+00 6.366425e+00 2.709345e+00 -7.501404e-02 -2.340155e-01 -3.583287e-01 -4.198615e-01 -3.672821e-01 -3.027926e-01 -2.872634e-01 -3.315975e-01 -3.918267e-01 -3.689321e-01 -2.630375e-01 -1.159334e-01 -8.746131e-06
<VARIANCE> 25
 7.191496e+00 8.754893e+00 9.812182e+00 1.431132e+01 1.562089e+01 1.534920e+01 1.772561e+01 1.796137e+01 1.640301e+01 1.638688e+01 1.674445e+01 1.475340e+01 2.166051e-01 3.075651e-01 4.261071e-01 6.174176e-01 8.542078e-01 1.055440e+00 1.177461e+00 1.232938e+00 1.224001e+00 1.194702e+00 1.167177e+00 1.113694e+00 1.000545e-06
<GCONST> 6.043295e+01
<MIXTURE> 119 4.297961e-03
<MEAN> 25
 -4.461979e+00 -7.356659e+00 2.136942e+00 1.569732e+00 2.048928e+00 2.708415e-01 5.155919e+00 5.796360e+00 1.962075e+00 4.495777e-01 6.036629e+00 1.375797e+00 -5.144059e-02 -8.908249e-02 1.337468e-02 -9.189332e-02 -1.326483e-01 -1.723554e-01 -9.620275e-02 -5.230466e-02 -1.004691e-01 -1.082875e-01 -4.735850e-02 -5.483945e-02 6.641828e-04
<VARIANCE> 25
 1.038418e+01 1.045244e+01 1.559845e+01 2.177555e+01 2.243653e+01 2.209886e+01 2.399351e+01 2.644535e+01 3.144299e+01 2.927114e+01 2.282633e+01 2.017751e+01 1.505238e-01 2.770355e-01 4.665991e-01 6.507490e-01 8.065360e-01 1.017563e+00 1.133028e+00 1.292582e+00 1.276139e+00 1.274075e+00 1.172968e+00 1.053023e+00 2.274582e-04
<GCONST> 7.020185e+01
<MIXTURE> 120 4.297961e-03
<MEAN> 25
 -4.461979e+00 -7.356659e+00 2.136942e+00 1.569732e+00 2.048928e+00 2.708415e-01 5.155919e+00 5.796360e+00 1.962075e+00 4.495777e-01 6.036629e+00 1.375797e+00 -5.144059e-02 -8.908249e-02 1.337468e-02 -9.189332e-02 -1.326483e-01 -1.723554e-01 -9.620275e-02 -5.230466e-02 -1.004691e-01 -1.082875e-01 -4.735850e-02 -5.483945e-02 6.641828e-04
<VARIANCE> 25
 1.038418e+01 1.045244e+01 1.559845e+01 2.177555e+01 2.243653e+01 2.209886e+01 2.399351e+01 2.644535e+01 3.144299e+01 2.927114e+01 2.282633e+01 2.017751e+01 1.505238e-01 2.770355e-01 4.665991e-01 6.507490e-01 8.065360e-01 1.017563e+00 1.133028e+00 1.292582e+00 1.276139e+00 1.274075e+00 1.172968e+00 1.053023e+00 2.274582e-04
<GCONST> 7.020185e+01
<MIXTURE> 121 4.567511e-03
<MEAN> 25
 2.253881e-01 -2.442248e+00 4.896576e+00 -1.254676e+01 -1.180894e+01 -1.665056e+00 9.836740e-01 -4.681017e+00 -3.672938e+00 -6.051691e-01 -5.214977e+00 -4.237209e+00 2.126159e-02 1.016437e-01 -8.428415e-02 1.150051e-01 1.857055e-01 1.261739e-01 -9.874416e-02 -2.115028e-01 -2.446225e-01 -3.083087e-01 -7.963244e-02 1.112075e-02 -7.704698e-03
<VARIANCE> 25
 7.658635e+00 1.507254e+01 1.773003e+01 2.104041e+01 3.258694e+01 2.820464e+01 2.800724e+01 2.611138e+01 3.961347e+01 2.754131e+01 2.017802e+01 2.102498e+01 1.465705e-01 6.239141e-01 6.213358e-01 7.521420e-01 7.743351e-01 1.211006e+00 1.079860e+00 1.105900e+00 1.193620e+00 1.225002e+00 1.065040e+00 8.564154e-01 2.023291e-04
<GCONST> 7.182355e+01
<MIXTURE> 122 4.567511e-03
<MEAN> 25
 2.253881e-01 -2.442248e+00 4.896576e+00 -1.254676e+01 -1.180894e+01 -1.665056e+00 9.836740e-01 -4.681017e+00 -3.672938e+00 -6.051691e-01 -5.214977e+00 -4.237209e+00 2.126159e-02 1.016437e-01 -8.428415e-02 1.150051e-01 1.857055e-01 1.261739e-01 -9.874416e-02 -2.115028e-01 -2.446225e-01 -3.083087e-01 -7.963244e-02 1.112075e-02 -7.704698e-03
<VARIANCE> 25
 7.658635e+00 1.507254e+01 1.773003e+01 2.104041e+01 3.258694e+01 2.820464e+01 2.800724e+01 2.611138e+01 3.961347e+01 2.754131e+01 2.017802e+01 2.102498e+01 1.465705e-01 6.239141e-01 6.213358e-01 7.521420e-01 7.743351e-01 1.211006e+00 1.079860e+00 1.105900e+00 1.193620e+00 1.225002e+00 1.065040e+00 8.564154e-01 2.023291e-04
<GCONST> 7.182355e+01
<MIXTURE> 123 4.393044e-03
<MEAN> 25
 -2.423613e+00 9.649142e-01 6.456813e-01 5.844730e+00 4.263529e+00 3.472677e+00 2.096083e+00 9.258205e-01 -1.754562e-01 -7.657072e-02 -2.967587e-02 3.481110e-01 -3.508006e-01 -7.218413e-01 -8.275275e-01 -5.758383e-01 -1.535645e-01 1.129233e-01 3.266821e-01 4.339222e-01 9.621032e-01 7.060769e-01 7.545850e-01 4.061657e-01 -6.568278e-03
<VARIANCE> 25
 1.707015e+01 8.421849e+00 1.335277e+01 1.996167e+01 2.186714e+01 3.041225e+01 2.399749e+01 1.675974e+01 1.941585e+01 1.572161e+01 1.905041e+01 1.875787e+01 3.423635e-01 3.255515e-01 4.432563e-01 7.665310e-01 9.576346e-01 1.148428e+00 1.174851e+00 1.586555e+00 1.207878e+00 1.072137e+00 1.460292e+00 1.265573e+00 1.256197e-04
<GCONST> 6.993184e+01
<MIXTURE> 124 4.069876e-03
<MEAN> 25
 -6.527915e+00 -1.234523e+00 -2.919071e+00 5.087355e+00 4.979278e+00 3.416239e+00 5.396267e+00 2.563746e+00 3.258793e+00 1.226614e+00 1.119206e+00 3.031768e+00 -2.033009e-01 -3.178152e-01 -3.612497e-01 -2.143787e-01 1.310635e-01 5.177841e-01 8.058036e-01 8.539257e-01 6.513847e-01 3.291075e-01 6.789639e-02 -2.260602e-02 -1.231953e-06
<VARIANCE> 25
 1.130758e+01 7.015648e+00 1.110768e+01 1.253105e+01 1.215526e+01 1.990637e+01 1.550174e+01 1.699304e+01 1.585320e+01 1.641076e+01 1.911701e+01 1.440188e+01 1.046606e-01 1.716448e-01 2.693132e-01 4.225468e-01 5.901933e-01 7.040024e-01 7.494128e-01 8.254253e-01 9.041792e-01 9.770702e-01 1.007159e+00 9.893325e-01 1.831523e-05
<GCONST> 5.891158e+01
<MIXTURE> 125 4.069876e-03
<MEAN> 25
 -6.527915e+00 -1.234523e+00 -2.919071e+00 5.087355e+00 4.979278e+00 3.416239e+00 5.396267e+00 2.563746e+00 3.258793e+00 1.226614e+00 1.119206e+00 3.031768e+00 -2.033009e-01 -3.178152e-01 -3.612497e-01 -2.143787e-01 1.310635e-01 5.177841e-01 8.058036e-01 8.539257e-01 6.513847e-01 3.291075e-01 6.789639e-02 -2.260602e-02 -1.231953e-06
<VARIANCE> 25
 1.130758e+01 7.015648e+00 1.110768e+01 1.253105e+01 1.215526e+01 1.990637e+01 1.550174e+01 1.699304e+01 1.585320e+01 1.641076e+01 1.911701e+01 1.440188e+01 1.046606e-01 1.716448e-01 2.693132e-01 4.225468e-01 5.901933e-01 7.040024e-01 7.494128e-01 8.254253e-01 9.041792e-01 9.770702e-01 1.007159e+00 9.893325e-01 1.831523e-05
<GCONST> 5.891158e+01
<MIXTURE> 126 2.402244e-03
<MEAN> 25
 -2.731836e+00 -6.516973e+00 -4.082565e+00 1.797539e+00 3.616567e+00 -2.396293e+00 2.411567e-01 3.828546e+00 4.932250e+00 -3.480859e+00 -1.378000e+00 2.575859e+00 3.980101e-04 1.259211e-02 -1.017119e-01 -2.841653e-01 -3.178751e-01 -2.363597e-01 -2.878833e-01 -2.277255e-01 -2.520307e-01 -2.689298e-01 -1.461687e-01 -7.247229e-02 -3.110211e-03
<VARIANCE> 25
 8.690410e+00 1.122927e+01 1.475430e+01 1.848546e+01 2.261068e+01 2.415477e+01 2.174633e+01 2.673440e+01 3.542007e+01 2.532122e+01 1.904340e+01 1.858916e+01 1.422887e-01 3.158536e-01 4.440310e-01 5.957132e-01 7.093068e-01 1.219827e+00 1.177448e+00 1.183949e+00 1.652251e+00 1.798411e+00 1.109534e+00 1.057321e+00 1.964676e-04
<GCONST> 6.994164e+01
<MIXTURE> 127 2.402244e-03
<MEAN> 25
 -2.731836e+00 -6.516973e+00 -4.082565e+00 1.797539e+00 3.616567e+00 -2.396293e+00 2.411567e-01 3.828546e+00 4.932250e+00 -3.480859e+00 -1.378000e+00 2.575859e+00 3.980101e-04 1.259211e-02 -1.017119e-01 -2.841653e-01 -3.178751e-01 -2.363597e-01 -2.878833e-01 -2.277255e-01 -2.520307e-01 -2.689298e-01 -1.461687e-01 -7.247229e-02 -3.110211e-03
<VARIANCE> 25
 8.690410e+00 1.122927e+01 1.475430e+01 1.848546e+01 2.261068e+01 2.415477e+01 2.174633e+01 2.673440e+01 3.542007e+01 2.532122e+01 1.904340e+01 1.858916e+01 1.422887e-01 3.158536e-01 4.440310e-01 5.957132e-01 7.093068e-01 1.219827e+00 1.177448e+00 1.183949e+00 1.652251e+00 1.798411e+00 1.109534e+00 1.057321e+00 1.964676e-04
<GCONST> 6.994164e+01
<MIXTURE> 128 3.790457e-03
<MEAN> 25
 -3.570824e+00 1.284419e+00 -4.521703e-01 6.104857e+00 2.896186e+00 1.866312e+00 3.263371e+00 2.931194e+00 4.618863e+00 3.209441e+00 3.246577e+00 3.622151e+00 -4.132100e-01 -2.540367e-01 9.621982e-02 7.989466e-01 1.188963e+00 1.207617e+00 7.077319e-01 2.377419e-01 -4.093693e-01 -7.198222e-01 -6.410278e-01 -4.701630e-01 -1.844573e-04
<VARIANCE> 25
 1.096058e+01 1.162048e+01 1.403679e+01 2.084979e+01 2.497022e+01 1.989929e+01 2.345696e+01 2.731741e+01 3.089412e+01 2.445471e+01 2.771205e+01 1.754948e+01 8.324584e-01 1.126510e+00 1.275854e+00 1.524767e+00 1.507690e+00 1.900776e+00 2.079517e+00 2.382873e+00 2.004646e+00 1.766365e+00 1.667680e+00 1.704177e+00 1.295354e-06
<GCONST> 7.396505e+01
<TRANSP> 3
 0.000000e+00 1.000000e+00 0.000000e+00
 0.000000e+00 9.999990e-01 9.999998e-07
 0.000000e+00 0.000000e+00 0.000000e+00
<ENDHMM>
