~o
<STREAMINFO> 1 25
<VECSIZE> 25<NULLD><MFCC_E_D_N><DIAGC>
~h "jmodel"
<BEGINHMM>
<NUMSTATES> 3
<STATE> 2
<NUMMIXES> 128
<MIXTURE> 1 5.748963e-03
<MEAN> 25
 -2.587732e+00 3.158074e+00 2.349545e+00 8.735789e+00 4.326777e+00 3.400936e+00 4.036442e+00 3.923095e+00 5.866427e+00 5.230182e+00 5.776201e+00 3.124153e+00 -2.013804e+00 -1.613576e+00 -8.560506e-01 1.070780e+00 1.565116e+00 2.218200e+00 2.140582e+00 2.064472e+00 1.689950e+00 1.251353e+00 1.590174e+00 6.213966e-01 -4.633313e-02
<VARIANCE> 25
 1.002706e+01 1.175018e+01 1.505577e+01 1.860202e+01 2.339831e+01 2.225127e+01 2.187539e+01 2.182147e+01 2.092785e+01 2.239981e+01 2.227595e+01 1.743993e+01 1.808579e+00 2.138825e+00 3.031339e+00 3.186427e+00 3.709359e+00 3.348089e+00 3.309566e+00 3.394705e+00 3.490130e+00 3.771156e+00 3.535412e+00 2.816259e+00 3.140791e-03
<GCONST> 8.855810e+01
<MIXTURE> 2 4.549242e-03
<MEAN> 25
 -4.875671e+00 1.311720e+00 9.943511e-01 9.899809e+00 6.692275e+00 7.424650e+00 7.847087e+00 6.958091e+00 8.373269e+00 6.373019e+00 7.624402e+00 3.074697e+00 -6.200235e-02 4.161923e-02 1.425301e-01 2.258583e-01 2.652900e-01 2.813653e-01 2.954302e-01 3.195550e-01 3.497573e-01 3.089160e-01 1.971766e-01 8.006547e-02 1.228299e-06
<VARIANCE> 25
 6.952293e+00 8.901894e+00 1.065126e+01 1.591096e+01 1.723581e+01 1.556308e+01 1.689898e+01 1.848562e+01 1.658668e+01 1.738619e+01 1.811029e+01 1.434002e+01 1.252503e-01 2.266278e-01 3.364712e-01 4.671271e-01 6.492781e-01 8.148874e-01 9.298787e-01 1.003176e+00 1.051662e+00 1.077774e+00 1.075658e+00 1.013934e+00 1.000000e-06
<GCONST> 5.804302e+01
<MIXTURE> 3 4.549242e-03
<MEAN> 25
 -4.875671e+00 1.311720e+00 9.943511e-01 9.899809e+00 6.692275e+00 7.424650e+00 7.847087e+00 6.958091e+00 8.373269e+00 6.373019e+00 7.624402e+00 3.074697e+00 -6.200235e-02 4.161923e-02 1.425301e-01 2.258583e-01 2.652900e-01 2.813653e-01 2.954302e-01 3.195550e-01 3.497573e-01 3.089160e-01 1.971766e-01 8.006547e-02 1.228299e-06
<VARIANCE> 25
 6.952293e+00 8.901894e+00 1.065126e+01 1.591096e+01 1.723581e+01 1.556308e+01 1.689898e+01 1.848562e+01 1.658668e+01 1.738619e+01 1.811029e+01 1.434002e+01 1.252503e-01 2.266278e-01 3.364712e-01 4.671271e-01 6.492781e-01 8.148874e-01 9.298787e-01 1.003176e+00 1.051662e+00 1.077774e+00 1.075658e+00 1.013934e+00 1.000000e-06
<GCONST> 5.804302e+01
<MIXTURE> 4 1.671429e-02
<MEAN> 25
 3.392497e+00 2.400822e+00 -2.773015e+00 5.180500e-01 4.109552e+00 -1.889870e-01 -2.879938e-01 -2.841880e-01 1.516360e+00 1.420780e+00 -1.967723e+00 6.711756e-02 -2.745497e+00 1.136143e+00 1.716845e+00 2.979463e+00 9.502671e-01 3.350344e-01 1.607738e+00 1.022047e+00 1.006626e+00 2.771634e-01 1.071528e+00 9.408542e-01 -9.342215e-02
<VARIANCE> 25
 1.959608e+01 2.671384e+01 3.429587e+01 3.911009e+01 4.441076e+01 6.224524e+01 6.089790e+01 5.038273e+01 4.996767e+01 5.610480e+01 5.646821e+01 3.297790e+01 2.161887e+00 4.664382e+00 3.599411e+00 4.693731e+00 4.607663e+00 6.079549e+00 5.514836e+00 5.056429e+00 5.517941e+00 6.051634e+00 5.937246e+00 4.145040e+00 6.313623e-03
<GCONST> 1.042755e+02
<MIXTURE> 5 3.206198e-03
<MEAN> 25
 -3.416901e+00 2.181246e+00 6.105585e-01 9.428524e+00 6.697023e+00 6.315797e+00 7.112290e+00 4.723367e+00 5.495853e+00 3.848088e+00 4.658349e+00 2.606554e+00 -3.246491e-01 7.528749e-01 1.224807e+00 1.032638e+00 3.076174e-01 -1.001190e-01 -8.382481e-02 3.356965e-02 4.579768e-01 6.837331e-01 4.038714e-01 8.805741e-02 -2.778191e-05
<VARIANCE> 25
 1.025195e+01 1.394286e+01 2.348626e+01 2.561911e+01 2.022211e+01 1.942746e+01 2.011435e+01 2.036034e+01 2.141985e+01 2.128293e+01 2.410019e+01 1.635984e+01 1.210057e+00 1.244366e+00 1.357169e+00 1.673504e+00 2.284977e+00 2.376475e+00 2.301542e+00 2.275352e+00 2.315583e+00 2.238157e+00 2.085545e+00 1.873905e+00 1.000114e-06
<GCONST> 7.516714e+01
<MIXTURE> 6 5.475854e-03
<MEAN> 25
 9.343551e+00 -3.411570e-01 -6.397312e+00 -9.965847e+00 -1.992514e+00 6.360967e+00 -5.924411e+00 -4.360740e+00 -4.475993e+00 1.984992e+00 4.779694e+00 -9.323254e-01 4.134639e-01 8.622434e-01 -3.355479e-01 -1.534045e+00 -4.745579e-01 1.341770e+00 1.333264e+00 1.537032e-01 -9.581134e-01 -1.342470e+00 4.943526e-01 1.184958e+00 -6.663552e-03
<VARIANCE> 25
 9.189211e+00 1.534119e+01 2.213455e+01 4.326366e+01 3.672959e+01 2.941050e+01 4.346052e+01 3.991899e+01 4.219270e+01 3.735847e+01 3.956842e+01 2.627295e+01 3.415917e-01 7.733086e-01 9.936236e-01 1.877546e+00 1.698326e+00 1.952865e+00 2.008553e+00 1.956369e+00 2.946437e+00 2.050802e+00 2.231512e+00 1.575008e+00 5.555007e-04
<GCONST> 8.393289e+01
<MIXTURE> 7 5.475854e-03
<MEAN> 25
 9.343551e+00 -3.411570e-01 -6.397312e+00 -9.965847e+00 -1.992514e+00 6.360967e+00 -5.924411e+00 -4.360740e+00 -4.475993e+00 1.984992e+00 4.779694e+00 -9.323254e-01 4.134639e-01 8.622434e-01 -3.355479e-01 -1.534045e+00 -4.745579e-01 1.341770e+00 1.333264e+00 1.537032e-01 -9.581134e-01 -1.342470e+00 4.943526e-01 1.184958e+00 -6.663552e-03
<VARIANCE> 25
 9.189211e+00 1.534119e+01 2.213455e+01 4.326366e+01 3.672959e+01 2.941050e+01 4.346052e+01 3.991899e+01 4.219270e+01 3.735847e+01 3.956842e+01 2.627295e+01 3.415917e-01 7.733086e-01 9.936236e-01 1.877546e+00 1.698326e+00 1.952865e+00 2.008553e+00 1.956369e+00 2.946437e+00 2.050802e+00 2.231512e+00 1.575008e+00 5.555007e-04
<GCONST> 8.393289e+01
<MIXTURE> 8 1.165917e-02
<MEAN> 25
 -4.731016e+00 1.362050e+00 1.293692e+00 9.556951e+00 6.574501e+00 6.254377e+00 6.479595e+00 5.688786e+00 6.659076e+00 5.628119e+00 6.571437e+00 3.153975e+00 -6.307943e-01 -1.424919e+00 -1.071354e+00 -1.731235e+00 -2.303615e-01 -9.448558e-01 -1.777897e-01 -2.891715e-01 -2.531914e-01 -1.749831e-01 -2.117565e-01 8.093788e-02 9.887565e-02
<VARIANCE> 25
 9.341635e+00 9.847255e+00 1.161834e+01 1.606915e+01 1.663146e+01 1.570148e+01 1.813250e+01 1.750648e+01 1.703702e+01 1.742123e+01 1.889406e+01 1.399575e+01 2.761338e+00 2.816364e+00 3.905643e+00 3.760508e+00 3.458065e+00 3.316047e+00 3.127821e+00 3.080030e+00 2.870973e+00 2.657737e+00 2.442627e+00 1.901856e+00 6.681684e-03
<GCONST> 8.629664e+01
<MIXTURE> 9 1.199672e-02
<MEAN> 25
 8.653728e+00 2.665451e+00 -5.627688e+00 -8.468609e+00 -3.060915e+00 5.749839e+00 -1.809079e+00 -1.045376e+00 -5.486482e+00 -4.855551e-01 2.727648e-01 5.625416e-01 1.186693e+00 1.467776e-02 -1.004973e+00 -2.374589e+00 -1.653664e+00 1.020239e+00 -8.015614e-01 6.090289e-02 -7.449524e-01 -7.802119e-02 7.575202e-01 -1.237710e-02 6.274951e-02
<VARIANCE> 25
 1.173294e+01 1.901978e+01 2.734970e+01 5.245282e+01 5.383205e+01 2.689859e+01 3.646958e+01 4.515378e+01 3.437029e+01 4.223302e+01 3.279309e+01 2.315284e+01 1.917862e+00 2.093355e+00 4.590588e+00 4.234150e+00 4.620447e+00 3.299593e+00 3.639941e+00 5.366906e+00 4.660973e+00 4.050337e+00 3.400367e+00 2.437264e+00 1.987444e-03
<GCONST> 9.610623e+01
<MIXTURE> 10 6.596976e-03
<MEAN> 25
 8.208659e-01 7.612426e+00 5.372304e+00 7.120686e+00 1.596793e+00 -2.112252e+00 -5.261393e-01 -1.684049e+00 8.884047e-01 8.604290e-01 8.373796e-01 6.510988e-01 -1.922915e+00 -6.713355e-01 -4.564608e-01 3.021820e+00 2.457623e+00 2.703478e+00 2.369454e+00 2.272258e+00 1.864127e+00 1.539700e+00 2.332786e+00 5.243955e-01 -1.378967e-01
<VARIANCE> 25
 1.955276e+01 2.079560e+01 2.228214e+01 2.927614e+01 3.832029e+01 3.487014e+01 3.509675e+01 3.376657e+01 2.760682e+01 2.899244e+01 2.716289e+01 2.500624e+01 2.234675e+00 3.418501e+00 5.535368e+00 5.167914e+00 5.548528e+00 4.475765e+00 4.694006e+00 4.844594e+00 4.381329e+00 5.032449e+00 4.444085e+00 3.185606e+00 2.711113e-03
<GCONST> 9.747298e+01
<MIXTURE> 11 1.633820e-02
<MEAN> 25
 7.297923e+00 1.703910e+00 3.314296e+00 4.415195e+00 -8.819348e-01 -2.633367e+00 -3.290757e-02 -4.806958e+00 -3.867159e+00 4.926832e-01 -2.705961e+00 -1.174849e+00 -1.987486e-01 6.053277e-01 9.893777e-02 -1.744250e-01 9.043002e-01 -1.299619e-01 5.174338e-01 -6.134025e-01 3.569362e-01 -2.448888e-01 -2.448918e-01 -1.077473e-02 -1.360274e-02
<VARIANCE> 25
 7.114587e+00 2.211423e+01 1.792974e+01 2.388742e+01 4.262017e+01 3.070693e+01 3.748939e+01 3.722795e+01 4.103967e+01 3.065825e+01 2.656110e+01 2.449017e+01 9.596658e-01 1.108546e+00 1.504693e+00 1.891141e+00 2.874354e+00 2.354457e+00 1.799879e+00 3.719353e+00 2.206072e+00 1.602298e+00 1.645631e+00 1.203774e+00 7.153185e-04
<GCONST> 8.472272e+01
<MIXTURE> 12 5.904134e-03
<MEAN> 25
 1.064291e+01 3.628912e+00 -4.521070e+00 -1.565415e+01 -8.434017e+00 8.592202e+00 -8.991519e-01 -1.887720e+00 -1.834645e+00 -4.644403e+00 1.847145e+00 7.050419e-01 7.823397e-02 2.917712e-01 7.405961e-02 -3.682741e-01 -3.003097e-01 2.662970e-02 3.158616e-01 4.150324e-01 1.534822e-01 -3.877419e-01 -3.787167e-01 1.553452e-02 -5.898202e-03
<VARIANCE> 25
 9.081796e+00 2.074016e+01 2.298533e+01 3.745990e+01 4.291570e+01 3.021819e+01 4.129084e+01 4.761431e+01 4.333089e+01 3.809420e+01 3.720467e+01 2.836507e+01 2.475855e-01 6.718541e-01 7.034603e-01 1.151181e+00 1.170973e+00 1.039148e+00 1.147771e+00 1.379488e+00 1.229532e+00 1.216351e+00 1.231751e+00 9.996288e-01 5.758515e-04
<GCONST> 7.886737e+01
<MIXTURE> 13 5.904134e-03
<MEAN> 25
 1.064291e+01 3.628912e+00 -4.521070e+00 -1.565415e+01 -8.434017e+00 8.592202e+00 -8.991519e-01 -1.887720e+00 -1.834645e+00 -4.644403e+00 1.847145e+00 7.050419e-01 7.823397e-02 2.917712e-01 7.405961e-02 -3.682741e-01 -3.003097e-01 2.662970e-02 3.158616e-01 4.150324e-01 1.534822e-01 -3.877419e-01 -3.787167e-01 1.553452e-02 -5.898202e-03
<VARIANCE> 25
 9.081796e+00 2.074016e+01 2.298533e+01 3.745990e+01 4.291570e+01 3.021819e+01 4.129084e+01 4.761431e+01 4.333089e+01 3.809420e+01 3.720467e+01 2.836507e+01 2.475855e-01 6.718541e-01 7.034603e-01 1.151181e+00 1.170973e+00 1.039148e+00 1.147771e+00 1.379488e+00 1.229532e+00 1.216351e+00 1.231751e+00 9.996288e-01 5.758515e-04
<GCONST> 7.886737e+01
<MIXTURE> 14 6.488954e-03
<MEAN> 25
 -4.318926e+00 -3.847610e-01 -3.166091e-01 8.904973e+00 7.510712e+00 7.379255e+00 7.824002e+00 7.323173e+00 7.255759e+00 5.224748e+00 6.873125e+00 4.099523e+00 -2.720037e-01 1.934951e-01 3.646414e-01 3.100300e-01 4.979254e-03 6.089611e-02 9.765834e-02 1.774623e-01 2.948566e-01 5.389654e-01 5.059847e-01 7.658807e-02 -9.398137e-03
<VARIANCE> 25
 9.282898e+00 1.387397e+01 1.864672e+01 1.788122e+01 2.092157e+01 1.957165e+01 2.155666e+01 2.064003e+01 2.006967e+01 2.390244e+01 2.137362e+01 1.598005e+01 9.677057e-01 1.639543e+00 1.774543e+00 1.934598e+00 2.247979e+00 2.257226e+00 2.255378e+00 2.239830e+00 2.285284e+00 2.509543e+00 2.198565e+00 1.812000e+00 1.032946e-03
<GCONST> 8.192637e+01
<MIXTURE> 15 2.475190e-03
<MEAN> 25
 -5.424104e+00 -6.444228e-01 -2.011948e-01 7.368020e+00 5.719728e+00 5.701523e+00 6.060597e+00 4.979655e+00 5.164851e+00 4.154551e+00 5.502402e+00 2.539962e+00 -1.212346e-01 -2.916862e-02 7.500418e-02 2.436760e-01 4.894040e-01 7.865168e-01 1.072446e+00 1.182141e+00 1.059321e+00 7.561350e-01 4.197349e-01 1.534032e-01 -8.263445e-05
<VARIANCE> 25
 6.984151e+00 5.606074e+00 9.032881e+00 1.281365e+01 1.407832e+01 1.429724e+01 1.492043e+01 1.489847e+01 1.410044e+01 1.418376e+01 1.510192e+01 1.250873e+01 1.247606e-01 2.061875e-01 3.197811e-01 5.030959e-01 6.995990e-01 7.936963e-01 7.631562e-01 7.916138e-01 9.090421e-01 1.023956e+00 1.071348e+00 1.041232e+00 2.795582e-05
<GCONST> 5.858709e+01
<MIXTURE> 16 2.475190e-03
<MEAN> 25
 -5.424104e+00 -6.444228e-01 -2.011948e-01 7.368020e+00 5.719728e+00 5.701523e+00 6.060597e+00 4.979655e+00 5.164851e+00 4.154551e+00 5.502402e+00 2.539962e+00 -1.212346e-01 -2.916862e-02 7.500418e-02 2.436760e-01 4.894040e-01 7.865168e-01 1.072446e+00 1.182141e+00 1.059321e+00 7.561350e-01 4.197349e-01 1.534032e-01 -8.263445e-05
<VARIANCE> 25
 6.984151e+00 5.606074e+00 9.032881e+00 1.281365e+01 1.407832e+01 1.429724e+01 1.492043e+01 1.489847e+01 1.410044e+01 1.418376e+01 1.510192e+01 1.250873e+01 1.247606e-01 2.061875e-01 3.197811e-01 5.030959e-01 6.995990e-01 7.936963e-01 7.631562e-01 7.916138e-01 9.090421e-01 1.023956e+00 1.071348e+00 1.041232e+00 2.795582e-05
<GCONST> 5.858709e+01
<MIXTURE> 17 9.518312e-03
<MEAN> 25
 3.254582e+00 -7.227395e-01 6.852537e+00 1.638202e+00 -4.258480e+00 -3.970624e+00 -3.945368e+00 -1.571530e-01 -8.549554e-01 -3.910795e+00 3.324981e-01 -3.715470e-01 -9.589452e-01 -8.330137e-01 1.364377e+00 -1.975750e+00 -2.571939e+00 -7.670531e-02 1.997311e-01 6.624988e-01 -6.180562e-01 -1.089777e-01 1.007300e+00 6.455207e-01 7.517757e-02
<VARIANCE> 25
 1.553774e+01 2.454727e+01 3.017859e+01 3.591003e+01 5.092019e+01 5.092926e+01 3.858788e+01 2.684984e+01 3.741816e+01 2.281998e+01 2.508562e+01 2.646582e+01 1.683147e+00 2.721716e+00 4.927025e+00 2.619794e+00 3.437452e+00 5.115820e+00 4.088364e+00 4.030118e+00 3.719269e+00 3.632644e+00 2.904623e+00 2.421282e+00 1.901729e-03
<GCONST> 9.496867e+01
<MIXTURE> 18 1.221018e-02
<MEAN> 25
 4.042099e+00 4.457576e+00 6.727130e+00 4.637748e+00 -4.245302e+00 -8.085796e+00 -1.552987e+00 -1.131990e+00 -3.209999e+00 -2.463837e+00 -9.716690e-01 7.379689e-01 -7.624451e-01 2.090352e+00 -1.426334e-01 1.920367e+00 3.139289e+00 1.344522e+00 8.337024e-01 -3.326108e-01 7.154579e-01 4.919730e-01 -2.203072e-01 -3.908052e-02 -1.195011e-01
<VARIANCE> 25
 1.573855e+01 2.472239e+01 3.157590e+01 2.548105e+01 4.206640e+01 3.379788e+01 3.767563e+01 3.381010e+01 3.882146e+01 3.327855e+01 3.256269e+01 3.095000e+01 2.490402e+00 2.998185e+00 4.602747e+00 4.122981e+00 3.984951e+00 4.923490e+00 4.466809e+00 4.627307e+00 4.506154e+00 4.157766e+00 4.537589e+00 3.497111e+00 4.281003e-03
<GCONST> 9.828999e+01
<MIXTURE> 19 9.912824e-03
<MEAN> 25
 -9.549883e+00 1.354291e+00 -4.798717e-02 1.040244e+00 3.610730e+00 1.749044e+00 3.326953e+00 1.119331e+00 2.431401e+00 9.439715e-01 1.409156e+00 1.812907e+00 2.110478e+00 1.638191e+00 2.079594e+00 7.697740e-01 -1.115281e+00 -8.632026e-01 -1.131630e+00 -1.336221e+00 -1.693044e+00 -9.862250e-01 -8.984788e-01 -7.125182e-01 1.586398e-03
<VARIANCE> 25
 5.508829e+01 3.053922e+01 4.541357e+01 4.907840e+01 3.281581e+01 3.067147e+01 3.320658e+01 2.762753e+01 2.922652e+01 2.603444e+01 2.986519e+01 1.891330e+01 2.220455e+00 2.258592e+00 2.144921e+00 2.209727e+00 2.414392e+00 2.600468e+00 2.655589e+00 2.363184e+00 2.439376e+00 2.195399e+00 2.145698e+00 1.766817e+00 2.292645e-03
<GCONST> 9.156589e+01
<MIXTURE> 20 6.308331e-03
<MEAN> 25
 -1.416948e+01 7.382560e+00 8.494124e-01 6.128593e+00 4.832750e+00 1.632615e+00 5.206500e+00 8.708473e-01 9.336943e-01 7.675903e-01 2.553229e+00 -2.991084e-01 -3.282313e+00 -8.647654e-01 -1.566244e+00 3.383375e-01 1.539845e+00 2.057355e+00 1.975806e+00 2.046958e+00 2.137561e+00 2.039974e+00 1.686303e+00 9.431817e-01 4.727854e-02
<VARIANCE> 25
 1.967868e+01 2.394226e+01 3.096642e+01 3.728953e+01 3.083227e+01 2.783024e+01 2.985697e+01 3.151084e+01 2.792663e+01 2.848261e+01 2.516845e+01 2.089485e+01 2.094312e+00 2.180016e+00 1.907689e+00 2.558845e+00 2.697320e+00 2.316885e+00 2.308218e+00 2.343436e+00 2.245322e+00 2.666482e+00 2.243391e+00 1.864107e+00 1.883237e-03
<GCONST> 8.926933e+01
<MIXTURE> 21 7.928653e-03
<MEAN> 25
 3.836425e+00 -4.237636e+00 5.657691e+00 -1.341495e+00 -1.005947e+01 -8.154225e+00 -2.603184e+00 4.441312e+00 -2.149547e+00 -3.051247e+00 -2.465812e-01 3.571568e-01 -6.997854e-01 1.275973e+00 2.513130e+00 -9.408374e-03 -1.645849e+00 4.255219e-01 4.785317e-01 -1.361336e+00 -1.912289e+00 3.216147e-01 1.235146e+00 3.365543e-01 -1.157904e-02
<VARIANCE> 25
 8.632111e+00 1.838360e+01 2.941757e+01 2.672210e+01 2.996291e+01 3.373372e+01 4.043145e+01 3.924723e+01 4.005054e+01 3.046942e+01 3.596910e+01 2.147294e+01 3.995451e-01 9.225060e-01 1.889814e+00 1.225456e+00 2.173586e+00 2.194292e+00 3.579349e+00 2.566867e+00 2.140534e+00 2.390773e+00 1.991155e+00 2.293875e+00 4.698179e-04
<GCONST> 8.483551e+01
<MIXTURE> 22 8.827789e-03
<MEAN> 25
 -1.753406e+01 6.596084e+00 -5.113713e+00 5.377478e+00 3.345776e+00 1.656095e+00 8.095303e+00 9.663674e-01 6.819151e+00 1.641650e+00 4.959545e+00 1.013186e+00 -9.561397e-02 -4.714316e-01 -3.975069e-02 -3.484302e-02 6.818916e-02 1.535452e-01 2.796942e-01 2.433240e-02 3.637220e-01 7.755078e-02 2.035329e-01 1.581962e-01 -1.992692e-03
<VARIANCE> 25
 7.177986e+00 1.748089e+01 1.624335e+01 2.803962e+01 3.030087e+01 2.012724e+01 1.708195e+01 1.670667e+01 2.395442e+01 2.347774e+01 1.820582e+01 1.219766e+01 1.133965e+00 1.618378e+00 1.501191e+00 1.639509e+00 1.138928e+00 1.296412e+00 1.774358e+00 1.548710e+00 1.524068e+00 1.448319e+00 1.760530e+00 1.177692e+00 1.757336e-03
<GCONST> 7.878799e+01
<MIXTURE> 23 6.455497e-03
<MEAN> 25
 7.938361e+00 1.527411e+00 3.279440e+00 2.803431e+00 -3.669786e+00 -2.695511e+00 -2.318098e+00 -6.493060e+00 -3.368843e+00 -8.292850e-01 -3.365009e+00 -1.665142e+00 7.659985e-02 1.167605e-01 8.103892e-03 -7.761971e-03 -1.532303e-02 1.422551e-01 -1.473552e-01 1.489156e-01 2.006918e-01 -2.510869e-02 -1.486108e-01 -1.183459e-01 -3.578147e-03
<VARIANCE> 25
 9.600003e+00 1.991496e+01 2.336767e+01 3.716679e+01 4.422250e+01 4.504555e+01 6.079202e+01 4.605714e+01 4.147020e+01 3.626507e+01 4.234344e+01 3.246655e+01 1.151059e-01 2.553289e-01 3.857106e-01 4.170287e-01 5.993255e-01 8.004423e-01 8.162045e-01 1.208510e+00 1.021932e+00 9.624908e-01 7.630324e-01 7.436741e-01 7.800432e-05
<GCONST> 7.189853e+01
<MIXTURE> 24 6.455497e-03
<MEAN> 25
 7.938361e+00 1.527411e+00 3.279440e+00 2.803431e+00 -3.669786e+00 -2.695511e+00 -2.318098e+00 -6.493060e+00 -3.368843e+00 -8.292850e-01 -3.365009e+00 -1.665142e+00 7.659985e-02 1.167605e-01 8.103892e-03 -7.761971e-03 -1.532303e-02 1.422551e-01 -1.473552e-01 1.489156e-01 2.006918e-01 -2.510869e-02 -1.486108e-01 -1.183459e-01 -3.578147e-03
<VARIANCE> 25
 9.600003e+00 1.991496e+01 2.336767e+01 3.716679e+01 4.422250e+01 4.504555e+01 6.079202e+01 4.605714e+01 4.147020e+01 3.626507e+01 4.234344e+01 3.246655e+01 1.151059e-01 2.553289e-01 3.857106e-01 4.170287e-01 5.993255e-01 8.004423e-01 8.162045e-01 1.208510e+00 1.021932e+00 9.624908e-01 7.630324e-01 7.436741e-01 7.800432e-05
<GCONST> 7.189853e+01
<MIXTURE> 25 1.118642e-02
<MEAN> 25
 3.494213e-02 3.342111e+00 1.632043e+01 -8.658990e-01 -1.135670e+01 -1.280638e+00 -5.020753e+00 -3.529945e+00 -6.769217e+00 -5.339549e+00 4.467500e+00 -9.903280e-01 -4.747326e-02 4.206776e-01 -7.337476e-02 4.980524e-01 -7.509003e-02 6.400075e-02 4.323404e-01 -2.319003e-01 -6.780419e-01 9.703105e-02 8.101565e-02 -1.642132e-03 -9.575981e-03
<VARIANCE> 25
 7.875183e+00 1.899045e+01 1.875233e+01 2.510911e+01 2.688774e+01 3.650639e+01 2.410654e+01 2.732516e+01 2.524455e+01 3.140840e+01 1.849802e+01 2.635965e+01 5.710681e-01 1.279752e+00 1.563887e+00 1.873041e+00 2.413948e+00 1.744752e+00 1.778456e+00 1.495503e+00 2.280308e+00 1.407960e+00 1.271276e+00 1.247537e+00 1.163181e-03
<GCONST> 8.140204e+01
<MIXTURE> 26 7.727677e-03
<MEAN> 25
 2.179201e+00 -6.302786e+00 -1.018113e+01 -7.140339e-01 7.896817e+00 5.234893e+00 3.958658e+00 -2.710926e-01 2.282894e+00 -8.396116e-01 -2.949615e+00 -1.068936e+00 -6.480567e-01 6.251881e-01 3.362265e-01 6.835241e-01 1.582087e-01 2.635198e-01 2.783613e-01 3.148877e-01 3.273610e-01 6.005957e-02 3.764592e-01 4.226282e-01 -5.125343e-02
<VARIANCE> 25
 2.484208e+01 3.378894e+01 2.661747e+01 6.082780e+01 3.837391e+01 4.389882e+01 4.547741e+01 4.287518e+01 3.894343e+01 5.382640e+01 4.032404e+01 4.574021e+01 1.650759e+00 1.918225e+00 1.933717e+00 1.994516e+00 2.306710e+00 2.395829e+00 2.471215e+00 2.717778e+00 2.429377e+00 2.336875e+00 2.135974e+00 1.951730e+00 3.339445e-03
<GCONST> 9.382048e+01
<MIXTURE> 27 7.727677e-03
<MEAN> 25
 2.179201e+00 -6.302786e+00 -1.018113e+01 -7.140339e-01 7.896817e+00 5.234893e+00 3.958658e+00 -2.710926e-01 2.282894e+00 -8.396116e-01 -2.949615e+00 -1.068936e+00 -6.480567e-01 6.251881e-01 3.362265e-01 6.835241e-01 1.582087e-01 2.635198e-01 2.783613e-01 3.148877e-01 3.273610e-01 6.005957e-02 3.764592e-01 4.226282e-01 -5.125343e-02
<VARIANCE> 25
 2.484208e+01 3.378894e+01 2.661747e+01 6.082780e+01 3.837391e+01 4.389882e+01 4.547741e+01 4.287518e+01 3.894343e+01 5.382640e+01 4.032404e+01 4.574021e+01 1.650759e+00 1.918225e+00 1.933717e+00 1.994516e+00 2.306710e+00 2.395829e+00 2.471215e+00 2.717778e+00 2.429377e+00 2.336875e+00 2.135974e+00 1.951730e+00 3.339445e-03
<GCONST> 9.382048e+01
<MIXTURE> 28 5.036674e-03
<MEAN> 25
 -5.451237e+00 1.171060e-02 -1.569557e+00 6.616058e+00 5.232165e+00 3.517969e+00 5.416229e+00 3.129758e+00 3.923154e+00 2.394073e+00 2.637884e+00 3.219956e+00 -1.152166e-01 2.232220e-01 5.286611e-01 7.849040e-01 8.220600e-01 7.029632e-01 5.231431e-01 3.919705e-01 4.449475e-01 4.823459e-01 3.709382e-01 1.896630e-01 -1.247328e-05
<VARIANCE> 25
 1.043606e+01 8.351907e+00 1.216044e+01 1.484373e+01 1.471217e+01 1.773183e+01 1.804007e+01 1.901742e+01 1.718472e+01 1.673086e+01 2.061149e+01 1.500702e+01 2.565307e-01 3.365332e-01 4.069880e-01 4.641325e-01 6.217901e-01 8.470053e-01 1.056473e+00 1.144755e+00 1.102682e+00 1.029954e+00 1.036825e+00 1.066747e+00 9.999820e-07
<GCONST> 6.025340e+01
<MIXTURE> 29 5.036674e-03
<MEAN> 25
 -5.451237e+00 1.171060e-02 -1.569557e+00 6.616058e+00 5.232165e+00 3.517969e+00 5.416229e+00 3.129758e+00 3.923154e+00 2.394073e+00 2.637884e+00 3.219956e+00 -1.152166e-01 2.232220e-01 5.286611e-01 7.849040e-01 8.220600e-01 7.029632e-01 5.231431e-01 3.919705e-01 4.449475e-01 4.823459e-01 3.709382e-01 1.896630e-01 -1.247328e-05
<VARIANCE> 25
 1.043606e+01 8.351907e+00 1.216044e+01 1.484373e+01 1.471217e+01 1.773183e+01 1.804007e+01 1.901742e+01 1.718472e+01 1.673086e+01 2.061149e+01 1.500702e+01 2.565307e-01 3.365332e-01 4.069880e-01 4.641325e-01 6.217901e-01 8.470053e-01 1.056473e+00 1.144755e+00 1.102682e+00 1.029954e+00 1.036825e+00 1.066747e+00 9.999820e-07
<GCONST> 6.025340e+01
<MIXTURE> 30 8.917812e-03
<MEAN> 25
 -4.494856e+00 -1.955844e-01 6.549833e-01 9.089485e+00 7.776258e+00 7.510958e+00 7.584587e+00 6.881296e+00 6.534019e+00 4.897042e+00 7.013437e+00 3.502835e+00 -2.377401e-02 3.039365e-02 5.648663e-02 8.878811e-02 8.156331e-02 4.432442e-02 1.351708e-02 -3.020081e-03 1.724336e-02 5.153413e-02 6.148052e-02 3.488803e-02 -5.556997e-04
<VARIANCE> 25
 6.938110e+00 9.864533e+00 1.039685e+01 1.374210e+01 1.575179e+01 1.641825e+01 1.912591e+01 1.818077e+01 1.628381e+01 1.836780e+01 2.123915e+01 1.436375e+01 9.739164e-02 1.995653e-01 3.250103e-01 4.815429e-01 6.194437e-01 7.241967e-01 7.724708e-01 8.124726e-01 8.762312e-01 9.372468e-01 9.205505e-01 8.626050e-01 5.096844e-05
<GCONST> 6.058838e+01
<MIXTURE> 31 4.136493e-03
<MEAN> 25
 -3.295948e+00 -5.689666e+00 6.250242e-02 4.863743e+00 3.689389e+00 1.689005e+00 5.218071e+00 6.645994e+00 2.740377e+00 1.225562e+00 6.528224e+00 3.150065e+00 2.519699e-01 4.728238e-01 -2.118438e-01 3.062338e-01 1.208475e-01 4.277299e-01 1.861586e-01 1.765727e-02 3.796069e-01 3.794634e-01 1.092476e-01 1.168673e-01 -1.840914e-02
<VARIANCE> 25
 7.180022e+00 1.524163e+01 1.745345e+01 1.812324e+01 2.528909e+01 2.382157e+01 2.392608e+01 2.534870e+01 2.592443e+01 2.802048e+01 2.033881e+01 1.870325e+01 1.915824e-01 4.957021e-01 6.021539e-01 7.692462e-01 9.670640e-01 1.093573e+00 1.229600e+00 1.393189e+00 1.342757e+00 1.316647e+00 1.246619e+00 1.131170e+00 2.559428e-04
<GCONST> 7.185038e+01
<MIXTURE> 32 4.136493e-03
<MEAN> 25
 -3.295948e+00 -5.689666e+00 6.250242e-02 4.863743e+00 3.689389e+00 1.689005e+00 5.218071e+00 6.645994e+00 2.740377e+00 1.225562e+00 6.528224e+00 3.150065e+00 2.519699e-01 4.728238e-01 -2.118438e-01 3.062338e-01 1.208475e-01 4.277299e-01 1.861586e-01 1.765727e-02 3.796069e-01 3.794634e-01 1.092476e-01 1.168673e-01 -1.840914e-02
<VARIANCE> 25
 7.180022e+00 1.524163e+01 1.745345e+01 1.812324e+01 2.528909e+01 2.382157e+01 2.392608e+01 2.534870e+01 2.592443e+01 2.802048e+01 2.033881e+01 1.870325e+01 1.915824e-01 4.957021e-01 6.021539e-01 7.692462e-01 9.670640e-01 1.093573e+00 1.229600e+00 1.393189e+00 1.342757e+00 1.316647e+00 1.246619e+00 1.131170e+00 2.559428e-04
<GCONST> 7.185038e+01
<MIXTURE> 33 1.508826e-02
<MEAN> 25
 6.424027e+00 -3.947147e+00 -2.107822e+00 -2.262191e+00 -1.617994e+00 -5.173211e+00 -6.553141e+00 1.797625e+00 1.748229e+00 8.553544e-02 -4.801880e+00 -2.700258e+00 6.402681e-01 -1.041801e+00 -2.333678e+00 -1.782222e+00 1.194913e+00 1.451939e+00 -7.182710e-01 5.960280e-01 7.979429e-01 6.445290e-01 -2.498518e-01 -1.203410e+00 3.613590e-02
<VARIANCE> 25
 9.420957e+00 2.002789e+01 2.720574e+01 3.692400e+01 4.198751e+01 4.585494e+01 4.407343e+01 4.286901e+01 4.004378e+01 4.457119e+01 3.408444e+01 2.752686e+01 1.179111e+00 1.966179e+00 2.183143e+00 2.076175e+00 4.615169e+00 3.264643e+00 3.985625e+00 5.366005e+00 4.194074e+00 4.296652e+00 3.160902e+00 2.573731e+00 1.389070e-03
<GCONST> 9.407322e+01
<MIXTURE> 34 1.588179e-02
<MEAN> 25
 8.442451e+00 -1.171318e-01 3.014311e-01 1.407979e+00 -2.013008e+00 -7.284405e-01 -5.580537e+00 -4.279873e+00 -1.963979e+00 3.859258e-01 -2.352287e+00 -3.212739e+00 -1.472425e-01 1.176472e+00 1.614047e+00 1.938809e+00 7.671069e-01 -6.677606e-01 1.038215e+00 -1.698211e+00 -2.586588e-02 -1.857780e-01 -5.553632e-01 1.812533e-02 -5.814863e-02
<VARIANCE> 25
 6.758381e+00 2.642422e+01 2.479399e+01 4.970876e+01 3.845769e+01 4.175291e+01 4.879036e+01 4.887873e+01 4.198911e+01 3.543246e+01 4.107333e+01 2.634508e+01 1.150946e+00 1.636067e+00 3.482225e+00 4.091009e+00 6.236123e+00 5.494286e+00 4.537521e+00 5.746364e+00 6.166614e+00 5.071762e+00 5.169731e+00 3.411844e+00 9.664828e-04
<GCONST> 9.715408e+01
<MIXTURE> 35 1.467755e-02
<MEAN> 25
 -1.931226e+00 -5.015702e+00 -9.222359e+00 -2.217812e-01 9.364190e+00 1.047963e+00 1.060840e+00 2.486143e+00 1.743022e+00 4.252265e+00 2.582837e-01 1.611133e+00 4.967212e-01 -1.091576e+00 -1.341241e+00 -1.318043e+00 2.477811e-01 -6.981142e-01 -5.717622e-01 -1.190950e-01 -2.410472e-01 1.898474e-01 -6.519508e-01 -4.673194e-01 1.041659e-01
<VARIANCE> 25
 1.984099e+01 2.806410e+01 4.687999e+01 6.097800e+01 4.076742e+01 5.483192e+01 5.365974e+01 4.115633e+01 5.008408e+01 4.052073e+01 3.946275e+01 3.047317e+01 3.769269e+00 3.397729e+00 6.584144e+00 5.277617e+00 5.181669e+00 5.425005e+00 4.999159e+00 4.482583e+00 4.839410e+00 4.857621e+00 4.391834e+00 3.538671e+00 5.316724e-03
<GCONST> 1.035549e+02
<MIXTURE> 36 1.093293e-02
<MEAN> 25
 4.622947e+00 -4.127884e+00 4.874113e+00 5.375623e+00 -9.540906e+00 -9.753597e+00 -4.686822e+00 4.487180e+00 -3.667200e+00 -2.288927e+00 1.307622e+00 7.395213e-01 4.779386e-01 -1.167497e-01 -1.000217e+00 6.143570e-02 9.055657e-01 3.159221e-01 -5.634857e-01 -3.132302e-02 8.816105e-02 8.553194e-01 -3.229134e-01 -5.160866e-01 -1.065501e-02
<VARIANCE> 25
 7.328005e+00 1.269437e+01 1.950578e+01 2.581762e+01 2.234684e+01 2.924673e+01 3.641181e+01 2.556007e+01 3.168986e+01 2.785865e+01 2.210923e+01 2.302737e+01 4.119457e-01 6.832398e-01 1.090430e+00 8.894902e-01 1.850426e+00 1.512489e+00 2.514150e+00 1.416845e+00 1.781887e+00 1.456771e+00 1.190318e+00 1.709555e+00 6.316239e-04
<GCONST> 7.833410e+01
<MIXTURE> 37 1.246826e-02
<MEAN> 25
 5.544522e-01 7.728287e+00 1.202637e+01 -5.529276e+00 -7.992015e+00 -1.037456e+00 -5.070271e+00 -8.282628e+00 -3.688474e+00 -8.877171e-01 -3.660933e+00 -1.278858e+00 1.686818e-01 6.466197e-01 -1.340295e+00 3.577152e+00 1.977800e+00 -3.022703e-01 1.099992e+00 4.380019e-01 5.247816e-01 -3.229218e-01 5.362508e-01 -8.614212e-02 -9.436265e-02
<VARIANCE> 25
 1.588353e+01 2.610691e+01 3.087376e+01 5.092616e+01 3.427156e+01 3.185629e+01 4.378115e+01 3.515596e+01 3.854988e+01 3.585733e+01 3.839879e+01 3.076903e+01 2.979685e+00 3.396418e+00 3.045372e+00 4.076303e+00 4.610621e+00 3.753133e+00 4.190763e+00 3.790808e+00 3.445894e+00 3.600631e+00 3.854504e+00 2.798878e+00 3.951178e-03
<GCONST> 9.778807e+01
<MIXTURE> 38 1.154525e-02
<MEAN> 25
 -4.107431e+00 7.743828e+00 4.732090e+00 2.859087e+00 1.547786e+00 -4.501979e+00 -5.132930e-01 -2.424878e+00 -1.799613e+00 -2.879695e+00 -7.753580e-01 3.128685e-02 -4.467453e+00 1.274441e+00 -4.510665e-01 1.508341e+00 2.403861e+00 9.537805e-01 2.030726e+00 9.563147e-01 8.099339e-01 2.893814e-01 8.911107e-01 3.373340e-01 4.941927e-02
<VARIANCE> 25
 2.982306e+01 3.375490e+01 3.332019e+01 3.047636e+01 4.560564e+01 3.304741e+01 3.420764e+01 3.950758e+01 3.537457e+01 3.160044e+01 3.202711e+01 2.759300e+01 2.062109e+00 3.613804e+00 3.595509e+00 4.916727e+00 3.777125e+00 5.355938e+00 4.231863e+00 4.056141e+00 3.859869e+00 4.922390e+00 4.837208e+00 2.915028e+00 1.835749e-03
<GCONST> 9.813588e+01
<MIXTURE> 39 9.501865e-03
<MEAN> 25
 1.328657e+00 2.581091e+00 1.020983e+01 -9.105511e+00 -1.122118e+01 -9.780776e-01 -2.957315e+00 -6.481987e+00 -4.449531e+00 8.922116e-01 -3.766188e+00 -2.248535e+00 -7.422041e-01 1.510590e+00 1.634947e+00 -1.360911e+00 6.672041e-02 1.222608e+00 -1.166626e+00 -1.241685e+00 4.248808e-01 4.334568e-01 -4.794134e-01 1.515290e-01 1.272676e-03
<VARIANCE> 25
 8.847631e+00 2.977243e+01 3.141310e+01 3.894706e+01 3.736887e+01 4.226381e+01 4.414569e+01 3.383761e+01 3.949147e+01 3.294545e+01 3.774122e+01 2.932405e+01 7.081497e-01 1.540347e+00 1.507184e+00 2.970447e+00 2.436080e+00 2.804429e+00 3.119589e+00 2.732299e+00 2.456221e+00 2.606710e+00 2.152193e+00 2.113242e+00 1.182989e-03
<GCONST> 8.976604e+01
<MIXTURE> 40 1.030800e-02
<MEAN> 25
 -9.555507e+00 2.124133e+00 -1.211770e+00 7.924465e+00 3.578349e+00 5.437686e+00 5.253006e+00 4.039133e+00 4.880248e+00 4.009669e+00 5.787567e+00 1.742700e+00 -5.342159e-02 -2.345521e-01 -3.054482e-02 -2.281318e-01 -1.184103e-01 -1.174699e-01 8.216230e-02 5.576161e-02 2.837532e-03 -1.695316e-02 8.598280e-02 4.201270e-02 2.395752e-03
<VARIANCE> 25
 4.253519e+01 2.059212e+01 2.964974e+01 2.910400e+01 2.690130e+01 1.875679e+01 1.945755e+01 1.953355e+01 1.912020e+01 1.958132e+01 1.849511e+01 1.420848e+01 7.808629e-01 7.161039e-01 9.150995e-01 1.075843e+00 1.137470e+00 1.232247e+00 1.343160e+00 1.288677e+00 1.238900e+00 1.224045e+00 1.215331e+00 1.076419e+00 9.102226e-04
<GCONST> 7.711588e+01
<MIXTURE> 41 6.713375e-03
<MEAN> 25
 1.265883e+00 1.781850e+00 1.056347e+01 -6.833475e+00 -1.044900e+01 -3.730852e+00 -2.660146e+00 -4.960038e+00 -4.564045e+00 2.521893e+00 -1.606277e+00 -8.960664e-01 4.503761e-02 -7.147754e-01 1.699944e+00 -3.485174e+00 -2.498227e+00 -1.289961e-01 -4.817377e-01 -3.876892e-01 -8.886012e-01 1.079283e+00 -9.762474e-01 1.472207e-01 8.547208e-02
<VARIANCE> 25
 1.147204e+01 2.896929e+01 3.213036e+01 3.961403e+01 3.802155e+01 3.981046e+01 3.730559e+01 2.935704e+01 3.306000e+01 2.881295e+01 3.182224e+01 2.664446e+01 3.145496e+00 3.302764e+00 3.737828e+00 3.899477e+00 4.828496e+00 5.734564e+00 4.617735e+00 4.479013e+00 4.022702e+00 4.115736e+00 3.915674e+00 3.292729e+00 2.879886e-03
<GCONST> 9.770883e+01
<MIXTURE> 42 1.106211e-02
<MEAN> 25
 -2.156618e+00 3.361597e+00 4.294606e+00 2.721761e+00 -4.740216e-01 -6.046354e+00 -7.825219e-02 -1.346712e+00 -9.406241e-01 -1.409456e+00 -1.889469e+00 8.817341e-01 4.022629e+00 -3.499385e-01 1.443125e+00 3.133086e-01 -2.757546e+00 -1.279233e+00 -2.610254e+00 -6.337131e-01 -1.334706e+00 -4.156359e-01 5.677782e-01 -6.500255e-01 1.009430e-02
<VARIANCE> 25
 3.248619e+01 2.459388e+01 4.225728e+01 2.409202e+01 4.159714e+01 3.768143e+01 4.023311e+01 2.481632e+01 2.648075e+01 2.408004e+01 2.032572e+01 1.670488e+01 3.180751e+00 4.420768e+00 5.619964e+00 4.571400e+00 4.126204e+00 6.926729e+00 5.106992e+00 4.904189e+00 5.845348e+00 4.598969e+00 3.908428e+00 3.852497e+00 3.779589e-03
<GCONST> 9.899290e+01
<MIXTURE> 43 7.108249e-03
<MEAN> 25
 3.174059e+00 -6.265849e+00 -2.210487e+00 -5.114610e+00 -7.361716e+00 -3.393715e+00 4.085633e+00 1.410338e+00 -5.066711e+00 -7.007901e+00 -4.359756e+00 -1.226440e+00 2.403418e-01 2.150954e+00 1.905237e+00 -1.295839e-01 -1.429155e+00 -7.703803e-01 -9.658025e-01 -7.760157e-01 8.067970e-01 1.452479e+00 3.397272e-01 2.195201e-02 -4.488229e-02
<VARIANCE> 25
 9.523802e+00 1.969332e+01 2.724135e+01 3.541761e+01 3.823326e+01 3.630424e+01 3.328089e+01 4.049907e+01 3.929696e+01 3.901656e+01 2.647375e+01 2.937720e+01 6.902573e-01 1.257680e+00 1.567301e+00 2.469418e+00 2.381320e+00 2.425614e+00 2.639870e+00 3.018753e+00 2.613519e+00 2.581312e+00 2.312356e+00 1.904750e+00 9.412124e-04
<GCONST> 8.795085e+01
<MIXTURE> 44 7.328289e-03
<MEAN> 25
 -1.669995e+01 3.423814e+00 3.471587e+00 -4.162801e+00 3.969577e-01 2.384691e+00 -3.319663e-01 8.038796e-01 4.543425e+00 -1.470069e+00 3.147110e+00 1.860101e+00 -2.040362e-01 -9.950315e-02 -3.035703e-01 1.017622e-01 -4.120165e-01 -3.433517e-02 6.238925e-01 -1.117199e-01 3.985602e-01 3.451721e-01 1.346197e-01 1.053300e-01 5.544180e-03
<VARIANCE> 25
 2.995415e+01 2.283415e+01 2.727475e+01 1.843020e+01 2.663768e+01 2.164194e+01 2.415957e+01 2.411480e+01 2.628659e+01 2.155335e+01 2.168713e+01 1.498063e+01 9.588823e-01 1.168339e+00 1.561634e+00 1.129939e+00 1.628408e+00 1.486203e+00 1.563947e+00 1.445409e+00 1.300745e+00 1.609787e+00 1.317233e+00 1.229394e+00 9.371985e-04
<GCONST> 8.017175e+01
<MIXTURE> 45 1.364932e-02
<MEAN> 25
 -1.207050e+01 4.248435e+00 -2.565176e-01 1.716383e+00 6.015838e+00 -3.214689e-01 3.658526e+00 2.873335e+00 3.838729e+00 -3.159315e-01 1.743226e+00 2.249725e+00 -3.179732e+00 1.011666e+00 -1.022041e+00 -5.162867e-01 2.466032e-01 1.016545e-02 3.110990e-01 4.130407e-02 -5.390150e-03 -4.697062e-01 2.914633e-01 -4.149829e-01 1.089338e-01
<VARIANCE> 25
 2.764557e+01 3.058100e+01 3.119318e+01 2.704606e+01 2.341813e+01 2.234888e+01 2.431463e+01 2.011641e+01 1.858415e+01 2.753203e+01 2.098006e+01 1.397301e+01 1.963464e+00 2.643036e+00 3.017164e+00 2.962182e+00 2.192362e+00 2.109684e+00 2.593988e+00 1.943129e+00 1.669633e+00 2.057410e+00 3.563121e+00 1.833564e+00 2.854810e-03
<GCONST> 8.803388e+01
<MIXTURE> 46 9.336259e-03
<MEAN> 25
 -9.393998e+00 1.371224e+00 2.880964e-01 6.697807e+00 5.899775e+00 3.275903e+00 5.623554e+00 3.650372e+00 6.167083e+00 4.382703e+00 5.518254e+00 2.271090e+00 1.146877e+00 -1.240593e-01 -3.339724e-01 1.070657e+00 5.371529e-01 9.941294e-01 2.591221e-01 3.678325e-01 5.675017e-01 8.511013e-01 1.044217e+00 5.612706e-01 -9.980988e-02
<VARIANCE> 25
 3.139895e+01 4.223558e+01 3.706800e+01 4.582159e+01 4.742685e+01 3.473402e+01 4.752599e+01 3.345612e+01 3.054598e+01 2.926148e+01 2.885479e+01 2.171800e+01 3.435545e+00 3.621040e+00 4.378169e+00 3.624316e+00 3.612566e+00 3.170080e+00 3.029794e+00 3.126618e+00 2.658447e+00 3.578138e+00 3.196632e+00 1.572428e+00 6.953225e-03
<GCONST> 9.745942e+01
<MIXTURE> 47 7.116147e-03
<MEAN> 25
 7.068686e+00 -6.947656e+00 -7.379132e+00 -6.299661e+00 1.666322e+00 7.499970e-01 -2.027105e+00 1.042480e+00 2.614573e+00 7.397860e-01 -4.658833e+00 -6.240235e+00 -1.496650e-01 -1.167108e+00 -7.060016e-01 -4.661430e-01 5.487547e-01 7.917197e-01 7.627673e-01 3.390543e-01 7.047740e-02 -8.324528e-01 -4.589334e-01 -4.256257e-01 2.977724e-02
<VARIANCE> 25
 1.071289e+01 2.154638e+01 2.070668e+01 3.314978e+01 3.499555e+01 5.145393e+01 4.395994e+01 3.887651e+01 4.272186e+01 4.733891e+01 4.953902e+01 3.351563e+01 5.434257e-01 8.219273e-01 1.044401e+00 1.602397e+00 1.940551e+00 2.099169e+00 2.295484e+00 2.461144e+00 2.452227e+00 2.093089e+00 2.052989e+00 1.883635e+00 5.160046e-04
<GCONST> 8.615026e+01
<MIXTURE> 48 7.116147e-03
<MEAN> 25
 7.068686e+00 -6.947656e+00 -7.379132e+00 -6.299661e+00 1.666322e+00 7.499970e-01 -2.027105e+00 1.042480e+00 2.614573e+00 7.397860e-01 -4.658833e+00 -6.240235e+00 -1.496650e-01 -1.167108e+00 -7.060016e-01 -4.661430e-01 5.487547e-01 7.917197e-01 7.627673e-01 3.390543e-01 7.047740e-02 -8.324528e-01 -4.589334e-01 -4.256257e-01 2.977724e-02
<VARIANCE> 25
 1.071289e+01 2.154638e+01 2.070668e+01 3.314978e+01 3.499555e+01 5.145393e+01 4.395994e+01 3.887651e+01 4.272186e+01 4.733891e+01 4.953902e+01 3.351563e+01 5.434257e-01 8.219273e-01 1.044401e+00 1.602397e+00 1.940551e+00 2.099169e+00 2.295484e+00 2.461144e+00 2.452227e+00 2.093089e+00 2.052989e+00 1.883635e+00 5.160046e-04
<GCONST> 8.615026e+01
<MIXTURE> 49 5.548473e-03
<MEAN> 25
 -5.087485e+00 3.547415e-01 1.706981e-01 8.453926e+00 6.148538e+00 5.620632e+00 6.068976e+00 4.488417e+00 5.026273e+00 3.723449e+00 4.934968e+00 2.862850e+00 3.660426e-01 6.559807e-01 7.026452e-01 3.534243e-01 -1.966139e-01 -6.695331e-01 -1.009067e+00 -1.121606e+00 -9.561820e-01 -6.807481e-01 -4.928881e-01 -2.715284e-01 -2.008005e-05
<VARIANCE> 25
 9.597992e+00 1.003649e+01 1.425577e+01 1.587317e+01 1.589453e+01 1.713665e+01 1.943544e+01 1.942959e+01 1.823021e+01 1.794926e+01 2.063239e+01 1.428914e+01 2.803990e-01 2.632295e-01 3.594671e-01 6.115493e-01 8.694316e-01 9.741457e-01 9.924999e-01 1.052719e+00 1.135285e+00 1.219569e+00 1.280768e+00 1.208620e+00 1.434273e-05
<GCONST> 6.432121e+01
<MIXTURE> 50 6.234641e-03
<MEAN> 25
 -4.654593e+00 9.184992e-02 -1.459412e+00 6.193538e+00 4.211215e+00 2.271367e+00 3.701484e+00 1.975618e+00 2.790368e+00 1.402568e+00 2.142022e+00 2.830804e+00 5.662222e-02 1.760203e-01 9.286845e-02 -1.750415e-01 -5.129103e-01 -6.122931e-01 -4.267548e-01 -5.145857e-02 4.441685e-01 7.708977e-01 7.352449e-01 4.456249e-01 -1.478011e-05
<VARIANCE> 25
 1.059744e+01 1.113715e+01 1.435142e+01 1.541377e+01 1.536082e+01 1.855491e+01 1.853883e+01 1.952341e+01 1.857000e+01 1.745811e+01 2.172680e+01 1.530399e+01 1.445642e-01 2.389685e-01 3.812211e-01 5.188949e-01 5.982971e-01 7.379289e-01 9.550266e-01 1.116097e+00 1.063513e+00 9.130831e-01 9.237062e-01 9.875827e-01 9.997941e-07
<GCONST> 5.957241e+01
<MIXTURE> 51 6.234641e-03
<MEAN> 25
 -4.654593e+00 9.184992e-02 -1.459412e+00 6.193538e+00 4.211215e+00 2.271367e+00 3.701484e+00 1.975618e+00 2.790368e+00 1.402568e+00 2.142022e+00 2.830804e+00 5.662222e-02 1.760203e-01 9.286845e-02 -1.750415e-01 -5.129103e-01 -6.122931e-01 -4.267548e-01 -5.145857e-02 4.441685e-01 7.708977e-01 7.352449e-01 4.456249e-01 -1.478011e-05
<VARIANCE> 25
 1.059744e+01 1.113715e+01 1.435142e+01 1.541377e+01 1.536082e+01 1.855491e+01 1.853883e+01 1.952341e+01 1.857000e+01 1.745811e+01 2.172680e+01 1.530399e+01 1.445642e-01 2.389685e-01 3.812211e-01 5.188949e-01 5.982971e-01 7.379289e-01 9.550266e-01 1.116097e+00 1.063513e+00 9.130831e-01 9.237062e-01 9.875827e-01 9.997941e-07
<GCONST> 5.957241e+01
<MIXTURE> 52 6.367945e-03
<MEAN> 25
 9.827068e+00 2.218284e+00 -6.118992e+00 -1.307854e+01 -4.070458e+00 8.257347e+00 -2.279415e+00 -2.274675e+00 -5.153641e+00 -2.122129e+00 3.559624e+00 1.031252e+00 -3.919494e-01 -4.488756e-01 8.551972e-02 7.699656e-01 1.681126e+00 -5.522641e-01 -7.666601e-01 -8.855348e-01 1.295998e-01 1.253375e+00 5.379314e-01 -4.457134e-01 -1.291192e-02
<VARIANCE> 25
 8.516348e+00 1.801894e+01 2.213348e+01 4.203947e+01 4.262370e+01 2.703371e+01 4.398373e+01 4.577645e+01 4.034786e+01 4.030325e+01 3.576865e+01 2.651596e+01 3.994795e-01 1.286171e+00 1.381462e+00 3.188814e+00 2.812617e+00 2.009766e+00 2.800083e+00 2.906592e+00 2.873785e+00 2.363188e+00 2.632678e+00 2.114453e+00 1.351687e-03
<GCONST> 8.839359e+01
<MIXTURE> 53 6.367945e-03
<MEAN> 25
 9.827068e+00 2.218284e+00 -6.118992e+00 -1.307854e+01 -4.070458e+00 8.257347e+00 -2.279415e+00 -2.274675e+00 -5.153641e+00 -2.122129e+00 3.559624e+00 1.031252e+00 -3.919494e-01 -4.488756e-01 8.551972e-02 7.699656e-01 1.681126e+00 -5.522641e-01 -7.666601e-01 -8.855348e-01 1.295998e-01 1.253375e+00 5.379314e-01 -4.457134e-01 -1.291192e-02
<VARIANCE> 25
 8.516348e+00 1.801894e+01 2.213348e+01 4.203947e+01 4.262370e+01 2.703371e+01 4.398373e+01 4.577645e+01 4.034786e+01 4.030325e+01 3.576865e+01 2.651596e+01 3.994795e-01 1.286171e+00 1.381462e+00 3.188814e+00 2.812617e+00 2.009766e+00 2.800083e+00 2.906592e+00 2.873785e+00 2.363188e+00 2.632678e+00 2.114453e+00 1.351687e-03
<GCONST> 8.839359e+01
<MIXTURE> 54 7.368620e-03
<MEAN> 25
 -3.633801e+00 4.931954e-02 -6.831419e-01 8.036570e+00 6.484003e+00 4.625407e+00 4.675332e+00 4.601055e+00 4.053099e+00 3.593801e+00 4.457477e+00 2.326298e+00 -2.133210e-03 2.653849e-02 3.415401e-02 4.748240e-02 5.136495e-02 4.707923e-02 3.888674e-02 2.892036e-02 3.080963e-02 2.506088e-02 1.452187e-02 1.778039e-03 -1.219590e-05
<VARIANCE> 25
 9.137465e+00 1.036359e+01 9.295803e+00 1.818508e+01 1.332127e+01 1.353345e+01 1.197145e+01 1.128198e+01 1.134292e+01 1.354989e+01 1.780268e+01 1.253449e+01 4.087522e-02 8.734614e-02 1.540843e-01 2.265825e-01 3.079380e-01 3.969485e-01 4.608482e-01 5.215847e-01 5.420835e-01 5.211474e-01 5.144392e-01 5.164422e-01 1.000000e-06
<GCONST> 4.724841e+01
<MIXTURE> 55 7.368620e-03
<MEAN> 25
 -3.633801e+00 4.931954e-02 -6.831419e-01 8.036570e+00 6.484003e+00 4.625407e+00 4.675332e+00 4.601055e+00 4.053099e+00 3.593801e+00 4.457477e+00 2.326298e+00 -2.133210e-03 2.653849e-02 3.415401e-02 4.748240e-02 5.136495e-02 4.707923e-02 3.888674e-02 2.892036e-02 3.080963e-02 2.506088e-02 1.452187e-02 1.778039e-03 -1.219590e-05
<VARIANCE> 25
 9.137465e+00 1.036359e+01 9.295803e+00 1.818508e+01 1.332127e+01 1.353345e+01 1.197145e+01 1.128198e+01 1.134292e+01 1.354989e+01 1.780268e+01 1.253449e+01 4.087522e-02 8.734614e-02 1.540843e-01 2.265825e-01 3.079380e-01 3.969485e-01 4.608482e-01 5.215847e-01 5.420835e-01 5.211474e-01 5.144392e-01 5.164422e-01 1.000000e-06
<GCONST> 4.724841e+01
<MIXTURE> 56 6.132464e-03
<MEAN> 25
 7.288650e+00 -5.388593e+00 -8.521534e+00 -7.717276e+00 3.292661e+00 4.989063e+00 -9.866178e-01 -1.642001e+00 9.547970e-01 1.129362e+00 -2.109268e+00 -6.103672e+00 6.723125e-03 1.838797e-02 -1.460292e-02 7.843673e-02 3.243885e-01 -5.020428e-02 2.037847e-01 -1.779435e-01 4.827976e-02 1.083339e-02 -3.016558e-01 -4.802410e-02 -6.532867e-03
<VARIANCE> 25
 7.892751e+00 2.282123e+01 1.703824e+01 3.573402e+01 2.872272e+01 4.392313e+01 5.448560e+01 2.886060e+01 3.409719e+01 3.117617e+01 3.725447e+01 2.675899e+01 1.783852e-01 3.502207e-01 4.068845e-01 7.189640e-01 8.300977e-01 1.051040e+00 9.188102e-01 7.922220e-01 8.513451e-01 8.622783e-01 1.264022e+00 7.011934e-01 1.956271e-04
<GCONST> 7.250092e+01
<MIXTURE> 57 6.132464e-03
<MEAN> 25
 7.288650e+00 -5.388593e+00 -8.521534e+00 -7.717276e+00 3.292661e+00 4.989063e+00 -9.866178e-01 -1.642001e+00 9.547970e-01 1.129362e+00 -2.109268e+00 -6.103672e+00 6.723125e-03 1.838797e-02 -1.460292e-02 7.843673e-02 3.243885e-01 -5.020428e-02 2.037847e-01 -1.779435e-01 4.827976e-02 1.083339e-02 -3.016558e-01 -4.802410e-02 -6.532867e-03
<VARIANCE> 25
 7.892751e+00 2.282123e+01 1.703824e+01 3.573402e+01 2.872272e+01 4.392313e+01 5.448560e+01 2.886060e+01 3.409719e+01 3.117617e+01 3.725447e+01 2.675899e+01 1.783852e-01 3.502207e-01 4.068845e-01 7.189640e-01 8.300977e-01 1.051040e+00 9.188102e-01 7.922220e-01 8.513451e-01 8.622783e-01 1.264022e+00 7.011934e-01 1.956271e-04
<GCONST> 7.250092e+01
<MIXTURE> 58 6.172147e-03
<MEAN> 25
 2.641781e+00 -3.173218e+00 7.181496e+00 -4.912586e+00 -1.328200e+01 -5.686646e+00 1.542810e+00 1.023911e+00 -2.481851e+00 1.851729e+00 4.399991e-01 -7.812076e-01 -1.569737e-02 -1.461357e-01 -8.263141e-02 -1.513039e-01 -3.035658e-02 2.529959e-01 3.629714e-01 2.169264e-01 5.006545e-03 5.502342e-02 -9.158491e-02 -1.354264e-01 -2.620507e-03
<VARIANCE> 25
 7.350123e+00 1.503417e+01 2.085901e+01 3.089553e+01 2.401786e+01 4.604361e+01 3.265582e+01 3.508346e+01 3.160556e+01 3.066773e+01 2.261575e+01 2.026489e+01 3.066951e-01 8.002111e-01 7.533399e-01 9.996344e-01 9.025230e-01 1.212490e+00 1.137843e+00 1.283889e+00 1.076109e+00 1.090442e+00 9.063879e-01 8.589269e-01 7.133863e-04
<GCONST> 7.562142e+01
<MIXTURE> 59 6.172147e-03
<MEAN> 25
 2.641781e+00 -3.173218e+00 7.181496e+00 -4.912586e+00 -1.328200e+01 -5.686646e+00 1.542810e+00 1.023911e+00 -2.481851e+00 1.851729e+00 4.399991e-01 -7.812076e-01 -1.569737e-02 -1.461357e-01 -8.263141e-02 -1.513039e-01 -3.035658e-02 2.529959e-01 3.629714e-01 2.169264e-01 5.006545e-03 5.502342e-02 -9.158491e-02 -1.354264e-01 -2.620507e-03
<VARIANCE> 25
 7.350123e+00 1.503417e+01 2.085901e+01 3.089553e+01 2.401786e+01 4.604361e+01 3.265582e+01 3.508346e+01 3.160556e+01 3.066773e+01 2.261575e+01 2.026489e+01 3.066951e-01 8.002111e-01 7.533399e-01 9.996344e-01 9.025230e-01 1.212490e+00 1.137843e+00 1.283889e+00 1.076109e+00 1.090442e+00 9.063879e-01 8.589269e-01 7.133863e-04
<GCONST> 7.562142e+01
<MIXTURE> 60 4.479129e-03
<MEAN> 25
 -4.246435e+00 -6.635025e-01 -1.094810e+00 3.693470e+00 1.729278e+00 2.110761e+00 1.636670e+00 1.515429e+00 2.173338e+00 1.261585e+00 2.362137e+00 1.901136e+00 -2.755996e-02 5.654741e-02 9.963757e-02 1.296354e-01 1.290125e-01 1.287745e-01 1.769643e-01 3.241948e-01 5.447999e-01 6.619657e-01 5.520035e-01 3.045540e-01 -3.956861e-04
<VARIANCE> 25
 7.034925e+00 4.516381e+00 1.033143e+01 1.128822e+01 1.358691e+01 1.698714e+01 1.396889e+01 1.192142e+01 1.277840e+01 1.316663e+01 1.612395e+01 1.235942e+01 8.715432e-02 1.679551e-01 2.806214e-01 4.324863e-01 5.867785e-01 7.285461e-01 8.276826e-01 9.005453e-01 9.047017e-01 8.367698e-01 8.442333e-01 8.626327e-01 2.293719e-05
<GCONST> 5.638639e+01
<MIXTURE> 61 4.479129e-03
<MEAN> 25
 -4.246435e+00 -6.635025e-01 -1.094810e+00 3.693470e+00 1.729278e+00 2.110761e+00 1.636670e+00 1.515429e+00 2.173338e+00 1.261585e+00 2.362137e+00 1.901136e+00 -2.755996e-02 5.654741e-02 9.963757e-02 1.296354e-01 1.290125e-01 1.287745e-01 1.769643e-01 3.241948e-01 5.447999e-01 6.619657e-01 5.520035e-01 3.045540e-01 -3.956861e-04
<VARIANCE> 25
 7.034925e+00 4.516381e+00 1.033143e+01 1.128822e+01 1.358691e+01 1.698714e+01 1.396889e+01 1.192142e+01 1.277840e+01 1.316663e+01 1.612395e+01 1.235942e+01 8.715432e-02 1.679551e-01 2.806214e-01 4.324863e-01 5.867785e-01 7.285461e-01 8.276826e-01 9.005453e-01 9.047017e-01 8.367698e-01 8.442333e-01 8.626327e-01 2.293719e-05
<GCONST> 5.638639e+01
<MIXTURE> 62 3.278034e-03
<MEAN> 25
 -5.091026e+00 1.241214e+00 1.026271e+00 8.818723e+00 6.130915e+00 5.050725e+00 5.499556e+00 4.033865e+00 4.986128e+00 3.917933e+00 4.966511e+00 2.951131e+00 -1.003324e+00 -1.166706e+00 -9.532436e-01 -2.767730e-01 4.275916e-01 1.005176e+00 1.384688e+00 1.552256e+00 1.478758e+00 1.243487e+00 1.067137e+00 7.261052e-01 -1.264886e-03
<VARIANCE> 25
 9.873005e+00 9.958960e+00 1.311584e+01 1.673339e+01 1.741418e+01 1.752483e+01 1.970122e+01 1.911283e+01 1.886002e+01 1.872700e+01 2.156159e+01 1.479604e+01 4.017271e-01 4.320417e-01 5.541465e-01 7.793610e-01 1.035032e+00 1.192222e+00 1.252357e+00 1.279046e+00 1.329671e+00 1.363855e+00 1.400036e+00 1.371338e+00 1.632312e-05
<GCONST> 6.752585e+01
<MIXTURE> 63 4.351215e-03
<MEAN> 25
 -3.915133e+00 -2.363161e+00 -4.770637e+00 2.796520e+00 3.365960e+00 -3.770763e-01 2.680284e+00 1.329014e+00 2.590841e+00 -8.210007e-01 -1.378922e+00 2.193312e+00 -1.111963e-01 3.328278e-01 3.690811e-01 4.863650e-01 3.390738e-01 4.529115e-01 3.400437e-01 1.729264e-01 2.027665e-01 2.046085e-01 1.921521e-01 1.497330e-01 -4.086092e-03
<VARIANCE> 25
 9.883425e+00 1.416623e+01 1.625530e+01 1.576249e+01 1.755781e+01 2.605305e+01 2.261077e+01 2.408395e+01 2.481623e+01 2.095588e+01 2.127608e+01 1.814027e+01 2.716347e-01 4.325157e-01 6.789667e-01 7.110003e-01 9.728186e-01 1.210611e+00 1.274441e+00 1.403078e+00 1.523323e+00 1.392684e+00 1.334605e+00 1.197480e+00 1.805085e-04
<GCONST> 7.154623e+01
<MIXTURE> 64 4.351215e-03
<MEAN> 25
 -3.915133e+00 -2.363161e+00 -4.770637e+00 2.796520e+00 3.365960e+00 -3.770763e-01 2.680284e+00 1.329014e+00 2.590841e+00 -8.210007e-01 -1.378922e+00 2.193312e+00 -1.111963e-01 3.328278e-01 3.690811e-01 4.863650e-01 3.390738e-01 4.529115e-01 3.400437e-01 1.729264e-01 2.027665e-01 2.046085e-01 1.921521e-01 1.497330e-01 -4.086092e-03
<VARIANCE> 25
 9.883425e+00 1.416623e+01 1.625530e+01 1.576249e+01 1.755781e+01 2.605305e+01 2.261077e+01 2.408395e+01 2.481623e+01 2.095588e+01 2.127608e+01 1.814027e+01 2.716347e-01 4.325157e-01 6.789667e-01 7.110003e-01 9.728186e-01 1.210611e+00 1.274441e+00 1.403078e+00 1.523323e+00 1.392684e+00 1.334605e+00 1.197480e+00 1.805085e-04
<GCONST> 7.154623e+01
<MIXTURE> 65 1.721197e-02
<MEAN> 25
 7.488078e+00 8.967280e-01 1.698052e+00 1.359657e+00 -3.756639e+00 -2.774224e+00 -4.397274e+00 -4.917830e+00 -4.533362e+00 -7.842899e-01 -4.252913e+00 -1.213313e+00 2.232923e-01 1.412800e-01 1.115807e-02 7.393365e-02 -2.759618e-01 3.338829e-01 -1.994470e-01 -1.223536e-01 3.082723e-01 -1.694533e-01 -2.411769e-01 -2.252815e-01 -2.077695e-03
<VARIANCE> 25
 8.095103e+00 1.635777e+01 2.302534e+01 3.046574e+01 4.912269e+01 6.094423e+01 6.149523e+01 5.888845e+01 4.573980e+01 4.854334e+01 4.932389e+01 3.767027e+01 5.709451e-01 7.798064e-01 1.465196e+00 1.807045e+00 2.145702e+00 2.319021e+00 2.087975e+00 3.567883e+00 2.334814e+00 2.227363e+00 2.141439e+00 1.827410e+00 4.447987e-04
<GCONST> 8.789020e+01
<MIXTURE> 66 1.191532e-02
<MEAN> 25
 6.593678e+00 -3.850493e+00 -5.315863e+00 -4.772592e+00 2.034276e+00 -4.816232e+00 -6.097949e+00 9.313608e-01 3.813723e-01 -8.779820e-01 -6.255488e+00 -3.267907e+00 -2.918198e-03 1.518024e+00 2.205482e+00 2.324766e+00 -1.066073e+00 -1.437755e+00 1.803915e-01 -6.102536e-01 -2.116462e-01 -2.386777e-01 -6.818783e-02 1.004148e+00 -6.004051e-02
<VARIANCE> 25
 8.186603e+00 2.070077e+01 2.551800e+01 3.021837e+01 4.036903e+01 4.961796e+01 5.694257e+01 4.227090e+01 4.998737e+01 7.210866e+01 3.478207e+01 3.367934e+01 1.210452e+00 2.382667e+00 2.167391e+00 2.279515e+00 4.164949e+00 4.266786e+00 4.072957e+00 4.460859e+00 4.021866e+00 4.550589e+00 3.791625e+00 2.981532e+00 1.442595e-03
<GCONST> 9.559681e+01
<MIXTURE> 67 1.559142e-02
<MEAN> 25
 8.794966e+00 2.014280e+00 -5.483559e+00 -8.134091e+00 1.152273e+00 2.959440e+00 -3.404418e+00 -2.469779e+00 -3.652227e+00 8.917252e-01 1.320934e-01 -1.697487e+00 -1.125533e+00 1.761971e+00 1.088051e+00 3.044201e+00 1.447121e+00 -6.540034e-01 1.363507e+00 8.809120e-02 2.548848e-01 2.142376e-01 -3.825274e-01 6.277251e-01 -1.235683e-01
<VARIANCE> 25
 1.136637e+01 3.657326e+01 3.259832e+01 5.324334e+01 4.726637e+01 5.122422e+01 5.873419e+01 5.077576e+01 6.132902e+01 5.391375e+01 5.341649e+01 4.467784e+01 2.133195e+00 3.342016e+00 3.198745e+00 4.323758e+00 4.329853e+00 4.609919e+00 4.507055e+00 4.998816e+00 5.453954e+00 4.566602e+00 5.124108e+00 3.577352e+00 3.468994e-03
<GCONST> 1.022692e+02
<MIXTURE> 68 1.485092e-02
<MEAN> 25
 -1.727857e+00 -2.231578e+00 -3.774309e+00 1.008235e+00 4.945962e+00 -2.198061e-01 1.716480e+00 1.433021e+00 2.052719e+00 1.643503e+00 6.370819e-01 1.470185e+00 2.762300e+00 5.653427e-01 -4.248690e-03 -2.265323e+00 -2.379603e+00 -1.095175e+00 -2.391550e+00 -1.720655e+00 -1.798934e+00 -9.592320e-01 -1.728154e+00 -8.711877e-01 9.199455e-02
<VARIANCE> 25
 2.431806e+01 2.841673e+01 5.193261e+01 4.666813e+01 4.183917e+01 5.436528e+01 4.173572e+01 3.819427e+01 3.730611e+01 3.962392e+01 3.749743e+01 2.437883e+01 1.749632e+00 3.339902e+00 5.223481e+00 5.888011e+00 4.168826e+00 6.273625e+00 5.322148e+00 4.346243e+00 4.620367e+00 6.050735e+00 5.472714e+00 3.166147e+00 5.992412e-03
<GCONST> 1.021606e+02
<MIXTURE> 69 1.204884e-02
<MEAN> 25
 4.643017e+00 -4.136869e+00 -3.432693e+00 -3.676313e+00 -3.176780e+00 -7.584405e+00 -1.203067e+00 2.236836e+00 -2.496174e-01 -4.600443e+00 -5.522259e+00 8.984639e-01 1.594509e+00 -2.193727e+00 -1.303433e+00 -2.188788e+00 -5.818002e-01 -3.128141e-01 -4.263595e-01 6.355061e-01 -6.552850e-01 -1.421264e+00 -2.173027e+00 -1.613501e-01 6.276245e-02
<VARIANCE> 25
 8.714505e+00 2.146366e+01 2.662984e+01 2.581234e+01 4.448967e+01 3.791111e+01 4.925787e+01 3.078700e+01 4.025637e+01 3.874798e+01 3.326504e+01 2.447390e+01 3.762788e+00 2.904716e+00 3.337282e+00 3.679765e+00 5.680599e+00 5.029475e+00 7.048019e+00 5.957639e+00 5.827537e+00 5.919765e+00 4.367421e+00 3.598541e+00 2.456006e-03
<GCONST> 9.879596e+01
<MIXTURE> 70 1.329190e-02
<MEAN> 25
 6.966288e+00 -1.877170e+00 -3.427371e+00 -3.555633e+00 6.127182e-03 3.913369e-01 -7.122029e+00 -3.616419e+00 3.415627e-01 2.956327e+00 2.180503e-01 -4.030208e+00 1.878651e+00 -9.209061e-01 -7.342343e-01 -1.952638e+00 -1.537985e+00 1.275092e+00 -1.306717e+00 -2.047465e-01 -2.084317e-02 2.470216e-01 5.300639e-01 -1.232881e+00 5.413099e-02
<VARIANCE> 25
 1.038895e+01 1.948787e+01 2.585556e+01 4.371700e+01 3.339912e+01 4.552437e+01 4.753155e+01 4.000957e+01 4.512224e+01 3.190420e+01 4.786629e+01 2.838341e+01 3.475315e+00 3.077551e+00 4.313563e+00 4.711415e+00 4.755746e+00 5.676234e+00 6.307994e+00 6.608859e+00 5.960576e+00 5.361207e+00 5.526280e+00 3.885668e+00 2.524227e-03
<GCONST> 1.006081e+02
<MIXTURE> 71 1.406903e-02
<MEAN> 25
 6.452083e+00 4.210034e+00 4.327032e+00 3.126051e+00 -2.768460e+00 -2.609297e+00 -3.050540e+00 -6.056898e+00 -3.511882e+00 -2.633667e+00 -4.655237e+00 -3.145338e+00 -1.516404e+00 -4.228008e-01 -5.871738e-02 -1.753057e+00 8.669876e-01 -1.028992e-01 1.952981e-01 1.578329e+00 4.784205e-01 -4.941445e-01 5.827134e-01 2.079328e-01 3.371619e-02
<VARIANCE> 25
 1.661765e+01 2.451889e+01 2.088029e+01 3.775640e+01 4.331119e+01 3.781718e+01 3.985668e+01 3.642273e+01 3.779661e+01 3.832328e+01 3.440954e+01 3.036441e+01 1.626073e+00 2.954456e+00 6.910347e+00 4.307254e+00 5.137341e+00 4.555874e+00 4.258305e+00 4.845578e+00 4.320122e+00 4.231317e+00 3.159636e+00 2.822333e+00 1.407832e-03
<GCONST> 9.720914e+01
<MIXTURE> 72 8.134747e-03
<MEAN> 25
 3.815023e+00 -3.648841e+00 5.390912e+00 -1.951729e+00 -1.041174e+01 -9.638143e+00 -2.334107e+00 2.033778e+00 -5.200320e+00 -2.110333e+00 -1.708736e+00 7.331514e-01 9.550284e-01 -7.859434e-01 -2.524242e+00 4.536126e-01 2.147981e+00 -6.354274e-01 -1.252409e+00 1.463281e+00 1.720302e+00 -5.735397e-01 -1.264840e+00 3.881734e-01 -6.712801e-03
<VARIANCE> 25
 1.050591e+01 1.891084e+01 3.182122e+01 4.382382e+01 3.142835e+01 3.269183e+01 4.020879e+01 3.539122e+01 4.434434e+01 4.023364e+01 3.843637e+01 2.795315e+01 4.475381e-01 9.938514e-01 2.021169e+00 1.436290e+00 2.205317e+00 2.322823e+00 3.209246e+00 2.764862e+00 2.750460e+00 2.892775e+00 1.993902e+00 2.130376e+00 5.533290e-04
<GCONST> 8.723359e+01
<MIXTURE> 73 1.213625e-02
<MEAN> 25
 -5.620923e+00 -8.071721e-01 -1.289381e+00 4.864466e+00 4.233427e+00 2.330287e+00 5.483407e+00 3.442411e+00 4.373718e+00 3.400718e+00 4.247211e+00 3.001095e+00 8.065200e-01 -1.022215e+00 -9.451303e-01 -2.637546e+00 -1.266220e+00 -1.728809e+00 -9.096577e-01 -5.081484e-01 -9.290675e-01 -6.871041e-01 -1.086843e+00 -2.807719e-01 1.540727e-01
<VARIANCE> 25
 1.292607e+01 1.338889e+01 1.521157e+01 2.294054e+01 2.321829e+01 2.479735e+01 2.051833e+01 1.995883e+01 1.773177e+01 1.924276e+01 2.289073e+01 1.567079e+01 4.052812e+00 3.085468e+00 5.937527e+00 4.670681e+00 6.129180e+00 4.613652e+00 4.300247e+00 4.226295e+00 3.893709e+00 4.255829e+00 3.618595e+00 2.660521e+00 4.372424e-03
<GCONST> 9.277187e+01
<MIXTURE> 74 1.756491e-02
<MEAN> 25
 4.666664e+00 -1.430639e+00 5.053648e+00 -6.460276e-01 -8.200236e+00 -7.338256e+00 -2.361603e+00 1.391793e+00 -4.220987e+00 -2.324109e+00 -2.550304e+00 5.864378e-01 3.321793e-01 1.864533e+00 1.726397e-01 1.492154e+00 1.350333e+00 3.471907e-01 1.516052e-01 -1.508701e+00 3.211805e-01 4.125156e-02 -7.081924e-02 -6.507135e-02 -7.401299e-02
<VARIANCE> 25
 1.111769e+01 1.972368e+01 3.398872e+01 3.667389e+01 3.633795e+01 4.173612e+01 4.650605e+01 4.681992e+01 4.425502e+01 4.146391e+01 4.570287e+01 3.185227e+01 2.038432e+00 1.980109e+00 3.639324e+00 2.634066e+00 3.818064e+00 3.641492e+00 4.684512e+00 4.217448e+00 4.027396e+00 3.734252e+00 3.555223e+00 2.965684e+00 1.687742e-03
<GCONST> 9.622668e+01
<MIXTURE> 75 9.711651e-03
<MEAN> 25
 2.372784e+00 -1.501235e+00 1.036669e+01 2.398287e+00 -1.156339e+01 -8.441310e+00 -4.306096e+00 2.444198e-01 -4.371408e+00 -4.434163e+00 2.847736e+00 8.240988e-01 1.835359e+00 -1.535367e+00 1.530861e-01 4.942356e-02 -2.246738e+00 -8.937135e-01 -1.582789e+00 9.930884e-01 -6.035268e-01 -2.308334e-01 1.007718e+00 -1.766109e-01 3.734029e-02
<VARIANCE> 25
 1.021750e+01 1.601454e+01 2.921766e+01 2.721500e+01 2.387502e+01 3.360309e+01 2.823277e+01 3.055129e+01 3.100199e+01 2.770742e+01 1.893696e+01 2.174474e+01 2.279183e+00 1.943680e+00 3.796926e+00 2.738556e+00 3.557623e+00 4.656307e+00 3.939829e+00 3.114159e+00 4.650333e+00 2.995986e+00 2.757998e+00 3.346546e+00 1.347615e-03
<GCONST> 9.133831e+01
<MIXTURE> 76 1.052359e-02
<MEAN> 25
 -6.216657e+00 -1.417210e+00 -2.438078e+00 2.750251e+00 4.177830e+00 1.953969e+00 3.160952e+00 2.042533e+00 3.251298e+00 1.962876e-01 2.378014e+00 2.454236e+00 -1.084797e-01 -5.628050e-01 -2.582591e-01 -8.051144e-01 -6.254724e-01 -7.375895e-01 -4.521991e-01 -1.872005e-01 -4.768355e-01 -5.644232e-01 -2.522200e-01 -1.828885e-01 2.082400e-02
<VARIANCE> 25
 4.313385e+01 2.564910e+01 2.894935e+01 3.140167e+01 3.078791e+01 3.009212e+01 3.545851e+01 2.677259e+01 2.775122e+01 2.430457e+01 3.214899e+01 1.756642e+01 1.300869e+00 1.039489e+00 1.569186e+00 1.097062e+00 1.369987e+00 1.713649e+00 1.833177e+00 1.633741e+00 1.491220e+00 1.797076e+00 1.712001e+00 1.237697e+00 1.454553e-03
<GCONST> 8.430452e+01
<MIXTURE> 77 1.244626e-02
<MEAN> 25
 -2.898255e-01 8.360899e+00 1.218378e+01 -1.159258e+01 -6.650839e+00 1.141190e+00 -9.213450e+00 -7.177107e+00 -3.269863e+00 -1.777226e-01 -4.326356e+00 -1.591962e+00 7.357232e-02 1.515069e-01 1.323199e-01 2.587450e-01 -1.004379e-03 1.100617e-01 -8.499379e-02 -7.378303e-02 8.966406e-02 -2.563753e-02 3.337070e-02 1.258722e-01 -1.033979e-02
<VARIANCE> 25
 1.097105e+01 2.082961e+01 2.880390e+01 4.023957e+01 3.567359e+01 3.361570e+01 3.561401e+01 3.081670e+01 3.440077e+01 3.212843e+01 3.937490e+01 3.411034e+01 2.897443e-01 7.577628e-01 7.228850e-01 1.052943e+00 1.209829e+00 9.812347e-01 1.195300e+00 1.042407e+00 1.012010e+00 1.040832e+00 9.406486e-01 8.932510e-01 5.271818e-04
<GCONST> 7.766700e+01
<MIXTURE> 78 9.702551e-03
<MEAN> 25
 -1.216877e+01 1.277117e+00 -3.230560e+00 6.397809e-02 2.972621e+00 -1.372348e+00 5.935724e+00 2.204995e+00 5.088704e+00 -1.303130e+00 -8.715342e-01 1.280174e+00 2.359055e+00 -7.159398e-01 3.142955e-01 3.218000e-01 -1.098299e-01 4.165640e-01 4.341563e-03 5.557414e-02 -7.690709e-02 3.365646e-01 -9.687369e-01 -2.932976e-01 -6.144527e-02
<VARIANCE> 25
 3.349106e+01 2.283719e+01 2.265786e+01 2.480652e+01 4.511447e+01 2.361740e+01 3.540549e+01 2.182829e+01 2.823704e+01 2.546870e+01 2.708075e+01 1.796897e+01 4.509317e+00 2.115690e+00 2.436331e+00 2.720759e+00 2.021819e+00 2.693162e+00 3.313964e+00 2.424641e+00 2.355650e+00 2.889471e+00 2.834233e+00 2.071295e+00 3.473261e-03
<GCONST> 9.125567e+01
<MIXTURE> 79 1.156824e-02
<MEAN> 25
 2.220373e+00 1.588049e+00 9.063081e+00 -3.975322e+00 -1.249666e+01 -1.403138e+00 -1.853988e+00 -5.937563e+00 -7.205750e+00 -3.155663e-01 -1.624786e+00 -2.392540e+00 1.345959e+00 -6.069602e-01 -1.609973e+00 2.439322e+00 3.536853e-01 -1.528605e+00 8.639386e-01 1.053704e+00 -7.188609e-01 -2.886047e-01 2.611392e-01 2.664763e-01 -3.178282e-02
<VARIANCE> 25
 1.200804e+01 1.972110e+01 3.170255e+01 6.654819e+01 2.813279e+01 3.740668e+01 3.590242e+01 3.171934e+01 3.385810e+01 3.404965e+01 4.926698e+01 2.841932e+01 8.729246e-01 1.889841e+00 1.671350e+00 1.852857e+00 2.216805e+00 2.380888e+00 3.043989e+00 3.131894e+00 2.436457e+00 2.499576e+00 1.950254e+00 1.672090e+00 1.101967e-03
<GCONST> 8.908669e+01
<MIXTURE> 80 7.550998e-03
<MEAN> 25
 -1.432305e+01 3.576387e+00 6.848975e-01 2.701035e+00 1.887246e+00 1.310690e+00 7.057059e+00 2.274529e+00 3.392718e+00 1.843307e+00 4.209872e+00 7.249361e-01 4.170197e+00 -1.522394e-01 1.761761e+00 -8.766503e-01 -2.778557e+00 -2.824298e+00 -2.362327e+00 -1.785676e+00 -2.121408e+00 -1.434654e+00 -1.608614e+00 -5.791014e-01 -4.218240e-02
<VARIANCE> 25
 2.016195e+01 2.005703e+01 3.183620e+01 3.218176e+01 3.105978e+01 2.695534e+01 3.061356e+01 2.681247e+01 2.951577e+01 2.944050e+01 2.915447e+01 1.905425e+01 2.315674e+00 2.642606e+00 2.621406e+00 4.494800e+00 3.246489e+00 2.544802e+00 2.893782e+00 3.524631e+00 2.767587e+00 3.136943e+00 2.589247e+00 2.008913e+00 1.442679e-03
<GCONST> 9.138989e+01
<MIXTURE> 81 8.025434e-03
<MEAN> 25
 -1.118340e+00 4.066573e+00 1.017995e+01 -1.480239e+01 -9.080060e+00 -1.422026e+00 -6.766851e+00 -8.425307e+00 -4.150896e+00 -4.161117e-01 -7.573677e+00 -2.246341e+00 1.338557e-01 -5.870320e-01 -2.642893e-03 -5.562463e-01 -4.643913e-01 3.351909e-01 3.198607e-01 1.367622e-01 -1.409663e-01 1.067000e-01 -4.690568e-01 -1.249661e-01 1.151496e-02
<VARIANCE> 25
 1.015240e+01 3.280310e+01 2.645530e+01 2.928577e+01 3.371347e+01 3.052000e+01 4.544599e+01 2.825702e+01 3.799049e+01 3.189065e+01 2.532561e+01 3.104804e+01 7.723408e-01 2.277230e+00 1.546344e+00 2.872852e+00 2.663724e+00 2.125925e+00 3.280774e+00 2.287840e+00 2.356975e+00 2.538744e+00 2.299161e+00 2.078929e+00 1.183345e-03
<GCONST> 8.868834e+01
<MIXTURE> 82 8.213053e-03
<MEAN> 25
 -9.790244e+00 -3.886522e+00 2.086709e+00 -3.131911e+00 3.092530e+00 5.126960e-01 1.623839e+00 1.228075e+00 3.239532e+00 7.886780e-01 1.550323e+00 2.804064e+00 -1.442250e+00 -1.381371e-01 2.200588e-01 -2.383916e+00 -1.050646e+00 -1.128152e+00 -9.022735e-01 -8.649452e-01 -3.573920e-01 -4.203451e-01 -2.770744e-01 -2.335139e-01 1.707014e-01
<VARIANCE> 25
 1.912523e+01 2.520935e+01 3.194764e+01 2.901633e+01 3.061303e+01 3.043898e+01 3.141721e+01 3.090593e+01 2.904421e+01 3.339838e+01 3.066207e+01 1.724570e+01 3.797467e+00 2.964717e+00 3.121986e+00 3.887254e+00 3.374329e+00 3.266765e+00 3.318647e+00 2.804306e+00 2.582649e+00 2.495198e+00 2.859128e+00 1.936806e+00 3.721496e-03
<GCONST> 9.334959e+01
<MIXTURE> 83 1.167529e-02
<MEAN> 25
 -1.968523e+01 6.152425e+00 -2.144053e+00 -4.974233e-01 6.473153e+00 -1.310324e+00 4.844519e+00 2.226823e+00 2.214751e+00 1.104735e+00 1.111426e+00 2.179192e+00 -1.044316e-01 -5.835746e-01 -1.250815e-01 -3.069452e-01 -5.316858e-01 -2.112643e-01 8.423278e-02 -6.428346e-02 3.163531e-02 3.060622e-02 -6.257068e-02 -8.869769e-02 4.916151e-03
<VARIANCE> 25
 7.899816e+00 1.707167e+01 3.295998e+01 2.213622e+01 2.913391e+01 2.199202e+01 2.134692e+01 2.228451e+01 2.258031e+01 2.382649e+01 2.172388e+01 1.581042e+01 1.020079e+00 1.087105e+00 1.449018e+00 9.520732e-01 1.250601e+00 1.254738e+00 1.506351e+00 1.267660e+00 1.213756e+00 1.163768e+00 1.131987e+00 1.238291e+00 8.209362e-04
<GCONST> 7.729866e+01
<MIXTURE> 84 1.066614e-02
<MEAN> 25
 1.375758e+00 8.738564e+00 7.189967e+00 7.497325e+00 3.205041e+00 -1.284568e+00 -1.242043e+00 -4.749359e+00 -3.804530e+00 -2.697037e+00 -2.666626e+00 -1.273425e+00 -1.838297e+00 -1.198388e+00 -9.873137e-01 1.273153e+00 2.239839e+00 1.312874e+00 1.502615e+00 1.281736e+00 1.308282e+00 2.209590e-01 2.800139e-01 3.772555e-01 -6.831318e-02
<VARIANCE> 25
 2.260155e+01 1.830239e+01 2.031822e+01 2.603364e+01 2.966407e+01 2.855877e+01 2.745790e+01 2.655393e+01 2.518755e+01 2.445869e+01 2.364989e+01 2.468085e+01 2.023810e+00 2.427103e+00 4.298604e+00 3.119181e+00 3.112294e+00 3.699850e+00 3.132370e+00 3.289749e+00 3.549703e+00 3.561471e+00 3.714504e+00 2.680094e+00 3.474826e-03
<GCONST> 9.250605e+01
<MIXTURE> 85 7.591393e-03
<MEAN> 25
 -3.113253e+00 7.866378e+00 5.719473e+00 1.290030e+00 -3.500758e+00 -5.318093e+00 -2.956894e+00 -6.103777e+00 -3.529049e+00 -3.183400e+00 -4.811948e-01 -1.898639e+00 3.942145e+00 3.216709e-01 1.756503e+00 -2.082753e+00 -3.411147e+00 -2.584853e+00 -2.891283e+00 -2.334407e+00 -2.255379e+00 -1.258837e+00 -2.297932e+00 -6.104454e-01 9.219641e-03
<VARIANCE> 25
 4.240963e+01 2.367181e+01 3.642288e+01 3.815005e+01 3.972021e+01 4.119000e+01 3.240990e+01 2.797595e+01 2.667334e+01 2.607126e+01 2.619131e+01 2.053611e+01 2.699348e+00 4.322815e+00 4.052352e+00 5.206279e+00 4.404474e+00 3.888144e+00 3.859563e+00 4.002765e+00 3.859786e+00 4.044161e+00 3.944960e+00 3.491482e+00 5.434257e-03
<GCONST> 9.837706e+01
<MIXTURE> 86 1.273941e-02
<MEAN> 25
 -4.974542e+00 -1.208601e+00 -7.957107e-01 6.335608e+00 5.018142e+00 4.673659e+00 5.318378e+00 4.571915e+00 4.661113e+00 3.915923e+00 5.337851e+00 2.701017e+00 -6.747453e-03 -8.720014e-03 -3.819670e-02 -6.562229e-02 -1.177114e-01 -1.849321e-01 -2.673130e-01 -3.320388e-01 -3.533023e-01 -3.193367e-01 -2.302658e-01 -1.065390e-01 -5.502015e-04
<VARIANCE> 25
 7.888895e+00 5.633782e+00 9.980942e+00 1.230599e+01 1.587570e+01 1.433922e+01 1.353779e+01 1.305493e+01 1.319209e+01 1.424044e+01 1.433521e+01 1.277712e+01 9.991602e-02 1.929674e-01 3.185205e-01 4.834546e-01 6.362697e-01 7.346113e-01 7.434421e-01 7.641386e-01 8.305573e-01 8.844473e-01 9.115499e-01 9.032164e-01 5.341441e-05
<GCONST> 5.811463e+01
<MIXTURE> 87 1.100681e-02
<MEAN> 25
 -2.858377e+00 3.883953e+00 3.753749e+00 5.943316e+00 6.098895e+00 4.154024e-01 1.915537e+00 -1.019865e+00 1.478509e-01 -1.537233e+00 -1.169089e+00 1.840802e-01 -2.150954e+00 -2.669590e+00 -1.998274e+00 -2.039451e+00 -2.503358e-01 -3.419647e-02 4.893395e-01 1.457574e+00 1.259306e+00 8.548000e-01 1.064147e+00 7.715806e-01 9.697204e-02
<VARIANCE> 25
 3.663881e+01 3.034683e+01 2.566629e+01 3.701129e+01 2.800219e+01 3.062612e+01 2.577678e+01 2.519110e+01 2.699208e+01 2.537726e+01 2.279507e+01 2.242090e+01 3.641618e+00 2.540874e+00 3.754431e+00 3.436551e+00 4.703788e+00 4.323716e+00 3.844570e+00 3.688910e+00 3.936762e+00 3.597749e+00 3.281898e+00 2.859094e+00 4.713282e-03
<GCONST> 9.579221e+01
<MIXTURE> 88 1.256585e-02
<MEAN> 25
 -3.904264e+00 -1.609799e+00 -1.981861e+00 4.649805e+00 4.167970e+00 3.728770e+00 3.686850e+00 2.911073e+00 4.235918e+00 2.158385e+00 3.964765e+00 2.322677e+00 3.870949e-01 2.351611e-01 2.211807e-01 3.173914e-01 -4.529751e-02 3.585187e-01 -8.423144e-02 -1.620113e-01 -5.332038e-01 -2.565837e-01 -2.433005e-01 7.278915e-02 -1.167184e-02
<VARIANCE> 25
 9.363691e+00 1.067668e+01 1.464714e+01 1.633462e+01 1.831713e+01 1.869631e+01 2.056893e+01 1.671414e+01 1.791578e+01 1.599904e+01 2.425276e+01 1.341625e+01 1.721776e+00 1.469908e+00 1.964056e+00 1.992576e+00 2.682487e+00 2.419910e+00 2.529411e+00 2.245661e+00 2.704881e+00 2.393675e+00 2.475055e+00 1.748663e+00 1.595849e-03
<GCONST> 8.194189e+01
<MIXTURE> 89 9.333527e-03
<MEAN> 25
 5.340131e+00 -4.937885e+00 -3.027266e+00 -1.997834e+00 -1.088031e-01 -5.832365e+00 -3.601604e+00 4.523045e+00 2.523704e+00 -1.473230e+00 -7.188657e+00 -2.350493e+00 -6.286860e-01 1.461070e-01 1.991245e+00 6.987718e-01 -1.840663e+00 -8.811659e-01 4.605507e-01 1.472702e+00 -5.879212e-01 -9.528548e-01 3.512429e-03 1.490612e+00 -3.003231e-03
<VARIANCE> 25
 8.109652e+00 2.319163e+01 2.423213e+01 2.271609e+01 2.998386e+01 3.041058e+01 5.091579e+01 3.315012e+01 3.290446e+01 3.252986e+01 2.737628e+01 2.475998e+01 3.108320e-01 5.734137e-01 2.226385e+00 1.181095e+00 1.683555e+00 2.778435e+00 2.156093e+00 1.841827e+00 1.962642e+00 1.919498e+00 2.028735e+00 1.211778e+00 2.945502e-04
<GCONST> 8.149567e+01
<MIXTURE> 90 7.114505e-03
<MEAN> 25
 2.473570e+00 -9.548951e+00 -4.591464e+00 -3.814222e+00 -3.373149e+00 -1.833638e+00 3.248365e+00 1.444820e+00 -7.468265e+00 -9.922668e+00 -3.503191e+00 -7.150652e-01 -1.537820e-01 9.009222e-01 1.163708e+00 -8.240694e-01 -1.631613e+00 -1.539170e-01 5.968230e-01 -1.927221e-01 -1.965128e-01 7.244187e-01 1.712602e-01 -5.299586e-01 -1.122284e-02
<VARIANCE> 25
 8.312447e+00 1.850143e+01 2.033478e+01 2.835913e+01 3.595156e+01 3.139783e+01 3.814458e+01 3.823193e+01 3.452852e+01 3.026876e+01 2.659311e+01 2.552826e+01 2.278550e-01 6.022812e-01 7.684385e-01 1.051263e+00 1.458765e+00 1.683432e+00 1.833308e+00 1.631595e+00 1.796311e+00 1.642582e+00 1.463553e+00 1.293055e+00 2.117905e-04
<GCONST> 7.818070e+01
<MIXTURE> 91 7.852945e-03
<MEAN> 25
 6.282192e+00 -7.215816e+00 -7.989159e+00 -4.811432e+00 4.096648e+00 -2.480989e-01 -2.022207e+00 7.924062e-01 3.469141e-01 -1.698305e+00 -5.333766e+00 -4.939571e+00 2.642764e-01 9.483654e-01 2.571041e-01 4.879878e-01 7.686438e-02 -7.228912e-01 -2.544713e-01 -1.321543e-01 -1.608060e-01 3.746968e-01 -2.851534e-02 1.672434e-01 -3.290022e-02
<VARIANCE> 25
 9.200011e+00 2.239277e+01 2.075900e+01 4.008247e+01 3.444800e+01 5.163379e+01 4.950627e+01 3.620232e+01 4.887502e+01 6.891241e+01 3.599976e+01 3.773772e+01 4.273486e-01 8.720859e-01 1.122949e+00 1.533973e+00 2.267091e+00 2.525871e+00 2.339796e+00 2.339978e+00 2.115722e+00 2.068370e+00 1.974727e+00 1.693702e+00 5.635005e-04
<GCONST> 8.651416e+01
<MIXTURE> 92 7.852945e-03
<MEAN> 25
 6.282192e+00 -7.215816e+00 -7.989159e+00 -4.811432e+00 4.096648e+00 -2.480989e-01 -2.022207e+00 7.924062e-01 3.469141e-01 -1.698305e+00 -5.333766e+00 -4.939571e+00 2.642764e-01 9.483654e-01 2.571041e-01 4.879878e-01 7.686438e-02 -7.228912e-01 -2.544713e-01 -1.321543e-01 -1.608060e-01 3.746968e-01 -2.851534e-02 1.672434e-01 -3.290022e-02
<VARIANCE> 25
 9.200011e+00 2.239277e+01 2.075900e+01 4.008247e+01 3.444800e+01 5.163379e+01 4.950627e+01 3.620232e+01 4.887502e+01 6.891241e+01 3.599976e+01 3.773772e+01 4.273486e-01 8.720859e-01 1.122949e+00 1.533973e+00 2.267091e+00 2.525871e+00 2.339796e+00 2.339978e+00 2.115722e+00 2.068370e+00 1.974727e+00 1.693702e+00 5.635005e-04
<GCONST> 8.651416e+01
<MIXTURE> 93 6.122769e-03
<MEAN> 25
 -6.825200e+00 -9.611581e-01 -2.402460e+00 5.797887e+00 5.907817e+00 3.922497e+00 6.123184e+00 3.608476e+00 4.119916e+00 2.509179e+00 1.817846e+00 3.705248e+00 -6.161942e-02 -1.543600e-01 -2.574583e-01 -3.316118e-01 -3.338091e-01 -2.843895e-01 -2.178041e-01 -1.742802e-01 -1.665557e-01 -1.506968e-01 -1.044948e-01 -3.549755e-02 -3.898778e-06
<VARIANCE> 25
 9.098495e+00 6.027368e+00 8.185234e+00 1.136872e+01 1.149486e+01 1.598256e+01 1.527659e+01 1.644698e+01 1.475791e+01 1.454104e+01 1.678995e+01 1.345367e+01 8.272350e-02 1.533684e-01 2.637665e-01 3.806596e-01 4.977614e-01 6.423831e-01 7.793195e-01 8.872477e-01 9.169285e-01 8.760983e-01 8.923684e-01 9.178616e-01 9.999781e-07
<GCONST> 5.360420e+01
<MIXTURE> 94 6.122769e-03
<MEAN> 25
 -6.825200e+00 -9.611581e-01 -2.402460e+00 5.797887e+00 5.907817e+00 3.922497e+00 6.123184e+00 3.608476e+00 4.119916e+00 2.509179e+00 1.817846e+00 3.705248e+00 -6.161942e-02 -1.543600e-01 -2.574583e-01 -3.316118e-01 -3.338091e-01 -2.843895e-01 -2.178041e-01 -1.742802e-01 -1.665557e-01 -1.506968e-01 -1.044948e-01 -3.549755e-02 -3.898778e-06
<VARIANCE> 25
 9.098495e+00 6.027368e+00 8.185234e+00 1.136872e+01 1.149486e+01 1.598256e+01 1.527659e+01 1.644698e+01 1.475791e+01 1.454104e+01 1.678995e+01 1.345367e+01 8.272350e-02 1.533684e-01 2.637665e-01 3.806596e-01 4.977614e-01 6.423831e-01 7.793195e-01 8.872477e-01 9.169285e-01 8.760983e-01 8.923684e-01 9.178616e-01 9.999781e-07
<GCONST> 5.360420e+01
<MIXTURE> 95 5.258835e-03
<MEAN> 25
 -5.823925e+00 -7.373422e-01 -1.988766e+00 4.895293e+00 4.224383e+00 2.806526e+00 4.172261e+00 1.659827e+00 2.227790e+00 8.721638e-01 1.193884e+00 2.592822e+00 1.454970e-01 1.467044e-01 8.505031e-02 -8.340024e-02 -3.780077e-01 -7.172335e-01 -1.055747e+00 -1.280921e+00 -1.263543e+00 -9.914982e-01 -6.497995e-01 -3.075784e-01 -1.423020e-04
<VARIANCE> 25
 1.026647e+01 6.487790e+00 1.224279e+01 1.278275e+01 1.398919e+01 1.832902e+01 1.790106e+01 1.690685e+01 1.542181e+01 1.542212e+01 1.999568e+01 1.435368e+01 2.093897e-01 2.929240e-01 4.540065e-01 6.294268e-01 8.008667e-01 8.967767e-01 9.118229e-01 9.259058e-01 9.709488e-01 1.076619e+00 1.159424e+00 1.114954e+00 4.194584e-05
<GCONST> 6.326688e+01
<MIXTURE> 96 7.034694e-03
<MEAN> 25
 -5.069567e+00 -4.542463e-01 -2.257011e+00 5.153260e+00 3.848106e+00 1.783528e+00 3.534926e+00 1.780732e+00 2.476592e+00 9.468790e-01 1.120545e+00 2.804342e+00 -2.867745e-02 8.833811e-02 2.076772e-01 4.079740e-01 5.326951e-01 5.013320e-01 2.434060e-01 -1.268495e-01 -4.533275e-01 -6.525853e-01 -6.108425e-01 -3.632405e-01 -1.916478e-05
<VARIANCE> 25
 1.114994e+01 9.687016e+00 1.288024e+01 1.425234e+01 1.504186e+01 1.945881e+01 1.801502e+01 1.936388e+01 1.806754e+01 1.654503e+01 1.986666e+01 1.474284e+01 1.202164e-01 2.173567e-01 3.236768e-01 3.974445e-01 5.022990e-01 6.585471e-01 8.659210e-01 9.925151e-01 9.786979e-01 8.608707e-01 8.844764e-01 9.412647e-01 9.991176e-07
<GCONST> 5.763137e+01
<MIXTURE> 97 7.034694e-03
<MEAN> 25
 -5.069567e+00 -4.542463e-01 -2.257011e+00 5.153260e+00 3.848106e+00 1.783528e+00 3.534926e+00 1.780732e+00 2.476592e+00 9.468790e-01 1.120545e+00 2.804342e+00 -2.867745e-02 8.833811e-02 2.076772e-01 4.079740e-01 5.326951e-01 5.013320e-01 2.434060e-01 -1.268495e-01 -4.533275e-01 -6.525853e-01 -6.108425e-01 -3.632405e-01 -1.916478e-05
<VARIANCE> 25
 1.114994e+01 9.687016e+00 1.288024e+01 1.425234e+01 1.504186e+01 1.945881e+01 1.801502e+01 1.936388e+01 1.806754e+01 1.654503e+01 1.986666e+01 1.474284e+01 1.202164e-01 2.173567e-01 3.236768e-01 3.974445e-01 5.022990e-01 6.585471e-01 8.659210e-01 9.925151e-01 9.786979e-01 8.608707e-01 8.844764e-01 9.412647e-01 9.991176e-07
<GCONST> 5.763137e+01
<MIXTURE> 98 9.917808e-03
<MEAN> 25
 -1.071217e+00 4.019121e-01 1.073580e+00 2.781005e+00 3.568537e+00 1.667504e+00 1.966094e+00 1.630635e+00 3.113856e+00 3.449193e-02 3.027592e-01 6.774409e-01 -1.820018e+00 -1.229895e+00 -8.234814e-01 2.965030e-01 6.151415e-01 7.762598e-01 9.853466e-01 1.377951e+00 1.698489e+00 7.043259e-01 1.473351e+00 8.345538e-01 -3.220763e-02
<VARIANCE> 25
 1.762125e+01 1.895308e+01 2.825175e+01 3.552862e+01 3.809010e+01 3.099145e+01 3.256509e+01 2.473578e+01 2.591750e+01 2.972952e+01 3.109474e+01 2.394016e+01 1.337922e+00 1.448773e+00 2.397800e+00 2.275116e+00 2.538984e+00 2.294900e+00 2.494138e+00 2.747454e+00 2.496179e+00 3.593116e+00 2.573187e+00 2.004072e+00 2.624356e-03
<GCONST> 8.963099e+01
<MIXTURE> 99 6.696178e-03
<MEAN> 25
 -6.520189e+00 9.996093e+00 6.717603e+00 3.448082e+00 1.020545e+00 -5.292168e+00 -1.675263e+00 -4.163599e+00 -3.377817e+00 -3.754819e+00 -1.609270e+00 3.581457e-01 5.526683e-01 -7.375763e-01 3.104899e-01 -3.880387e-01 -1.140255e+00 -4.992713e-01 -3.228250e-01 -2.417840e-01 -1.007815e-01 -5.202279e-02 2.402750e-01 1.636783e-01 1.046418e-02
<VARIANCE> 25
 3.745396e+01 2.522180e+01 4.825909e+01 3.163308e+01 3.701841e+01 3.515873e+01 2.762387e+01 2.923764e+01 2.750093e+01 2.782214e+01 2.069123e+01 2.912586e+01 2.195254e+00 1.889214e+00 1.438118e+00 1.729282e+00 2.662703e+00 2.132224e+00 1.611182e+00 1.666136e+00 1.561649e+00 1.579640e+00 1.301275e+00 1.295289e+00 1.551183e-03
<GCONST> 8.704910e+01
<MIXTURE> 100 4.498084e-03
<MEAN> 25
 -1.598559e+00 6.343854e+00 1.027773e+01 -7.461459e+00 -1.078207e+01 -5.074049e+00 -4.942457e+00 -9.967017e+00 -4.717860e+00 -8.555582e-01 -2.731520e+00 -2.707229e+00 2.917003e+00 -1.259902e+00 1.299670e+00 -2.185478e+00 -3.419508e+00 -7.840858e-01 -1.218404e+00 -8.199804e-01 -1.475987e+00 3.468110e-01 -1.654813e+00 -2.855643e-01 2.026400e-03
<VARIANCE> 25
 1.362423e+01 2.105808e+01 2.245985e+01 2.642803e+01 2.301415e+01 2.372240e+01 2.910956e+01 2.171583e+01 2.747655e+01 2.264763e+01 2.241930e+01 2.134050e+01 1.802154e+00 3.954074e+00 2.919430e+00 4.286309e+00 4.183596e+00 4.536292e+00 4.015361e+00 4.339523e+00 4.167973e+00 3.895177e+00 3.912102e+00 3.226187e+00 1.674991e-03
<GCONST> 9.257008e+01
<MIXTURE> 101 6.007792e-03
<MEAN> 25
 7.706849e+00 -3.377059e+00 -5.968618e+00 -5.026725e+00 4.731448e-01 -1.832527e+00 -1.031675e+01 -1.218372e+00 -3.371421e-01 3.503560e+00 -1.630232e+00 -4.927951e+00 7.272441e-01 7.336475e-01 -1.353206e+00 -1.746757e+00 1.122948e+00 2.449636e+00 5.668656e-02 -1.458017e+00 -1.175450e+00 1.091415e+00 1.342635e+00 -4.040574e-01 -7.232185e-03
<VARIANCE> 25
 8.884231e+00 1.535301e+01 2.692531e+01 5.921570e+01 3.285472e+01 3.679531e+01 3.319067e+01 3.673358e+01 5.638467e+01 4.399176e+01 4.953292e+01 2.120728e+01 3.382066e-01 6.260531e-01 1.228619e+00 1.572717e+00 1.574850e+00 1.996600e+00 1.995185e+00 1.726521e+00 2.341883e+00 2.330503e+00 1.571679e+00 2.011114e+00 3.512744e-04
<GCONST> 8.359602e+01
<MIXTURE> 102 6.007792e-03
<MEAN> 25
 7.706849e+00 -3.377059e+00 -5.968618e+00 -5.026725e+00 4.731448e-01 -1.832527e+00 -1.031675e+01 -1.218372e+00 -3.371421e-01 3.503560e+00 -1.630232e+00 -4.927951e+00 7.272441e-01 7.336475e-01 -1.353206e+00 -1.746757e+00 1.122948e+00 2.449636e+00 5.668656e-02 -1.458017e+00 -1.175450e+00 1.091415e+00 1.342635e+00 -4.040574e-01 -7.232185e-03
<VARIANCE> 25
 8.884231e+00 1.535301e+01 2.692531e+01 5.921570e+01 3.285472e+01 3.679531e+01 3.319067e+01 3.673358e+01 5.638467e+01 4.399176e+01 4.953292e+01 2.120728e+01 3.382066e-01 6.260531e-01 1.228619e+00 1.572717e+00 1.574850e+00 1.996600e+00 1.995185e+00 1.726521e+00 2.341883e+00 2.330503e+00 1.571679e+00 2.011114e+00 3.512744e-04
<GCONST> 8.359602e+01
<MIXTURE> 103 5.694618e-03
<MEAN> 25
 3.372985e+00 -9.435757e+00 -6.103887e+00 -3.065077e+00 -1.322149e+00 -1.979582e+00 2.427581e+00 2.527388e+00 -4.592233e+00 -9.190434e+00 -5.065057e+00 3.553977e-01 -1.600497e-01 -1.479267e+00 -9.803647e-01 3.721701e-01 1.198765e+00 1.023858e+00 1.555678e-01 -2.620907e-01 -7.739091e-01 -9.405934e-01 -3.416596e-02 1.232267e-01 2.687650e-02
<VARIANCE> 25
 1.036415e+01 2.058527e+01 2.295158e+01 3.166948e+01 4.808067e+01 3.502777e+01 4.626933e+01 3.658297e+01 4.204954e+01 2.997303e+01 2.999138e+01 2.633056e+01 6.439052e-01 1.262769e+00 1.535574e+00 1.938112e+00 2.963308e+00 2.403725e+00 2.878900e+00 2.578238e+00 2.581079e+00 2.527933e+00 2.096030e+00 2.008542e+00 8.041851e-04
<GCONST> 8.761140e+01
<MIXTURE> 104 5.694618e-03
<MEAN> 25
 3.372985e+00 -9.435757e+00 -6.103887e+00 -3.065077e+00 -1.322149e+00 -1.979582e+00 2.427581e+00 2.527388e+00 -4.592233e+00 -9.190434e+00 -5.065057e+00 3.553977e-01 -1.600497e-01 -1.479267e+00 -9.803647e-01 3.721701e-01 1.198765e+00 1.023858e+00 1.555678e-01 -2.620907e-01 -7.739091e-01 -9.405934e-01 -3.416596e-02 1.232267e-01 2.687650e-02
<VARIANCE> 25
 1.036415e+01 2.058527e+01 2.295158e+01 3.166948e+01 4.808067e+01 3.502777e+01 4.626933e+01 3.658297e+01 4.204954e+01 2.997303e+01 2.999138e+01 2.633056e+01 6.439052e-01 1.262769e+00 1.535574e+00 1.938112e+00 2.963308e+00 2.403725e+00 2.878900e+00 2.578238e+00 2.581079e+00 2.527933e+00 2.096030e+00 2.008542e+00 8.041851e-04
<GCONST> 8.761140e+01
<MIXTURE> 105 4.710235e-03
<MEAN> 25
 2.252961e+00 -1.492739e+00 9.170591e+00 -2.668418e+00 -1.151363e+01 -4.997015e+00 -4.170460e+00 -7.691122e-01 -3.824778e+00 -3.164451e+00 1.532428e+00 -1.136578e+00 1.262508e-02 2.916050e-02 5.062095e-02 -4.332345e-02 8.166660e-03 5.127759e-02 -1.445001e-02 4.987171e-02 -3.602296e-02 3.336546e-02 2.547777e-02 -2.993714e-02 -2.231366e-03
<VARIANCE> 25
 1.329319e+01 2.842399e+01 4.119175e+01 4.529008e+01 3.871075e+01 5.412982e+01 4.109442e+01 4.319595e+01 3.948057e+01 4.174904e+01 4.180821e+01 3.071338e+01 8.451493e-02 1.869398e-01 3.537492e-01 2.924474e-01 3.719286e-01 4.304747e-01 4.707807e-01 4.954410e-01 4.958250e-01 4.460402e-01 4.234574e-01 3.985428e-01 9.028275e-05
<GCONST> 6.680244e+01
<MIXTURE> 106 4.710235e-03
<MEAN> 25
 2.252961e+00 -1.492739e+00 9.170591e+00 -2.668418e+00 -1.151363e+01 -4.997015e+00 -4.170460e+00 -7.691122e-01 -3.824778e+00 -3.164451e+00 1.532428e+00 -1.136578e+00 1.262508e-02 2.916050e-02 5.062095e-02 -4.332345e-02 8.166660e-03 5.127759e-02 -1.445001e-02 4.987171e-02 -3.602296e-02 3.336546e-02 2.547777e-02 -2.993714e-02 -2.231366e-03
<VARIANCE> 25
 1.329319e+01 2.842399e+01 4.119175e+01 4.529008e+01 3.871075e+01 5.412982e+01 4.109442e+01 4.319595e+01 3.948057e+01 4.174904e+01 4.180821e+01 3.071338e+01 8.451493e-02 1.869398e-01 3.537492e-01 2.924474e-01 3.719286e-01 4.304747e-01 4.707807e-01 4.954410e-01 4.958250e-01 4.460402e-01 4.234574e-01 3.985428e-01 9.028275e-05
<GCONST> 6.680244e+01
<MIXTURE> 107 5.452374e-03
<MEAN> 25
 8.309086e+00 -2.090751e+00 -7.067466e+00 -8.700822e+00 1.702475e+00 3.145038e+00 -8.749726e+00 -4.489542e+00 -1.432114e+00 3.368628e+00 1.212288e+00 -4.362076e+00 -5.803223e-01 -6.307729e-01 9.835449e-01 1.530721e+00 3.573174e-01 -1.999947e+00 -6.746304e-01 6.424719e-01 1.974971e+00 -2.139127e-02 -1.665682e+00 -8.892693e-01 -6.156984e-03
<VARIANCE> 25
 8.457006e+00 1.839258e+01 2.954925e+01 4.455441e+01 3.596014e+01 3.641023e+01 4.659055e+01 3.144593e+01 4.135509e+01 3.665621e+01 4.547183e+01 2.897377e+01 3.390765e-01 9.338003e-01 1.456245e+00 2.489665e+00 2.183161e+00 2.566849e+00 2.585325e+00 2.780176e+00 2.382720e+00 2.754018e+00 1.782464e+00 1.997753e+00 7.661495e-04
<GCONST> 8.696185e+01
<MIXTURE> 108 5.452374e-03
<MEAN> 25
 8.309086e+00 -2.090751e+00 -7.067466e+00 -8.700822e+00 1.702475e+00 3.145038e+00 -8.749726e+00 -4.489542e+00 -1.432114e+00 3.368628e+00 1.212288e+00 -4.362076e+00 -5.803223e-01 -6.307729e-01 9.835449e-01 1.530721e+00 3.573174e-01 -1.999947e+00 -6.746304e-01 6.424719e-01 1.974971e+00 -2.139127e-02 -1.665682e+00 -8.892693e-01 -6.156984e-03
<VARIANCE> 25
 8.457006e+00 1.839258e+01 2.954925e+01 4.455441e+01 3.596014e+01 3.641023e+01 4.659055e+01 3.144593e+01 4.135509e+01 3.665621e+01 4.547183e+01 2.897377e+01 3.390765e-01 9.338003e-01 1.456245e+00 2.489665e+00 2.183161e+00 2.566849e+00 2.585325e+00 2.780176e+00 2.382720e+00 2.754018e+00 1.782464e+00 1.997753e+00 7.661495e-04
<GCONST> 8.696185e+01
<MIXTURE> 109 6.661064e-03
<MEAN> 25
 4.115577e+00 -1.037305e+01 -8.097968e+00 -1.201619e+00 2.584997e+00 -1.221460e-01 -1.292371e-01 1.503350e+00 -2.513227e+00 -7.938519e+00 -5.400854e+00 -1.974266e-03 -3.019940e-02 -1.219786e-01 -3.034056e-02 2.316262e-01 2.110228e-01 1.225290e-01 -1.101428e-01 -9.803243e-02 -4.712232e-02 -1.192562e-01 1.860397e-01 7.285613e-03 -3.589716e-03
<VARIANCE> 25
 8.945078e+00 1.898444e+01 2.073387e+01 3.179151e+01 4.103764e+01 3.637145e+01 4.551720e+01 3.392098e+01 4.528300e+01 3.936358e+01 2.911096e+01 2.749142e+01 1.917763e-01 4.273449e-01 5.323824e-01 6.390177e-01 1.322735e+00 1.018132e+00 1.286188e+00 1.110374e+00 1.107998e+00 9.506603e-01 9.054416e-01 8.798721e-01 1.805963e-04
<GCONST> 7.467342e+01
<MIXTURE> 110 6.661064e-03
<MEAN> 25
 4.115577e+00 -1.037305e+01 -8.097968e+00 -1.201619e+00 2.584997e+00 -1.221460e-01 -1.292371e-01 1.503350e+00 -2.513227e+00 -7.938519e+00 -5.400854e+00 -1.974266e-03 -3.019940e-02 -1.219786e-01 -3.034056e-02 2.316262e-01 2.110228e-01 1.225290e-01 -1.101428e-01 -9.803243e-02 -4.712232e-02 -1.192562e-01 1.860397e-01 7.285613e-03 -3.589716e-03
<VARIANCE> 25
 8.945078e+00 1.898444e+01 2.073387e+01 3.179151e+01 4.103764e+01 3.637145e+01 4.551720e+01 3.392098e+01 4.528300e+01 3.936358e+01 2.911096e+01 2.749142e+01 1.917763e-01 4.273449e-01 5.323824e-01 6.390177e-01 1.322735e+00 1.018132e+00 1.286188e+00 1.110374e+00 1.107998e+00 9.506603e-01 9.054416e-01 8.798721e-01 1.805963e-04
<GCONST> 7.467342e+01
<MIXTURE> 111 4.337247e-03
<MEAN> 25
 -4.336864e+00 -8.887621e-01 -1.783594e+00 1.703098e+00 9.665494e-01 9.241864e-01 3.383681e-01 1.206383e-01 2.335889e-01 -5.246429e-01 -7.518319e-01 1.861009e+00 -1.383850e-02 -3.029799e-02 -7.714403e-02 -7.592030e-02 -3.491355e-02 1.123030e-03 -9.813000e-03 -3.763693e-02 -1.350792e-01 -2.025519e-01 -2.071413e-01 -8.972462e-02 -2.475026e-04
<VARIANCE> 25
 7.805902e+00 4.922024e+00 1.055943e+01 9.266999e+00 1.322794e+01 2.352621e+01 1.443384e+01 1.334085e+01 1.246602e+01 1.170302e+01 1.415580e+01 1.203754e+01 8.094728e-02 1.608091e-01 2.792051e-01 4.223848e-01 5.704270e-01 7.079971e-01 7.907337e-01 8.864697e-01 9.047103e-01 8.450201e-01 8.614075e-01 8.608958e-01 2.210004e-05
<GCONST> 5.627230e+01
<MIXTURE> 112 4.337247e-03
<MEAN> 25
 -4.336864e+00 -8.887621e-01 -1.783594e+00 1.703098e+00 9.665494e-01 9.241864e-01 3.383681e-01 1.206383e-01 2.335889e-01 -5.246429e-01 -7.518319e-01 1.861009e+00 -1.383850e-02 -3.029799e-02 -7.714403e-02 -7.592030e-02 -3.491355e-02 1.123030e-03 -9.813000e-03 -3.763693e-02 -1.350792e-01 -2.025519e-01 -2.071413e-01 -8.972462e-02 -2.475026e-04
<VARIANCE> 25
 7.805902e+00 4.922024e+00 1.055943e+01 9.266999e+00 1.322794e+01 2.352621e+01 1.443384e+01 1.334085e+01 1.246602e+01 1.170302e+01 1.415580e+01 1.203754e+01 8.094728e-02 1.608091e-01 2.792051e-01 4.223848e-01 5.704270e-01 7.079971e-01 7.907337e-01 8.864697e-01 9.047103e-01 8.450201e-01 8.614075e-01 8.608958e-01 2.210004e-05
<GCONST> 5.627230e+01
<MIXTURE> 113 5.938666e-03
<MEAN> 25
 9.455217e+00 1.477902e+00 -8.269162e+00 -1.516911e+01 -7.807732e-01 5.907157e+00 -4.901323e+00 -1.265628e+00 -5.858358e+00 -6.284457e-02 1.157804e+00 -2.289716e-01 3.091066e-02 3.926414e-03 -7.030472e-02 -1.672835e-01 1.631558e-01 2.527628e-01 1.101825e-01 -1.234508e-01 1.447461e-01 -1.920874e-01 1.434866e-01 -1.235416e-01 -8.484763e-04
<VARIANCE> 25
 8.907711e+00 1.426234e+01 2.676855e+01 4.489331e+01 4.492228e+01 2.993413e+01 3.957148e+01 3.339987e+01 3.229877e+01 4.044006e+01 3.570570e+01 2.491329e+01 1.180121e-01 2.947024e-01 3.066426e-01 5.909973e-01 5.825927e-01 7.061650e-01 7.028246e-01 8.403679e-01 1.050522e+00 9.402132e-01 7.359819e-01 8.218630e-01 1.177225e-04
<GCONST> 7.019536e+01
<MIXTURE> 114 5.938666e-03
<MEAN> 25
 9.455217e+00 1.477902e+00 -8.269162e+00 -1.516911e+01 -7.807732e-01 5.907157e+00 -4.901323e+00 -1.265628e+00 -5.858358e+00 -6.284457e-02 1.157804e+00 -2.289716e-01 3.091066e-02 3.926414e-03 -7.030472e-02 -1.672835e-01 1.631558e-01 2.527628e-01 1.101825e-01 -1.234508e-01 1.447461e-01 -1.920874e-01 1.434866e-01 -1.235416e-01 -8.484763e-04
<VARIANCE> 25
 8.907711e+00 1.426234e+01 2.676855e+01 4.489331e+01 4.492228e+01 2.993413e+01 3.957148e+01 3.339987e+01 3.229877e+01 4.044006e+01 3.570570e+01 2.491329e+01 1.180121e-01 2.947024e-01 3.066426e-01 5.909973e-01 5.825927e-01 7.061650e-01 7.028246e-01 8.403679e-01 1.050522e+00 9.402132e-01 7.359819e-01 8.218630e-01 1.177225e-04
<GCONST> 7.019536e+01
<MIXTURE> 115 2.935202e-03
<MEAN> 25
 -3.854754e+00 -7.394782e-01 -3.180675e+00 3.624128e+00 2.319352e+00 -4.215495e-01 2.223426e+00 2.786113e-01 1.595256e+00 -1.294668e-02 -1.333157e-01 2.442613e+00 3.724288e-02 -6.321105e-02 -2.604341e-01 -3.959498e-01 -6.459978e-01 -6.228893e-01 -5.884312e-01 -4.988470e-01 -4.094278e-01 -4.685811e-01 -3.695241e-01 -1.388783e-01 -3.040290e-05
<VARIANCE> 25
 9.931581e+00 9.585359e+00 1.329773e+01 1.234605e+01 1.334713e+01 1.702209e+01 1.656140e+01 2.079153e+01 1.873875e+01 1.668513e+01 1.952498e+01 1.605969e+01 1.986320e-01 3.373997e-01 4.997848e-01 6.006299e-01 6.214358e-01 8.437327e-01 9.784454e-01 1.101476e+00 1.230642e+00 9.685826e-01 1.014559e+00 1.052671e+00 9.946431e-07
<GCONST> 6.030796e+01
<MIXTURE> 116 2.935202e-03
<MEAN> 25
 -3.854754e+00 -7.394782e-01 -3.180675e+00 3.624128e+00 2.319352e+00 -4.215495e-01 2.223426e+00 2.786113e-01 1.595256e+00 -1.294668e-02 -1.333157e-01 2.442613e+00 3.724288e-02 -6.321105e-02 -2.604341e-01 -3.959498e-01 -6.459978e-01 -6.228893e-01 -5.884312e-01 -4.988470e-01 -4.094278e-01 -4.685811e-01 -3.695241e-01 -1.388783e-01 -3.040290e-05
<VARIANCE> 25
 9.931581e+00 9.585359e+00 1.329773e+01 1.234605e+01 1.334713e+01 1.702209e+01 1.656140e+01 2.079153e+01 1.873875e+01 1.668513e+01 1.952498e+01 1.605969e+01 1.986320e-01 3.373997e-01 4.997848e-01 6.006299e-01 6.214358e-01 8.437327e-01 9.784454e-01 1.101476e+00 1.230642e+00 9.685826e-01 1.014559e+00 1.052671e+00 9.946431e-07
<GCONST> 6.030796e+01
<MIXTURE> 117 6.506003e-03
<MEAN> 25
 -4.644592e+00 1.117793e+00 1.054499e+00 9.758447e+00 6.260121e+00 6.256477e+00 6.463082e+00 5.044496e+00 6.385674e+00 4.929173e+00 6.367208e+00 2.709929e+00 -7.503008e-02 -2.341336e-01 -3.583474e-01 -4.199596e-01 -3.675186e-01 -3.027199e-01 -2.873273e-01 -3.314594e-01 -3.917833e-01 -3.689738e-01 -2.631080e-01 -1.159785e-01 -9.052962e-06
<VARIANCE> 25
 7.187259e+00 8.753097e+00 9.809425e+00 1.430823e+01 1.561781e+01 1.534934e+01 1.772638e+01 1.796108e+01 1.640261e+01 1.637152e+01 1.674076e+01 1.475332e+01 2.166086e-01 3.075042e-01 4.261350e-01 6.171185e-01 8.536685e-01 1.055364e+00 1.177562e+00 1.232911e+00 1.223976e+00 1.194855e+00 1.167213e+00 1.113683e+00 1.000000e-06
<GCONST> 6.042865e+01
<MIXTURE> 118 6.506003e-03
<MEAN> 25
 -4.644592e+00 1.117793e+00 1.054499e+00 9.758447e+00 6.260121e+00 6.256477e+00 6.463082e+00 5.044496e+00 6.385674e+00 4.929173e+00 6.367208e+00 2.709929e+00 -7.503008e-02 -2.341336e-01 -3.583474e-01 -4.199596e-01 -3.675186e-01 -3.027199e-01 -2.873273e-01 -3.314594e-01 -3.917833e-01 -3.689738e-01 -2.631080e-01 -1.159785e-01 -9.052962e-06
<VARIANCE> 25
 7.187259e+00 8.753097e+00 9.809425e+00 1.430823e+01 1.561781e+01 1.534934e+01 1.772638e+01 1.796108e+01 1.640261e+01 1.637152e+01 1.674076e+01 1.475332e+01 2.166086e-01 3.075042e-01 4.261350e-01 6.171185e-01 8.536685e-01 1.055364e+00 1.177562e+00 1.232911e+00 1.223976e+00 1.194855e+00 1.167213e+00 1.113683e+00 1.000000e-06
<GCONST> 6.042865e+01
<MIXTURE> 119 4.297961e-03
<MEAN> 25
 -4.950604e+00 -7.610631e+00 2.226763e+00 1.985424e+00 2.254917e+00 2.193718e-01 5.211551e+00 5.914697e+00 1.194526e+00 9.456960e-01 6.606975e+00 1.561801e+00 -5.220386e-02 -8.285820e-02 3.475082e-02 -6.209438e-02 -1.219370e-01 -1.703050e-01 -7.890449e-02 -6.378375e-03 -8.892603e-02 -1.167494e-01 -4.710691e-02 -5.481234e-02 1.027408e-03
<VARIANCE> 25
 8.582445e+00 9.877544e+00 1.648546e+01 2.027489e+01 2.280172e+01 2.311798e+01 2.566782e+01 2.647921e+01 2.507598e+01 2.803095e+01 2.031849e+01 2.032034e+01 1.606140e-01 2.835944e-01 4.588028e-01 6.344352e-01 8.034576e-01 1.016851e+00 1.113535e+00 1.282623e+00 1.281231e+00 1.243954e+00 1.199381e+00 1.109068e+00 2.318548e-04
<GCONST> 6.977943e+01
<MIXTURE> 120 4.297961e-03
<MEAN> 25
 -4.950604e+00 -7.610631e+00 2.226763e+00 1.985424e+00 2.254917e+00 2.193718e-01 5.211551e+00 5.914697e+00 1.194526e+00 9.456960e-01 6.606975e+00 1.561801e+00 -5.220386e-02 -8.285820e-02 3.475082e-02 -6.209438e-02 -1.219370e-01 -1.703050e-01 -7.890449e-02 -6.378375e-03 -8.892603e-02 -1.167494e-01 -4.710691e-02 -5.481234e-02 1.027408e-03
<VARIANCE> 25
 8.582445e+00 9.877544e+00 1.648546e+01 2.027489e+01 2.280172e+01 2.311798e+01 2.566782e+01 2.647921e+01 2.507598e+01 2.803095e+01 2.031849e+01 2.032034e+01 1.606140e-01 2.835944e-01 4.588028e-01 6.344352e-01 8.034576e-01 1.016851e+00 1.113535e+00 1.282623e+00 1.281231e+00 1.243954e+00 1.199381e+00 1.109068e+00 2.318548e-04
<GCONST> 6.977943e+01
<MIXTURE> 121 4.567511e-03
<MEAN> 25
 2.094826e-01 -2.522165e+00 5.152783e+00 -1.290237e+01 -1.263989e+01 -1.661735e+00 9.954152e-01 -5.107914e+00 -4.197687e+00 -4.895889e-01 -5.503453e+00 -4.313505e+00 2.419137e-02 1.325498e-01 -4.068514e-02 7.979484e-02 1.587127e-01 7.887372e-02 -7.968080e-02 -1.833218e-01 -2.682847e-01 -2.573126e-01 -1.143602e-01 1.067906e-03 -7.440640e-03
<VARIANCE> 25
 7.738533e+00 1.560717e+01 1.726887e+01 2.035062e+01 2.451421e+01 2.926687e+01 2.955540e+01 2.456706e+01 3.527990e+01 2.832742e+01 1.978706e+01 2.117116e+01 1.549507e-01 6.429006e-01 6.243256e-01 7.046075e-01 7.703663e-01 1.149855e+00 1.117779e+00 1.120419e+00 1.217082e+00 1.192417e+00 9.412846e-01 8.715850e-01 2.108409e-04
<GCONST> 7.139735e+01
<MIXTURE> 122 4.567511e-03
<MEAN> 25
 2.094826e-01 -2.522165e+00 5.152783e+00 -1.290237e+01 -1.263989e+01 -1.661735e+00 9.954152e-01 -5.107914e+00 -4.197687e+00 -4.895889e-01 -5.503453e+00 -4.313505e+00 2.419137e-02 1.325498e-01 -4.068514e-02 7.979484e-02 1.587127e-01 7.887372e-02 -7.968080e-02 -1.833218e-01 -2.682847e-01 -2.573126e-01 -1.143602e-01 1.067906e-03 -7.440640e-03
<VARIANCE> 25
 7.738533e+00 1.560717e+01 1.726887e+01 2.035062e+01 2.451421e+01 2.926687e+01 2.955540e+01 2.456706e+01 3.527990e+01 2.832742e+01 1.978706e+01 2.117116e+01 1.549507e-01 6.429006e-01 6.243256e-01 7.046075e-01 7.703663e-01 1.149855e+00 1.117779e+00 1.120419e+00 1.217082e+00 1.192417e+00 9.412846e-01 8.715850e-01 2.108409e-04
<GCONST> 7.139735e+01
<MIXTURE> 123 4.393044e-03
<MEAN> 25
 -3.953382e+00 8.263193e-01 2.122744e-01 5.672467e+00 5.382821e+00 3.380081e+00 2.828721e+00 4.120801e-01 6.017737e-01 -6.076787e-01 1.603063e-01 7.646075e-01 -4.721594e-01 -7.685900e-01 -8.569441e-01 -6.317393e-01 -2.342381e-01 1.659889e-01 2.663471e-01 6.893231e-01 7.591027e-01 6.824294e-01 7.448969e-01 5.291079e-01 -3.336880e-03
<VARIANCE> 25
 1.178469e+01 1.024390e+01 1.515208e+01 2.084615e+01 2.144984e+01 2.655330e+01 2.486315e+01 1.813316e+01 1.991581e+01 1.706896e+01 2.232521e+01 1.882832e+01 3.589971e-01 3.463289e-01 4.929766e-01 6.946876e-01 9.983945e-01 1.286928e+00 1.361760e+00 1.165426e+00 1.168009e+00 1.255259e+00 1.179054e+00 1.153564e+00 9.956687e-05
<GCONST> 6.985322e+01
<MIXTURE> 124 4.069876e-03
<MEAN> 25
 -6.560060e+00 -1.209869e+00 -2.922311e+00 5.104361e+00 4.972106e+00 3.387362e+00 5.388981e+00 2.562286e+00 3.194874e+00 1.279402e+00 1.124099e+00 3.041405e+00 -2.046298e-01 -3.228299e-01 -3.623711e-01 -2.166303e-01 1.280485e-01 5.195005e-01 8.096831e-01 8.598694e-01 6.548070e-01 3.272639e-01 7.176372e-02 -2.495907e-02 4.266634e-05
<VARIANCE> 25
 1.105041e+01 6.983384e+00 1.115522e+01 1.243375e+01 1.212138e+01 1.983057e+01 1.551305e+01 1.708453e+01 1.544134e+01 1.606194e+01 1.922042e+01 1.445262e+01 1.048756e-01 1.681168e-01 2.703598e-01 4.178286e-01 5.932137e-01 7.064950e-01 7.488657e-01 8.142880e-01 9.087180e-01 9.808254e-01 1.008218e+00 9.928899e-01 1.798087e-05
<GCONST> 5.880437e+01
<MIXTURE> 125 4.069876e-03
<MEAN> 25
 -6.560060e+00 -1.209869e+00 -2.922311e+00 5.104361e+00 4.972106e+00 3.387362e+00 5.388981e+00 2.562286e+00 3.194874e+00 1.279402e+00 1.124099e+00 3.041405e+00 -2.046298e-01 -3.228299e-01 -3.623711e-01 -2.166303e-01 1.280485e-01 5.195005e-01 8.096831e-01 8.598694e-01 6.548070e-01 3.272639e-01 7.176372e-02 -2.495907e-02 4.266634e-05
<VARIANCE> 25
 1.105041e+01 6.983384e+00 1.115522e+01 1.243375e+01 1.212138e+01 1.983057e+01 1.551305e+01 1.708453e+01 1.544134e+01 1.606194e+01 1.922042e+01 1.445262e+01 1.048756e-01 1.681168e-01 2.703598e-01 4.178286e-01 5.932137e-01 7.064950e-01 7.488657e-01 8.142880e-01 9.087180e-01 9.808254e-01 1.008218e+00 9.928899e-01 1.798087e-05
<GCONST> 5.880437e+01
<MIXTURE> 126 2.402244e-03
<MEAN> 25
 -3.728964e+00 -6.874888e+00 -5.270855e+00 2.301648e+00 4.251528e+00 -3.213151e+00 4.961086e-02 3.496330e+00 3.381088e+00 -2.676074e+00 -1.460347e+00 2.989501e+00 -3.081904e-03 -7.757509e-03 -3.666076e-02 -1.616417e-01 -3.146921e-01 -3.794801e-01 -2.816006e-01 -1.405209e-01 -1.095976e-01 -1.201473e-01 -9.984872e-02 -2.112752e-02 -1.509134e-03
<VARIANCE> 25
 7.690694e+00 1.284801e+01 1.387294e+01 1.510089e+01 2.454320e+01 2.358073e+01 2.267725e+01 2.850909e+01 3.113801e+01 2.602490e+01 2.206956e+01 1.941640e+01 1.715607e-01 3.506094e-01 4.856681e-01 5.672548e-01 7.559674e-01 1.015872e+00 1.121390e+00 1.287840e+00 1.337254e+00 1.300949e+00 1.216681e+00 1.144399e+00 2.096470e-04
<GCONST> 6.989317e+01
<MIXTURE> 127 2.402244e-03
<MEAN> 25
 -3.728964e+00 -6.874888e+00 -5.270855e+00 2.301648e+00 4.251528e+00 -3.213151e+00 4.961086e-02 3.496330e+00 3.381088e+00 -2.676074e+00 -1.460347e+00 2.989501e+00 -3.081904e-03 -7.757509e-03 -3.666076e-02 -1.616417e-01 -3.146921e-01 -3.794801e-01 -2.816006e-01 -1.405209e-01 -1.095976e-01 -1.201473e-01 -9.984872e-02 -2.112752e-02 -1.509134e-03
<VARIANCE> 25
 7.690694e+00 1.284801e+01 1.387294e+01 1.510089e+01 2.454320e+01 2.358073e+01 2.267725e+01 2.850909e+01 3.113801e+01 2.602490e+01 2.206956e+01 1.941640e+01 1.715607e-01 3.506094e-01 4.856681e-01 5.672548e-01 7.559674e-01 1.015872e+00 1.121390e+00 1.287840e+00 1.337254e+00 1.300949e+00 1.216681e+00 1.144399e+00 2.096470e-04
<GCONST> 6.989317e+01
<MIXTURE> 128 3.790457e-03
<MEAN> 25
 -3.915418e+00 1.542464e+00 -3.358582e-01 6.559871e+00 3.628847e+00 1.851805e+00 3.569457e+00 2.363544e+00 3.962563e+00 3.695774e+00 3.756446e+00 3.515451e+00 -3.950460e-01 -1.973498e-01 9.613924e-02 7.253631e-01 1.178985e+00 1.138417e+00 7.144207e-01 1.332081e-01 -4.394930e-01 -7.878035e-01 -7.005921e-01 -3.913862e-01 -3.961704e-05
<VARIANCE> 25
 1.033226e+01 1.168205e+01 1.499503e+01 1.939159e+01 2.010708e+01 2.116026e+01 2.430351e+01 2.468295e+01 2.638534e+01 2.383651e+01 2.686471e+01 1.822665e+01 8.912553e-01 1.144474e+00 1.367305e+00 1.501128e+00 1.594610e+00 1.864944e+00 2.250847e+00 2.324409e+00 2.147796e+00 1.854195e+00 1.743731e+00 1.747730e+00 1.003818e-06
<GCONST> 7.366853e+01
<TRANSP> 3
 0.000000e+00 1.000000e+00 0.000000e+00
 0.000000e+00 9.999990e-01 9.999998e-07
 0.000000e+00 0.000000e+00 0.000000e+00
<ENDHMM>
