~o
<STREAMINFO> 1 25
<VECSIZE> 25<NULLD><MFCC_E_D_N><DIAGC>
~h "jmodel"
<BEGINHMM>
<NUMSTATES> 3
<STATE> 2
<NUMMIXES> 128
<MIXTURE> 1 5.748963e-03
<MEAN> 25
 -2.588403e+00 3.145851e+00 2.312200e+00 8.771473e+00 4.291896e+00 3.338575e+00 4.041575e+00 3.931674e+00 5.764212e+00 5.155921e+00 5.832638e+00 3.095002e+00 -2.003800e+00 -1.629129e+00 -8.790596e-01 1.056389e+00 1.574769e+00 2.211156e+00 2.131216e+00 2.033664e+00 1.712651e+00 1.239798e+00 1.521118e+00 5.812568e-01 -4.608912e-02
<VARIANCE> 25
 9.973800e+00 1.172093e+01 1.481447e+01 1.874138e+01 2.344547e+01 2.273113e+01 2.171488e+01 2.177016e+01 2.108592e+01 2.298259e+01 2.085486e+01 1.695537e+01 1.769245e+00 2.089399e+00 3.005461e+00 3.207352e+00 3.719211e+00 3.355737e+00 3.322548e+00 3.543016e+00 3.505702e+00 3.769028e+00 3.633286e+00 2.891706e+00 3.132172e-03
<GCONST> 8.855344e+01
<MIXTURE> 2 4.549242e-03
<MEAN> 25
 -4.875515e+00 1.311467e+00 9.944746e-01 9.899301e+00 6.692153e+00 7.424283e+00 7.846560e+00 6.957906e+00 8.373361e+00 6.372373e+00 7.623787e+00 3.074482e+00 -6.200119e-02 4.162233e-02 1.425913e-01 2.258046e-01 2.652892e-01 2.814415e-01 2.955265e-01 3.196520e-01 3.497812e-01 3.089325e-01 1.971899e-01 8.008718e-02 1.171419e-06
<VARIANCE> 25
 6.952360e+00 8.902361e+00 1.065085e+01 1.591545e+01 1.723547e+01 1.556431e+01 1.690270e+01 1.848527e+01 1.658685e+01 1.739128e+01 1.811490e+01 1.434000e+01 1.252419e-01 2.266154e-01 3.365125e-01 4.672610e-01 6.492470e-01 8.149509e-01 9.302127e-01 1.003317e+00 1.051644e+00 1.077706e+00 1.075597e+00 1.013908e+00 1.000031e-06
<GCONST> 5.804482e+01
<MIXTURE> 3 4.549242e-03
<MEAN> 25
 -4.875515e+00 1.311467e+00 9.944746e-01 9.899301e+00 6.692153e+00 7.424283e+00 7.846560e+00 6.957906e+00 8.373361e+00 6.372373e+00 7.623787e+00 3.074482e+00 -6.200119e-02 4.162233e-02 1.425913e-01 2.258046e-01 2.652892e-01 2.814415e-01 2.955265e-01 3.196520e-01 3.497812e-01 3.089325e-01 1.971899e-01 8.008718e-02 1.171419e-06
<VARIANCE> 25
 6.952360e+00 8.902361e+00 1.065085e+01 1.591545e+01 1.723547e+01 1.556431e+01 1.690270e+01 1.848527e+01 1.658685e+01 1.739128e+01 1.811490e+01 1.434000e+01 1.252419e-01 2.266154e-01 3.365125e-01 4.672610e-01 6.492470e-01 8.149509e-01 9.302127e-01 1.003317e+00 1.051644e+00 1.077706e+00 1.075597e+00 1.013908e+00 1.000031e-06
<GCONST> 5.804482e+01
<MIXTURE> 4 1.671429e-02
<MEAN> 25
 3.557348e+00 2.267777e+00 -3.317774e+00 8.964673e-01 4.191935e+00 -7.932178e-01 -7.700156e-01 5.264154e-01 1.428249e+00 1.225785e+00 -2.061192e+00 6.922226e-02 -2.723307e+00 1.060047e+00 1.724063e+00 2.877360e+00 5.740300e-01 4.912893e-01 1.611086e+00 8.652148e-01 1.082152e+00 2.371313e-01 1.032974e+00 7.797899e-01 -8.810664e-02
<VARIANCE> 25
 1.908326e+01 2.747923e+01 2.746835e+01 3.510896e+01 4.121359e+01 6.577386e+01 6.722720e+01 5.244781e+01 5.269679e+01 5.733685e+01 4.547793e+01 3.168343e+01 2.288776e+00 4.703846e+00 3.364898e+00 4.743699e+00 5.487851e+00 5.837466e+00 5.658462e+00 5.921257e+00 5.703393e+00 6.381498e+00 5.777327e+00 4.175756e+00 7.553600e-03
<GCONST> 1.044572e+02
<MIXTURE> 5 3.206198e-03
<MEAN> 25
 -3.415390e+00 2.173911e+00 6.148154e-01 9.406205e+00 6.697881e+00 6.304400e+00 7.103997e+00 4.726204e+00 5.498570e+00 3.835253e+00 4.648478e+00 2.597775e+00 -3.240544e-01 7.515272e-01 1.224576e+00 1.030726e+00 3.079167e-01 -9.727760e-02 -8.192240e-02 3.612012e-02 4.595911e-01 6.834629e-01 4.035745e-01 8.889917e-02 -2.816209e-05
<VARIANCE> 25
 1.023539e+01 1.394748e+01 2.345073e+01 2.589749e+01 2.020951e+01 1.946867e+01 2.013959e+01 2.034115e+01 2.143997e+01 2.132296e+01 2.410920e+01 1.637800e+01 1.207818e+00 1.242773e+00 1.354626e+00 1.676398e+00 2.280670e+00 2.376261e+00 2.307244e+00 2.276241e+00 2.312373e+00 2.234024e+00 2.081805e+00 1.871982e+00 1.000611e-06
<GCONST> 7.517332e+01
<MIXTURE> 6 5.475854e-03
<MEAN> 25
 9.890784e+00 -4.533583e-01 -7.520418e+00 -8.900983e+00 -1.698794e+00 6.685081e+00 -5.286449e+00 -4.555710e+00 -4.941852e+00 2.946838e+00 4.226309e+00 -1.225380e+00 4.102907e-01 9.128084e-01 -2.276385e-01 -1.117972e+00 -7.199630e-01 1.239373e+00 1.453111e+00 -1.007824e-01 -1.401675e+00 -9.685546e-01 1.942271e-01 1.459452e+00 -1.016399e-02
<VARIANCE> 25
 6.783766e+00 1.411704e+01 1.862957e+01 3.728802e+01 3.015411e+01 2.418068e+01 4.045143e+01 3.024610e+01 3.711113e+01 3.322869e+01 3.457381e+01 2.474837e+01 3.110486e-01 6.916283e-01 8.152646e-01 2.064028e+00 1.544659e+00 1.576074e+00 1.515040e+00 1.922616e+00 2.381981e+00 1.747263e+00 1.945136e+00 1.352505e+00 4.770817e-04
<GCONST> 8.031104e+01
<MIXTURE> 7 5.475854e-03
<MEAN> 25
 9.890784e+00 -4.533583e-01 -7.520418e+00 -8.900983e+00 -1.698794e+00 6.685081e+00 -5.286449e+00 -4.555710e+00 -4.941852e+00 2.946838e+00 4.226309e+00 -1.225380e+00 4.102907e-01 9.128084e-01 -2.276385e-01 -1.117972e+00 -7.199630e-01 1.239373e+00 1.453111e+00 -1.007824e-01 -1.401675e+00 -9.685546e-01 1.942271e-01 1.459452e+00 -1.016399e-02
<VARIANCE> 25
 6.783766e+00 1.411704e+01 1.862957e+01 3.728802e+01 3.015411e+01 2.418068e+01 4.045143e+01 3.024610e+01 3.711113e+01 3.322869e+01 3.457381e+01 2.474837e+01 3.110486e-01 6.916283e-01 8.152646e-01 2.064028e+00 1.544659e+00 1.576074e+00 1.515040e+00 1.922616e+00 2.381981e+00 1.747263e+00 1.945136e+00 1.352505e+00 4.770817e-04
<GCONST> 8.031104e+01
<MIXTURE> 8 1.165917e-02
<MEAN> 25
 -4.722244e+00 1.353447e+00 1.294242e+00 9.538223e+00 6.565304e+00 6.236891e+00 6.470168e+00 5.689386e+00 6.656340e+00 5.603494e+00 6.558203e+00 3.149061e+00 -6.315908e-01 -1.425077e+00 -1.071371e+00 -1.727691e+00 -2.273563e-01 -9.406826e-01 -1.751545e-01 -2.946356e-01 -2.486712e-01 -1.733227e-01 -2.138956e-01 7.717079e-02 9.864003e-02
<VARIANCE> 25
 9.350254e+00 9.851921e+00 1.158873e+01 1.627868e+01 1.671219e+01 1.582312e+01 1.811701e+01 1.749444e+01 1.704293e+01 1.760701e+01 1.888894e+01 1.398013e+01 2.753316e+00 2.811567e+00 3.896969e+00 3.757823e+00 3.459743e+00 3.316250e+00 3.124955e+00 3.080286e+00 2.881559e+00 2.656387e+00 2.434179e+00 1.911772e+00 6.680065e-03
<GCONST> 8.632586e+01
<MIXTURE> 9 1.199672e-02
<MEAN> 25
 9.171406e+00 3.313563e+00 -6.123566e+00 -1.040093e+01 -2.016315e+00 4.879958e+00 -2.529587e+00 -2.307175e+00 -5.439306e+00 -9.551033e-01 5.582358e-01 -1.107792e-01 1.483790e+00 -6.541046e-02 -5.073754e-01 -2.661804e+00 -1.612882e+00 7.945993e-01 -1.003305e+00 -2.537230e-01 -3.083499e-01 -4.973204e-01 5.602811e-01 -1.442930e-01 7.093541e-02
<VARIANCE> 25
 1.232564e+01 2.104588e+01 3.268808e+01 5.362504e+01 4.975733e+01 3.161744e+01 4.513564e+01 5.083633e+01 4.203965e+01 4.351064e+01 3.528691e+01 2.664874e+01 2.150588e+00 2.492375e+00 4.426200e+00 4.798041e+00 4.888656e+00 4.092199e+00 4.176538e+00 5.858396e+00 5.584080e+00 4.116996e+00 3.970569e+00 2.723172e+00 2.282317e-03
<GCONST> 9.879263e+01
<MIXTURE> 10 6.596976e-03
<MEAN> 25
 8.190041e-01 7.615257e+00 5.375771e+00 7.141508e+00 1.571388e+00 -2.120754e+00 -5.144921e-01 -1.679036e+00 8.552493e-01 8.647650e-01 8.430552e-01 6.595548e-01 -1.921217e+00 -6.728842e-01 -4.619238e-01 3.015500e+00 2.466043e+00 2.698221e+00 2.369879e+00 2.272776e+00 1.866213e+00 1.536934e+00 2.328171e+00 5.226725e-01 -1.377824e-01
<VARIANCE> 25
 1.949933e+01 2.074873e+01 2.226536e+01 2.904139e+01 3.833420e+01 3.485038e+01 3.508738e+01 3.383323e+01 2.766572e+01 2.901454e+01 2.689221e+01 2.496048e+01 2.234574e+00 3.416491e+00 5.526070e+00 5.213735e+00 5.551905e+00 4.500870e+00 4.692101e+00 4.840244e+00 4.384424e+00 5.028652e+00 4.452573e+00 3.186114e+00 2.727270e-03
<GCONST> 9.747111e+01
<MIXTURE> 11 1.633820e-02
<MEAN> 25
 6.990312e+00 2.035499e+00 2.939868e+00 3.687979e+00 -2.635428e+00 -2.037386e+00 -9.885167e-01 -4.909942e+00 -5.351767e+00 1.304571e+00 -1.332275e+00 -3.036595e-01 -3.240373e-01 4.284979e-01 3.141074e-01 4.316932e-01 3.723451e-01 -2.426381e-01 6.599528e-01 -2.545408e-01 2.036380e-01 -2.680139e-01 2.041972e-01 9.861404e-02 -1.373249e-02
<VARIANCE> 25
 9.425846e+00 1.458399e+01 1.178339e+01 1.840002e+01 3.204451e+01 2.324152e+01 4.175857e+01 3.669416e+01 3.384014e+01 2.950455e+01 2.591838e+01 1.575147e+01 1.392463e+00 8.614326e-01 1.160618e+00 1.607909e+00 2.791211e+00 1.866423e+00 2.242515e+00 3.591360e+00 2.201740e+00 2.217206e+00 1.629113e+00 9.628549e-01 6.028189e-04
<GCONST> 8.227923e+01
<MIXTURE> 12 5.904134e-03
<MEAN> 25
 1.075991e+01 3.403579e+00 -5.067150e+00 -1.509267e+01 -8.168962e+00 8.840208e+00 -6.628753e-01 -2.089022e+00 -2.263554e+00 -4.301113e+00 1.800324e+00 1.042314e+00 3.932571e-02 2.812850e-01 5.930687e-02 -4.451406e-01 -2.100685e-01 6.765499e-02 2.715473e-01 4.406306e-01 2.227451e-01 -3.820746e-01 -4.087718e-01 6.511325e-02 -5.737453e-03
<VARIANCE> 25
 8.215828e+00 2.016093e+01 2.414354e+01 3.960519e+01 4.102489e+01 2.895954e+01 3.942213e+01 4.481316e+01 4.455373e+01 3.769693e+01 3.489862e+01 2.793736e+01 2.374294e-01 6.364204e-01 6.797233e-01 1.194829e+00 1.225081e+00 9.881830e-01 1.142784e+00 1.319705e+00 1.380851e+00 1.145487e+00 1.293143e+00 9.394276e-01 5.357496e-04
<GCONST> 7.841074e+01
<MIXTURE> 13 5.904134e-03
<MEAN> 25
 1.075991e+01 3.403579e+00 -5.067150e+00 -1.509267e+01 -8.168962e+00 8.840208e+00 -6.628753e-01 -2.089022e+00 -2.263554e+00 -4.301113e+00 1.800324e+00 1.042314e+00 3.932571e-02 2.812850e-01 5.930687e-02 -4.451406e-01 -2.100685e-01 6.765499e-02 2.715473e-01 4.406306e-01 2.227451e-01 -3.820746e-01 -4.087718e-01 6.511325e-02 -5.737453e-03
<VARIANCE> 25
 8.215828e+00 2.016093e+01 2.414354e+01 3.960519e+01 4.102489e+01 2.895954e+01 3.942213e+01 4.481316e+01 4.455373e+01 3.769693e+01 3.489862e+01 2.793736e+01 2.374294e-01 6.364204e-01 6.797233e-01 1.194829e+00 1.225081e+00 9.881830e-01 1.142784e+00 1.319705e+00 1.380851e+00 1.145487e+00 1.293143e+00 9.394276e-01 5.357496e-04
<GCONST> 7.841074e+01
<MIXTURE> 14 6.488954e-03
<MEAN> 25
 -4.230351e+00 -4.236570e-01 -3.110011e-01 8.794005e+00 7.493060e+00 7.360574e+00 7.758891e+00 7.294673e+00 7.282693e+00 5.148948e+00 6.771719e+00 4.041494e+00 -2.771590e-01 1.793026e-01 3.609359e-01 2.946855e-01 1.296950e-02 5.246861e-02 9.841127e-02 1.663512e-01 3.122239e-01 5.421129e-01 5.003158e-01 7.437567e-02 -9.279507e-03
<VARIANCE> 25
 9.722340e+00 1.377833e+01 1.844246e+01 1.848334e+01 2.069737e+01 1.940165e+01 2.152890e+01 2.054222e+01 1.990131e+01 2.432392e+01 2.159592e+01 1.602713e+01 9.533944e-01 1.645392e+00 1.758226e+00 1.937712e+00 2.223578e+00 2.246561e+00 2.236177e+00 2.228114e+00 2.303097e+00 2.481381e+00 2.178252e+00 1.831567e+00 1.021969e-03
<GCONST> 8.192349e+01
<MIXTURE> 15 2.475190e-03
<MEAN> 25
 -5.377636e+00 -6.926599e-01 -1.368904e-01 7.320523e+00 5.697658e+00 5.666590e+00 5.970016e+00 4.954046e+00 5.243399e+00 4.032049e+00 5.384812e+00 2.512027e+00 -1.207445e-01 -3.034905e-02 8.949241e-02 2.096790e-01 4.799733e-01 7.995417e-01 1.099410e+00 1.191592e+00 1.052560e+00 7.605081e-01 4.204367e-01 1.424708e-01 -7.094326e-05
<VARIANCE> 25
 7.014246e+00 5.641119e+00 9.130839e+00 1.274874e+01 1.394067e+01 1.419940e+01 1.526867e+01 1.469217e+01 1.440589e+01 1.478147e+01 1.568161e+01 1.234414e+01 1.227721e-01 2.062414e-01 3.292229e-01 5.644695e-01 6.934982e-01 7.937433e-01 8.010527e-01 8.000414e-01 8.981147e-01 1.017623e+00 1.056081e+00 1.036864e+00 2.775680e-05
<GCONST> 5.881767e+01
<MIXTURE> 16 2.475190e-03
<MEAN> 25
 -5.377636e+00 -6.926599e-01 -1.368904e-01 7.320523e+00 5.697658e+00 5.666590e+00 5.970016e+00 4.954046e+00 5.243399e+00 4.032049e+00 5.384812e+00 2.512027e+00 -1.207445e-01 -3.034905e-02 8.949241e-02 2.096790e-01 4.799733e-01 7.995417e-01 1.099410e+00 1.191592e+00 1.052560e+00 7.605081e-01 4.204367e-01 1.424708e-01 -7.094326e-05
<VARIANCE> 25
 7.014246e+00 5.641119e+00 9.130839e+00 1.274874e+01 1.394067e+01 1.419940e+01 1.526867e+01 1.469217e+01 1.440589e+01 1.478147e+01 1.568161e+01 1.234414e+01 1.227721e-01 2.062414e-01 3.292229e-01 5.644695e-01 6.934982e-01 7.937433e-01 8.010527e-01 8.000414e-01 8.981147e-01 1.017623e+00 1.056081e+00 1.036864e+00 2.775680e-05
<GCONST> 5.881767e+01
<MIXTURE> 17 9.518312e-03
<MEAN> 25
 3.704534e+00 -8.198999e-01 5.067245e+00 1.956838e+00 -5.291061e+00 -5.243760e+00 -2.839193e+00 7.327791e-02 -2.307027e+00 -2.662131e+00 5.202321e-02 3.131657e-02 -1.033448e+00 -1.079956e+00 1.137749e+00 -1.525624e+00 -2.286996e+00 2.396072e-01 6.844091e-01 6.299933e-01 -3.099875e-01 2.059710e-02 8.798491e-01 1.953260e-01 8.026331e-02
<VARIANCE> 25
 1.338549e+01 2.601287e+01 2.910086e+01 3.222166e+01 4.180272e+01 4.319997e+01 3.649659e+01 2.865270e+01 4.583033e+01 3.191552e+01 2.220339e+01 2.362067e+01 2.042843e+00 2.293317e+00 3.331112e+00 3.531808e+00 3.682964e+00 4.859716e+00 6.331411e+00 4.785560e+00 4.010787e+00 3.580307e+00 2.475526e+00 2.437611e+00 2.496227e-03
<GCONST> 9.541898e+01
<MIXTURE> 18 1.221018e-02
<MEAN> 25
 3.412400e+00 3.956700e+00 6.438171e+00 5.293797e+00 -5.042723e+00 -7.756171e+00 -1.429538e+00 -2.314156e-01 -4.174373e+00 -2.237854e+00 -3.972487e-01 1.257991e+00 -8.828379e-01 1.797456e+00 -3.133478e-01 1.785491e+00 3.132124e+00 1.186061e+00 9.534352e-01 -1.551093e-01 1.132664e+00 1.862519e-01 -3.764335e-01 5.453606e-02 -1.061895e-01
<VARIANCE> 25
 1.514357e+01 2.342021e+01 2.801816e+01 2.507707e+01 3.830628e+01 3.026086e+01 3.689109e+01 3.606312e+01 3.787407e+01 3.034152e+01 2.975303e+01 2.827581e+01 2.341111e+00 3.172503e+00 4.237139e+00 3.932508e+00 3.593032e+00 4.302923e+00 3.993039e+00 3.921951e+00 5.028652e+00 4.209256e+00 4.068531e+00 3.210187e+00 4.596655e-03
<GCONST> 9.695071e+01
<MIXTURE> 19 9.912824e-03
<MEAN> 25
 -9.879031e+00 1.539257e+00 1.665850e+00 2.757945e-01 1.956917e+00 2.109078e+00 3.312285e+00 -2.148474e+00 4.109824e+00 -9.953184e-01 1.673710e-01 1.222229e+00 2.156619e+00 1.434837e+00 1.665504e+00 1.046629e+00 -1.417102e+00 -1.136748e+00 -1.307209e+00 -1.173654e+00 -1.831245e+00 -7.219348e-01 -4.648043e-01 -3.230358e-01 -1.605404e-02
<VARIANCE> 25
 3.398140e+01 2.456999e+01 2.864013e+01 3.461496e+01 2.968512e+01 2.656046e+01 2.526801e+01 3.720651e+01 2.466195e+01 2.784498e+01 2.038282e+01 1.472756e+01 1.906636e+00 1.663733e+00 1.704275e+00 1.836483e+00 2.059582e+00 1.652961e+00 2.125323e+00 2.655080e+00 2.034395e+00 2.109235e+00 1.751009e+00 1.501040e+00 1.652047e-03
<GCONST> 8.659377e+01
<MIXTURE> 20 6.308331e-03
<MEAN> 25
 -1.292493e+01 8.380860e+00 -6.053784e-01 5.523391e+00 4.032846e+00 -1.418891e-01 5.660873e+00 -5.101098e-01 2.902755e+00 -1.772889e-01 2.749959e+00 1.533016e-02 -2.949432e+00 -5.266611e-01 -1.708116e+00 3.468332e-01 1.554496e+00 1.805954e+00 1.769550e+00 1.961777e+00 2.162675e+00 1.879038e+00 1.472207e+00 3.748603e-01 4.946776e-02
<VARIANCE> 25
 1.788596e+01 2.082950e+01 2.771869e+01 2.738102e+01 2.441389e+01 2.792266e+01 2.582399e+01 2.833989e+01 2.844148e+01 2.380751e+01 1.889975e+01 1.566936e+01 1.780717e+00 1.795532e+00 1.561679e+00 2.077271e+00 2.124767e+00 1.901243e+00 2.008656e+00 1.737410e+00 1.776420e+00 2.697498e+00 2.093693e+00 2.007871e+00 1.437812e-03
<GCONST> 8.527161e+01
<MIXTURE> 21 7.928653e-03
<MEAN> 25
 3.307763e+00 -3.492110e+00 5.643425e+00 -1.114418e+00 -9.336401e+00 -6.871613e+00 -2.555506e+00 4.351699e+00 -2.728179e+00 -8.915303e-01 -3.727027e-01 -2.461016e-01 -8.714182e-01 1.153404e+00 2.544760e+00 -1.324741e-01 -1.568212e+00 5.591035e-01 7.344856e-01 -1.361626e+00 -2.054526e+00 1.195749e-01 1.245501e+00 3.946985e-01 -6.455764e-03
<VARIANCE> 25
 8.818655e+00 1.703885e+01 2.482092e+01 2.254870e+01 2.763630e+01 3.542833e+01 3.453688e+01 3.117780e+01 3.829854e+01 4.007089e+01 2.748197e+01 1.995047e+01 4.051108e-01 8.262296e-01 1.528557e+00 1.176253e+00 1.946768e+00 1.817978e+00 2.928130e+00 2.547720e+00 1.900377e+00 2.255575e+00 1.619429e+00 1.868983e+00 4.467404e-04
<GCONST> 8.241290e+01
<MIXTURE> 22 8.827789e-03
<MEAN> 25
 -1.651165e+01 7.720826e+00 -5.049548e+00 6.133444e+00 4.242596e+00 1.902732e+00 8.064700e+00 7.938776e-01 6.103615e+00 1.096475e+00 5.039446e+00 4.371100e-01 -4.285395e-01 -6.575543e-01 8.467022e-02 -3.398705e-01 -3.579973e-01 2.889634e-01 2.654248e-01 3.377401e-01 6.380733e-02 3.860275e-02 4.161888e-01 2.996065e-01 9.005329e-03
<VARIANCE> 25
 7.609538e+00 1.404164e+01 1.390045e+01 2.093520e+01 1.815966e+01 1.865342e+01 1.726093e+01 1.623369e+01 1.284807e+01 2.227961e+01 1.627014e+01 1.205229e+01 1.004963e+00 1.243140e+00 1.774555e+00 1.132445e+00 1.269973e+00 1.510703e+00 1.094378e+00 1.375035e+00 1.579914e+00 1.626375e+00 1.121045e+00 8.517998e-01 1.370298e-03
<GCONST> 7.497353e+01
<MIXTURE> 23 6.455497e-03
<MEAN> 25
 7.692822e+00 1.296431e+00 2.903694e+00 2.669150e+00 -4.332624e+00 -3.259909e+00 -3.013214e+00 -6.552579e+00 -4.015683e+00 6.870922e-01 -3.522333e+00 -1.132954e+00 6.687441e-02 1.185058e-01 1.310438e-01 2.847799e-02 4.220583e-02 -6.504474e-02 -1.169878e-01 -1.386998e-01 -6.566373e-02 1.295658e-01 8.568338e-02 2.549443e-02 -2.700784e-03
<VARIANCE> 25
 9.645252e+00 1.950128e+01 2.384914e+01 3.076900e+01 3.751310e+01 4.379873e+01 5.458887e+01 4.962121e+01 4.620169e+01 4.329687e+01 3.669292e+01 3.137235e+01 1.180445e-01 2.861297e-01 4.427034e-01 5.557130e-01 5.988504e-01 8.280817e-01 8.581303e-01 9.425408e-01 8.148604e-01 8.363573e-01 7.933179e-01 6.219207e-01 9.399219e-05
<GCONST> 7.167416e+01
<MIXTURE> 24 6.455497e-03
<MEAN> 25
 7.692822e+00 1.296431e+00 2.903694e+00 2.669150e+00 -4.332624e+00 -3.259909e+00 -3.013214e+00 -6.552579e+00 -4.015683e+00 6.870922e-01 -3.522333e+00 -1.132954e+00 6.687441e-02 1.185058e-01 1.310438e-01 2.847799e-02 4.220583e-02 -6.504474e-02 -1.169878e-01 -1.386998e-01 -6.566373e-02 1.295658e-01 8.568338e-02 2.549443e-02 -2.700784e-03
<VARIANCE> 25
 9.645252e+00 1.950128e+01 2.384914e+01 3.076900e+01 3.751310e+01 4.379873e+01 5.458887e+01 4.962121e+01 4.620169e+01 4.329687e+01 3.669292e+01 3.137235e+01 1.180445e-01 2.861297e-01 4.427034e-01 5.557130e-01 5.988504e-01 8.280817e-01 8.581303e-01 9.425408e-01 8.148604e-01 8.363573e-01 7.933179e-01 6.219207e-01 9.399219e-05
<GCONST> 7.167416e+01
<MIXTURE> 25 1.118642e-02
<MEAN> 25
 3.386165e-01 3.142298e+00 1.550816e+01 -4.330862e-01 -1.110611e+01 -1.689402e+00 -4.418761e+00 -2.577474e+00 -7.448057e+00 -4.325065e+00 3.928744e+00 -1.319528e+00 -1.496061e-01 4.016891e-01 8.844709e-02 1.791459e-01 4.275036e-01 -4.026994e-02 2.893922e-01 -5.050167e-02 -5.105085e-02 -5.855846e-02 4.335434e-02 -3.840183e-02 -1.383913e-02
<VARIANCE> 25
 8.009880e+00 2.005390e+01 2.623550e+01 2.689379e+01 3.045545e+01 3.590900e+01 2.610179e+01 2.747318e+01 2.790282e+01 3.845305e+01 1.976492e+01 2.505734e+01 6.149575e-01 1.278024e+00 1.432740e+00 1.334779e+00 2.700007e+00 1.972007e+00 1.778002e+00 1.883589e+00 1.849737e+00 1.631119e+00 1.410342e+00 1.255518e+00 1.189486e-03
<GCONST> 8.257065e+01
<MIXTURE> 26 7.727677e-03
<MEAN> 25
 2.296192e+00 -6.116748e+00 -9.365982e+00 -7.008892e-01 7.616133e+00 5.500601e+00 3.853151e+00 3.759503e-02 2.696645e+00 -9.032854e-01 -2.739718e+00 -1.194419e+00 -5.976278e-01 5.194145e-01 4.398199e-01 7.807915e-01 1.328960e-01 1.616056e-01 2.349129e-01 4.036918e-01 5.114038e-01 7.836781e-02 2.595171e-01 5.025939e-01 -5.082908e-02
<VARIANCE> 25
 2.282547e+01 3.105799e+01 2.951913e+01 5.562348e+01 3.581877e+01 4.121055e+01 4.172424e+01 4.085781e+01 3.823838e+01 4.825757e+01 3.737589e+01 4.301703e+01 1.596861e+00 1.898717e+00 1.888978e+00 2.001318e+00 2.294086e+00 2.348722e+00 2.324123e+00 2.779140e+00 2.515238e+00 2.289039e+00 2.045796e+00 1.833449e+00 2.985584e-03
<GCONST> 9.280296e+01
<MIXTURE> 27 7.727677e-03
<MEAN> 25
 2.296192e+00 -6.116748e+00 -9.365982e+00 -7.008892e-01 7.616133e+00 5.500601e+00 3.853151e+00 3.759503e-02 2.696645e+00 -9.032854e-01 -2.739718e+00 -1.194419e+00 -5.976278e-01 5.194145e-01 4.398199e-01 7.807915e-01 1.328960e-01 1.616056e-01 2.349129e-01 4.036918e-01 5.114038e-01 7.836781e-02 2.595171e-01 5.025939e-01 -5.082908e-02
<VARIANCE> 25
 2.282547e+01 3.105799e+01 2.951913e+01 5.562348e+01 3.581877e+01 4.121055e+01 4.172424e+01 4.085781e+01 3.823838e+01 4.825757e+01 3.737589e+01 4.301703e+01 1.596861e+00 1.898717e+00 1.888978e+00 2.001318e+00 2.294086e+00 2.348722e+00 2.324123e+00 2.779140e+00 2.515238e+00 2.289039e+00 2.045796e+00 1.833449e+00 2.985584e-03
<GCONST> 9.280296e+01
<MIXTURE> 28 5.036674e-03
<MEAN> 25
 -5.276340e+00 -1.824822e-02 -1.373766e+00 6.033699e+00 5.431425e+00 3.323224e+00 5.374800e+00 3.344532e+00 3.911319e+00 2.160709e+00 2.562926e+00 2.908131e+00 -1.108293e-01 2.100541e-01 5.533268e-01 8.003932e-01 8.170410e-01 7.101395e-01 4.686888e-01 4.008664e-01 4.787894e-01 4.908319e-01 3.772179e-01 2.359656e-01 9.881607e-06
<VARIANCE> 25
 1.056284e+01 8.077637e+00 1.228944e+01 2.149995e+01 1.509784e+01 1.788189e+01 1.793328e+01 1.933232e+01 1.717894e+01 1.697856e+01 1.978601e+01 1.617574e+01 2.441343e-01 3.237431e-01 4.035114e-01 4.897489e-01 5.957275e-01 8.157939e-01 1.142339e+00 1.110646e+00 1.108347e+00 9.822320e-01 9.919360e-01 1.067186e+00 9.941000e-07
<GCONST> 6.053871e+01
<MIXTURE> 29 5.036674e-03
<MEAN> 25
 -5.276340e+00 -1.824822e-02 -1.373766e+00 6.033699e+00 5.431425e+00 3.323224e+00 5.374800e+00 3.344532e+00 3.911319e+00 2.160709e+00 2.562926e+00 2.908131e+00 -1.108293e-01 2.100541e-01 5.533268e-01 8.003932e-01 8.170410e-01 7.101395e-01 4.686888e-01 4.008664e-01 4.787894e-01 4.908319e-01 3.772179e-01 2.359656e-01 9.881607e-06
<VARIANCE> 25
 1.056284e+01 8.077637e+00 1.228944e+01 2.149995e+01 1.509784e+01 1.788189e+01 1.793328e+01 1.933232e+01 1.717894e+01 1.697856e+01 1.978601e+01 1.617574e+01 2.441343e-01 3.237431e-01 4.035114e-01 4.897489e-01 5.957275e-01 8.157939e-01 1.142339e+00 1.110646e+00 1.108347e+00 9.822320e-01 9.919360e-01 1.067186e+00 9.941000e-07
<GCONST> 6.053871e+01
<MIXTURE> 30 8.917812e-03
<MEAN> 25
 -4.468437e+00 -2.171423e-01 6.467801e-01 9.045325e+00 7.764597e+00 7.491020e+00 7.558882e+00 6.849600e+00 6.560536e+00 4.859262e+00 6.972868e+00 3.494583e+00 -2.578292e-02 3.201012e-02 5.935602e-02 8.626099e-02 8.141431e-02 4.391867e-02 1.262972e-02 1.018045e-05 1.505749e-02 4.882461e-02 6.337795e-02 3.527792e-02 -5.631228e-04
<VARIANCE> 25
 7.026733e+00 9.899610e+00 1.036431e+01 1.400488e+01 1.570328e+01 1.642295e+01 1.914751e+01 1.828283e+01 1.633691e+01 1.856192e+01 2.142861e+01 1.431564e+01 9.777954e-02 2.000939e-01 3.253218e-01 4.825637e-01 6.177917e-01 7.212061e-01 7.727640e-01 8.119186e-01 8.756773e-01 9.375063e-01 9.179352e-01 8.647323e-01 5.086821e-05
<GCONST> 6.064353e+01
<MIXTURE> 31 4.136493e-03
<MEAN> 25
 -2.775314e+00 -5.813365e+00 -8.559723e-03 4.243025e+00 3.810775e+00 2.161043e+00 5.326600e+00 6.337396e+00 3.799918e+00 1.104828e+00 5.879245e+00 2.249687e+00 2.896684e-01 4.805774e-01 -2.247980e-01 2.768416e-01 1.807019e-01 4.075770e-01 1.034705e-01 -1.492184e-02 5.682685e-01 2.876262e-01 -2.132732e-02 3.983529e-02 -1.888089e-02
<VARIANCE> 25
 8.822745e+00 1.452104e+01 1.530390e+01 1.834948e+01 2.319984e+01 2.200170e+01 2.111490e+01 2.560046e+01 2.982823e+01 2.487045e+01 2.003740e+01 2.193697e+01 2.211659e-01 4.882045e-01 6.363754e-01 7.127141e-01 9.026816e-01 1.046024e+00 1.205461e+00 1.355880e+00 1.418665e+00 1.256772e+00 1.393871e+00 1.153408e+00 2.435550e-04
<GCONST> 7.181065e+01
<MIXTURE> 32 4.136493e-03
<MEAN> 25
 -2.775314e+00 -5.813365e+00 -8.559723e-03 4.243025e+00 3.810775e+00 2.161043e+00 5.326600e+00 6.337396e+00 3.799918e+00 1.104828e+00 5.879245e+00 2.249687e+00 2.896684e-01 4.805774e-01 -2.247980e-01 2.768416e-01 1.807019e-01 4.075770e-01 1.034705e-01 -1.492184e-02 5.682685e-01 2.876262e-01 -2.132732e-02 3.983529e-02 -1.888089e-02
<VARIANCE> 25
 8.822745e+00 1.452104e+01 1.530390e+01 1.834948e+01 2.319984e+01 2.200170e+01 2.111490e+01 2.560046e+01 2.982823e+01 2.487045e+01 2.003740e+01 2.193697e+01 2.211659e-01 4.882045e-01 6.363754e-01 7.127141e-01 9.026816e-01 1.046024e+00 1.205461e+00 1.355880e+00 1.418665e+00 1.256772e+00 1.393871e+00 1.153408e+00 2.435550e-04
<GCONST> 7.181065e+01
<MIXTURE> 33 1.508826e-02
<MEAN> 25
 6.254297e+00 -3.678605e+00 -1.047865e+00 -1.763090e+00 -6.430092e-01 -5.594384e+00 -5.216719e+00 1.816815e+00 7.508856e-01 1.213247e+00 -3.832201e+00 -2.363968e+00 4.993155e-01 -8.032960e-01 -2.332654e+00 -1.800943e+00 1.464877e+00 1.105407e+00 -9.662134e-01 8.915105e-01 7.474840e-01 2.522830e-01 -5.160968e-02 -1.549749e+00 2.611755e-02
<VARIANCE> 25
 1.055075e+01 1.512049e+01 2.499673e+01 2.856470e+01 3.611887e+01 3.430576e+01 4.493235e+01 5.196067e+01 3.616732e+01 3.585834e+01 3.056739e+01 2.151842e+01 1.135510e+00 1.529525e+00 1.827817e+00 2.052418e+00 3.403500e+00 3.231855e+00 3.601260e+00 6.845371e+00 3.004210e+00 3.597270e+00 3.873304e+00 2.131357e+00 1.326798e-03
<GCONST> 9.146741e+01
<MIXTURE> 34 1.588179e-02
<MEAN> 25
 8.960309e+00 -6.974635e-02 6.553469e-01 1.112322e+00 -1.884945e+00 -1.808119e+00 -5.219931e+00 -4.844862e+00 -2.540775e+00 8.816147e-01 -2.703605e+00 -2.763992e+00 -1.152826e-01 1.192351e+00 1.615344e+00 2.147927e+00 -3.324912e-01 -1.116269e-01 1.104595e+00 -2.104370e+00 -2.859538e-01 -3.738595e-01 -3.762798e-01 6.155052e-01 -5.343435e-02
<VARIANCE> 25
 6.785554e+00 2.440048e+01 2.747659e+01 3.979405e+01 3.829579e+01 3.982794e+01 4.946991e+01 5.525773e+01 4.523397e+01 3.757021e+01 3.988647e+01 2.929344e+01 1.227432e+00 1.810464e+00 3.638677e+00 3.386552e+00 4.804941e+00 5.024312e+00 4.675472e+00 6.432572e+00 5.326911e+00 5.582386e+00 4.712112e+00 3.645416e+00 1.232030e-03
<GCONST> 9.723260e+01
<MIXTURE> 35 1.467755e-02
<MEAN> 25
 -2.077970e+00 -4.974252e+00 -8.525181e+00 -5.524439e-01 9.506376e+00 4.311402e-01 1.662587e+00 2.838507e+00 1.705462e+00 4.211733e+00 3.140768e-01 1.257490e+00 3.771230e-01 -9.753971e-01 -1.335576e+00 -1.378836e+00 4.418167e-01 -6.025614e-01 -4.857631e-01 -1.542786e-01 -2.033662e-02 1.394081e-02 -6.125366e-01 -4.925894e-01 9.691475e-02
<VARIANCE> 25
 1.890212e+01 2.661339e+01 5.027691e+01 6.122623e+01 3.956341e+01 5.254589e+01 4.632101e+01 4.053283e+01 4.884222e+01 3.719089e+01 3.431727e+01 3.036886e+01 3.785439e+00 3.341425e+00 6.121085e+00 5.452313e+00 5.916182e+00 5.295372e+00 4.830944e+00 5.685885e+00 5.004131e+00 4.531879e+00 3.652386e+00 3.571330e+00 5.879152e-03
<GCONST> 1.031870e+02
<MIXTURE> 36 1.093293e-02
<MEAN> 25
 4.391028e+00 -2.375875e+00 5.068283e+00 3.484356e+00 -9.654467e+00 -6.745864e+00 -4.857310e+00 4.774429e+00 -6.332712e+00 -1.982475e+00 1.091337e+00 1.446913e+00 4.299314e-01 1.041687e-01 -1.000237e+00 1.154656e-01 9.443207e-01 2.753690e-01 -4.467951e-01 1.209534e-01 3.779185e-01 5.684517e-01 -5.494426e-01 -1.667598e-01 -1.189257e-02
<VARIANCE> 25
 6.143184e+00 1.102740e+01 1.954968e+01 2.078779e+01 3.308960e+01 2.325058e+01 3.021144e+01 3.531670e+01 4.179885e+01 1.991627e+01 2.252551e+01 1.506925e+01 4.825722e-01 5.674190e-01 1.171669e+00 9.088080e-01 1.444406e+00 1.296581e+00 2.018008e+00 2.124994e+00 1.971149e+00 1.400667e+00 1.306063e+00 1.119704e+00 4.761796e-04
<GCONST> 7.693660e+01
<MIXTURE> 37 1.246826e-02
<MEAN> 25
 4.953778e-01 7.672054e+00 1.196065e+01 -5.340741e+00 -7.967605e+00 -1.053061e+00 -4.963394e+00 -8.164827e+00 -3.822821e+00 -8.363872e-01 -3.499128e+00 -1.209844e+00 1.773087e-01 6.323405e-01 -1.340091e+00 3.493342e+00 2.007682e+00 -3.289984e-01 1.070442e+00 4.263179e-01 5.651270e-01 -3.372078e-01 5.536853e-01 -9.136098e-02 -9.331037e-02
<VARIANCE> 25
 1.572311e+01 2.592619e+01 3.052657e+01 5.146225e+01 3.365561e+01 3.137280e+01 4.370943e+01 3.553424e+01 3.855847e+01 3.564653e+01 3.806449e+01 3.062394e+01 2.912135e+00 3.360791e+00 2.971367e+00 4.328352e+00 4.606579e+00 3.705002e+00 4.147783e+00 3.753523e+00 3.515415e+00 3.550762e+00 3.809562e+00 2.750695e+00 3.934489e-03
<GCONST> 9.766727e+01
<MIXTURE> 38 1.154525e-02
<MEAN> 25
 -4.529696e+00 7.142363e+00 4.816948e+00 2.722555e+00 -6.394227e-01 -4.250185e+00 -4.103551e-01 -2.109696e+00 -1.651227e+00 -3.775609e+00 -4.677287e-01 1.107652e+00 -4.136777e+00 1.170389e+00 -4.384788e-01 3.147214e-01 1.973120e+00 1.249998e+00 1.929346e+00 3.614790e-01 1.700547e+00 -2.079922e-01 1.100275e+00 -4.754266e-02 5.216477e-02
<VARIANCE> 25
 2.549804e+01 2.549639e+01 3.118594e+01 2.282245e+01 3.969399e+01 2.872440e+01 3.905377e+01 3.637045e+01 2.557420e+01 2.935103e+01 1.974480e+01 2.376855e+01 2.159158e+00 2.424085e+00 3.469358e+00 4.503602e+00 3.257357e+00 3.442945e+00 4.241502e+00 3.291601e+00 3.434797e+00 4.190118e+00 2.790970e+00 2.398228e+00 1.468223e-03
<GCONST> 9.356325e+01
<MIXTURE> 39 9.501865e-03
<MEAN> 25
 1.252750e+00 2.919595e+00 9.328842e+00 -7.729510e+00 -1.039146e+01 -7.051280e-01 -3.520850e+00 -5.565711e+00 -5.583612e+00 1.280239e+00 -3.700968e+00 -8.812643e-01 -7.742826e-01 1.569978e+00 1.505392e+00 -1.243122e+00 1.569833e-01 1.142191e+00 -9.940246e-01 -1.323164e+00 6.196056e-01 2.740899e-01 -3.310515e-01 6.209265e-02 -9.228483e-05
<VARIANCE> 25
 8.105156e+00 2.834264e+01 3.056562e+01 4.290873e+01 3.850676e+01 3.721828e+01 4.100274e+01 3.400399e+01 3.922969e+01 2.971077e+01 3.212511e+01 3.621556e+01 6.589661e-01 1.407050e+00 1.370052e+00 2.638838e+00 2.200751e+00 2.507634e+00 3.040004e+00 2.532305e+00 2.650686e+00 2.514651e+00 2.111374e+00 1.911563e+00 1.027879e-03
<GCONST> 8.856125e+01
<MIXTURE> 40 1.030800e-02
<MEAN> 25
 -8.660300e+00 1.809406e+00 -1.241608e+00 7.366080e+00 3.998703e+00 5.352872e+00 4.943600e+00 3.966399e+00 5.092239e+00 3.885508e+00 5.078717e+00 1.449895e+00 -1.372664e-01 -2.511151e-01 -1.125417e-02 -2.289172e-01 -1.182838e-01 -1.593868e-01 1.751678e-02 4.482046e-02 9.513895e-02 1.243781e-02 7.728402e-02 8.308136e-02 2.784126e-03
<VARIANCE> 25
 4.799878e+01 2.281043e+01 2.721226e+01 2.977694e+01 2.427428e+01 1.858911e+01 1.933614e+01 1.868947e+01 1.769011e+01 1.876630e+01 1.959570e+01 1.421506e+01 7.819547e-01 7.228411e-01 8.839037e-01 1.009473e+00 1.118026e+00 1.228857e+00 1.248563e+00 1.218386e+00 1.459238e+00 1.216004e+00 1.083869e+00 1.109718e+00 8.343118e-04
<GCONST> 7.680123e+01
<MIXTURE> 41 6.713375e-03
<MEAN> 25
 1.250427e+00 1.673850e+00 1.032638e+01 -6.574816e+00 -1.042061e+01 -3.621768e+00 -2.278581e+00 -4.833651e+00 -4.704694e+00 2.798083e+00 -1.693584e+00 -8.844132e-01 1.680973e-01 -7.262958e-01 1.638424e+00 -3.454268e+00 -2.409886e+00 -1.174326e-01 -5.285347e-01 -2.347588e-01 -9.095023e-01 1.063624e+00 -9.889997e-01 7.514973e-02 8.338244e-02
<VARIANCE> 25
 1.126867e+01 2.844646e+01 3.171946e+01 4.079880e+01 3.697530e+01 3.977047e+01 3.637534e+01 2.928827e+01 3.215240e+01 2.785198e+01 3.039485e+01 2.638143e+01 3.284268e+00 3.182660e+00 3.717643e+00 3.834554e+00 4.748596e+00 5.596747e+00 4.627103e+00 4.662063e+00 3.973869e+00 4.054841e+00 3.703242e+00 3.070154e+00 2.959993e-03
<GCONST> 9.737477e+01
<MIXTURE> 42 1.106211e-02
<MEAN> 25
 -2.422299e+00 3.107993e+00 4.650092e+00 2.721642e+00 -2.571125e+00 -5.053943e+00 3.657013e-01 -2.199602e+00 -1.062431e-01 -1.676764e+00 -1.779858e+00 1.107210e+00 3.886904e+00 -2.151183e-01 1.270911e+00 4.257516e-01 -2.552620e+00 -1.598327e+00 -2.280535e+00 3.296223e-01 -2.323944e+00 1.211562e-01 3.212239e-01 -4.765287e-01 -3.406193e-03
<VARIANCE> 25
 2.905586e+01 1.819309e+01 3.232483e+01 1.851595e+01 3.510014e+01 3.643282e+01 3.044100e+01 3.198956e+01 2.559946e+01 2.494929e+01 1.452957e+01 1.266619e+01 2.308601e+00 3.509489e+00 3.639793e+00 4.072543e+00 3.180111e+00 4.182664e+00 3.525016e+00 5.346429e+00 5.792295e+00 3.751146e+00 4.040284e+00 2.542122e+00 2.711424e-03
<GCONST> 9.413116e+01
<MIXTURE> 43 7.108249e-03
<MEAN> 25
 3.000926e+00 -6.272027e+00 -1.610252e+00 -4.308098e+00 -6.153111e+00 -2.981951e+00 4.072697e+00 1.859215e+00 -4.200245e+00 -6.412074e+00 -5.012896e+00 -5.143624e-01 2.762218e-01 2.016307e+00 1.703979e+00 8.771154e-02 -1.574018e+00 -6.249797e-01 -9.642848e-01 -9.482173e-01 8.700784e-01 1.106162e+00 4.444645e-01 1.019951e-03 -4.927230e-02
<VARIANCE> 25
 8.522360e+00 1.754239e+01 2.582262e+01 3.551084e+01 4.324965e+01 3.311544e+01 2.948389e+01 3.791054e+01 3.899057e+01 3.631179e+01 2.568689e+01 2.899620e+01 6.386110e-01 1.217642e+00 1.600849e+00 2.434071e+00 2.289665e+00 2.291065e+00 2.302639e+00 2.783635e+00 2.307411e+00 3.030687e+00 2.150993e+00 1.859431e+00 9.410513e-04
<GCONST> 8.691639e+01
<MIXTURE> 44 7.328289e-03
<MEAN> 25
 -1.346018e+01 3.159834e+00 2.777413e+00 -4.382776e+00 3.509109e+00 1.583471e+00 2.830502e-03 1.484172e+00 3.270743e+00 -1.925387e+00 1.636337e+00 1.242889e+00 -4.412395e-01 -1.652363e-01 9.229891e-02 8.816591e-02 -3.105539e-01 4.125910e-01 2.227696e-01 1.760162e-01 4.778780e-01 -4.774636e-02 -1.546964e-01 3.075846e-03 1.126608e-02
<VARIANCE> 25
 3.413770e+01 1.942220e+01 2.110560e+01 1.706263e+01 3.640110e+01 2.109892e+01 1.887035e+01 2.656680e+01 2.113004e+01 2.257293e+01 1.696161e+01 2.315668e+01 1.504202e+00 1.089853e+00 1.153758e+00 1.036049e+00 1.888698e+00 1.234365e+00 1.141112e+00 1.392236e+00 2.037367e+00 1.524221e+00 1.185770e+00 1.055041e+00 1.314915e-03
<GCONST> 8.003719e+01
<MIXTURE> 45 1.364932e-02
<MEAN> 25
 -9.783466e+00 2.591766e+00 -1.295758e+00 4.505742e-01 5.447361e+00 -1.704334e-01 4.203495e+00 6.334416e-01 4.823365e+00 -2.372949e-01 1.800870e+00 1.027565e+00 -2.851750e+00 9.864820e-01 -5.446792e-01 -6.037714e-01 4.645962e-01 1.651914e-01 7.680855e-01 -4.704795e-02 -1.959404e-03 -1.126671e-01 -9.315415e-02 1.402196e-01 9.562738e-02
<VARIANCE> 25
 2.678803e+01 3.354177e+01 2.551486e+01 2.411002e+01 3.005277e+01 2.643835e+01 2.591145e+01 2.650533e+01 2.120096e+01 2.209948e+01 1.688855e+01 1.556221e+01 1.565026e+00 2.867994e+00 2.316881e+00 2.264073e+00 2.395529e+00 2.062674e+00 2.316901e+00 2.846823e+00 2.109456e+00 1.797948e+00 1.801505e+00 1.244949e+00 2.477708e-03
<GCONST> 8.688377e+01
<MIXTURE> 46 9.336259e-03
<MEAN> 25
 -9.375965e+00 2.226804e+00 1.260829e+00 6.761972e+00 5.683196e+00 3.244994e+00 6.577816e+00 4.355831e+00 5.751879e+00 4.339443e+00 4.884223e+00 2.715480e+00 1.065706e+00 -3.368086e-01 3.222778e-02 9.886454e-01 5.442969e-01 9.411929e-01 3.141875e-01 6.504180e-01 5.761574e-01 5.463387e-01 6.040011e-01 5.035556e-01 -1.002450e-01
<VARIANCE> 25
 3.509416e+01 4.187422e+01 3.651712e+01 5.564457e+01 5.508685e+01 3.984541e+01 3.841659e+01 3.484058e+01 3.198377e+01 3.160473e+01 2.721829e+01 2.308973e+01 3.835437e+00 4.119055e+00 3.709849e+00 4.062224e+00 4.182968e+00 3.504015e+00 3.318199e+00 3.138000e+00 3.231471e+00 2.861805e+00 2.278615e+00 1.781881e+00 7.899631e-03
<GCONST> 9.839665e+01
<MIXTURE> 47 7.116147e-03
<MEAN> 25
 6.792758e+00 -7.116830e+00 -7.024561e+00 -6.145742e+00 1.969144e+00 8.410212e-02 -1.722820e+00 1.443713e+00 2.928220e+00 3.099059e-01 -4.453289e+00 -6.314195e+00 -2.354915e-01 -1.155066e+00 -6.549358e-01 -5.023462e-01 7.316454e-01 8.030058e-01 7.946290e-01 3.233641e-01 1.242192e-01 -9.308239e-01 -5.403222e-01 -4.408273e-01 2.939132e-02
<VARIANCE> 25
 1.189579e+01 1.925157e+01 2.226139e+01 3.113064e+01 3.951508e+01 5.478743e+01 4.474450e+01 3.806111e+01 4.261554e+01 4.312528e+01 5.048402e+01 3.122507e+01 5.579840e-01 8.031270e-01 1.083332e+00 1.644003e+00 2.008378e+00 2.075518e+00 2.211118e+00 2.338780e+00 2.006443e+00 2.259520e+00 2.314080e+00 1.864401e+00 5.953695e-04
<GCONST> 8.631357e+01
<MIXTURE> 48 7.116147e-03
<MEAN> 25
 6.792758e+00 -7.116830e+00 -7.024561e+00 -6.145742e+00 1.969144e+00 8.410212e-02 -1.722820e+00 1.443713e+00 2.928220e+00 3.099059e-01 -4.453289e+00 -6.314195e+00 -2.354915e-01 -1.155066e+00 -6.549358e-01 -5.023462e-01 7.316454e-01 8.030058e-01 7.946290e-01 3.233641e-01 1.242192e-01 -9.308239e-01 -5.403222e-01 -4.408273e-01 2.939132e-02
<VARIANCE> 25
 1.189579e+01 1.925157e+01 2.226139e+01 3.113064e+01 3.951508e+01 5.478743e+01 4.474450e+01 3.806111e+01 4.261554e+01 4.312528e+01 5.048402e+01 3.122507e+01 5.579840e-01 8.031270e-01 1.083332e+00 1.644003e+00 2.008378e+00 2.075518e+00 2.211118e+00 2.338780e+00 2.006443e+00 2.259520e+00 2.314080e+00 1.864401e+00 5.953695e-04
<GCONST> 8.631357e+01
<MIXTURE> 49 5.548473e-03
<MEAN> 25
 -5.037999e+00 3.388996e-01 1.673449e-01 8.366593e+00 6.161593e+00 5.619523e+00 6.023759e+00 4.486657e+00 5.085595e+00 3.653203e+00 4.857305e+00 2.871969e+00 3.607070e-01 6.577843e-01 6.987482e-01 3.495304e-01 -1.917604e-01 -6.650926e-01 -1.013005e+00 -1.115556e+00 -9.579509e-01 -6.808337e-01 -4.791950e-01 -2.727140e-01 -7.865833e-05
<VARIANCE> 25
 9.747690e+00 9.996643e+00 1.412093e+01 1.647629e+01 1.577492e+01 1.700560e+01 1.945724e+01 1.925883e+01 1.841202e+01 1.830261e+01 2.106939e+01 1.423527e+01 2.807452e-01 2.614233e-01 3.587313e-01 6.075055e-01 8.641322e-01 9.671711e-01 9.902624e-01 1.049595e+00 1.125306e+00 1.207855e+00 1.287728e+00 1.198640e+00 1.468324e-05
<GCONST> 6.435340e+01
<MIXTURE> 50 6.234641e-03
<MEAN> 25
 -4.182127e+00 -2.218218e-01 -1.384938e+00 5.974485e+00 4.320716e+00 2.446543e+00 3.642738e+00 1.783098e+00 2.902488e+00 9.741015e-01 2.160060e+00 2.530812e+00 3.972385e-02 1.513640e-01 7.990897e-02 -1.902880e-01 -4.863109e-01 -5.818705e-01 -4.044069e-01 -6.571319e-02 4.171118e-01 7.917225e-01 7.969351e-01 4.683932e-01 6.709560e-05
<VARIANCE> 25
 1.333599e+01 1.192529e+01 1.391228e+01 1.547059e+01 1.498694e+01 1.847372e+01 1.864445e+01 1.943389e+01 1.869069e+01 1.998615e+01 2.101978e+01 1.606082e+01 1.427609e-01 2.374270e-01 3.728390e-01 5.136015e-01 6.201705e-01 7.357562e-01 9.295280e-01 1.089824e+00 1.037305e+00 8.698585e-01 9.232079e-01 1.040984e+00 1.140162e-06
<GCONST> 6.001282e+01
<MIXTURE> 51 6.234641e-03
<MEAN> 25
 -4.182127e+00 -2.218218e-01 -1.384938e+00 5.974485e+00 4.320716e+00 2.446543e+00 3.642738e+00 1.783098e+00 2.902488e+00 9.741015e-01 2.160060e+00 2.530812e+00 3.972385e-02 1.513640e-01 7.990897e-02 -1.902880e-01 -4.863109e-01 -5.818705e-01 -4.044069e-01 -6.571319e-02 4.171118e-01 7.917225e-01 7.969351e-01 4.683932e-01 6.709560e-05
<VARIANCE> 25
 1.333599e+01 1.192529e+01 1.391228e+01 1.547059e+01 1.498694e+01 1.847372e+01 1.864445e+01 1.943389e+01 1.869069e+01 1.998615e+01 2.101978e+01 1.606082e+01 1.427609e-01 2.374270e-01 3.728390e-01 5.136015e-01 6.201705e-01 7.357562e-01 9.295280e-01 1.089824e+00 1.037305e+00 8.698585e-01 9.232079e-01 1.040984e+00 1.140162e-06
<GCONST> 6.001282e+01
<MIXTURE> 52 6.367945e-03
<MEAN> 25
 1.013672e+01 1.700610e+00 -6.763021e+00 -1.335695e+01 -3.787985e+00 8.647770e+00 -2.585419e+00 -2.857675e+00 -4.893909e+00 -1.500850e+00 2.959179e+00 9.796512e-01 -4.083631e-01 -4.244518e-01 -3.396445e-02 9.373515e-01 1.331608e+00 -3.580568e-01 -6.759181e-01 -5.706395e-01 3.333206e-01 1.122976e+00 3.664627e-01 -5.392835e-01 -1.259781e-02
<VARIANCE> 25
 8.167636e+00 1.842873e+01 2.388959e+01 3.961159e+01 4.129132e+01 2.805687e+01 4.128576e+01 4.258627e+01 4.353364e+01 4.309460e+01 3.618738e+01 2.945097e+01 3.943227e-01 1.316544e+00 1.168870e+00 2.903705e+00 2.089962e+00 2.112115e+00 2.768648e+00 2.582517e+00 3.328447e+00 2.426764e+00 2.502780e+00 2.165549e+00 1.367289e-03
<GCONST> 8.805151e+01
<MIXTURE> 53 6.367945e-03
<MEAN> 25
 1.013672e+01 1.700610e+00 -6.763021e+00 -1.335695e+01 -3.787985e+00 8.647770e+00 -2.585419e+00 -2.857675e+00 -4.893909e+00 -1.500850e+00 2.959179e+00 9.796512e-01 -4.083631e-01 -4.244518e-01 -3.396445e-02 9.373515e-01 1.331608e+00 -3.580568e-01 -6.759181e-01 -5.706395e-01 3.333206e-01 1.122976e+00 3.664627e-01 -5.392835e-01 -1.259781e-02
<VARIANCE> 25
 8.167636e+00 1.842873e+01 2.388959e+01 3.961159e+01 4.129132e+01 2.805687e+01 4.128576e+01 4.258627e+01 4.353364e+01 4.309460e+01 3.618738e+01 2.945097e+01 3.943227e-01 1.316544e+00 1.168870e+00 2.903705e+00 2.089962e+00 2.112115e+00 2.768648e+00 2.582517e+00 3.328447e+00 2.426764e+00 2.502780e+00 2.165549e+00 1.367289e-03
<GCONST> 8.805151e+01
<MIXTURE> 54 7.368620e-03
<MEAN> 25
 -3.565599e+00 3.677008e-02 -5.469021e-01 7.291250e+00 6.748249e+00 4.448082e+00 4.725254e+00 4.644301e+00 3.930177e+00 3.199372e+00 4.305766e+00 2.020724e+00 -1.223597e-02 2.874816e-02 4.182683e-02 3.724144e-02 5.301819e-02 5.648258e-02 5.806480e-02 3.419054e-02 5.916464e-02 3.436543e-02 1.632320e-02 -3.057429e-03 2.210353e-05
<VARIANCE> 25
 8.998153e+00 1.007514e+01 9.351168e+00 2.998721e+01 1.503016e+01 1.384003e+01 1.169431e+01 1.102990e+01 1.164637e+01 1.625663e+01 1.769330e+01 1.414315e+01 4.136651e-02 8.404533e-02 1.491144e-01 2.224608e-01 3.036181e-01 3.822193e-01 4.559958e-01 5.010650e-01 5.431234e-01 5.012178e-01 4.972219e-01 5.039082e-01 1.040167e-06
<GCONST> 4.789441e+01
<MIXTURE> 55 7.368620e-03
<MEAN> 25
 -3.565599e+00 3.677008e-02 -5.469021e-01 7.291250e+00 6.748249e+00 4.448082e+00 4.725254e+00 4.644301e+00 3.930177e+00 3.199372e+00 4.305766e+00 2.020724e+00 -1.223597e-02 2.874816e-02 4.182683e-02 3.724144e-02 5.301819e-02 5.648258e-02 5.806480e-02 3.419054e-02 5.916464e-02 3.436543e-02 1.632320e-02 -3.057429e-03 2.210353e-05
<VARIANCE> 25
 8.998153e+00 1.007514e+01 9.351168e+00 2.998721e+01 1.503016e+01 1.384003e+01 1.169431e+01 1.102990e+01 1.164637e+01 1.625663e+01 1.769330e+01 1.414315e+01 4.136651e-02 8.404533e-02 1.491144e-01 2.224608e-01 3.036181e-01 3.822193e-01 4.559958e-01 5.010650e-01 5.431234e-01 5.012178e-01 4.972219e-01 5.039082e-01 1.040167e-06
<GCONST> 4.789441e+01
<MIXTURE> 56 6.132464e-03
<MEAN> 25
 7.143962e+00 -5.526728e+00 -8.732958e+00 -7.658745e+00 3.567877e+00 4.969455e+00 -1.290953e+00 -1.644024e+00 1.992146e+00 4.671026e-01 -1.252555e+00 -6.222556e+00 -6.634528e-02 4.677930e-03 -1.470226e-01 8.737010e-02 2.540411e-01 7.094745e-02 7.068721e-02 -1.179562e-01 -1.387115e-02 -8.329519e-02 -7.856999e-02 -1.538360e-01 -6.698214e-03
<VARIANCE> 25
 8.473973e+00 2.075084e+01 2.066955e+01 3.812906e+01 2.710378e+01 4.763214e+01 4.780258e+01 2.973090e+01 3.604180e+01 3.165181e+01 4.030665e+01 2.687947e+01 1.779192e-01 3.325807e-01 4.725872e-01 7.616598e-01 6.762443e-01 1.119904e+00 7.688632e-01 7.858993e-01 8.879693e-01 8.084241e-01 1.148479e+00 7.728796e-01 2.024290e-04
<GCONST> 7.264935e+01
<MIXTURE> 57 6.132464e-03
<MEAN> 25
 7.143962e+00 -5.526728e+00 -8.732958e+00 -7.658745e+00 3.567877e+00 4.969455e+00 -1.290953e+00 -1.644024e+00 1.992146e+00 4.671026e-01 -1.252555e+00 -6.222556e+00 -6.634528e-02 4.677930e-03 -1.470226e-01 8.737010e-02 2.540411e-01 7.094745e-02 7.068721e-02 -1.179562e-01 -1.387115e-02 -8.329519e-02 -7.856999e-02 -1.538360e-01 -6.698214e-03
<VARIANCE> 25
 8.473973e+00 2.075084e+01 2.066955e+01 3.812906e+01 2.710378e+01 4.763214e+01 4.780258e+01 2.973090e+01 3.604180e+01 3.165181e+01 4.030665e+01 2.687947e+01 1.779192e-01 3.325807e-01 4.725872e-01 7.616598e-01 6.762443e-01 1.119904e+00 7.688632e-01 7.858993e-01 8.879693e-01 8.084241e-01 1.148479e+00 7.728796e-01 2.024290e-04
<GCONST> 7.264935e+01
<MIXTURE> 58 6.172147e-03
<MEAN> 25
 2.620534e+00 -2.476017e+00 6.044814e+00 -3.125018e+00 -1.209689e+01 -5.011300e+00 8.670295e-01 1.836881e+00 -4.388385e+00 1.775723e+00 4.309998e-01 2.233092e-01 1.790449e-01 -2.050412e-01 -8.983594e-02 -1.219136e-01 -4.568049e-02 2.941089e-01 2.137585e-01 1.499248e-01 -1.554661e-01 2.221744e-02 -1.350261e-01 -5.800106e-03 -2.485746e-03
<VARIANCE> 25
 5.831261e+00 1.160397e+01 1.856962e+01 2.617520e+01 2.143975e+01 3.724261e+01 2.470235e+01 3.159598e+01 3.205154e+01 2.238398e+01 1.736995e+01 1.749142e+01 4.152397e-01 7.452089e-01 7.182909e-01 9.154357e-01 9.362862e-01 1.032369e+00 1.567463e+00 1.752556e+00 1.048909e+00 1.023434e+00 1.111085e+00 8.455883e-01 5.533380e-04
<GCONST> 7.387594e+01
<MIXTURE> 59 6.172147e-03
<MEAN> 25
 2.620534e+00 -2.476017e+00 6.044814e+00 -3.125018e+00 -1.209689e+01 -5.011300e+00 8.670295e-01 1.836881e+00 -4.388385e+00 1.775723e+00 4.309998e-01 2.233092e-01 1.790449e-01 -2.050412e-01 -8.983594e-02 -1.219136e-01 -4.568049e-02 2.941089e-01 2.137585e-01 1.499248e-01 -1.554661e-01 2.221744e-02 -1.350261e-01 -5.800106e-03 -2.485746e-03
<VARIANCE> 25
 5.831261e+00 1.160397e+01 1.856962e+01 2.617520e+01 2.143975e+01 3.724261e+01 2.470235e+01 3.159598e+01 3.205154e+01 2.238398e+01 1.736995e+01 1.749142e+01 4.152397e-01 7.452089e-01 7.182909e-01 9.154357e-01 9.362862e-01 1.032369e+00 1.567463e+00 1.752556e+00 1.048909e+00 1.023434e+00 1.111085e+00 8.455883e-01 5.533380e-04
<GCONST> 7.387594e+01
<MIXTURE> 60 4.479129e-03
<MEAN> 25
 -3.711458e+00 -1.147369e+00 -1.083347e+00 3.441202e+00 1.978315e+00 2.320860e+00 1.518665e+00 1.306179e+00 2.918604e+00 6.255900e-01 2.264521e+00 1.605901e+00 -4.657486e-02 4.406884e-02 1.345135e-01 1.087408e-01 1.179094e-01 1.312332e-01 1.652526e-01 3.301630e-01 5.573211e-01 6.798320e-01 5.631688e-01 3.557007e-01 -3.443918e-04
<VARIANCE> 25
 9.654671e+00 5.617290e+00 9.435976e+00 1.182587e+01 1.335233e+01 1.644997e+01 1.330825e+01 1.194783e+01 1.588348e+01 1.529097e+01 1.521085e+01 1.201519e+01 8.487988e-02 1.669386e-01 2.818258e-01 4.250366e-01 6.071693e-01 7.165155e-01 8.077731e-01 8.387522e-01 9.171990e-01 8.775018e-01 8.213007e-01 1.032625e+00 2.537961e-05
<GCONST> 5.725296e+01
<MIXTURE> 61 4.479129e-03
<MEAN> 25
 -3.711458e+00 -1.147369e+00 -1.083347e+00 3.441202e+00 1.978315e+00 2.320860e+00 1.518665e+00 1.306179e+00 2.918604e+00 6.255900e-01 2.264521e+00 1.605901e+00 -4.657486e-02 4.406884e-02 1.345135e-01 1.087408e-01 1.179094e-01 1.312332e-01 1.652526e-01 3.301630e-01 5.573211e-01 6.798320e-01 5.631688e-01 3.557007e-01 -3.443918e-04
<VARIANCE> 25
 9.654671e+00 5.617290e+00 9.435976e+00 1.182587e+01 1.335233e+01 1.644997e+01 1.330825e+01 1.194783e+01 1.588348e+01 1.529097e+01 1.521085e+01 1.201519e+01 8.487988e-02 1.669386e-01 2.818258e-01 4.250366e-01 6.071693e-01 7.165155e-01 8.077731e-01 8.387522e-01 9.171990e-01 8.775018e-01 8.213007e-01 1.032625e+00 2.537961e-05
<GCONST> 5.725296e+01
<MIXTURE> 62 3.278034e-03
<MEAN> 25
 -5.079467e+00 1.221556e+00 1.038360e+00 8.799934e+00 6.132726e+00 5.053428e+00 5.492804e+00 4.034676e+00 4.991415e+00 3.893094e+00 4.950279e+00 2.942662e+00 -9.999446e-01 -1.164323e+00 -9.475146e-01 -2.842568e-01 4.253908e-01 1.005824e+00 1.387828e+00 1.549251e+00 1.474378e+00 1.245399e+00 1.066262e+00 7.190184e-01 -1.243584e-03
<VARIANCE> 25
 9.870954e+00 1.001789e+01 1.310358e+01 1.676406e+01 1.735998e+01 1.747362e+01 1.966229e+01 1.904022e+01 1.882836e+01 1.881232e+01 2.155686e+01 1.475760e+01 4.030446e-01 4.323696e-01 5.607642e-01 7.913151e-01 1.032308e+00 1.188225e+00 1.251158e+00 1.279064e+00 1.329657e+00 1.360912e+00 1.395193e+00 1.379909e+00 1.641131e-05
<GCONST> 6.755080e+01
<MIXTURE> 63 4.351215e-03
<MEAN> 25
 -2.760214e+00 -3.117943e+00 -3.745938e+00 2.147095e+00 3.375585e+00 8.607144e-01 2.245991e+00 1.242672e+00 4.535419e+00 -1.693816e+00 -7.179886e-01 1.561200e+00 -1.349942e-01 2.997945e-01 4.906427e-01 3.952486e-01 3.784258e-01 3.752182e-01 4.011829e-01 3.039496e-01 3.297307e-01 2.660461e-01 2.056521e-01 1.213833e-01 -3.775122e-03
<VARIANCE> 25
 1.124695e+01 1.183144e+01 1.362847e+01 1.533694e+01 1.501401e+01 2.317242e+01 1.941714e+01 1.975103e+01 2.852503e+01 1.904200e+01 1.548319e+01 1.552187e+01 2.316150e-01 4.201364e-01 5.338495e-01 6.424655e-01 8.826237e-01 1.093745e+00 1.214138e+00 1.219483e+00 1.304051e+00 1.359892e+00 1.140491e+00 1.265140e+00 1.478746e-04
<GCONST> 6.883861e+01
<MIXTURE> 64 4.351215e-03
<MEAN> 25
 -2.760214e+00 -3.117943e+00 -3.745938e+00 2.147095e+00 3.375585e+00 8.607144e-01 2.245991e+00 1.242672e+00 4.535419e+00 -1.693816e+00 -7.179886e-01 1.561200e+00 -1.349942e-01 2.997945e-01 4.906427e-01 3.952486e-01 3.784258e-01 3.752182e-01 4.011829e-01 3.039496e-01 3.297307e-01 2.660461e-01 2.056521e-01 1.213833e-01 -3.775122e-03
<VARIANCE> 25
 1.124695e+01 1.183144e+01 1.362847e+01 1.533694e+01 1.501401e+01 2.317242e+01 1.941714e+01 1.975103e+01 2.852503e+01 1.904200e+01 1.548319e+01 1.552187e+01 2.316150e-01 4.201364e-01 5.338495e-01 6.424655e-01 8.826237e-01 1.093745e+00 1.214138e+00 1.219483e+00 1.304051e+00 1.359892e+00 1.140491e+00 1.265140e+00 1.478746e-04
<GCONST> 6.883861e+01
<MIXTURE> 65 1.721197e-02
<MEAN> 25
 7.132653e+00 1.218520e+00 1.944194e+00 1.667394e+00 -4.134497e+00 -3.538694e+00 -3.781187e+00 -4.847828e+00 -5.438847e+00 3.364464e-01 -3.972525e+00 -5.674689e-01 2.524008e-01 7.995968e-02 3.479399e-02 2.280634e-01 -2.167456e-01 1.523879e-01 -7.533301e-02 -1.269752e-01 -9.626657e-02 1.283337e-01 1.314547e-01 -1.830986e-01 -3.686476e-03
<VARIANCE> 25
 9.103526e+00 1.431696e+01 2.010615e+01 2.245217e+01 3.402636e+01 3.813588e+01 5.385104e+01 5.545358e+01 4.834298e+01 4.754534e+01 3.567396e+01 3.114593e+01 6.465787e-01 7.404835e-01 1.364324e+00 1.632296e+00 2.811320e+00 2.040018e+00 2.463170e+00 3.590070e+00 2.167117e+00 2.106851e+00 1.964465e+00 1.484917e+00 3.952362e-04
<GCONST> 8.559613e+01
<MIXTURE> 66 1.191532e-02
<MEAN> 25
 6.817683e+00 -3.657736e+00 -4.922325e+00 -4.186255e+00 2.028634e+00 -4.878472e+00 -6.796223e+00 1.762349e+00 -3.658322e-01 -7.594119e-01 -5.630253e+00 -3.421936e+00 -7.914590e-02 1.419413e+00 2.297404e+00 2.045734e+00 -1.180237e+00 -1.232377e+00 4.146987e-01 -8.779676e-01 2.835769e-01 -4.254715e-01 -4.513962e-01 1.188256e+00 -5.732151e-02
<VARIANCE> 25
 8.850747e+00 2.014477e+01 2.542738e+01 2.903956e+01 3.420846e+01 4.694246e+01 5.174931e+01 4.106284e+01 5.312531e+01 6.292801e+01 3.433878e+01 3.289281e+01 1.253126e+00 2.368751e+00 2.288341e+00 2.437305e+00 3.770589e+00 3.888627e+00 4.428308e+00 5.660149e+00 4.423576e+00 4.532911e+00 3.629360e+00 2.963969e+00 1.506718e-03
<GCONST> 9.551151e+01
<MIXTURE> 67 1.559142e-02
<MEAN> 25
 8.886924e+00 2.083678e+00 -5.847056e+00 -7.832816e+00 1.144425e+00 2.950277e+00 -3.697600e+00 -2.130970e+00 -4.432686e+00 7.472516e-01 2.244856e-01 -1.448216e+00 -1.040920e+00 1.627036e+00 1.086211e+00 2.904335e+00 1.204624e+00 -5.760317e-01 1.330106e+00 1.421927e-01 3.719606e-01 2.175097e-01 -4.577816e-01 7.005336e-01 -1.257455e-01
<VARIANCE> 25
 1.071467e+01 3.583267e+01 2.879602e+01 5.367997e+01 4.592312e+01 5.016235e+01 5.874701e+01 4.880633e+01 6.652600e+01 5.300852e+01 5.246259e+01 4.461704e+01 2.020590e+00 3.670835e+00 3.048750e+00 4.456829e+00 4.528715e+00 4.273785e+00 4.358566e+00 4.684032e+00 5.731505e+00 4.414240e+00 5.101313e+00 3.552999e+00 2.998703e-03
<GCONST> 1.017810e+02
<MIXTURE> 68 1.485092e-02
<MEAN> 25
 -2.347597e+00 -2.560683e+00 -3.474551e+00 1.403421e+00 5.182098e+00 -5.456942e-01 1.076214e+00 2.264777e+00 2.724199e+00 2.247949e+00 9.019727e-01 8.913866e-01 3.027758e+00 7.789748e-01 -2.429015e-01 -2.405001e+00 -2.016190e+00 -1.377778e+00 -2.385240e+00 -1.850372e+00 -2.027882e+00 -9.619021e-01 -1.626774e+00 -9.555447e-01 7.963043e-02
<VARIANCE> 25
 2.621576e+01 2.770630e+01 5.007091e+01 4.776683e+01 4.390874e+01 4.635714e+01 4.367339e+01 4.451196e+01 3.928429e+01 4.014103e+01 3.665812e+01 2.626236e+01 1.981351e+00 3.489186e+00 5.385152e+00 5.093425e+00 4.666266e+00 4.972576e+00 5.057642e+00 4.415693e+00 4.866501e+00 5.477398e+00 4.803864e+00 2.979369e+00 7.178537e-03
<GCONST> 1.022416e+02
<MIXTURE> 69 1.204884e-02
<MEAN> 25
 4.254285e+00 -3.991308e+00 -2.758410e+00 -3.333133e+00 -2.746167e+00 -6.814846e+00 -1.112694e+00 2.354235e+00 2.533541e-01 -3.856899e+00 -5.529975e+00 6.778701e-01 1.721855e+00 -1.815328e+00 -1.322107e+00 -2.090126e+00 -4.714458e-01 -2.529023e-01 -4.176832e-01 6.647945e-01 -6.166760e-01 -1.126857e+00 -2.011058e+00 -2.433527e-01 4.830085e-02
<VARIANCE> 25
 8.077451e+00 1.849312e+01 2.460116e+01 2.411054e+01 4.021283e+01 4.167244e+01 4.486631e+01 2.891317e+01 3.829441e+01 3.835173e+01 2.798648e+01 2.187272e+01 4.132806e+00 2.961388e+00 2.874972e+00 3.791662e+00 5.159434e+00 4.443289e+00 6.062382e+00 5.601048e+00 5.660660e+00 5.260615e+00 3.891852e+00 3.169478e+00 2.982904e-03
<GCONST> 9.728203e+01
<MIXTURE> 70 1.329190e-02
<MEAN> 25
 7.114175e+00 -1.878694e+00 -3.343041e+00 -3.489406e+00 5.150641e-01 -4.189429e-01 -7.900682e+00 -3.461869e+00 1.015666e-01 2.687872e+00 8.955231e-02 -4.752027e+00 1.949536e+00 -5.889043e-01 -8.614327e-01 -1.808619e+00 -1.342779e+00 8.243961e-01 -1.346817e+00 -4.705155e-01 -3.612830e-01 2.608725e-01 3.211460e-01 -1.224957e+00 4.865541e-02
<VARIANCE> 25
 9.321021e+00 1.915434e+01 2.251378e+01 3.680339e+01 2.944707e+01 3.467156e+01 4.267640e+01 3.614778e+01 5.272953e+01 3.557293e+01 3.638705e+01 2.270248e+01 5.169932e+00 3.161437e+00 3.982156e+00 4.546633e+00 4.441342e+00 5.946879e+00 5.768923e+00 7.874257e+00 7.726748e+00 4.350008e+00 5.525966e+00 3.848122e+00 3.289050e-03
<GCONST> 1.000094e+02
<MIXTURE> 71 1.406903e-02
<MEAN> 25
 5.464671e+00 4.054646e+00 4.084521e+00 2.657469e+00 -2.333363e+00 -3.661404e+00 -1.567399e+00 -5.652704e+00 -4.596637e+00 -1.357093e+00 -3.557668e+00 -1.951966e+00 -1.634200e+00 -4.880689e-01 -2.004293e-01 -1.725276e+00 1.168975e+00 -2.614963e-01 3.841416e-02 1.521739e+00 4.522859e-01 -3.605438e-01 4.397710e-01 1.499350e-02 2.779463e-02
<VARIANCE> 25
 1.748563e+01 2.149626e+01 1.882093e+01 3.381441e+01 4.893158e+01 3.078477e+01 4.825261e+01 3.680159e+01 3.789141e+01 3.910093e+01 3.136862e+01 3.086280e+01 1.536789e+00 2.415647e+00 4.139709e+00 4.095897e+00 5.192600e+00 3.945830e+00 4.651649e+00 4.329075e+00 3.887903e+00 3.431928e+00 3.575261e+00 2.782068e+00 1.442876e-03
<GCONST> 9.581956e+01
<MIXTURE> 72 8.134747e-03
<MEAN> 25
 3.453304e+00 -1.932043e+00 4.687085e+00 -7.982086e-01 -8.554337e+00 -7.921827e+00 -1.478233e+00 4.060969e+00 -6.015873e+00 -6.518588e-01 -1.255803e+00 8.724067e-01 7.310998e-01 -6.368722e-01 -2.004909e+00 4.621558e-01 2.173323e+00 -8.357207e-01 -7.776508e-01 1.452870e+00 1.405052e+00 -5.471642e-01 -1.385495e+00 2.551384e-01 -7.224181e-03
<VARIANCE> 25
 9.240461e+00 1.692431e+01 2.241308e+01 3.461592e+01 3.335695e+01 2.736390e+01 3.142843e+01 3.359695e+01 3.841147e+01 2.904748e+01 2.929159e+01 1.850764e+01 4.698986e-01 7.428351e-01 1.607717e+00 1.164305e+00 1.865084e+00 2.160135e+00 3.111147e+00 2.826000e+00 2.649019e+00 2.409862e+00 1.882094e+00 1.547926e+00 4.550814e-04
<GCONST> 8.311442e+01
<MIXTURE> 73 1.213625e-02
<MEAN> 25
 -5.564337e+00 -8.817111e-01 -1.195891e+00 4.537708e+00 4.225432e+00 2.242678e+00 5.391470e+00 3.445237e+00 4.455191e+00 3.356221e+00 4.147689e+00 2.962653e+00 6.992640e-01 -1.003856e+00 -8.902816e-01 -2.471321e+00 -1.315021e+00 -1.669551e+00 -7.927200e-01 -5.804467e-01 -8.642238e-01 -7.087152e-01 -1.097753e+00 -2.122800e-01 1.503746e-01
<VARIANCE> 25
 1.307105e+01 1.311412e+01 1.539036e+01 2.585414e+01 2.387547e+01 2.432567e+01 2.025617e+01 1.973916e+01 1.743841e+01 1.847593e+01 2.229870e+01 1.517142e+01 4.214486e+00 3.006015e+00 5.767659e+00 5.119462e+00 6.167182e+00 4.657787e+00 4.619627e+00 4.309622e+00 4.008099e+00 4.273608e+00 3.416933e+00 2.765827e+00 4.646332e-03
<GCONST> 9.302036e+01
<MIXTURE> 74 1.756491e-02
<MEAN> 25
 4.173197e+00 -1.549951e+00 4.890761e+00 -2.676185e-01 -7.553618e+00 -7.670270e+00 -1.840569e+00 1.165118e+00 -4.232087e+00 -2.055811e+00 -2.186455e+00 9.550253e-01 3.317088e-01 1.647689e+00 4.251566e-02 1.527784e+00 1.180260e+00 4.173386e-01 2.162958e-01 -1.328981e+00 3.284439e-01 7.483283e-03 -1.420727e-01 -9.325861e-02 -6.894005e-02
<VARIANCE> 25
 1.049661e+01 1.848315e+01 3.069404e+01 3.568541e+01 4.130800e+01 3.601612e+01 4.732858e+01 4.062220e+01 4.460904e+01 3.912949e+01 3.911764e+01 2.889996e+01 2.185354e+00 2.170761e+00 3.227814e+00 2.369809e+00 3.772714e+00 3.322738e+00 4.355156e+00 4.205158e+00 4.320391e+00 3.522946e+00 3.154982e+00 2.724875e+00 1.726834e-03
<GCONST> 9.511564e+01
<MIXTURE> 75 9.711651e-03
<MEAN> 25
 2.028517e+00 -6.765573e-01 9.304747e+00 2.607135e+00 -1.120671e+01 -6.012845e+00 -4.072093e+00 -3.105958e-01 -5.962685e+00 -2.598939e+00 2.496632e+00 9.897241e-01 1.997682e+00 -1.488023e+00 1.605842e-01 -1.553424e-01 -1.994453e+00 -7.716274e-01 -1.339183e+00 1.767186e+00 -1.475725e+00 2.887176e-01 6.191620e-01 -2.611876e-01 2.410326e-02
<VARIANCE> 25
 7.408321e+00 1.113330e+01 2.190586e+01 2.652795e+01 3.096321e+01 2.564478e+01 2.592210e+01 2.638062e+01 2.908918e+01 2.741356e+01 1.546993e+01 1.544344e+01 1.729716e+00 1.577479e+00 2.459280e+00 2.100936e+00 2.640779e+00 3.099285e+00 3.023454e+00 3.193678e+00 4.890615e+00 2.514138e+00 2.616147e+00 1.931755e+00 1.112600e-03
<GCONST> 8.643096e+01
<MIXTURE> 76 1.052359e-02
<MEAN> 25
 -5.278608e+00 -1.600132e+00 -1.901731e+00 2.517696e+00 3.683592e+00 1.868244e+00 3.213156e+00 1.120712e+00 4.584506e+00 -6.827404e-01 9.421079e-01 1.318375e+00 -3.384509e-01 -5.132805e-01 -2.633256e-01 -7.066985e-01 -5.272188e-01 -6.629425e-01 -4.701361e-01 -3.549391e-01 -4.846688e-01 -3.504275e-01 -1.908312e-01 -2.647865e-01 1.592104e-02
<VARIANCE> 25
 4.047868e+01 2.312389e+01 2.118757e+01 2.156273e+01 2.512627e+01 2.837468e+01 2.676184e+01 2.758187e+01 2.711163e+01 2.111086e+01 2.122243e+01 1.665717e+01 1.257189e+00 1.244789e+00 1.166734e+00 9.190952e-01 1.477268e+00 1.695101e+00 1.218292e+00 1.868437e+00 1.476967e+00 1.757738e+00 1.249490e+00 1.430701e+00 1.031559e-03
<GCONST> 8.122056e+01
<MIXTURE> 77 1.244626e-02
<MEAN> 25
 -4.565586e-01 8.487179e+00 1.228533e+01 -1.137496e+01 -6.945874e+00 9.207017e-01 -9.180292e+00 -7.079678e+00 -3.461161e+00 -1.813252e-01 -4.619876e+00 -1.363169e+00 5.725281e-02 1.687426e-01 7.465705e-02 2.431200e-01 -6.406026e-03 7.329319e-02 -6.262293e-02 -8.939755e-02 8.803076e-02 -5.087577e-02 3.054688e-02 1.212717e-01 -9.804665e-03
<VARIANCE> 25
 1.030602e+01 2.026566e+01 2.850566e+01 4.347604e+01 3.289759e+01 3.321892e+01 3.676532e+01 3.289424e+01 3.522822e+01 3.278385e+01 3.731201e+01 3.515947e+01 3.007987e-01 8.230926e-01 6.490489e-01 1.083727e+00 1.230674e+00 9.778870e-01 1.221672e+00 1.133588e+00 1.039389e+00 1.063977e+00 9.639406e-01 9.124920e-01 5.369445e-04
<GCONST> 7.794194e+01
<MIXTURE> 78 9.702551e-03
<MEAN> 25
 -1.078159e+01 9.336817e-01 -1.089520e+00 1.048509e+00 3.237460e+00 -2.043676e+00 2.618219e+00 3.167280e+00 3.976248e+00 -1.686477e+00 -2.179930e-01 2.172094e+00 2.624307e+00 -7.100964e-01 1.810488e-01 5.682384e-01 1.613879e-02 4.013555e-02 -3.711483e-01 1.409943e-01 2.361866e-01 5.259539e-01 -6.805599e-01 -7.798747e-01 -6.383290e-02
<VARIANCE> 25
 3.770024e+01 3.378609e+01 2.471872e+01 2.464340e+01 4.239344e+01 3.547531e+01 3.662417e+01 2.327285e+01 3.103155e+01 2.714516e+01 1.900486e+01 1.893052e+01 3.870449e+00 2.113644e+00 2.530778e+00 2.301195e+00 2.794822e+00 2.253623e+00 2.243632e+00 2.432041e+00 3.018046e+00 2.251467e+00 2.239470e+00 1.992657e+00 2.949031e-03
<GCONST> 9.118071e+01
<MIXTURE> 79 1.156824e-02
<MEAN> 25
 2.508891e+00 1.360585e+00 8.573955e+00 -4.978900e+00 -1.172049e+01 -1.993128e+00 -1.701259e+00 -5.093758e+00 -7.314337e+00 9.573240e-01 -2.349910e+00 -2.470681e+00 1.134657e+00 -4.643423e-01 -1.243773e+00 2.119949e+00 4.371635e-01 -1.441642e+00 4.384781e-01 1.092073e+00 -4.972589e-01 -5.741634e-01 4.525866e-01 2.784204e-01 -3.082132e-02
<VARIANCE> 25
 1.362181e+01 2.081320e+01 3.246388e+01 4.994608e+01 2.985783e+01 3.821250e+01 3.810363e+01 3.760466e+01 3.630349e+01 3.474939e+01 4.074757e+01 2.751176e+01 1.072626e+00 1.923626e+00 1.734489e+00 2.017256e+00 2.349436e+00 2.461687e+00 2.895557e+00 3.436680e+00 3.076163e+00 2.518785e+00 2.235454e+00 1.810717e+00 1.140089e-03
<GCONST> 9.015284e+01
<MIXTURE> 80 7.550998e-03
<MEAN> 25
 -1.370105e+01 4.180601e+00 1.494151e-01 2.369913e+00 1.667638e+00 1.156107e+00 6.287753e+00 1.204678e+00 3.603101e+00 1.111587e+00 4.504697e+00 9.155710e-01 4.089624e+00 -3.920598e-01 1.824254e+00 -9.397502e-01 -2.555125e+00 -2.696460e+00 -2.218416e+00 -1.665018e+00 -2.040101e+00 -9.982440e-01 -1.638468e+00 -2.717085e-01 -4.853698e-02
<VARIANCE> 25
 1.777907e+01 1.731734e+01 2.898450e+01 2.816745e+01 2.548414e+01 2.507610e+01 2.358525e+01 2.903537e+01 2.451874e+01 2.630366e+01 2.241685e+01 1.720768e+01 2.042130e+00 2.518169e+00 2.357667e+00 3.301955e+00 2.784622e+00 2.088898e+00 2.615069e+00 3.465230e+00 2.209172e+00 3.044042e+00 2.252023e+00 1.901006e+00 1.213046e-03
<GCONST> 8.809492e+01
<MIXTURE> 81 8.025434e-03
<MEAN> 25
 -1.114171e+00 4.052742e+00 1.015786e+01 -1.475413e+01 -9.050928e+00 -1.424904e+00 -6.733715e+00 -8.401853e+00 -4.165340e+00 -4.100230e-01 -7.551241e+00 -2.229465e+00 1.359482e-01 -5.867821e-01 -5.276426e-03 -5.604340e-01 -4.630389e-01 3.351172e-01 3.122621e-01 1.408830e-01 -1.419896e-01 1.037536e-01 -4.666509e-01 -1.235215e-01 1.143179e-02
<VARIANCE> 25
 1.011912e+01 3.276442e+01 2.649433e+01 2.975682e+01 3.409906e+01 3.057882e+01 4.561679e+01 2.833179e+01 3.791246e+01 3.188931e+01 2.535888e+01 3.107718e+01 7.795833e-01 2.274434e+00 1.543951e+00 2.868972e+00 2.655928e+00 2.118486e+00 3.293603e+00 2.293883e+00 2.361343e+00 2.533393e+00 2.293363e+00 2.074659e+00 1.184493e-03
<GCONST> 8.872259e+01
<MIXTURE> 82 8.213053e-03
<MEAN> 25
 -9.544524e+00 -3.739159e+00 1.940663e+00 -2.901023e+00 1.820956e+00 1.915156e+00 2.563805e+00 -7.647476e-01 4.968533e+00 1.111214e+00 1.740214e+00 1.969605e+00 -1.727821e+00 9.343578e-02 3.929051e-01 -1.821841e+00 -1.424806e+00 -5.856305e-01 -4.797895e-01 -1.589475e+00 -5.594795e-02 -5.210438e-01 -3.759088e-01 7.929430e-02 1.589105e-01
<VARIANCE> 25
 1.624710e+01 2.132152e+01 2.642000e+01 2.752626e+01 4.346735e+01 3.074850e+01 2.837048e+01 4.875872e+01 3.768950e+01 2.228462e+01 2.395238e+01 2.007648e+01 3.779868e+00 2.524838e+00 2.718754e+00 4.092026e+00 3.718943e+00 3.869072e+00 3.170523e+00 3.938637e+00 2.841128e+00 2.866030e+00 2.003706e+00 1.670763e+00 4.051924e-03
<GCONST> 9.337592e+01
<MIXTURE> 83 1.167529e-02
<MEAN> 25
 -1.817249e+01 5.699111e+00 -1.640912e+00 -2.422902e+00 6.101693e+00 -1.692829e-01 4.125916e+00 1.770668e+00 3.886289e+00 8.678228e-01 3.328333e-01 1.960381e+00 -1.011162e-01 -2.744938e-01 2.634374e-01 -1.817082e-01 -3.709194e-01 -3.517343e-05 -1.067558e-01 -9.053853e-02 -1.629928e-01 -1.979725e-02 -5.251577e-03 -7.007720e-02 3.674030e-03
<VARIANCE> 25
 8.236034e+00 9.696071e+00 1.853886e+01 1.755854e+01 1.573533e+01 1.764596e+01 1.863770e+01 1.712093e+01 1.942345e+01 1.711860e+01 1.810388e+01 9.828979e+00 1.025949e+00 7.718639e-01 1.054100e+00 8.138735e-01 1.208718e+00 9.824708e-01 1.018102e+00 1.269986e+00 9.865758e-01 1.583989e+00 1.111286e+00 7.684472e-01 9.250107e-04
<GCONST> 7.183768e+01
<MIXTURE> 84 1.066614e-02
<MEAN> 25
 8.134643e-01 8.276988e+00 6.803640e+00 7.531378e+00 2.139728e+00 -1.351182e+00 -1.124921e+00 -4.120032e+00 -3.940085e+00 -2.563519e+00 -1.743462e+00 -1.047260e+00 -1.731258e+00 -1.011253e+00 -1.255945e+00 1.057181e+00 2.407577e+00 1.191664e+00 1.429279e+00 1.173970e+00 1.461576e+00 2.642782e-01 3.376620e-01 2.438403e-01 -6.191987e-02
<VARIANCE> 25
 2.252700e+01 2.113160e+01 2.072842e+01 2.492437e+01 2.972578e+01 2.594996e+01 2.730870e+01 2.833230e+01 2.380767e+01 2.491553e+01 2.297921e+01 2.376250e+01 1.940784e+00 2.390729e+00 3.541978e+00 3.516136e+00 3.254222e+00 3.451256e+00 3.004045e+00 3.141200e+00 3.626418e+00 2.996874e+00 3.533377e+00 2.710891e+00 3.615048e-03
<GCONST> 9.209005e+01
<MIXTURE> 85 7.591393e-03
<MEAN> 25
 -3.020894e+00 7.483881e+00 5.438769e+00 1.137367e+00 -3.236005e+00 -5.093616e+00 -2.964274e+00 -5.862565e+00 -3.172844e+00 -3.029981e+00 -3.252687e-01 -1.853850e+00 3.971043e+00 2.907388e-01 1.641725e+00 -1.952641e+00 -3.208416e+00 -2.530773e+00 -2.853369e+00 -2.218640e+00 -2.374242e+00 -1.112848e+00 -2.149846e+00 -5.335325e-01 5.144055e-03
<VARIANCE> 25
 4.192942e+01 2.460491e+01 3.602546e+01 3.671389e+01 3.950444e+01 3.912090e+01 3.229716e+01 2.797122e+01 2.695108e+01 2.563661e+01 2.469708e+01 2.130736e+01 2.632064e+00 4.192205e+00 4.023079e+00 5.066389e+00 4.520470e+00 3.696017e+00 3.620201e+00 4.391088e+00 3.801950e+00 4.038217e+00 4.027276e+00 3.336167e+00 5.192629e-03
<GCONST> 9.809261e+01
<MIXTURE> 86 1.273941e-02
<MEAN> 25
 -4.473626e+00 -1.465221e+00 -7.908521e-01 5.786952e+00 4.955164e+00 4.610191e+00 5.110952e+00 4.119982e+00 5.278336e+00 3.356675e+00 4.937368e+00 2.542004e+00 -3.254928e-02 1.324841e-02 -1.409177e-02 -9.995352e-02 -1.117298e-01 -1.696445e-01 -2.725157e-01 -2.942469e-01 -3.811146e-01 -3.224314e-01 -1.915101e-01 -6.996877e-02 -4.626020e-04
<VARIANCE> 25
 9.367792e+00 5.826248e+00 9.108003e+00 1.391864e+01 1.501052e+01 1.339393e+01 1.283561e+01 1.430459e+01 1.537696e+01 1.636746e+01 1.522659e+01 1.238877e+01 1.048908e-01 2.013272e-01 3.264850e-01 4.608666e-01 6.135551e-01 6.777208e-01 7.048380e-01 7.859231e-01 7.949749e-01 8.505214e-01 8.688201e-01 8.986967e-01 5.304145e-05
<GCONST> 5.837025e+01
<MIXTURE> 87 1.100681e-02
<MEAN> 25
 -3.017228e+00 4.124202e+00 3.473526e+00 6.294645e+00 5.494678e+00 2.727075e-01 1.973172e+00 -1.204448e+00 -5.804520e-01 -1.021991e+00 -6.283984e-01 -1.298000e-01 -2.103863e+00 -2.502665e+00 -1.952253e+00 -2.198507e+00 2.060684e-01 -2.071909e-01 5.169814e-01 1.267480e+00 1.346070e+00 8.784742e-01 7.821531e-01 8.259580e-01 9.126108e-02
<VARIANCE> 25
 3.528420e+01 2.846446e+01 2.554861e+01 3.509887e+01 3.012737e+01 3.123911e+01 2.941614e+01 2.703762e+01 2.456785e+01 2.505470e+01 2.271135e+01 2.184395e+01 3.544774e+00 2.883929e+00 3.701121e+00 3.653520e+00 5.202282e+00 4.013828e+00 4.447877e+00 3.783994e+00 3.522119e+00 3.225543e+00 3.303696e+00 2.721043e+00 5.749582e-03
<GCONST> 9.607153e+01
<MIXTURE> 88 1.256585e-02
<MEAN> 25
 -4.001460e+00 -1.344483e+00 -8.648894e-01 4.500877e+00 4.229301e+00 2.527370e+00 3.883121e+00 3.113919e+00 4.111851e+00 1.499511e+00 2.356815e+00 2.008459e+00 -1.151221e-01 -5.493277e-02 1.204843e-02 2.381912e-01 1.249033e-01 7.009305e-02 -1.019470e-01 -4.709259e-01 9.748922e-03 -2.067070e-01 -2.153894e-01 -2.064949e-02 -2.045472e-03
<VARIANCE> 25
 1.186657e+01 1.000810e+01 1.350218e+01 2.277082e+01 2.187717e+01 2.145547e+01 1.736586e+01 1.856501e+01 1.830132e+01 1.877006e+01 1.827516e+01 1.425162e+01 1.684891e+00 1.774529e+00 1.906848e+00 2.143676e+00 3.085104e+00 2.629399e+00 2.323623e+00 2.407493e+00 2.700476e+00 2.709273e+00 2.033150e+00 2.514091e+00 1.270013e-03
<GCONST> 8.305238e+01
<MIXTURE> 89 9.333527e-03
<MEAN> 25
 5.730451e+00 -5.646675e+00 -2.711511e+00 -2.013492e+00 1.933583e-01 -4.901920e+00 -5.660805e+00 4.252299e+00 2.725804e+00 -3.431216e-01 -6.024229e+00 -3.192104e+00 -8.545527e-01 1.841835e-01 2.015605e+00 7.232769e-01 -1.769333e+00 -1.237057e+00 8.296548e-01 1.511899e+00 -7.166330e-01 -1.041998e+00 8.010537e-02 1.539582e+00 -3.608191e-03
<VARIANCE> 25
 7.686190e+00 2.454027e+01 2.429488e+01 2.662793e+01 3.645573e+01 3.489966e+01 5.472438e+01 3.468321e+01 3.437307e+01 4.321175e+01 2.818381e+01 2.592784e+01 4.652617e-01 7.056721e-01 1.180723e+00 1.725499e+00 1.475499e+00 1.980643e+00 1.950542e+00 1.877627e+00 2.253763e+00 1.850115e+00 2.187345e+00 1.179103e+00 2.893762e-04
<GCONST> 8.244943e+01
<MIXTURE> 90 7.114505e-03
<MEAN> 25
 2.439815e+00 -9.624057e+00 -4.670645e+00 -3.898178e+00 -3.338089e+00 -1.762727e+00 3.328801e+00 1.203492e+00 -7.253781e+00 -1.011983e+01 -3.376935e+00 -7.525675e-01 -1.615881e-01 9.040735e-01 1.156268e+00 -8.507296e-01 -1.609674e+00 -1.995822e-01 6.407748e-01 -2.132656e-01 -1.823233e-01 7.335544e-01 2.021351e-01 -5.520016e-01 -1.086627e-02
<VARIANCE> 25
 8.390875e+00 1.801950e+01 1.986748e+01 2.790724e+01 3.660975e+01 3.184054e+01 3.797635e+01 3.590493e+01 3.957977e+01 2.782347e+01 2.680579e+01 2.585256e+01 2.229578e-01 6.089188e-01 7.839019e-01 1.033866e+00 1.456793e+00 1.575549e+00 1.753714e+00 1.635384e+00 1.804394e+00 1.652169e+00 1.494470e+00 1.294734e+00 2.180997e-04
<GCONST> 7.810690e+01
<MIXTURE> 91 7.852945e-03
<MEAN> 25
 6.103994e+00 -7.131520e+00 -7.751662e+00 -4.613270e+00 4.043672e+00 2.612295e-01 -1.959587e+00 8.512985e-01 1.514166e+00 -2.859324e+00 -4.554178e+00 -4.628462e+00 2.885331e-01 9.737992e-01 1.727100e-01 4.953275e-01 -1.477253e-01 -4.615233e-01 -4.293974e-01 -1.097120e-01 2.315968e-02 2.929781e-01 -1.502057e-01 2.816481e-01 -3.541840e-02
<VARIANCE> 25
 1.001411e+01 2.260744e+01 2.342817e+01 3.868057e+01 3.230896e+01 5.254851e+01 5.044334e+01 3.645080e+01 5.596168e+01 5.817975e+01 3.823357e+01 4.007833e+01 4.897416e-01 8.706519e-01 1.075800e+00 1.316298e+00 2.189615e+00 2.295716e+00 2.194032e+00 2.279335e+00 2.290289e+00 2.253944e+00 1.898714e+00 1.757098e+00 5.636122e-04
<GCONST> 8.664009e+01
<MIXTURE> 92 7.852945e-03
<MEAN> 25
 6.103994e+00 -7.131520e+00 -7.751662e+00 -4.613270e+00 4.043672e+00 2.612295e-01 -1.959587e+00 8.512985e-01 1.514166e+00 -2.859324e+00 -4.554178e+00 -4.628462e+00 2.885331e-01 9.737992e-01 1.727100e-01 4.953275e-01 -1.477253e-01 -4.615233e-01 -4.293974e-01 -1.097120e-01 2.315968e-02 2.929781e-01 -1.502057e-01 2.816481e-01 -3.541840e-02
<VARIANCE> 25
 1.001411e+01 2.260744e+01 2.342817e+01 3.868057e+01 3.230896e+01 5.254851e+01 5.044334e+01 3.645080e+01 5.596168e+01 5.817975e+01 3.823357e+01 4.007833e+01 4.897416e-01 8.706519e-01 1.075800e+00 1.316298e+00 2.189615e+00 2.295716e+00 2.194032e+00 2.279335e+00 2.290289e+00 2.253944e+00 1.898714e+00 1.757098e+00 5.636122e-04
<GCONST> 8.664009e+01
<MIXTURE> 93 6.122769e-03
<MEAN> 25
 -6.816318e+00 -9.652814e-01 -2.401022e+00 5.793751e+00 5.907509e+00 3.924916e+00 6.118317e+00 3.605583e+00 4.123141e+00 2.499691e+00 1.818820e+00 3.699788e+00 -6.179665e-02 -1.544417e-01 -2.573962e-01 -3.314018e-01 -3.332968e-01 -2.841690e-01 -2.178085e-01 -1.739577e-01 -1.668522e-01 -1.497443e-01 -1.033586e-01 -3.472554e-02 -3.696506e-06
<VARIANCE> 25
 9.170604e+00 6.038755e+00 8.179949e+00 1.137915e+01 1.148941e+01 1.597262e+01 1.529330e+01 1.644011e+01 1.476666e+01 1.461618e+01 1.678828e+01 1.347422e+01 8.268267e-02 1.532672e-01 2.636355e-01 3.807706e-01 4.983415e-01 6.419986e-01 7.788192e-01 8.873727e-01 9.161642e-01 8.764437e-01 8.936448e-01 9.191952e-01 1.002436e-06
<GCONST> 5.362458e+01
<MIXTURE> 94 6.122769e-03
<MEAN> 25
 -6.816318e+00 -9.652814e-01 -2.401022e+00 5.793751e+00 5.907509e+00 3.924916e+00 6.118317e+00 3.605583e+00 4.123141e+00 2.499691e+00 1.818820e+00 3.699788e+00 -6.179665e-02 -1.544417e-01 -2.573962e-01 -3.314018e-01 -3.332968e-01 -2.841690e-01 -2.178085e-01 -1.739577e-01 -1.668522e-01 -1.497443e-01 -1.033586e-01 -3.472554e-02 -3.696506e-06
<VARIANCE> 25
 9.170604e+00 6.038755e+00 8.179949e+00 1.137915e+01 1.148941e+01 1.597262e+01 1.529330e+01 1.644011e+01 1.476666e+01 1.461618e+01 1.678828e+01 1.347422e+01 8.268267e-02 1.532672e-01 2.636355e-01 3.807706e-01 4.983415e-01 6.419986e-01 7.788192e-01 8.873727e-01 9.161642e-01 8.764437e-01 8.936448e-01 9.191952e-01 1.002436e-06
<GCONST> 5.362458e+01
<MIXTURE> 95 5.258835e-03
<MEAN> 25
 -4.693875e+00 -9.363399e-01 -1.577851e+00 4.282371e+00 4.447809e+00 3.016473e+00 3.882828e+00 1.743430e+00 3.568318e+00 2.548662e-01 7.365283e-01 2.183766e+00 6.569644e-02 2.315547e-01 9.402214e-03 -1.435876e-01 -3.142886e-01 -7.676831e-01 -1.140936e+00 -1.280615e+00 -1.274376e+00 -9.890620e-01 -4.955025e-01 -3.871206e-01 -5.880579e-04
<VARIANCE> 25
 1.453911e+01 5.796671e+00 1.094506e+01 1.266176e+01 1.271295e+01 1.598776e+01 1.561566e+01 1.476635e+01 2.020479e+01 1.553580e+01 2.056975e+01 1.471253e+01 2.220847e-01 3.581700e-01 4.443282e-01 5.725858e-01 7.108935e-01 8.462956e-01 8.254680e-01 8.166705e-01 8.519855e-01 9.962017e-01 1.116013e+00 1.004409e+00 6.027617e-05
<GCONST> 6.296010e+01
<MIXTURE> 96 7.034694e-03
<MEAN> 25
 -4.375219e+00 -7.468503e-01 -2.181959e+00 4.896298e+00 4.013495e+00 2.320141e+00 3.334224e+00 1.875454e+00 3.273168e+00 2.655224e-01 9.105895e-01 2.237542e+00 -1.261183e-02 8.048043e-02 1.822910e-01 4.121131e-01 5.935560e-01 5.471739e-01 1.466930e-01 -1.111806e-01 -4.387339e-01 -7.028014e-01 -6.017524e-01 -4.189703e-01 -1.436696e-06
<VARIANCE> 25
 1.506496e+01 9.753325e+00 1.191993e+01 1.475599e+01 1.408026e+01 2.094735e+01 1.746897e+01 1.774524e+01 2.332285e+01 1.993012e+01 1.876041e+01 1.679282e+01 1.145284e-01 2.027469e-01 3.057970e-01 3.723962e-01 4.854803e-01 6.687878e-01 8.937982e-01 9.305189e-01 1.078403e+00 8.664711e-01 9.242603e-01 9.999310e-01 1.018736e-06
<GCONST> 5.823629e+01
<MIXTURE> 97 7.034694e-03
<MEAN> 25
 -4.375219e+00 -7.468503e-01 -2.181959e+00 4.896298e+00 4.013495e+00 2.320141e+00 3.334224e+00 1.875454e+00 3.273168e+00 2.655224e-01 9.105895e-01 2.237542e+00 -1.261183e-02 8.048043e-02 1.822910e-01 4.121131e-01 5.935560e-01 5.471739e-01 1.466930e-01 -1.111806e-01 -4.387339e-01 -7.028014e-01 -6.017524e-01 -4.189703e-01 -1.436696e-06
<VARIANCE> 25
 1.506496e+01 9.753325e+00 1.191993e+01 1.475599e+01 1.408026e+01 2.094735e+01 1.746897e+01 1.774524e+01 2.332285e+01 1.993012e+01 1.876041e+01 1.679282e+01 1.145284e-01 2.027469e-01 3.057970e-01 3.723962e-01 4.854803e-01 6.687878e-01 8.937982e-01 9.305189e-01 1.078403e+00 8.664711e-01 9.242603e-01 9.999310e-01 1.018736e-06
<GCONST> 5.823629e+01
<MIXTURE> 98 9.917808e-03
<MEAN> 25
 -1.083754e+00 6.861268e-01 7.347698e-01 2.125980e+00 3.859023e+00 4.867185e-01 2.055036e+00 1.996789e+00 1.634490e+00 6.293281e-01 1.205423e+00 3.615009e-01 -1.416418e+00 -1.364752e+00 -7.801584e-01 -4.764955e-02 5.488562e-01 5.379092e-01 7.552287e-01 1.144379e+00 2.027724e+00 5.597118e-01 8.610642e-01 6.113391e-01 -2.499183e-02
<VARIANCE> 25
 1.527018e+01 1.646568e+01 2.472322e+01 3.917871e+01 3.898893e+01 3.221670e+01 2.465815e+01 2.492602e+01 2.497922e+01 2.254823e+01 1.937762e+01 2.234586e+01 1.715498e+00 1.317685e+00 2.039789e+00 2.593169e+00 4.224206e+00 2.837806e+00 2.957739e+00 3.253227e+00 2.612629e+00 3.167485e+00 2.459152e+00 2.065846e+00 2.265362e-03
<GCONST> 8.918912e+01
<MIXTURE> 99 6.696178e-03
<MEAN> 25
 -6.065317e+00 9.448578e+00 6.315945e+00 2.355736e+00 -1.902698e-01 -4.035593e+00 -2.196099e+00 -4.348194e+00 -2.847252e+00 -4.463151e+00 -5.211878e-01 1.756904e+00 7.930951e-01 -4.676398e-01 4.751221e-02 7.113682e-02 -1.211290e+00 -7.763365e-01 -2.731164e-01 -3.444561e-01 -7.243212e-01 -2.390794e-01 4.660226e-01 4.664505e-01 4.385468e-03
<VARIANCE> 25
 2.621992e+01 1.911848e+01 3.564095e+01 2.285622e+01 2.941151e+01 2.483631e+01 2.311711e+01 2.653259e+01 2.662928e+01 2.062954e+01 1.897405e+01 2.356369e+01 2.105092e+00 2.551939e+00 1.352351e+00 1.647164e+00 2.009187e+00 1.721991e+00 1.730660e+00 1.540098e+00 2.305513e+00 1.617718e+00 1.163796e+00 1.165562e+00 1.181989e-03
<GCONST> 8.387530e+01
<MIXTURE> 100 4.498084e-03
<MEAN> 25
 -1.609839e+00 6.273512e+00 1.024730e+01 -7.291336e+00 -1.072892e+01 -5.009854e+00 -4.869337e+00 -9.886015e+00 -4.685668e+00 -8.327591e-01 -2.673337e+00 -2.626206e+00 2.919737e+00 -1.248796e+00 1.290037e+00 -2.146128e+00 -3.388227e+00 -7.989751e-01 -1.233478e+00 -7.703322e-01 -1.508106e+00 3.626877e-01 -1.619049e+00 -2.782314e-01 1.919389e-03
<VARIANCE> 25
 1.351888e+01 2.120900e+01 2.226469e+01 2.772721e+01 2.304514e+01 2.374086e+01 2.916741e+01 2.212533e+01 2.728731e+01 2.283580e+01 2.233120e+01 2.156110e+01 1.782304e+00 3.917529e+00 2.881814e+00 4.355037e+00 4.182565e+00 4.502612e+00 3.986767e+00 4.440667e+00 4.211695e+00 3.862575e+00 3.973571e+00 3.185158e+00 1.659201e-03
<GCONST> 9.262534e+01
<MIXTURE> 101 6.007792e-03
<MEAN> 25
 8.136431e+00 -3.021574e+00 -6.295425e+00 -4.216867e+00 4.052174e-01 -7.261276e-01 -9.158563e+00 -2.553597e-01 -4.206690e-01 3.323385e+00 -1.470075e+00 -4.803972e+00 7.446588e-01 4.704077e-01 -1.518292e+00 -1.294113e+00 1.033680e+00 2.167044e+00 2.138809e-01 -1.817883e+00 -9.697874e-01 1.109750e+00 1.459955e+00 -5.156361e-01 -4.288952e-03
<VARIANCE> 25
 6.357360e+00 1.311075e+01 2.107260e+01 4.249028e+01 2.599377e+01 2.775127e+01 3.069807e+01 3.442371e+01 4.753850e+01 3.078474e+01 3.955096e+01 1.681689e+01 2.967349e-01 6.498655e-01 9.928808e-01 1.223130e+00 1.407644e+00 1.672199e+00 1.653938e+00 2.561258e+00 1.917883e+00 1.627456e+00 1.593974e+00 1.599249e+00 2.302273e-04
<GCONST> 7.904547e+01
<MIXTURE> 102 6.007792e-03
<MEAN> 25
 8.136431e+00 -3.021574e+00 -6.295425e+00 -4.216867e+00 4.052174e-01 -7.261276e-01 -9.158563e+00 -2.553597e-01 -4.206690e-01 3.323385e+00 -1.470075e+00 -4.803972e+00 7.446588e-01 4.704077e-01 -1.518292e+00 -1.294113e+00 1.033680e+00 2.167044e+00 2.138809e-01 -1.817883e+00 -9.697874e-01 1.109750e+00 1.459955e+00 -5.156361e-01 -4.288952e-03
<VARIANCE> 25
 6.357360e+00 1.311075e+01 2.107260e+01 4.249028e+01 2.599377e+01 2.775127e+01 3.069807e+01 3.442371e+01 4.753850e+01 3.078474e+01 3.955096e+01 1.681689e+01 2.967349e-01 6.498655e-01 9.928808e-01 1.223130e+00 1.407644e+00 1.672199e+00 1.653938e+00 2.561258e+00 1.917883e+00 1.627456e+00 1.593974e+00 1.599249e+00 2.302273e-04
<GCONST> 7.904547e+01
<MIXTURE> 103 5.694618e-03
<MEAN> 25
 3.353879e+00 -9.191319e+00 -5.854241e+00 -3.062093e+00 -1.003211e+00 -2.056911e+00 2.485898e+00 2.632592e+00 -4.389738e+00 -8.836864e+00 -5.092704e+00 2.763544e-01 -1.762660e-01 -1.457282e+00 -9.256668e-01 3.600080e-01 1.166148e+00 1.033007e+00 1.748183e-01 -2.433181e-01 -7.343273e-01 -9.107445e-01 -4.244366e-02 1.209199e-01 2.627141e-02
<VARIANCE> 25
 9.976037e+00 2.107814e+01 2.335553e+01 3.043720e+01 4.952304e+01 3.446772e+01 4.474332e+01 3.611845e+01 4.275358e+01 3.166105e+01 3.017898e+01 2.555687e+01 6.582413e-01 1.236491e+00 1.551769e+00 1.927245e+00 2.975401e+00 2.371657e+00 2.822974e+00 2.582060e+00 2.561460e+00 2.527143e+00 2.075993e+00 1.974771e+00 8.269155e-04
<GCONST> 8.756130e+01
<MIXTURE> 104 5.694618e-03
<MEAN> 25
 3.353879e+00 -9.191319e+00 -5.854241e+00 -3.062093e+00 -1.003211e+00 -2.056911e+00 2.485898e+00 2.632592e+00 -4.389738e+00 -8.836864e+00 -5.092704e+00 2.763544e-01 -1.762660e-01 -1.457282e+00 -9.256668e-01 3.600080e-01 1.166148e+00 1.033007e+00 1.748183e-01 -2.433181e-01 -7.343273e-01 -9.107445e-01 -4.244366e-02 1.209199e-01 2.627141e-02
<VARIANCE> 25
 9.976037e+00 2.107814e+01 2.335553e+01 3.043720e+01 4.952304e+01 3.446772e+01 4.474332e+01 3.611845e+01 4.275358e+01 3.166105e+01 3.017898e+01 2.555687e+01 6.582413e-01 1.236491e+00 1.551769e+00 1.927245e+00 2.975401e+00 2.371657e+00 2.822974e+00 2.582060e+00 2.561460e+00 2.527143e+00 2.075993e+00 1.974771e+00 8.269155e-04
<GCONST> 8.756130e+01
<MIXTURE> 105 4.710235e-03
<MEAN> 25
 2.288240e+00 -1.396762e+00 8.725104e+00 -1.965189e+00 -1.131308e+01 -4.798001e+00 -3.689187e+00 -9.348467e-01 -4.352754e+00 -3.145765e+00 1.450264e+00 -7.320145e-01 2.552398e-02 5.681029e-02 3.715046e-02 -3.974827e-02 1.834633e-02 6.121683e-02 -3.646046e-03 2.936598e-02 -5.560977e-02 4.481344e-02 2.259543e-02 -3.439325e-02 -2.946655e-03
<VARIANCE> 25
 1.240426e+01 2.662433e+01 3.977775e+01 4.447581e+01 4.206150e+01 4.848867e+01 3.939149e+01 4.309419e+01 4.278465e+01 4.229071e+01 3.797133e+01 2.900622e+01 8.397233e-02 1.915506e-01 3.695002e-01 2.911429e-01 3.492534e-01 4.077894e-01 5.034763e-01 5.644791e-01 5.155841e-01 4.286629e-01 4.570198e-01 4.012551e-01 8.597527e-05
<GCONST> 6.665392e+01
<MIXTURE> 106 4.710235e-03
<MEAN> 25
 2.288240e+00 -1.396762e+00 8.725104e+00 -1.965189e+00 -1.131308e+01 -4.798001e+00 -3.689187e+00 -9.348467e-01 -4.352754e+00 -3.145765e+00 1.450264e+00 -7.320145e-01 2.552398e-02 5.681029e-02 3.715046e-02 -3.974827e-02 1.834633e-02 6.121683e-02 -3.646046e-03 2.936598e-02 -5.560977e-02 4.481344e-02 2.259543e-02 -3.439325e-02 -2.946655e-03
<VARIANCE> 25
 1.240426e+01 2.662433e+01 3.977775e+01 4.447581e+01 4.206150e+01 4.848867e+01 3.939149e+01 4.309419e+01 4.278465e+01 4.229071e+01 3.797133e+01 2.900622e+01 8.397233e-02 1.915506e-01 3.695002e-01 2.911429e-01 3.492534e-01 4.077894e-01 5.034763e-01 5.644791e-01 5.155841e-01 4.286629e-01 4.570198e-01 4.012551e-01 8.597527e-05
<GCONST> 6.665392e+01
<MIXTURE> 107 5.452374e-03
<MEAN> 25
 8.540236e+00 -1.913420e+00 -7.528833e+00 -6.761299e+00 2.106891e+00 3.089572e+00 -7.657406e+00 -3.492605e+00 -1.792489e+00 4.258410e+00 1.018344e+00 -5.016266e+00 -5.975798e-01 -6.034803e-01 1.049213e+00 1.550416e+00 3.826915e-01 -1.948792e+00 -6.829811e-01 9.715581e-01 1.750250e+00 5.191867e-02 -1.556412e+00 -5.866519e-01 -5.965951e-03
<VARIANCE> 25
 6.752110e+00 1.497394e+01 2.130686e+01 4.374480e+01 2.735072e+01 3.680925e+01 4.332393e+01 2.976477e+01 4.856651e+01 3.449004e+01 3.568111e+01 2.245793e+01 2.842771e-01 7.872213e-01 1.385716e+00 1.999853e+00 1.972284e+00 2.188341e+00 2.374699e+00 2.010103e+00 1.945119e+00 2.170313e+00 1.734829e+00 1.900555e+00 7.695943e-04
<GCONST> 8.359813e+01
<MIXTURE> 108 5.452374e-03
<MEAN> 25
 8.540236e+00 -1.913420e+00 -7.528833e+00 -6.761299e+00 2.106891e+00 3.089572e+00 -7.657406e+00 -3.492605e+00 -1.792489e+00 4.258410e+00 1.018344e+00 -5.016266e+00 -5.975798e-01 -6.034803e-01 1.049213e+00 1.550416e+00 3.826915e-01 -1.948792e+00 -6.829811e-01 9.715581e-01 1.750250e+00 5.191867e-02 -1.556412e+00 -5.866519e-01 -5.965951e-03
<VARIANCE> 25
 6.752110e+00 1.497394e+01 2.130686e+01 4.374480e+01 2.735072e+01 3.680925e+01 4.332393e+01 2.976477e+01 4.856651e+01 3.449004e+01 3.568111e+01 2.245793e+01 2.842771e-01 7.872213e-01 1.385716e+00 1.999853e+00 1.972284e+00 2.188341e+00 2.374699e+00 2.010103e+00 1.945119e+00 2.170313e+00 1.734829e+00 1.900555e+00 7.695943e-04
<GCONST> 8.359813e+01
<MIXTURE> 109 6.661064e-03
<MEAN> 25
 3.807361e+00 -8.913662e+00 -6.541999e+00 -1.453827e+00 3.480787e+00 5.501882e-01 3.808435e-01 1.432163e+00 -2.370977e-01 -7.193181e+00 -5.494108e+00 -8.977858e-01 -7.561003e-02 -1.748450e-01 -2.296372e-02 2.272001e-01 7.428483e-02 2.765603e-01 -2.027477e-01 -1.139444e-01 -1.181636e-01 -1.782622e-01 3.238834e-01 1.144453e-01 -2.383896e-03
<VARIANCE> 25
 7.047924e+00 1.789442e+01 2.038976e+01 2.439575e+01 3.481277e+01 3.510887e+01 3.563918e+01 2.735763e+01 5.337968e+01 3.161586e+01 3.038335e+01 2.592683e+01 1.904483e-01 3.706769e-01 4.867845e-01 5.573360e-01 1.088231e+00 1.191020e+00 1.145934e+00 1.204034e+00 1.025832e+00 8.161417e-01 9.959373e-01 8.207473e-01 1.538286e-04
<GCONST> 7.255174e+01
<MIXTURE> 110 6.661064e-03
<MEAN> 25
 3.807361e+00 -8.913662e+00 -6.541999e+00 -1.453827e+00 3.480787e+00 5.501882e-01 3.808435e-01 1.432163e+00 -2.370977e-01 -7.193181e+00 -5.494108e+00 -8.977858e-01 -7.561003e-02 -1.748450e-01 -2.296372e-02 2.272001e-01 7.428483e-02 2.765603e-01 -2.027477e-01 -1.139444e-01 -1.181636e-01 -1.782622e-01 3.238834e-01 1.144453e-01 -2.383896e-03
<VARIANCE> 25
 7.047924e+00 1.789442e+01 2.038976e+01 2.439575e+01 3.481277e+01 3.510887e+01 3.563918e+01 2.735763e+01 5.337968e+01 3.161586e+01 3.038335e+01 2.592683e+01 1.904483e-01 3.706769e-01 4.867845e-01 5.573360e-01 1.088231e+00 1.191020e+00 1.145934e+00 1.204034e+00 1.025832e+00 8.161417e-01 9.959373e-01 8.207473e-01 1.538286e-04
<GCONST> 7.255174e+01
<MIXTURE> 111 4.337247e-03
<MEAN> 25
 -4.056421e+00 -1.098758e+00 -1.636337e+00 1.564192e+00 9.687908e-01 1.152845e+00 3.667946e-01 1.088849e-01 5.262318e-01 -8.116153e-01 -4.366788e-01 1.769771e+00 -3.037249e-02 -4.535311e-02 -7.769170e-02 -8.795753e-02 -7.306567e-03 9.304432e-03 -1.494818e-02 -8.038136e-02 -1.469096e-01 -1.956817e-01 -2.007143e-01 -6.242902e-02 -7.326844e-06
<VARIANCE> 25
 8.886888e+00 5.389459e+00 9.808699e+00 9.176457e+00 1.274426e+01 2.313184e+01 1.418276e+01 1.294383e+01 1.513185e+01 1.248988e+01 1.377403e+01 1.176038e+01 7.840234e-02 1.753149e-01 2.822846e-01 4.126898e-01 5.861194e-01 6.950526e-01 7.880700e-01 8.417974e-01 8.862869e-01 8.355962e-01 8.425094e-01 8.636433e-01 2.394254e-05
<GCONST> 5.654053e+01
<MIXTURE> 112 4.337247e-03
<MEAN> 25
 -4.056421e+00 -1.098758e+00 -1.636337e+00 1.564192e+00 9.687908e-01 1.152845e+00 3.667946e-01 1.088849e-01 5.262318e-01 -8.116153e-01 -4.366788e-01 1.769771e+00 -3.037249e-02 -4.535311e-02 -7.769170e-02 -8.795753e-02 -7.306567e-03 9.304432e-03 -1.494818e-02 -8.038136e-02 -1.469096e-01 -1.956817e-01 -2.007143e-01 -6.242902e-02 -7.326844e-06
<VARIANCE> 25
 8.886888e+00 5.389459e+00 9.808699e+00 9.176457e+00 1.274426e+01 2.313184e+01 1.418276e+01 1.294383e+01 1.513185e+01 1.248988e+01 1.377403e+01 1.176038e+01 7.840234e-02 1.753149e-01 2.822846e-01 4.126898e-01 5.861194e-01 6.950526e-01 7.880700e-01 8.417974e-01 8.862869e-01 8.355962e-01 8.425094e-01 8.636433e-01 2.394254e-05
<GCONST> 5.654053e+01
<MIXTURE> 113 5.938666e-03
<MEAN> 25
 9.939547e+00 1.039338e+00 -8.883610e+00 -1.338142e+01 -1.429803e+00 6.909963e+00 -3.272498e+00 -1.970993e+00 -6.484763e+00 1.197819e+00 8.996635e-02 3.292159e-01 -7.116921e-02 -1.166653e-02 -7.439610e-02 -1.405905e-01 1.166082e-01 1.317231e-01 -1.902052e-02 6.669106e-02 6.230551e-03 -8.526046e-02 2.211720e-01 -2.091778e-01 -8.634292e-04
<VARIANCE> 25
 6.222988e+00 1.192250e+01 2.141276e+01 4.001723e+01 3.588248e+01 2.819851e+01 3.418375e+01 3.065532e+01 4.408641e+01 3.657743e+01 2.653192e+01 2.170237e+01 1.108794e-01 2.510657e-01 3.834952e-01 6.927299e-01 5.033880e-01 5.180156e-01 9.281815e-01 7.980227e-01 9.348243e-01 7.481117e-01 9.121393e-01 8.133271e-01 1.063465e-04
<GCONST> 6.826615e+01
<MIXTURE> 114 5.938666e-03
<MEAN> 25
 9.939547e+00 1.039338e+00 -8.883610e+00 -1.338142e+01 -1.429803e+00 6.909963e+00 -3.272498e+00 -1.970993e+00 -6.484763e+00 1.197819e+00 8.996635e-02 3.292159e-01 -7.116921e-02 -1.166653e-02 -7.439610e-02 -1.405905e-01 1.166082e-01 1.317231e-01 -1.902052e-02 6.669106e-02 6.230551e-03 -8.526046e-02 2.211720e-01 -2.091778e-01 -8.634292e-04
<VARIANCE> 25
 6.222988e+00 1.192250e+01 2.141276e+01 4.001723e+01 3.588248e+01 2.819851e+01 3.418375e+01 3.065532e+01 4.408641e+01 3.657743e+01 2.653192e+01 2.170237e+01 1.108794e-01 2.510657e-01 3.834952e-01 6.927299e-01 5.033880e-01 5.180156e-01 9.281815e-01 7.980227e-01 9.348243e-01 7.481117e-01 9.121393e-01 8.133271e-01 1.063465e-04
<GCONST> 6.826615e+01
<MIXTURE> 115 2.935202e-03
<MEAN> 25
 -3.985274e+00 -7.754637e-01 -3.090641e+00 3.637506e+00 2.425004e+00 -4.075486e-01 2.221808e+00 4.062857e-01 1.418367e+00 -3.846034e-02 1.944877e-02 2.659967e+00 2.964951e-02 -7.240861e-02 -2.324404e-01 -4.378401e-01 -6.306023e-01 -6.644286e-01 -5.887197e-01 -5.031651e-01 -4.853651e-01 -4.514577e-01 -3.429337e-01 -1.628983e-01 5.503787e-07
<VARIANCE> 25
 9.494964e+00 9.988726e+00 1.352077e+01 1.269958e+01 1.342256e+01 1.759691e+01 1.725124e+01 2.070996e+01 1.840051e+01 1.741426e+01 1.922726e+01 1.469557e+01 2.031899e-01 3.486688e-01 4.854820e-01 5.586077e-01 6.396255e-01 7.991175e-01 1.004192e+00 1.145770e+00 1.071523e+00 9.922087e-01 1.032041e+00 1.065139e+00 1.022002e-06
<GCONST> 6.028078e+01
<MIXTURE> 116 2.935202e-03
<MEAN> 25
 -3.985274e+00 -7.754637e-01 -3.090641e+00 3.637506e+00 2.425004e+00 -4.075486e-01 2.221808e+00 4.062857e-01 1.418367e+00 -3.846034e-02 1.944877e-02 2.659967e+00 2.964951e-02 -7.240861e-02 -2.324404e-01 -4.378401e-01 -6.306023e-01 -6.644286e-01 -5.887197e-01 -5.031651e-01 -4.853651e-01 -4.514577e-01 -3.429337e-01 -1.628983e-01 5.503787e-07
<VARIANCE> 25
 9.494964e+00 9.988726e+00 1.352077e+01 1.269958e+01 1.342256e+01 1.759691e+01 1.725124e+01 2.070996e+01 1.840051e+01 1.741426e+01 1.922726e+01 1.469557e+01 2.031899e-01 3.486688e-01 4.854820e-01 5.586077e-01 6.396255e-01 7.991175e-01 1.004192e+00 1.145770e+00 1.071523e+00 9.922087e-01 1.032041e+00 1.065139e+00 1.022002e-06
<GCONST> 6.028078e+01
<MIXTURE> 117 6.506003e-03
<MEAN> 25
 -4.642551e+00 1.116146e+00 1.054155e+00 9.756426e+00 6.259533e+00 6.256703e+00 6.460646e+00 5.042696e+00 6.388239e+00 4.927040e+00 6.365570e+00 2.708284e+00 -7.513873e-02 -2.342186e-01 -3.584349e-01 -4.199743e-01 -3.681836e-01 -3.027690e-01 -2.870681e-01 -3.314270e-01 -3.917843e-01 -3.687568e-01 -2.630188e-01 -1.162474e-01 -9.973033e-06
<VARIANCE> 25
 7.198778e+00 8.759039e+00 9.807018e+00 1.431698e+01 1.561424e+01 1.534519e+01 1.774022e+01 1.796627e+01 1.642006e+01 1.638165e+01 1.674465e+01 1.475773e+01 2.165866e-01 3.074488e-01 4.261059e-01 6.169854e-01 8.553473e-01 1.055207e+00 1.177575e+00 1.232680e+00 1.223668e+00 1.194664e+00 1.166946e+00 1.113747e+00 1.002727e-06
<GCONST> 6.043730e+01
<MIXTURE> 118 6.506003e-03
<MEAN> 25
 -4.642551e+00 1.116146e+00 1.054155e+00 9.756426e+00 6.259533e+00 6.256703e+00 6.460646e+00 5.042696e+00 6.388239e+00 4.927040e+00 6.365570e+00 2.708284e+00 -7.513873e-02 -2.342186e-01 -3.584349e-01 -4.199743e-01 -3.681836e-01 -3.027690e-01 -2.870681e-01 -3.314270e-01 -3.917843e-01 -3.687568e-01 -2.630188e-01 -1.162474e-01 -9.973033e-06
<VARIANCE> 25
 7.198778e+00 8.759039e+00 9.807018e+00 1.431698e+01 1.561424e+01 1.534519e+01 1.774022e+01 1.796627e+01 1.642006e+01 1.638165e+01 1.674465e+01 1.475773e+01 2.165866e-01 3.074488e-01 4.261059e-01 6.169854e-01 8.553473e-01 1.055207e+00 1.177575e+00 1.232680e+00 1.223668e+00 1.194664e+00 1.166946e+00 1.113747e+00 1.002727e-06
<GCONST> 6.043730e+01
<MIXTURE> 119 4.297961e-03
<MEAN> 25
 -4.593193e+00 -7.371086e+00 2.052214e+00 1.540703e+00 2.516163e+00 3.282654e-01 4.937246e+00 5.503502e+00 1.764770e+00 8.777339e-01 6.324997e+00 1.125458e+00 -4.637004e-02 -1.192546e-01 2.833007e-02 -7.312134e-02 -1.275605e-01 -1.506292e-01 -9.151097e-02 -3.158549e-02 -2.280207e-02 -2.895089e-02 -3.878772e-02 -4.011426e-02 1.035294e-03
<VARIANCE> 25
 9.454542e+00 1.002882e+01 1.562634e+01 2.175838e+01 2.319527e+01 2.254677e+01 2.395682e+01 2.663003e+01 2.691630e+01 2.827017e+01 1.969360e+01 2.110950e+01 1.675315e-01 3.045836e-01 4.804793e-01 6.162152e-01 7.776959e-01 9.666187e-01 1.052800e+00 1.338752e+00 1.347010e+00 1.252793e+00 1.113350e+00 1.130377e+00 2.159810e-04
<GCONST> 6.988838e+01
<MIXTURE> 120 4.297961e-03
<MEAN> 25
 -4.593193e+00 -7.371086e+00 2.052214e+00 1.540703e+00 2.516163e+00 3.282654e-01 4.937246e+00 5.503502e+00 1.764770e+00 8.777339e-01 6.324997e+00 1.125458e+00 -4.637004e-02 -1.192546e-01 2.833007e-02 -7.312134e-02 -1.275605e-01 -1.506292e-01 -9.151097e-02 -3.158549e-02 -2.280207e-02 -2.895089e-02 -3.878772e-02 -4.011426e-02 1.035294e-03
<VARIANCE> 25
 9.454542e+00 1.002882e+01 1.562634e+01 2.175838e+01 2.319527e+01 2.254677e+01 2.395682e+01 2.663003e+01 2.691630e+01 2.827017e+01 1.969360e+01 2.110950e+01 1.675315e-01 3.045836e-01 4.804793e-01 6.162152e-01 7.776959e-01 9.666187e-01 1.052800e+00 1.338752e+00 1.347010e+00 1.252793e+00 1.113350e+00 1.130377e+00 2.159810e-04
<GCONST> 6.988838e+01
<MIXTURE> 121 4.567511e-03
<MEAN> 25
 2.098096e-01 -2.506324e+00 5.181160e+00 -1.276458e+01 -1.260946e+01 -1.637081e+00 9.945974e-01 -5.057173e+00 -4.233130e+00 -4.647258e-01 -5.481648e+00 -4.286698e+00 2.397478e-02 1.351904e-01 -3.660057e-02 8.954192e-02 1.637929e-01 7.526806e-02 -7.519713e-02 -2.032799e-01 -2.639948e-01 -2.588157e-01 -1.049782e-01 2.818082e-03 -7.543216e-03
<VARIANCE> 25
 7.731391e+00 1.550323e+01 1.727240e+01 2.205982e+01 2.436554e+01 2.909633e+01 2.927603e+01 2.462849e+01 3.515403e+01 2.815134e+01 1.964127e+01 2.110753e+01 1.553659e-01 6.388937e-01 6.210257e-01 7.098343e-01 7.679498e-01 1.144064e+00 1.118925e+00 1.159591e+00 1.209620e+00 1.184652e+00 9.544156e-01 8.650579e-01 2.102000e-04
<GCONST> 7.144776e+01
<MIXTURE> 122 4.567511e-03
<MEAN> 25
 2.098096e-01 -2.506324e+00 5.181160e+00 -1.276458e+01 -1.260946e+01 -1.637081e+00 9.945974e-01 -5.057173e+00 -4.233130e+00 -4.647258e-01 -5.481648e+00 -4.286698e+00 2.397478e-02 1.351904e-01 -3.660057e-02 8.954192e-02 1.637929e-01 7.526806e-02 -7.519713e-02 -2.032799e-01 -2.639948e-01 -2.588157e-01 -1.049782e-01 2.818082e-03 -7.543216e-03
<VARIANCE> 25
 7.731391e+00 1.550323e+01 1.727240e+01 2.205982e+01 2.436554e+01 2.909633e+01 2.927603e+01 2.462849e+01 3.515403e+01 2.815134e+01 1.964127e+01 2.110753e+01 1.553659e-01 6.388937e-01 6.210257e-01 7.098343e-01 7.679498e-01 1.144064e+00 1.118925e+00 1.159591e+00 1.209620e+00 1.184652e+00 9.544156e-01 8.650579e-01 2.102000e-04
<GCONST> 7.144776e+01
<MIXTURE> 123 4.393044e-03
<MEAN> 25
 -3.206713e+00 -4.547882e-01 3.831643e-01 5.667547e+00 4.942989e+00 3.718466e+00 3.138453e+00 1.889771e-01 1.069820e+00 -9.183238e-01 -3.597866e-01 2.353580e-01 -4.200223e-01 -7.624148e-01 -7.638808e-01 -6.366012e-01 -5.878159e-02 1.683896e-01 4.089512e-01 5.450037e-01 8.011842e-01 9.168533e-01 7.885495e-01 3.817984e-01 -3.020179e-03
<VARIANCE> 25
 1.671159e+01 1.254629e+01 1.461215e+01 1.642965e+01 1.851260e+01 2.304494e+01 1.987532e+01 1.713747e+01 1.963425e+01 1.587672e+01 2.032998e+01 1.666848e+01 3.224078e-01 3.515648e-01 5.004463e-01 6.747885e-01 1.146492e+00 1.070037e+00 1.119600e+00 9.809847e-01 1.069161e+00 1.173277e+00 1.102283e+00 1.192930e+00 1.268607e-04
<GCONST> 6.879109e+01
<MIXTURE> 124 4.069876e-03
<MEAN> 25
 -6.129251e+00 -1.497849e+00 -2.737553e+00 4.897495e+00 4.915426e+00 3.475823e+00 5.142651e+00 2.429473e+00 3.517766e+00 8.551404e-01 1.088624e+00 2.833881e+00 -2.112048e-01 -3.300594e-01 -3.247010e-01 -2.603582e-01 1.112341e-01 5.105860e-01 8.097344e-01 8.685291e-01 6.449389e-01 3.702573e-01 9.053055e-02 -6.075251e-02 2.241721e-04
<VARIANCE> 25
 1.328842e+01 7.658817e+00 1.143236e+01 1.270735e+01 1.174916e+01 1.890917e+01 1.559757e+01 1.660471e+01 1.676676e+01 1.745446e+01 1.877170e+01 1.427343e+01 1.001311e-01 1.726132e-01 2.950110e-01 4.789305e-01 5.850784e-01 6.904213e-01 7.596036e-01 8.087418e-01 8.757429e-01 1.033439e+00 1.004398e+00 9.973468e-01 1.843486e-05
<GCONST> 5.937035e+01
<MIXTURE> 125 4.069876e-03
<MEAN> 25
 -6.129251e+00 -1.497849e+00 -2.737553e+00 4.897495e+00 4.915426e+00 3.475823e+00 5.142651e+00 2.429473e+00 3.517766e+00 8.551404e-01 1.088624e+00 2.833881e+00 -2.112048e-01 -3.300594e-01 -3.247010e-01 -2.603582e-01 1.112341e-01 5.105860e-01 8.097344e-01 8.685291e-01 6.449389e-01 3.702573e-01 9.053055e-02 -6.075251e-02 2.241721e-04
<VARIANCE> 25
 1.328842e+01 7.658817e+00 1.143236e+01 1.270735e+01 1.174916e+01 1.890917e+01 1.559757e+01 1.660471e+01 1.676676e+01 1.745446e+01 1.877170e+01 1.427343e+01 1.001311e-01 1.726132e-01 2.950110e-01 4.789305e-01 5.850784e-01 6.904213e-01 7.596036e-01 8.087418e-01 8.757429e-01 1.033439e+00 1.004398e+00 9.973468e-01 1.843486e-05
<GCONST> 5.937035e+01
<MIXTURE> 126 2.402244e-03
<MEAN> 25
 -2.866858e+00 -6.587078e+00 -4.576512e+00 2.018833e+00 4.195455e+00 -1.811140e+00 2.879265e-01 2.941658e+00 4.904469e+00 -3.168961e+00 -1.216993e+00 2.281656e+00 -5.901172e-02 -1.787875e-02 2.998352e-03 -1.980176e-01 -3.777847e-01 -4.189272e-01 -1.767469e-01 -6.217875e-02 -8.196516e-02 -1.041894e-01 -4.266002e-02 -1.141722e-01 -6.107106e-04
<VARIANCE> 25
 9.269643e+00 1.087286e+01 1.315686e+01 1.326991e+01 2.117426e+01 2.631612e+01 1.908437e+01 2.516861e+01 3.491741e+01 2.374645e+01 1.896656e+01 1.861740e+01 1.735612e-01 3.406417e-01 4.538388e-01 5.169244e-01 7.494093e-01 8.915758e-01 1.002505e+00 1.279093e+00 1.280182e+00 1.178193e+00 1.143971e+00 1.245993e+00 1.848098e-04
<GCONST> 6.854364e+01
<MIXTURE> 127 2.402244e-03
<MEAN> 25
 -2.866858e+00 -6.587078e+00 -4.576512e+00 2.018833e+00 4.195455e+00 -1.811140e+00 2.879265e-01 2.941658e+00 4.904469e+00 -3.168961e+00 -1.216993e+00 2.281656e+00 -5.901172e-02 -1.787875e-02 2.998352e-03 -1.980176e-01 -3.777847e-01 -4.189272e-01 -1.767469e-01 -6.217875e-02 -8.196516e-02 -1.041894e-01 -4.266002e-02 -1.141722e-01 -6.107106e-04
<VARIANCE> 25
 9.269643e+00 1.087286e+01 1.315686e+01 1.326991e+01 2.117426e+01 2.631612e+01 1.908437e+01 2.516861e+01 3.491741e+01 2.374645e+01 1.896656e+01 1.861740e+01 1.735612e-01 3.406417e-01 4.538388e-01 5.169244e-01 7.494093e-01 8.915758e-01 1.002505e+00 1.279093e+00 1.280182e+00 1.178193e+00 1.143971e+00 1.245993e+00 1.848098e-04
<GCONST> 6.854364e+01
<MIXTURE> 128 3.790457e-03
<MEAN> 25
 -3.875567e+00 1.434397e+00 -2.499684e-01 6.491525e+00 3.609953e+00 1.853615e+00 3.390451e+00 2.396823e+00 4.099719e+00 3.543786e+00 3.581550e+00 3.441404e+00 -3.871743e-01 -1.767189e-01 1.245129e-01 6.667365e-01 1.153471e+00 1.151435e+00 7.595956e-01 1.720019e-01 -4.092793e-01 -7.529923e-01 -6.843140e-01 -3.800082e-01 -7.786430e-05
<VARIANCE> 25
 1.018398e+01 1.191165e+01 1.485197e+01 1.909163e+01 1.945638e+01 2.088480e+01 2.500214e+01 2.394954e+01 2.821383e+01 2.447210e+01 2.705251e+01 1.792784e+01 8.692197e-01 1.131947e+00 1.352033e+00 1.574493e+00 1.565723e+00 1.819872e+00 2.326656e+00 2.404880e+00 2.133316e+00 1.844319e+00 1.710896e+00 1.722284e+00 1.024077e-06
<GCONST> 7.368333e+01
<TRANSP> 3
 0.000000e+00 1.000000e+00 0.000000e+00
 0.000000e+00 9.999990e-01 9.999998e-07
 0.000000e+00 0.000000e+00 0.000000e+00
<ENDHMM>
