~o
<STREAMINFO> 1 25
<VECSIZE> 25<NULLD><MFCC_E_D_N><DIAGC>
~h "jmodel"
<BEGINHMM>
<NUMSTATES> 3
<STATE> 2
<NUMMIXES> 128
<MIXTURE> 1 5.748963e-03
<MEAN> 25
 -2.545143e+00 3.126216e+00 2.350398e+00 8.678698e+00 4.299466e+00 3.363114e+00 4.011438e+00 3.873378e+00 5.857796e+00 5.186512e+00 5.760639e+00 3.096092e+00 -1.996240e+00 -1.608313e+00 -8.728095e-01 1.063612e+00 1.556473e+00 2.206964e+00 2.124405e+00 2.054848e+00 1.724642e+00 1.220943e+00 1.575225e+00 6.089728e-01 -4.633978e-02
<VARIANCE> 25
 1.009507e+01 1.183142e+01 1.496234e+01 1.879912e+01 2.325356e+01 2.237445e+01 2.195844e+01 2.193443e+01 2.081598e+01 2.259344e+01 2.191897e+01 1.721030e+01 1.818778e+00 2.127448e+00 3.038399e+00 3.172376e+00 3.707029e+00 3.373535e+00 3.367035e+00 3.385419e+00 3.651823e+00 3.878461e+00 3.509955e+00 2.811344e+00 3.149392e-03
<GCONST> 8.864488e+01
<MIXTURE> 2 4.549242e-03
<MEAN> 25
 -4.871583e+00 1.309694e+00 9.931210e-01 9.897306e+00 6.691888e+00 7.423954e+00 7.845570e+00 6.959047e+00 8.376650e+00 6.371022e+00 7.621788e+00 3.074245e+00 -6.206820e-02 4.129222e-02 1.424338e-01 2.261123e-01 2.658132e-01 2.821456e-01 2.956996e-01 3.193682e-01 3.495080e-01 3.083737e-01 1.972406e-01 8.047425e-02 -4.066587e-08
<VARIANCE> 25
 6.988099e+00 8.907989e+00 1.065029e+01 1.591836e+01 1.723022e+01 1.555795e+01 1.689811e+01 1.848100e+01 1.660548e+01 1.738849e+01 1.811797e+01 1.433432e+01 1.252067e-01 2.268142e-01 3.363640e-01 4.670755e-01 6.498135e-01 8.159769e-01 9.297628e-01 1.002826e+00 1.051425e+00 1.078087e+00 1.075203e+00 1.013869e+00 1.003779e-06
<GCONST> 5.805463e+01
<MIXTURE> 3 4.549242e-03
<MEAN> 25
 -4.871583e+00 1.309694e+00 9.931210e-01 9.897306e+00 6.691888e+00 7.423954e+00 7.845570e+00 6.959047e+00 8.376650e+00 6.371022e+00 7.621788e+00 3.074245e+00 -6.206820e-02 4.129222e-02 1.424338e-01 2.261123e-01 2.658132e-01 2.821456e-01 2.956996e-01 3.193682e-01 3.495080e-01 3.083737e-01 1.972406e-01 8.047425e-02 -4.066587e-08
<VARIANCE> 25
 6.988099e+00 8.907989e+00 1.065029e+01 1.591836e+01 1.723022e+01 1.555795e+01 1.689811e+01 1.848100e+01 1.660548e+01 1.738849e+01 1.811797e+01 1.433432e+01 1.252067e-01 2.268142e-01 3.363640e-01 4.670755e-01 6.498135e-01 8.159769e-01 9.297628e-01 1.002826e+00 1.051425e+00 1.078087e+00 1.075203e+00 1.013869e+00 1.003779e-06
<GCONST> 5.805463e+01
<MIXTURE> 4 1.671429e-02
<MEAN> 25
 3.413291e+00 2.097168e+00 -2.368410e+00 1.859633e-02 4.107038e+00 6.566828e-02 -1.360987e+00 -3.193822e-01 1.361145e+00 2.670077e+00 -1.771936e+00 -4.921575e-01 -2.921991e+00 1.278331e+00 1.593299e+00 2.577554e+00 1.091495e+00 -2.206843e-01 1.871421e+00 1.060137e+00 1.351975e+00 -3.514336e-01 6.935056e-01 9.904211e-01 -6.919835e-02
<VARIANCE> 25
 1.677924e+01 2.274336e+01 2.994436e+01 3.562565e+01 4.018906e+01 5.166492e+01 5.431485e+01 4.642005e+01 4.417865e+01 5.538145e+01 4.731309e+01 3.213375e+01 2.196807e+00 4.275559e+00 3.386662e+00 4.437852e+00 4.210685e+00 5.891379e+00 5.365289e+00 4.149548e+00 5.011341e+00 6.529855e+00 5.356360e+00 3.441885e+00 6.655760e-03
<GCONST> 1.021179e+02
<MIXTURE> 5 3.206198e-03
<MEAN> 25
 -3.587522e+00 1.855500e+00 2.975045e-01 9.270354e+00 6.670155e+00 6.265682e+00 6.757847e+00 4.512256e+00 5.550798e+00 3.915113e+00 4.852477e+00 2.568683e+00 -1.709930e-01 7.719071e-01 1.256075e+00 1.021790e+00 2.707812e-01 -1.912402e-01 -1.718118e-01 1.448524e-03 4.769681e-01 6.725135e-01 3.735573e-01 6.733958e-02 -3.623659e-05
<VARIANCE> 25
 1.046914e+01 1.527681e+01 2.429732e+01 2.500296e+01 1.926841e+01 1.854746e+01 2.150914e+01 2.036581e+01 2.046180e+01 2.044610e+01 2.432923e+01 1.566869e+01 1.619325e+00 1.202832e+00 1.313958e+00 1.603325e+00 2.205823e+00 2.429397e+00 2.345385e+00 2.185110e+00 2.218591e+00 2.134376e+00 2.011060e+00 1.794862e+00 9.553130e-07
<GCONST> 7.507396e+01
<MIXTURE> 6 5.475854e-03
<MEAN> 25
 8.738749e+00 1.154466e-01 -5.783082e+00 -8.584190e+00 -2.375544e+00 6.001288e+00 -5.133711e+00 -3.698903e+00 -5.684014e+00 2.282032e+00 4.253732e+00 -1.055301e+00 4.929856e-01 7.590336e-01 -3.122247e-01 -1.377301e+00 -4.629870e-01 1.281007e+00 1.362663e+00 3.983348e-02 -1.251765e+00 -1.238146e+00 5.042932e-01 1.109500e+00 -2.538602e-03
<VARIANCE> 25
 8.173011e+00 1.310545e+01 1.861206e+01 3.655872e+01 3.438695e+01 2.497826e+01 4.119366e+01 3.382561e+01 4.502472e+01 3.692839e+01 3.311363e+01 2.111381e+01 3.551494e-01 6.675384e-01 9.601148e-01 1.835575e+00 1.443041e+00 1.802497e+00 1.903420e+00 1.781557e+00 3.515690e+00 1.856980e+00 1.998459e+00 1.408632e+00 6.187410e-04
<GCONST> 8.193247e+01
<MIXTURE> 7 5.475854e-03
<MEAN> 25
 8.738749e+00 1.154466e-01 -5.783082e+00 -8.584190e+00 -2.375544e+00 6.001288e+00 -5.133711e+00 -3.698903e+00 -5.684014e+00 2.282032e+00 4.253732e+00 -1.055301e+00 4.929856e-01 7.590336e-01 -3.122247e-01 -1.377301e+00 -4.629870e-01 1.281007e+00 1.362663e+00 3.983348e-02 -1.251765e+00 -1.238146e+00 5.042932e-01 1.109500e+00 -2.538602e-03
<VARIANCE> 25
 8.173011e+00 1.310545e+01 1.861206e+01 3.655872e+01 3.438695e+01 2.497826e+01 4.119366e+01 3.382561e+01 4.502472e+01 3.692839e+01 3.311363e+01 2.111381e+01 3.551494e-01 6.675384e-01 9.601148e-01 1.835575e+00 1.443041e+00 1.802497e+00 1.903420e+00 1.781557e+00 3.515690e+00 1.856980e+00 1.998459e+00 1.408632e+00 6.187410e-04
<GCONST> 8.193247e+01
<MIXTURE> 8 1.165917e-02
<MEAN> 25
 -4.712902e+00 1.343021e+00 1.294008e+00 9.534677e+00 6.553406e+00 6.229702e+00 6.477078e+00 5.663764e+00 6.672850e+00 5.621056e+00 6.563237e+00 3.152054e+00 -6.335468e-01 -1.424645e+00 -1.066355e+00 -1.722340e+00 -2.347454e-01 -9.469857e-01 -1.679012e-01 -2.865894e-01 -2.537401e-01 -1.721237e-01 -2.092377e-01 8.249425e-02 9.871484e-02
<VARIANCE> 25
 9.418065e+00 9.937072e+00 1.161622e+01 1.619743e+01 1.683565e+01 1.588192e+01 1.818325e+01 1.761637e+01 1.705426e+01 1.741573e+01 1.885009e+01 1.396237e+01 2.758774e+00 2.807189e+00 3.905741e+00 3.772454e+00 3.451340e+00 3.306337e+00 3.166797e+00 3.081317e+00 2.864600e+00 2.657216e+00 2.435254e+00 1.896521e+00 6.677140e-03
<GCONST> 8.634830e+01
<MIXTURE> 9 1.199672e-02
<MEAN> 25
 8.150094e+00 2.580558e+00 -4.950462e+00 -7.959957e+00 -2.139632e+00 5.250632e+00 -1.733488e+00 -7.501458e-01 -6.263981e+00 -2.800099e-01 4.592106e-01 2.644010e-01 1.233461e+00 5.016765e-02 -9.903427e-01 -1.859775e+00 -1.803032e+00 1.069348e+00 -7.874916e-01 -2.951835e-01 -1.029498e+00 1.377524e-01 1.010456e+00 -1.227013e-01 5.930266e-02
<VARIANCE> 25
 1.060441e+01 1.595581e+01 2.427739e+01 4.260390e+01 5.061241e+01 2.482640e+01 3.129651e+01 3.881264e+01 3.252621e+01 3.756079e+01 3.207355e+01 2.050399e+01 1.744377e+00 1.778912e+00 3.898619e+00 4.327073e+00 4.135508e+00 2.863076e+00 3.242637e+00 5.622471e+00 4.499496e+00 3.650655e+00 3.624844e+00 2.209088e+00 1.648104e-03
<GCONST> 9.365823e+01
<MIXTURE> 10 6.596976e-03
<MEAN> 25
 8.425246e-01 7.466077e+00 5.366376e+00 7.026143e+00 1.550413e+00 -2.070785e+00 -5.608427e-01 -1.726922e+00 9.576812e-01 9.051083e-01 7.986204e-01 6.751486e-01 -1.876801e+00 -6.626142e-01 -5.038932e-01 2.955145e+00 2.443832e+00 2.659678e+00 2.308649e+00 2.216695e+00 1.951625e+00 1.476042e+00 2.313149e+00 4.943949e-01 -1.364427e-01
<VARIANCE> 25
 1.920223e+01 2.129839e+01 2.192361e+01 2.914519e+01 3.783171e+01 3.451928e+01 3.452811e+01 3.326105e+01 2.766444e+01 2.870484e+01 2.670271e+01 2.452459e+01 2.291025e+00 3.347378e+00 5.518657e+00 5.261354e+00 5.447607e+00 4.493597e+00 4.762469e+00 4.905653e+00 4.674507e+00 5.227502e+00 4.427309e+00 3.176044e+00 2.743601e-03
<GCONST> 9.749860e+01
<MIXTURE> 11 1.633820e-02
<MEAN> 25
 6.763424e+00 1.567784e+00 3.113142e+00 2.929095e+00 -6.974917e-01 -2.366228e+00 3.327234e-01 -4.773796e+00 -4.124748e+00 1.619429e+00 -2.616523e+00 -7.844938e-01 -1.575683e-01 5.153009e-01 2.207764e-01 -2.069878e-01 9.464801e-01 1.742227e-02 2.450242e-01 -4.830492e-01 4.085385e-01 -4.243761e-01 -1.644866e-01 1.868283e-01 -1.674893e-02
<VARIANCE> 25
 6.436439e+00 1.569928e+01 1.772818e+01 2.292698e+01 3.716584e+01 2.774422e+01 3.341352e+01 3.797176e+01 3.375796e+01 2.543158e+01 3.321326e+01 1.882507e+01 1.078945e+00 9.545525e-01 1.485928e+00 1.963212e+00 3.239248e+00 2.008994e+00 1.813151e+00 4.324716e+00 2.420453e+00 1.689298e+00 1.456440e+00 1.256425e+00 7.420858e-04
<GCONST> 8.368652e+01
<MIXTURE> 12 5.904134e-03
<MEAN> 25
 1.032270e+01 3.588405e+00 -4.618351e+00 -1.411568e+01 -8.049296e+00 8.213012e+00 -6.246106e-01 -1.415848e+00 -3.128689e+00 -4.062085e+00 1.516616e+00 5.891451e-01 7.075973e-02 3.452155e-01 -5.029488e-03 -3.974854e-01 -3.501090e-01 -6.087700e-02 3.552760e-01 4.005270e-01 3.623821e-02 -2.430765e-01 -3.732888e-01 1.107333e-01 -1.945464e-03
<VARIANCE> 25
 8.441030e+00 1.830483e+01 2.025924e+01 4.481233e+01 3.970633e+01 2.758708e+01 3.667887e+01 4.316315e+01 4.805149e+01 3.565645e+01 3.375550e+01 2.487873e+01 2.356702e-01 6.425375e-01 7.342994e-01 1.068520e+00 1.074293e+00 1.141909e+00 1.094596e+00 1.343611e+00 1.189318e+00 1.426351e+00 1.439338e+00 9.483510e-01 6.112388e-04
<GCONST> 7.824322e+01
<MIXTURE> 13 5.904134e-03
<MEAN> 25
 1.032270e+01 3.588405e+00 -4.618351e+00 -1.411568e+01 -8.049296e+00 8.213012e+00 -6.246106e-01 -1.415848e+00 -3.128689e+00 -4.062085e+00 1.516616e+00 5.891451e-01 7.075973e-02 3.452155e-01 -5.029488e-03 -3.974854e-01 -3.501090e-01 -6.087700e-02 3.552760e-01 4.005270e-01 3.623821e-02 -2.430765e-01 -3.732888e-01 1.107333e-01 -1.945464e-03
<VARIANCE> 25
 8.441030e+00 1.830483e+01 2.025924e+01 4.481233e+01 3.970633e+01 2.758708e+01 3.667887e+01 4.316315e+01 4.805149e+01 3.565645e+01 3.375550e+01 2.487873e+01 2.356702e-01 6.425375e-01 7.342994e-01 1.068520e+00 1.074293e+00 1.141909e+00 1.094596e+00 1.343611e+00 1.189318e+00 1.426351e+00 1.439338e+00 9.483510e-01 6.112388e-04
<GCONST> 7.824322e+01
<MIXTURE> 14 6.488954e-03
<MEAN> 25
 -4.250353e+00 -4.222317e-01 -3.261862e-01 8.779943e+00 7.507923e+00 7.319144e+00 7.771455e+00 7.260467e+00 7.339139e+00 5.152708e+00 6.790396e+00 4.079720e+00 -2.794778e-01 1.847673e-01 3.603173e-01 3.183638e-01 1.185558e-02 6.252433e-02 9.809560e-02 1.766567e-01 2.932871e-01 5.272408e-01 5.024180e-01 7.619201e-02 -8.949305e-03
<VARIANCE> 25
 9.750606e+00 1.388601e+01 1.865508e+01 1.866412e+01 2.100770e+01 1.963625e+01 2.155260e+01 2.085956e+01 2.054438e+01 2.423779e+01 2.149333e+01 1.582995e+01 9.756907e-01 1.636577e+00 1.764719e+00 1.926728e+00 2.240780e+00 2.256197e+00 2.251503e+00 2.219395e+00 2.256769e+00 2.497624e+00 2.179215e+00 1.796248e+00 1.045680e-03
<GCONST> 8.203057e+01
<MIXTURE> 15 2.475190e-03
<MEAN> 25
 -5.344891e+00 -6.680886e-01 -2.020839e-01 7.326586e+00 5.718465e+00 5.693626e+00 6.031603e+00 5.000664e+00 5.246241e+00 4.111960e+00 5.469346e+00 2.532229e+00 -1.216094e-01 -3.256917e-02 7.501540e-02 2.461028e-01 4.949858e-01 7.892641e-01 1.071400e+00 1.174801e+00 1.052199e+00 7.514030e-01 4.175781e-01 1.584825e-01 -7.256652e-05
<VARIANCE> 25
 7.671903e+00 5.628338e+00 8.977580e+00 1.294821e+01 1.398300e+01 1.420929e+01 1.494359e+01 1.487876e+01 1.482230e+01 1.442425e+01 1.510831e+01 1.242726e+01 1.241370e-01 2.076971e-01 3.174912e-01 5.012707e-01 6.998655e-01 7.997781e-01 7.578139e-01 7.942443e-01 9.114140e-01 1.036816e+00 1.068691e+00 1.037509e+00 2.792319e-05
<GCONST> 5.874079e+01
<MIXTURE> 16 2.475190e-03
<MEAN> 25
 -5.344891e+00 -6.680886e-01 -2.020839e-01 7.326586e+00 5.718465e+00 5.693626e+00 6.031603e+00 5.000664e+00 5.246241e+00 4.111960e+00 5.469346e+00 2.532229e+00 -1.216094e-01 -3.256917e-02 7.501540e-02 2.461028e-01 4.949858e-01 7.892641e-01 1.071400e+00 1.174801e+00 1.052199e+00 7.514030e-01 4.175781e-01 1.584825e-01 -7.256652e-05
<VARIANCE> 25
 7.671903e+00 5.628338e+00 8.977580e+00 1.294821e+01 1.398300e+01 1.420929e+01 1.494359e+01 1.487876e+01 1.482230e+01 1.442425e+01 1.510831e+01 1.242726e+01 1.241370e-01 2.076971e-01 3.174912e-01 5.012707e-01 6.998655e-01 7.997781e-01 7.578139e-01 7.942443e-01 9.114140e-01 1.036816e+00 1.068691e+00 1.037509e+00 2.792319e-05
<GCONST> 5.874079e+01
<MIXTURE> 17 9.518312e-03
<MEAN> 25
 2.785422e+00 -1.095880e+00 5.943130e+00 2.447292e+00 -4.025830e+00 -3.909640e+00 -4.329751e+00 -6.543114e-01 2.927212e-01 -3.329269e+00 -7.871442e-02 1.637733e-01 -1.104266e+00 -9.200441e-01 1.844561e+00 -1.327573e+00 -2.867865e+00 -2.640392e-01 6.584588e-01 5.665383e-01 -1.157984e+00 2.723405e-03 6.259113e-01 6.067801e-01 7.473609e-02
<VARIANCE> 25
 1.264468e+01 1.976835e+01 3.072935e+01 3.274980e+01 4.593481e+01 3.945873e+01 3.757154e+01 2.510520e+01 4.403439e+01 2.053744e+01 2.233671e+01 2.533756e+01 1.554972e+00 2.221420e+00 4.285572e+00 2.676816e+00 3.300129e+00 4.027112e+00 4.560830e+00 3.897295e+00 4.221671e+00 3.092003e+00 2.382928e+00 1.959531e+00 1.593641e-03
<GCONST> 9.269254e+01
<MIXTURE> 18 1.221018e-02
<MEAN> 25
 3.606779e+00 4.059195e+00 6.517860e+00 4.393209e+00 -4.258888e+00 -7.723577e+00 -1.225327e+00 -1.459736e+00 -3.663568e+00 -1.251006e+00 -5.676365e-01 6.736357e-01 -6.951690e-01 1.774988e+00 -3.951126e-01 1.551483e+00 3.150401e+00 1.305746e+00 6.780994e-01 -4.778173e-01 1.355381e+00 1.258516e-02 -2.263241e-01 -1.950889e-01 -1.131011e-01
<VARIANCE> 25
 1.593178e+01 2.229640e+01 2.803557e+01 2.278295e+01 3.946487e+01 3.074566e+01 3.316489e+01 3.227856e+01 3.925053e+01 3.884572e+01 3.012359e+01 2.689976e+01 2.207223e+00 3.092639e+00 4.373870e+00 4.283288e+00 3.521308e+00 4.286182e+00 4.037873e+00 4.308636e+00 6.618501e+00 5.076992e+00 3.957632e+00 3.345777e+00 3.840123e-03
<GCONST> 9.734060e+01
<MIXTURE> 19 9.912824e-03
<MEAN> 25
 -8.702421e+00 1.791513e-01 8.193908e-01 1.068516e+00 1.467338e+00 1.944733e+00 3.379323e+00 -2.325763e-01 2.796133e+00 -4.424568e-02 9.413884e-01 1.186167e+00 2.122297e+00 1.445153e+00 1.813723e+00 7.049205e-01 -1.238464e+00 -1.054388e+00 -1.138687e+00 -9.959547e-01 -1.932387e+00 -5.655063e-01 -1.019301e+00 -6.024759e-01 3.003172e-03
<VARIANCE> 25
 4.361640e+01 2.704412e+01 4.188748e+01 3.686826e+01 4.698911e+01 2.472100e+01 2.832342e+01 2.625638e+01 2.827048e+01 2.419176e+01 2.555683e+01 1.581892e+01 1.969928e+00 1.849584e+00 1.775656e+00 1.887804e+00 2.046583e+00 2.452475e+00 2.172768e+00 2.036074e+00 2.475847e+00 2.177890e+00 1.806395e+00 1.619509e+00 1.702978e-03
<GCONST> 8.854713e+01
<MIXTURE> 20 6.308331e-03
<MEAN> 25
 -1.394556e+01 7.734146e+00 2.844922e-01 5.997181e+00 4.979887e+00 1.085801e+00 5.087588e+00 5.436791e-01 1.874864e+00 5.186023e-01 2.682739e+00 -7.580605e-01 -3.258629e+00 -7.765215e-01 -1.448534e+00 4.300676e-01 1.319545e+00 1.955061e+00 2.015506e+00 2.056052e+00 2.132597e+00 1.751028e+00 1.644836e+00 9.266060e-01 4.329456e-02
<VARIANCE> 25
 1.874310e+01 2.388549e+01 3.214492e+01 3.466977e+01 2.882645e+01 2.890492e+01 2.777028e+01 3.029926e+01 3.579415e+01 2.698373e+01 2.356664e+01 2.170321e+01 1.941968e+00 2.102429e+00 1.920986e+00 2.454437e+00 3.018176e+00 2.252391e+00 2.153505e+00 2.187885e+00 2.081672e+00 3.392945e+00 2.091457e+00 1.726741e+00 1.923414e-03
<GCONST> 8.904737e+01
<MIXTURE> 21 7.928653e-03
<MEAN> 25
 3.153587e+00 -3.832707e+00 6.433521e+00 -2.880682e-01 -9.614424e+00 -6.619227e+00 -2.465698e+00 4.800660e+00 -3.618824e+00 -1.722365e+00 -1.188190e+00 5.808339e-01 -7.594653e-01 1.086897e+00 2.420369e+00 -1.168329e-01 -1.809545e+00 4.921390e-01 5.888478e-01 -1.100402e+00 -2.165474e+00 2.993256e-01 1.379259e+00 1.538669e-01 -3.084745e-03
<VARIANCE> 25
 7.770251e+00 1.470740e+01 2.604501e+01 2.475432e+01 3.269148e+01 3.477637e+01 3.565251e+01 3.224546e+01 3.956965e+01 2.858201e+01 3.362857e+01 2.442838e+01 3.678834e-01 9.023959e-01 1.645906e+00 1.061858e+00 1.930876e+00 1.758024e+00 3.010857e+00 2.190499e+00 2.064596e+00 2.281692e+00 1.644004e+00 1.900743e+00 5.711230e-04
<GCONST> 8.276508e+01
<MIXTURE> 22 8.827789e-03
<MEAN> 25
 -1.679299e+01 7.543210e+00 -5.766875e+00 5.180930e+00 3.475106e+00 7.880537e-01 7.699508e+00 3.184101e-01 6.101060e+00 -2.935259e-01 4.152523e+00 9.136753e-02 -1.511955e-01 -5.181338e-01 -1.001122e-01 -1.458891e-02 1.289232e-02 2.391931e-01 8.773477e-02 -1.095392e-01 3.306913e-01 -1.349621e-01 8.767129e-02 2.176439e-01 -2.121869e-03
<VARIANCE> 25
 6.165969e+00 1.610847e+01 1.353963e+01 2.183977e+01 1.991392e+01 1.665567e+01 1.782714e+01 1.386502e+01 1.823990e+01 2.298444e+01 1.629274e+01 1.382545e+01 8.879491e-01 1.556769e+00 1.214808e+00 1.298649e+00 9.374373e-01 1.103482e+00 1.604587e+00 1.480707e+00 1.416938e+00 1.212178e+00 1.545997e+00 1.318230e+00 1.391124e-03
<GCONST> 7.535876e+01
<MIXTURE> 23 6.455497e-03
<MEAN> 25
 7.296197e+00 1.423994e+00 2.668194e+00 1.686155e+00 -2.805120e+00 -2.284865e+00 -2.384674e+00 -5.171658e+00 -4.011828e+00 4.326518e-01 -3.833888e+00 -1.373229e+00 4.315581e-02 5.303217e-02 4.558572e-02 -2.113224e-02 -4.066618e-02 1.874331e-01 -1.385275e-01 2.687259e-01 2.479466e-01 2.732453e-02 -1.477751e-01 -2.927379e-02 -4.411013e-03
<VARIANCE> 25
 9.497092e+00 1.695769e+01 2.256789e+01 3.483722e+01 3.994305e+01 4.037405e+01 5.478281e+01 5.190295e+01 4.236817e+01 3.817101e+01 3.771886e+01 2.767576e+01 1.348691e-01 2.612899e-01 3.489023e-01 4.514594e-01 7.984028e-01 8.748532e-01 7.516382e-01 1.183933e+00 9.369171e-01 8.772137e-01 6.978410e-01 7.541205e-01 8.600966e-05
<GCONST> 7.150494e+01
<MIXTURE> 24 6.455497e-03
<MEAN> 25
 7.296197e+00 1.423994e+00 2.668194e+00 1.686155e+00 -2.805120e+00 -2.284865e+00 -2.384674e+00 -5.171658e+00 -4.011828e+00 4.326518e-01 -3.833888e+00 -1.373229e+00 4.315581e-02 5.303217e-02 4.558572e-02 -2.113224e-02 -4.066618e-02 1.874331e-01 -1.385275e-01 2.687259e-01 2.479466e-01 2.732453e-02 -1.477751e-01 -2.927379e-02 -4.411013e-03
<VARIANCE> 25
 9.497092e+00 1.695769e+01 2.256789e+01 3.483722e+01 3.994305e+01 4.037405e+01 5.478281e+01 5.190295e+01 4.236817e+01 3.817101e+01 3.771886e+01 2.767576e+01 1.348691e-01 2.612899e-01 3.489023e-01 4.514594e-01 7.984028e-01 8.748532e-01 7.516382e-01 1.183933e+00 9.369171e-01 8.772137e-01 6.978410e-01 7.541205e-01 8.600966e-05
<GCONST> 7.150494e+01
<MIXTURE> 25 1.118642e-02
<MEAN> 25
 -7.317480e-02 2.324481e+00 1.488481e+01 1.018238e+00 -1.292658e+01 -9.632633e-01 -6.400186e+00 -2.742960e+00 -9.226394e+00 -3.811047e+00 3.464674e+00 7.963364e-02 -1.260119e-01 3.306093e-01 -1.535286e-01 3.329811e-01 -4.004486e-01 2.612674e-01 3.767037e-01 -2.045905e-01 -8.517371e-01 1.353510e-01 3.053535e-01 7.213794e-02 -2.229268e-03
<VARIANCE> 25
 5.290968e+00 1.361167e+01 1.330265e+01 2.045437e+01 2.362011e+01 2.419638e+01 1.726202e+01 1.915230e+01 2.344084e+01 2.194237e+01 1.348503e+01 2.416969e+01 4.530366e-01 1.536240e+00 1.485584e+00 1.479782e+00 2.168216e+00 1.594636e+00 1.379968e+00 1.409239e+00 2.098315e+00 1.356869e+00 8.828055e-01 1.030086e+00 7.746530e-04
<GCONST> 7.612794e+01
<MIXTURE> 26 7.727677e-03
<MEAN> 25
 2.000307e+00 -5.364267e+00 -8.894291e+00 -1.319981e+00 7.351978e+00 4.938629e+00 3.772645e+00 -1.999855e-01 3.536561e+00 -1.565819e+00 -2.210423e+00 -1.023210e+00 -6.254203e-01 5.307621e-01 2.975546e-01 6.513990e-01 1.964561e-01 2.433140e-01 3.272743e-01 2.947689e-01 3.392856e-01 1.269063e-01 4.466907e-01 5.164015e-01 -4.036038e-02
<VARIANCE> 25
 2.069892e+01 3.073295e+01 2.724017e+01 5.096823e+01 3.371602e+01 3.903022e+01 3.848377e+01 3.541569e+01 4.684045e+01 5.253529e+01 3.620778e+01 3.911539e+01 1.545717e+00 2.041419e+00 1.728640e+00 2.056615e+00 1.960163e+00 2.305422e+00 2.337565e+00 2.495800e+00 2.060957e+00 2.172336e+00 1.969308e+00 1.811708e+00 3.213676e-03
<GCONST> 9.182209e+01
<MIXTURE> 27 7.727677e-03
<MEAN> 25
 2.000307e+00 -5.364267e+00 -8.894291e+00 -1.319981e+00 7.351978e+00 4.938629e+00 3.772645e+00 -1.999855e-01 3.536561e+00 -1.565819e+00 -2.210423e+00 -1.023210e+00 -6.254203e-01 5.307621e-01 2.975546e-01 6.513990e-01 1.964561e-01 2.433140e-01 3.272743e-01 2.947689e-01 3.392856e-01 1.269063e-01 4.466907e-01 5.164015e-01 -4.036038e-02
<VARIANCE> 25
 2.069892e+01 3.073295e+01 2.724017e+01 5.096823e+01 3.371602e+01 3.903022e+01 3.848377e+01 3.541569e+01 4.684045e+01 5.253529e+01 3.620778e+01 3.911539e+01 1.545717e+00 2.041419e+00 1.728640e+00 2.056615e+00 1.960163e+00 2.305422e+00 2.337565e+00 2.495800e+00 2.060957e+00 2.172336e+00 1.969308e+00 1.811708e+00 3.213676e-03
<GCONST> 9.182209e+01
<MIXTURE> 28 5.036674e-03
<MEAN> 25
 -5.397773e+00 -7.393745e-03 -1.576242e+00 6.592502e+00 5.226317e+00 3.527136e+00 5.414465e+00 3.158545e+00 3.999104e+00 2.339051e+00 2.603222e+00 3.202438e+00 -1.144825e-01 2.211814e-01 5.242461e-01 7.833009e-01 8.222575e-01 7.122387e-01 5.241354e-01 3.825901e-01 4.490475e-01 4.793311e-01 3.707505e-01 1.940814e-01 -1.910495e-05
<VARIANCE> 25
 1.118065e+01 8.385110e+00 1.211840e+01 1.476411e+01 1.461287e+01 1.763993e+01 1.800514e+01 1.903332e+01 1.781029e+01 1.717260e+01 2.071471e+01 1.496867e+01 2.548483e-01 3.396648e-01 4.065543e-01 4.608415e-01 6.275787e-01 8.526282e-01 1.051952e+00 1.149950e+00 1.109134e+00 1.035633e+00 1.028087e+00 1.061641e+00 1.064800e-06
<GCONST> 6.044010e+01
<MIXTURE> 29 5.036674e-03
<MEAN> 25
 -5.397773e+00 -7.393745e-03 -1.576242e+00 6.592502e+00 5.226317e+00 3.527136e+00 5.414465e+00 3.158545e+00 3.999104e+00 2.339051e+00 2.603222e+00 3.202438e+00 -1.144825e-01 2.211814e-01 5.242461e-01 7.833009e-01 8.222575e-01 7.122387e-01 5.241354e-01 3.825901e-01 4.490475e-01 4.793311e-01 3.707505e-01 1.940814e-01 -1.910495e-05
<VARIANCE> 25
 1.118065e+01 8.385110e+00 1.211840e+01 1.476411e+01 1.461287e+01 1.763993e+01 1.800514e+01 1.903332e+01 1.781029e+01 1.717260e+01 2.071471e+01 1.496867e+01 2.548483e-01 3.396648e-01 4.065543e-01 4.608415e-01 6.275787e-01 8.526282e-01 1.051952e+00 1.149950e+00 1.109134e+00 1.035633e+00 1.028087e+00 1.061641e+00 1.064800e-06
<GCONST> 6.044010e+01
<MIXTURE> 30 8.917812e-03
<MEAN> 25
 -4.271369e+00 -2.723424e-01 6.314582e-01 8.919200e+00 7.746450e+00 7.482947e+00 7.494079e+00 6.894033e+00 6.719546e+00 4.723361e+00 6.829063e+00 3.460616e+00 -3.004426e-02 1.630105e-02 4.818699e-02 9.104745e-02 1.000746e-01 6.713747e-02 2.368320e-02 -5.801407e-03 1.379781e-02 3.113693e-02 5.879076e-02 4.929536e-02 -5.889450e-04
<VARIANCE> 25
 8.575519e+00 9.830463e+00 1.021518e+01 1.451371e+01 1.551393e+01 1.635389e+01 1.896007e+01 1.792743e+01 1.744624e+01 1.943535e+01 2.186734e+01 1.417197e+01 9.699491e-02 2.042051e-01 3.236329e-01 4.863718e-01 6.377949e-01 7.725743e-01 7.841731e-01 7.993645e-01 8.579220e-01 9.378805e-01 9.061858e-01 8.564118e-01 5.077603e-05
<GCONST> 6.100318e+01
<MIXTURE> 31 4.136493e-03
<MEAN> 25
 -2.926538e+00 -5.545487e+00 -6.045651e-02 4.567996e+00 3.798239e+00 1.759097e+00 4.999133e+00 6.278846e+00 3.270305e+00 9.915444e-01 6.157130e+00 2.847419e+00 2.413726e-01 4.449630e-01 -2.074485e-01 3.174366e-01 1.907090e-01 4.424539e-01 2.310555e-01 2.919352e-02 3.939556e-01 3.558072e-01 8.526379e-02 1.443285e-01 -1.786935e-02
<VARIANCE> 25
 9.028275e+00 1.452947e+01 1.693776e+01 1.810567e+01 2.414843e+01 2.394686e+01 2.293318e+01 2.571796e+01 3.023112e+01 2.804156e+01 2.048926e+01 1.890104e+01 1.901435e-01 4.856272e-01 5.975412e-01 7.630167e-01 1.029090e+00 1.081924e+00 1.226847e+00 1.326385e+00 1.312425e+00 1.308031e+00 1.190709e+00 1.093640e+00 2.518314e-04
<GCONST> 7.193508e+01
<MIXTURE> 32 4.136493e-03
<MEAN> 25
 -2.926538e+00 -5.545487e+00 -6.045651e-02 4.567996e+00 3.798239e+00 1.759097e+00 4.999133e+00 6.278846e+00 3.270305e+00 9.915444e-01 6.157130e+00 2.847419e+00 2.413726e-01 4.449630e-01 -2.074485e-01 3.174366e-01 1.907090e-01 4.424539e-01 2.310555e-01 2.919352e-02 3.939556e-01 3.558072e-01 8.526379e-02 1.443285e-01 -1.786935e-02
<VARIANCE> 25
 9.028275e+00 1.452947e+01 1.693776e+01 1.810567e+01 2.414843e+01 2.394686e+01 2.293318e+01 2.571796e+01 3.023112e+01 2.804156e+01 2.048926e+01 1.890104e+01 1.901435e-01 4.856272e-01 5.975412e-01 7.630167e-01 1.029090e+00 1.081924e+00 1.226847e+00 1.326385e+00 1.312425e+00 1.308031e+00 1.190709e+00 1.093640e+00 2.518314e-04
<GCONST> 7.193508e+01
<MIXTURE> 33 1.508826e-02
<MEAN> 25
 6.128957e+00 -3.937086e+00 -1.925208e+00 -1.565361e+00 -1.879106e+00 -4.899621e+00 -6.693317e+00 1.863394e+00 1.175543e+00 5.958821e-01 -4.497409e+00 -2.706349e+00 7.205843e-01 -9.901268e-01 -2.231406e+00 -1.718897e+00 9.883001e-01 1.415373e+00 -7.219682e-01 5.009924e-01 6.440598e-01 7.170925e-01 -3.599993e-01 -1.159670e+00 3.378058e-02
<VARIANCE> 25
 9.235609e+00 2.061522e+01 2.495683e+01 3.745324e+01 4.046677e+01 4.252284e+01 4.203218e+01 3.900873e+01 4.029123e+01 4.236375e+01 3.237555e+01 2.441712e+01 1.249334e+00 1.813509e+00 2.066129e+00 1.875651e+00 4.805485e+00 2.984304e+00 3.576043e+00 5.348219e+00 4.477966e+00 4.297841e+00 3.026895e+00 2.352479e+00 1.397687e-03
<GCONST> 9.313811e+01
<MIXTURE> 34 1.588179e-02
<MEAN> 25
 8.161553e+00 -1.209745e-01 -9.002410e-02 1.768021e+00 -1.548524e+00 -9.516934e-01 -5.840307e+00 -4.633047e+00 -2.286660e+00 9.701685e-01 -1.802743e+00 -2.975410e+00 -1.481126e-01 1.058706e+00 1.738038e+00 1.732933e+00 1.007076e+00 -7.175117e-01 7.605039e-01 -1.483041e+00 2.423044e-01 -2.791917e-01 -6.997496e-01 6.746823e-02 -5.715938e-02
<VARIANCE> 25
 6.630767e+00 2.398860e+01 2.707665e+01 4.726939e+01 4.213988e+01 3.820039e+01 4.767181e+01 4.515615e+01 4.016854e+01 3.435879e+01 4.321923e+01 2.489588e+01 1.141792e+00 1.596090e+00 3.765426e+00 4.019225e+00 6.121890e+00 5.103392e+00 4.899449e+00 6.076337e+00 5.941373e+00 4.627334e+00 5.271644e+00 3.103745e+00 9.098410e-04
<GCONST> 9.669904e+01
<MIXTURE> 35 1.467755e-02
<MEAN> 25
 -1.910005e+00 -4.853005e+00 -8.664279e+00 -5.296374e-01 9.280470e+00 9.822825e-01 7.403251e-01 2.471492e+00 1.857227e+00 3.944554e+00 4.307298e-01 1.496852e+00 4.366559e-01 -1.041567e+00 -1.275530e+00 -1.234045e+00 1.908678e-01 -6.776750e-01 -5.478243e-01 -1.208732e-01 -2.752358e-01 2.106820e-01 -6.333328e-01 -4.207533e-01 1.007587e-01
<VARIANCE> 25
 1.955124e+01 2.735975e+01 4.857124e+01 6.181966e+01 3.940237e+01 5.308352e+01 5.626524e+01 4.007113e+01 4.850274e+01 4.132894e+01 3.978379e+01 2.963934e+01 3.891433e+00 3.313477e+00 6.403324e+00 5.142602e+00 5.047399e+00 5.226189e+00 5.212985e+00 4.392044e+00 4.673631e+00 4.899020e+00 4.448135e+00 3.472073e+00 5.394093e-03
<GCONST> 1.033789e+02
<MIXTURE> 36 1.093293e-02
<MEAN> 25
 3.978403e+00 -3.298168e+00 5.388964e+00 4.651260e+00 -9.973124e+00 -9.069075e+00 -4.631915e+00 3.408794e+00 -5.362088e+00 -1.206880e+00 1.858060e+00 8.971607e-01 5.147644e-01 4.301831e-02 -1.108658e+00 9.161023e-02 1.184927e+00 1.822079e-01 -6.607142e-01 -3.352296e-02 2.462939e-01 8.654182e-01 -2.466636e-01 -6.286266e-01 -1.532309e-02
<VARIANCE> 25
 8.744315e+00 1.219797e+01 1.919429e+01 2.132151e+01 2.341790e+01 3.170614e+01 3.741865e+01 2.808245e+01 3.922989e+01 3.132418e+01 2.014291e+01 2.441219e+01 4.446501e-01 6.291924e-01 1.363838e+00 9.629208e-01 1.864430e+00 1.597848e+00 2.341565e+00 1.528923e+00 2.369468e+00 1.779905e+00 1.174404e+00 1.696740e+00 5.462740e-04
<GCONST> 7.949205e+01
<MIXTURE> 37 1.246826e-02
<MEAN> 25
 5.787861e-01 7.575128e+00 1.191584e+01 -5.343981e+00 -7.882610e+00 -9.402217e-01 -4.992701e+00 -8.152235e+00 -3.596368e+00 -7.469324e-01 -3.657614e+00 -1.173268e+00 1.756476e-01 6.317578e-01 -1.351776e+00 3.508049e+00 1.964711e+00 -2.945560e-01 1.066208e+00 3.974167e-01 6.338071e-01 -3.205202e-01 5.671482e-01 -1.098713e-01 -9.384336e-02
<VARIANCE> 25
 1.558268e+01 2.644715e+01 3.070144e+01 5.134095e+01 3.415273e+01 3.210023e+01 4.333751e+01 3.522211e+01 3.915633e+01 3.589893e+01 3.798462e+01 3.065449e+01 2.930995e+00 3.330680e+00 3.011463e+00 4.182498e+00 4.530353e+00 3.683924e+00 4.159916e+00 3.791627e+00 3.927258e+00 3.578274e+00 3.843358e+00 2.778103e+00 3.879108e-03
<GCONST> 9.781337e+01
<MIXTURE> 38 1.154525e-02
<MEAN> 25
 -3.842538e+00 6.896769e+00 3.796817e+00 2.074727e+00 3.049799e+00 -4.324331e+00 -2.557716e-01 -1.981266e+00 -9.933226e-01 -1.703568e+00 -9.406565e-01 -5.079523e-01 -4.533750e+00 1.481167e+00 -5.986348e-01 1.441113e+00 2.081129e+00 1.970457e-01 2.485508e+00 9.235044e-01 1.223737e+00 -7.689624e-01 5.333780e-01 3.757059e-01 5.025176e-02
<VARIANCE> 25
 2.741747e+01 2.901784e+01 2.893476e+01 2.450472e+01 4.140117e+01 2.459532e+01 3.320037e+01 3.325516e+01 2.743955e+01 2.769552e+01 2.569552e+01 2.650029e+01 1.656670e+00 3.101927e+00 2.913543e+00 4.180249e+00 3.218270e+00 4.809611e+00 4.207056e+00 3.566048e+00 4.160415e+00 6.350219e+00 3.969706e+00 2.348989e+00 1.680243e-03
<GCONST> 9.498152e+01
<MIXTURE> 39 9.501865e-03
<MEAN> 25
 1.271146e+00 2.498523e+00 1.021411e+01 -8.752938e+00 -1.117761e+01 -9.975058e-01 -3.025234e+00 -6.195673e+00 -4.686560e+00 9.309009e-01 -3.724659e+00 -2.206013e+00 -7.485800e-01 1.489890e+00 1.631016e+00 -1.338146e+00 3.928639e-02 1.216560e+00 -1.111892e+00 -1.234973e+00 3.946685e-01 4.056801e-01 -4.329048e-01 1.748804e-01 1.419989e-03
<VARIANCE> 25
 8.734002e+00 2.902865e+01 3.099980e+01 4.118478e+01 3.757404e+01 4.108795e+01 4.365439e+01 3.509694e+01 4.087771e+01 3.233886e+01 3.802972e+01 2.916471e+01 7.194430e-01 1.508946e+00 1.495854e+00 2.941987e+00 2.422070e+00 2.743363e+00 3.130019e+00 2.707093e+00 2.527333e+00 2.574433e+00 2.170839e+00 2.092893e+00 1.178789e-03
<GCONST> 8.974694e+01
<MIXTURE> 40 1.030800e-02
<MEAN> 25
 -8.374691e+00 1.507436e+00 -8.773947e-01 6.648255e+00 2.968907e+00 5.084812e+00 5.324272e+00 3.494503e+00 5.886691e+00 3.555614e+00 5.465670e+00 1.537228e+00 -1.470258e-01 -3.438540e-01 -3.204785e-02 -2.944732e-01 -2.094339e-01 6.958047e-02 2.183234e-02 1.630192e-01 -1.447944e-02 -2.208687e-01 1.313063e-01 5.490506e-02 2.250570e-03
<VARIANCE> 25
 4.787168e+01 2.157265e+01 2.551648e+01 2.808723e+01 3.160729e+01 1.835427e+01 1.848947e+01 1.810299e+01 2.079856e+01 2.164222e+01 1.651312e+01 1.664390e+01 7.223853e-01 6.928018e-01 9.344274e-01 1.075398e+00 1.125271e+00 1.367642e+00 1.324609e+00 1.184050e+00 1.020753e+00 1.229345e+00 1.160909e+00 1.113327e+00 8.296465e-04
<GCONST> 7.694666e+01
<MIXTURE> 41 6.713375e-03
<MEAN> 25
 1.002989e+00 1.648481e+00 1.055715e+01 -5.965374e+00 -1.062432e+01 -3.396005e+00 -2.214266e+00 -4.544049e+00 -4.923612e+00 2.832916e+00 -1.611972e+00 -4.664721e-01 1.940982e-01 -5.650696e-01 1.604252e+00 -3.203228e+00 -2.456869e+00 -1.535860e-01 -6.122272e-01 -1.577659e-01 -1.149515e+00 1.242617e+00 -8.706410e-01 2.407303e-01 8.028944e-02
<VARIANCE> 25
 1.116543e+01 2.647683e+01 2.984123e+01 4.274598e+01 3.646364e+01 3.680074e+01 3.914582e+01 2.958470e+01 3.351866e+01 2.788142e+01 2.929368e+01 2.560110e+01 3.202914e+00 3.187562e+00 3.495469e+00 4.076365e+00 4.456570e+00 5.168075e+00 4.438035e+00 4.640616e+00 4.158637e+00 4.028018e+00 3.648213e+00 3.086271e+00 2.793324e-03
<GCONST> 9.700470e+01
<MIXTURE> 42 1.106211e-02
<MEAN> 25
 -1.584128e+00 2.419489e+00 3.781536e+00 2.632483e+00 -5.957652e-01 -5.736008e+00 -3.583487e-01 -9.349195e-01 -6.186128e-01 -4.529813e-01 -2.065193e+00 3.264039e-01 3.864524e+00 -1.468819e-01 1.371179e+00 1.920191e-01 -2.663543e+00 -1.220631e+00 -2.468365e+00 -4.731614e-01 -1.949061e+00 1.864769e-01 3.602214e-01 -3.588095e-01 6.904381e-03
<VARIANCE> 25
 2.760043e+01 1.954330e+01 3.592420e+01 2.082356e+01 3.935802e+01 3.112980e+01 3.353016e+01 2.239333e+01 2.371566e+01 2.351605e+01 1.609884e+01 1.625468e+01 2.829154e+00 3.495026e+00 4.421862e+00 3.990763e+00 3.240748e+00 5.737285e+00 4.080406e+00 4.333318e+00 4.947593e+00 4.685729e+00 3.366488e+00 3.155469e+00 3.195017e-03
<GCONST> 9.519537e+01
<MIXTURE> 43 7.108249e-03
<MEAN> 25
 3.044940e+00 -6.044983e+00 -1.958570e+00 -4.906985e+00 -7.064941e+00 -3.357116e+00 3.955600e+00 1.597458e+00 -5.016403e+00 -6.267783e+00 -4.526218e+00 -8.895850e-01 3.046045e-01 2.136138e+00 1.857442e+00 -1.873326e-01 -1.407814e+00 -7.417758e-01 -9.312375e-01 -7.362295e-01 7.137350e-01 1.500397e+00 2.185594e-01 7.019670e-02 -4.206925e-02
<VARIANCE> 25
 9.332069e+00 1.945300e+01 2.742203e+01 3.424004e+01 3.771664e+01 3.495941e+01 3.198207e+01 3.884829e+01 3.762524e+01 4.616016e+01 2.566122e+01 2.998511e+01 7.459990e-01 1.219489e+00 1.539752e+00 2.439317e+00 2.295217e+00 2.313152e+00 2.549442e+00 2.953414e+00 2.732960e+00 2.558262e+00 2.490006e+00 1.854211e+00 1.062908e-03
<GCONST> 8.795245e+01
<MIXTURE> 44 7.328289e-03
<MEAN> 25
 -1.457797e+01 2.704805e+00 2.389100e+00 -4.383119e+00 1.890389e+00 1.831342e+00 2.900071e-03 5.633116e-01 4.894693e+00 -1.926649e+00 2.445266e+00 1.677727e+00 -3.403694e-01 -1.066724e-01 -1.968683e-01 2.404124e-01 -2.783767e-01 -4.806506e-02 5.981225e-01 -8.670661e-02 3.729627e-01 2.777683e-01 6.122361e-02 3.818190e-02 8.967945e-03
<VARIANCE> 25
 4.767271e+01 2.544756e+01 3.093655e+01 1.948658e+01 3.161860e+01 1.971727e+01 2.555790e+01 2.319201e+01 2.798118e+01 2.235855e+01 2.264267e+01 1.462484e+01 1.083809e+00 1.068998e+00 1.670112e+00 1.355953e+00 1.808936e+00 1.448315e+00 1.506881e+00 1.399855e+00 1.206669e+00 1.594060e+00 1.416187e+00 1.185061e+00 1.045680e-03
<GCONST> 8.149384e+01
<MIXTURE> 45 1.364932e-02
<MEAN> 25
 -1.063187e+01 3.548419e+00 -1.125452e+00 1.183878e+00 5.000567e+00 -1.449451e+00 4.565738e+00 2.482476e+00 4.858662e+00 -9.611639e-01 1.700616e+00 2.151495e+00 -3.053220e+00 8.709309e-01 -9.613978e-01 6.493966e-02 -1.095128e-01 -8.443727e-02 8.421696e-01 -9.544680e-04 9.263720e-02 -3.479163e-01 2.145347e-01 -2.017256e-01 9.813819e-02
<VARIANCE> 25
 2.795275e+01 3.673083e+01 3.437931e+01 2.596472e+01 3.001041e+01 2.007654e+01 3.155989e+01 1.957126e+01 2.392274e+01 2.187331e+01 1.774784e+01 1.735199e+01 1.682892e+00 2.531100e+00 2.896351e+00 2.640605e+00 2.031927e+00 2.009489e+00 2.838826e+00 2.007556e+00 1.421819e+00 3.015160e+00 2.779911e+00 1.896386e+00 2.066739e-03
<GCONST> 8.805935e+01
<MIXTURE> 46 9.336259e-03
<MEAN> 25
 -9.204804e+00 1.120633e+00 4.708932e-01 6.554654e+00 5.739826e+00 2.791404e+00 5.920998e+00 3.472543e+00 5.923362e+00 4.042555e+00 5.354330e+00 2.404346e+00 1.033394e+00 -1.775505e-01 -2.761876e-01 1.046311e+00 5.343164e-01 8.746371e-01 2.550954e-01 5.099727e-01 4.992971e-01 8.392724e-01 9.447223e-01 5.583944e-01 -9.339741e-02
<VARIANCE> 25
 3.071244e+01 4.394097e+01 3.715961e+01 4.646428e+01 5.072588e+01 3.764300e+01 5.558017e+01 3.339283e+01 2.884105e+01 3.203142e+01 2.886351e+01 2.228487e+01 3.785196e+00 3.598953e+00 4.266334e+00 3.517149e+00 3.559729e+00 3.446575e+00 3.157851e+00 3.242766e+00 2.632244e+00 3.382875e+00 3.111611e+00 1.558520e+00 7.812615e-03
<GCONST> 9.805106e+01
<MIXTURE> 47 7.116147e-03
<MEAN> 25
 6.635267e+00 -6.558547e+00 -7.140524e+00 -6.162130e+00 1.876617e+00 1.052538e+00 -1.886935e+00 1.038578e+00 3.067532e+00 1.281250e-01 -4.495489e+00 -5.970963e+00 -1.235435e-01 -1.145904e+00 -6.499346e-01 -5.482194e-01 4.894433e-01 8.245991e-01 7.248576e-01 3.337773e-01 3.959928e-02 -7.768370e-01 -3.802473e-01 -3.539852e-01 2.822099e-02
<VARIANCE> 25
 1.220323e+01 2.177049e+01 2.064972e+01 3.160612e+01 3.351951e+01 5.068836e+01 4.085768e+01 3.671959e+01 4.868589e+01 5.425196e+01 4.776699e+01 3.216196e+01 5.394750e-01 8.235519e-01 1.040252e+00 1.686306e+00 1.891761e+00 2.059007e+00 2.185678e+00 2.477678e+00 2.493742e+00 2.160175e+00 2.208469e+00 1.873201e+00 5.251929e-04
<GCONST> 8.632948e+01
<MIXTURE> 48 7.116147e-03
<MEAN> 25
 6.635267e+00 -6.558547e+00 -7.140524e+00 -6.162130e+00 1.876617e+00 1.052538e+00 -1.886935e+00 1.038578e+00 3.067532e+00 1.281250e-01 -4.495489e+00 -5.970963e+00 -1.235435e-01 -1.145904e+00 -6.499346e-01 -5.482194e-01 4.894433e-01 8.245991e-01 7.248576e-01 3.337773e-01 3.959928e-02 -7.768370e-01 -3.802473e-01 -3.539852e-01 2.822099e-02
<VARIANCE> 25
 1.220323e+01 2.177049e+01 2.064972e+01 3.160612e+01 3.351951e+01 5.068836e+01 4.085768e+01 3.671959e+01 4.868589e+01 5.425196e+01 4.776699e+01 3.216196e+01 5.394750e-01 8.235519e-01 1.040252e+00 1.686306e+00 1.891761e+00 2.059007e+00 2.185678e+00 2.477678e+00 2.493742e+00 2.160175e+00 2.208469e+00 1.873201e+00 5.251929e-04
<GCONST> 8.632948e+01
<MIXTURE> 49 5.548473e-03
<MEAN> 25
 -5.086967e+00 3.409601e-01 1.808781e-01 8.427585e+00 6.151896e+00 5.602016e+00 6.052347e+00 4.472248e+00 5.054079e+00 3.693508e+00 4.910231e+00 2.849954e+00 3.639535e-01 6.542588e-01 7.007617e-01 3.555882e-01 -2.005778e-01 -6.718028e-01 -1.003601e+00 -1.119647e+00 -9.549311e-01 -6.783515e-01 -4.906907e-01 -2.741114e-01 3.496530e-06
<VARIANCE> 25
 9.695561e+00 1.007428e+01 1.429093e+01 1.598379e+01 1.585512e+01 1.716538e+01 1.949864e+01 1.941416e+01 1.837714e+01 1.809509e+01 2.071033e+01 1.427325e+01 2.822827e-01 2.630817e-01 3.596711e-01 6.130618e-01 8.703267e-01 9.727103e-01 1.000520e+00 1.050120e+00 1.132428e+00 1.217779e+00 1.278245e+00 1.210387e+00 1.445295e-05
<GCONST> 6.438237e+01
<MIXTURE> 50 6.234641e-03
<MEAN> 25
 -4.764945e+00 1.623080e-01 -1.787219e+00 5.775305e+00 3.958256e+00 2.235975e+00 3.688239e+00 2.059807e+00 3.764495e+00 5.493981e-01 1.510617e+00 2.389861e+00 4.707491e-02 2.085728e-01 6.027783e-02 -1.093003e-01 -5.702763e-01 -5.420238e-01 -4.865301e-01 -1.560327e-01 5.344222e-01 7.816355e-01 7.601053e-01 4.839575e-01 8.100892e-06
<VARIANCE> 25
 1.693718e+01 1.167304e+01 1.405651e+01 1.500113e+01 1.484115e+01 1.691957e+01 2.239259e+01 1.763969e+01 2.332940e+01 2.110229e+01 2.496330e+01 1.543024e+01 1.363723e-01 2.398733e-01 3.909297e-01 5.270741e-01 5.844336e-01 8.636083e-01 1.107797e+00 1.192315e+00 1.161824e+00 9.155790e-01 8.370192e-01 9.589848e-01 1.124113e-06
<GCONST> 6.098090e+01
<MIXTURE> 51 6.234641e-03
<MEAN> 25
 -4.764945e+00 1.623080e-01 -1.787219e+00 5.775305e+00 3.958256e+00 2.235975e+00 3.688239e+00 2.059807e+00 3.764495e+00 5.493981e-01 1.510617e+00 2.389861e+00 4.707491e-02 2.085728e-01 6.027783e-02 -1.093003e-01 -5.702763e-01 -5.420238e-01 -4.865301e-01 -1.560327e-01 5.344222e-01 7.816355e-01 7.601053e-01 4.839575e-01 8.100892e-06
<VARIANCE> 25
 1.693718e+01 1.167304e+01 1.405651e+01 1.500113e+01 1.484115e+01 1.691957e+01 2.239259e+01 1.763969e+01 2.332940e+01 2.110229e+01 2.496330e+01 1.543024e+01 1.363723e-01 2.398733e-01 3.909297e-01 5.270741e-01 5.844336e-01 8.636083e-01 1.107797e+00 1.192315e+00 1.161824e+00 9.155790e-01 8.370192e-01 9.589848e-01 1.124113e-06
<GCONST> 6.098090e+01
<MIXTURE> 52 6.367945e-03
<MEAN> 25
 9.257204e+00 2.301141e+00 -6.353575e+00 -1.098585e+01 -4.680302e+00 7.729558e+00 -1.371008e+00 -2.743993e+00 -6.484720e+00 -1.595611e+00 4.376090e+00 7.392837e-01 -3.762075e-01 -4.296822e-01 -5.813590e-02 8.073247e-01 1.527844e+00 -5.425173e-01 -7.007217e-01 -1.153453e+00 4.787309e-01 1.263770e+00 5.866304e-01 -4.294869e-01 -9.625349e-03
<VARIANCE> 25
 7.168898e+00 1.502830e+01 1.930481e+01 4.144213e+01 4.023025e+01 2.205952e+01 3.817130e+01 4.072778e+01 3.809512e+01 3.977269e+01 3.470971e+01 2.194201e+01 3.346521e-01 1.143489e+00 1.221464e+00 2.774042e+00 2.665239e+00 1.717077e+00 3.018655e+00 2.832644e+00 2.602354e+00 2.301399e+00 2.666733e+00 1.994488e+00 1.140300e-03
<GCONST> 8.601874e+01
<MIXTURE> 53 6.367945e-03
<MEAN> 25
 9.257204e+00 2.301141e+00 -6.353575e+00 -1.098585e+01 -4.680302e+00 7.729558e+00 -1.371008e+00 -2.743993e+00 -6.484720e+00 -1.595611e+00 4.376090e+00 7.392837e-01 -3.762075e-01 -4.296822e-01 -5.813590e-02 8.073247e-01 1.527844e+00 -5.425173e-01 -7.007217e-01 -1.153453e+00 4.787309e-01 1.263770e+00 5.866304e-01 -4.294869e-01 -9.625349e-03
<VARIANCE> 25
 7.168898e+00 1.502830e+01 1.930481e+01 4.144213e+01 4.023025e+01 2.205952e+01 3.817130e+01 4.072778e+01 3.809512e+01 3.977269e+01 3.470971e+01 2.194201e+01 3.346521e-01 1.143489e+00 1.221464e+00 2.774042e+00 2.665239e+00 1.717077e+00 3.018655e+00 2.832644e+00 2.602354e+00 2.301399e+00 2.666733e+00 1.994488e+00 1.140300e-03
<GCONST> 8.601874e+01
<MIXTURE> 54 7.368620e-03
<MEAN> 25
 -3.633723e+00 4.928460e-02 -6.831396e-01 8.036526e+00 6.483994e+00 4.625391e+00 4.675234e+00 4.601035e+00 4.053135e+00 3.593702e+00 4.457447e+00 2.326292e+00 -2.133552e-03 2.654009e-02 3.415797e-02 4.747955e-02 5.136210e-02 4.707745e-02 3.888766e-02 2.891699e-02 3.080087e-02 2.504588e-02 1.451325e-02 1.772895e-03 -1.218225e-05
<VARIANCE> 25
 9.137981e+00 1.036362e+01 9.295725e+00 1.818521e+01 1.332120e+01 1.353334e+01 1.197231e+01 1.128202e+01 1.134300e+01 1.355084e+01 1.780261e+01 1.253437e+01 4.087496e-02 8.734582e-02 1.540849e-01 2.265811e-01 3.079396e-01 3.969497e-01 4.608630e-01 5.215837e-01 5.420892e-01 5.211656e-01 5.144632e-01 5.164449e-01 1.000090e-06
<GCONST> 4.724882e+01
<MIXTURE> 55 7.368620e-03
<MEAN> 25
 -3.633723e+00 4.928460e-02 -6.831396e-01 8.036526e+00 6.483994e+00 4.625391e+00 4.675234e+00 4.601035e+00 4.053135e+00 3.593702e+00 4.457447e+00 2.326292e+00 -2.133552e-03 2.654009e-02 3.415797e-02 4.747955e-02 5.136210e-02 4.707745e-02 3.888766e-02 2.891699e-02 3.080087e-02 2.504588e-02 1.451325e-02 1.772895e-03 -1.218225e-05
<VARIANCE> 25
 9.137981e+00 1.036362e+01 9.295725e+00 1.818521e+01 1.332120e+01 1.353334e+01 1.197231e+01 1.128202e+01 1.134300e+01 1.355084e+01 1.780261e+01 1.253437e+01 4.087496e-02 8.734582e-02 1.540849e-01 2.265811e-01 3.079396e-01 3.969497e-01 4.608630e-01 5.215837e-01 5.420892e-01 5.211656e-01 5.144632e-01 5.164449e-01 1.000090e-06
<GCONST> 4.724882e+01
<MIXTURE> 56 6.132464e-03
<MEAN> 25
 6.752139e+00 -5.155424e+00 -7.767264e+00 -7.541075e+00 3.660357e+00 4.844623e+00 -1.183852e+00 -1.591715e+00 1.404494e+00 8.636532e-01 -1.775849e+00 -5.736041e+00 -1.987553e-03 2.606134e-02 2.181400e-02 1.197368e-01 3.386745e-01 -2.279960e-02 1.676607e-01 -7.735610e-02 5.487886e-02 4.884274e-03 -1.824566e-01 -2.617285e-02 -7.779249e-03
<VARIANCE> 25
 8.962661e+00 2.217270e+01 2.084569e+01 3.617465e+01 2.790381e+01 4.297241e+01 5.017400e+01 2.843336e+01 4.466972e+01 3.501598e+01 3.633022e+01 2.633050e+01 2.062303e-01 3.463063e-01 4.785215e-01 7.558652e-01 8.946335e-01 1.145606e+00 9.350910e-01 8.436404e-01 8.601191e-01 9.260689e-01 1.241787e+00 6.892198e-01 2.134464e-04
<GCONST> 7.373128e+01
<MIXTURE> 57 6.132464e-03
<MEAN> 25
 6.752139e+00 -5.155424e+00 -7.767264e+00 -7.541075e+00 3.660357e+00 4.844623e+00 -1.183852e+00 -1.591715e+00 1.404494e+00 8.636532e-01 -1.775849e+00 -5.736041e+00 -1.987553e-03 2.606134e-02 2.181400e-02 1.197368e-01 3.386745e-01 -2.279960e-02 1.676607e-01 -7.735610e-02 5.487886e-02 4.884274e-03 -1.824566e-01 -2.617285e-02 -7.779249e-03
<VARIANCE> 25
 8.962661e+00 2.217270e+01 2.084569e+01 3.617465e+01 2.790381e+01 4.297241e+01 5.017400e+01 2.843336e+01 4.466972e+01 3.501598e+01 3.633022e+01 2.633050e+01 2.062303e-01 3.463063e-01 4.785215e-01 7.558652e-01 8.946335e-01 1.145606e+00 9.350910e-01 8.436404e-01 8.601191e-01 9.260689e-01 1.241787e+00 6.892198e-01 2.134464e-04
<GCONST> 7.373128e+01
<MIXTURE> 58 6.172147e-03
<MEAN> 25
 2.051564e+00 -2.726251e+00 7.027446e+00 -2.876557e+00 -1.254796e+01 -5.105823e+00 1.320650e+00 2.116842e+00 -5.003830e+00 2.625842e+00 -1.375783e-01 8.818763e-01 1.232039e-01 -2.076359e-01 -5.098772e-02 -5.766162e-02 -9.692863e-02 1.896518e-01 3.052343e-01 2.128954e-01 -3.192956e-01 1.679318e-01 1.885807e-01 -2.384782e-01 1.355174e-04
<VARIANCE> 25
 6.338762e+00 1.262031e+01 1.725816e+01 2.825894e+01 2.362211e+01 4.024709e+01 2.330792e+01 2.777894e+01 3.491119e+01 2.701389e+01 2.015227e+01 2.165480e+01 2.940316e-01 8.881048e-01 6.282352e-01 9.099116e-01 7.987809e-01 1.280545e+00 9.882900e-01 1.385214e+00 9.731556e-01 9.482605e-01 9.746674e-01 9.184285e-01 6.734756e-04
<GCONST> 7.371716e+01
<MIXTURE> 59 6.172147e-03
<MEAN> 25
 2.051564e+00 -2.726251e+00 7.027446e+00 -2.876557e+00 -1.254796e+01 -5.105823e+00 1.320650e+00 2.116842e+00 -5.003830e+00 2.625842e+00 -1.375783e-01 8.818763e-01 1.232039e-01 -2.076359e-01 -5.098772e-02 -5.766162e-02 -9.692863e-02 1.896518e-01 3.052343e-01 2.128954e-01 -3.192956e-01 1.679318e-01 1.885807e-01 -2.384782e-01 1.355174e-04
<VARIANCE> 25
 6.338762e+00 1.262031e+01 1.725816e+01 2.825894e+01 2.362211e+01 4.024709e+01 2.330792e+01 2.777894e+01 3.491119e+01 2.701389e+01 2.015227e+01 2.165480e+01 2.940316e-01 8.881048e-01 6.282352e-01 9.099116e-01 7.987809e-01 1.280545e+00 9.882900e-01 1.385214e+00 9.731556e-01 9.482605e-01 9.746674e-01 9.184285e-01 6.734756e-04
<GCONST> 7.371716e+01
<MIXTURE> 60 4.479129e-03
<MEAN> 25
 -3.590424e+00 -9.118592e-01 -1.024153e+00 3.403175e+00 1.895482e+00 2.220815e+00 1.399710e+00 1.619129e+00 3.029821e+00 6.291045e-01 2.195023e+00 1.733427e+00 -2.597093e-02 7.743262e-02 1.049377e-01 1.291087e-01 1.583252e-01 1.132429e-01 2.187925e-01 3.528250e-01 5.816535e-01 7.380260e-01 5.296169e-01 3.361012e-01 4.792895e-05
<VARIANCE> 25
 1.050664e+01 4.848836e+00 9.769359e+00 1.156024e+01 1.330008e+01 1.614581e+01 1.346870e+01 1.154667e+01 1.957789e+01 1.624714e+01 1.506404e+01 1.200379e+01 8.443937e-02 1.681164e-01 2.716866e-01 4.195693e-01 6.026202e-01 7.233819e-01 8.180485e-01 8.579793e-01 8.818570e-01 9.952120e-01 8.340193e-01 8.474541e-01 2.517075e-05
<GCONST> 5.730243e+01
<MIXTURE> 61 4.479129e-03
<MEAN> 25
 -3.590424e+00 -9.118592e-01 -1.024153e+00 3.403175e+00 1.895482e+00 2.220815e+00 1.399710e+00 1.619129e+00 3.029821e+00 6.291045e-01 2.195023e+00 1.733427e+00 -2.597093e-02 7.743262e-02 1.049377e-01 1.291087e-01 1.583252e-01 1.132429e-01 2.187925e-01 3.528250e-01 5.816535e-01 7.380260e-01 5.296169e-01 3.361012e-01 4.792895e-05
<VARIANCE> 25
 1.050664e+01 4.848836e+00 9.769359e+00 1.156024e+01 1.330008e+01 1.614581e+01 1.346870e+01 1.154667e+01 1.957789e+01 1.624714e+01 1.506404e+01 1.200379e+01 8.443937e-02 1.681164e-01 2.716866e-01 4.195693e-01 6.026202e-01 7.233819e-01 8.180485e-01 8.579793e-01 8.818570e-01 9.952120e-01 8.340193e-01 8.474541e-01 2.517075e-05
<GCONST> 5.730243e+01
<MIXTURE> 62 3.278034e-03
<MEAN> 25
 -5.068365e+00 1.229730e+00 1.022661e+00 8.801556e+00 6.131148e+00 5.052248e+00 5.493390e+00 4.041835e+00 5.006468e+00 3.896742e+00 4.959101e+00 2.948525e+00 -1.001872e+00 -1.164898e+00 -9.519684e-01 -2.769484e-01 4.263805e-01 1.003985e+00 1.384585e+00 1.548791e+00 1.476287e+00 1.241223e+00 1.066935e+00 7.251250e-01 -1.264971e-03
<VARIANCE> 25
 1.005196e+01 9.989496e+00 1.309107e+01 1.681144e+01 1.737789e+01 1.748598e+01 1.967351e+01 1.909868e+01 1.900945e+01 1.893285e+01 2.152873e+01 1.476427e+01 4.017392e-01 4.325199e-01 5.538689e-01 7.798337e-01 1.038943e+00 1.193666e+00 1.249723e+00 1.281075e+00 1.329764e+00 1.366397e+00 1.397648e+00 1.369604e+00 1.632112e-05
<GCONST> 6.756287e+01
<MIXTURE> 63 4.351215e-03
<MEAN> 25
 -2.736843e+00 -2.228551e+00 -4.144680e+00 2.086844e+00 3.267414e+00 6.461955e-01 2.153302e+00 1.236057e+00 4.712015e+00 -1.963628e+00 -9.034609e-01 1.083215e+00 -3.804194e-02 2.608723e-01 3.312173e-01 4.798681e-01 5.031345e-01 4.174199e-01 4.602541e-01 1.801237e-01 2.592205e-01 1.271463e-01 1.715956e-01 2.112195e-01 -4.508971e-03
<VARIANCE> 25
 1.586495e+01 1.609410e+01 1.904181e+01 1.260241e+01 1.376238e+01 2.239120e+01 1.915930e+01 2.042585e+01 3.479066e+01 2.368738e+01 1.898350e+01 1.590082e+01 2.521078e-01 3.934909e-01 5.882432e-01 6.144193e-01 9.900773e-01 1.131903e+00 1.004462e+00 1.149831e+00 1.434361e+00 1.726826e+00 1.222253e+00 1.018994e+00 1.909534e-04
<GCONST> 7.058719e+01
<MIXTURE> 64 4.351215e-03
<MEAN> 25
 -2.736843e+00 -2.228551e+00 -4.144680e+00 2.086844e+00 3.267414e+00 6.461955e-01 2.153302e+00 1.236057e+00 4.712015e+00 -1.963628e+00 -9.034609e-01 1.083215e+00 -3.804194e-02 2.608723e-01 3.312173e-01 4.798681e-01 5.031345e-01 4.174199e-01 4.602541e-01 1.801237e-01 2.592205e-01 1.271463e-01 1.715956e-01 2.112195e-01 -4.508971e-03
<VARIANCE> 25
 1.586495e+01 1.609410e+01 1.904181e+01 1.260241e+01 1.376238e+01 2.239120e+01 1.915930e+01 2.042585e+01 3.479066e+01 2.368738e+01 1.898350e+01 1.590082e+01 2.521078e-01 3.934909e-01 5.882432e-01 6.144193e-01 9.900773e-01 1.131903e+00 1.004462e+00 1.149831e+00 1.434361e+00 1.726826e+00 1.222253e+00 1.018994e+00 1.909534e-04
<GCONST> 7.058719e+01
<MIXTURE> 65 1.721197e-02
<MEAN> 25
 6.841096e+00 1.194221e+00 1.270521e+00 2.796679e-01 -3.189808e+00 -1.918972e+00 -2.612167e+00 -2.982824e+00 -5.387100e+00 5.907850e-01 -4.734571e+00 -8.299873e-01 2.516842e-01 8.790969e-02 7.398970e-02 7.853121e-02 -2.704023e-01 3.178370e-01 -1.872065e-01 -6.563425e-02 1.237988e-01 -2.341468e-01 -1.241378e-01 -1.117265e-01 -2.879048e-04
<VARIANCE> 25
 7.377118e+00 1.274341e+01 2.114356e+01 2.503135e+01 4.226784e+01 4.594374e+01 5.187668e+01 5.520873e+01 3.962333e+01 3.942657e+01 4.279351e+01 2.661786e+01 6.146899e-01 7.355693e-01 1.363984e+00 1.473030e+00 2.154730e+00 2.120961e+00 1.669995e+00 3.975336e+00 2.522017e+00 1.777355e+00 1.918214e+00 1.487670e+00 4.993321e-04
<GCONST> 8.494804e+01
<MIXTURE> 66 1.191532e-02
<MEAN> 25
 6.500972e+00 -3.731194e+00 -5.215024e+00 -4.818553e+00 2.217964e+00 -4.743459e+00 -6.121358e+00 7.914365e-01 1.783258e-01 -6.157637e-01 -6.168505e+00 -3.238343e+00 -1.609750e-02 1.485769e+00 2.199554e+00 2.278502e+00 -1.014989e+00 -1.426359e+00 1.948639e-01 -5.927898e-01 -1.734668e-01 -2.575041e-01 -7.569243e-02 9.919963e-01 -5.883602e-02
<VARIANCE> 25
 8.207427e+00 2.054107e+01 2.529889e+01 3.065861e+01 4.181799e+01 4.880570e+01 5.509000e+01 4.209048e+01 5.080842e+01 7.319468e+01 3.451959e+01 3.294930e+01 1.221039e+00 2.360724e+00 2.195590e+00 2.327691e+00 4.193392e+00 4.229518e+00 4.008945e+00 4.463234e+00 4.052321e+00 4.462873e+00 3.778520e+00 2.920255e+00 1.450748e-03
<GCONST> 9.556612e+01
<MIXTURE> 67 1.559142e-02
<MEAN> 25
 8.564027e+00 1.878038e+00 -5.213629e+00 -7.995895e+00 1.709584e+00 2.885407e+00 -3.377508e+00 -2.765796e+00 -3.960161e+00 1.865701e+00 4.655833e-01 -2.260684e+00 -1.256207e+00 1.748948e+00 1.052083e+00 2.868376e+00 1.627550e+00 -8.455233e-01 1.276173e+00 6.580533e-02 5.183007e-01 8.364715e-02 -5.374796e-01 5.823847e-01 -1.115357e-01
<VARIANCE> 25
 1.049279e+01 3.262369e+01 3.071616e+01 4.960124e+01 4.512961e+01 4.575256e+01 5.512505e+01 4.595377e+01 5.572458e+01 5.663249e+01 4.861210e+01 4.325513e+01 2.068423e+00 3.046359e+00 2.958963e+00 4.138390e+00 4.102541e+00 4.331867e+00 4.231180e+00 4.553050e+00 5.338891e+00 4.204252e+00 4.807600e+00 3.223735e+00 3.984991e-03
<GCONST> 1.007979e+02
<MIXTURE> 68 1.485092e-02
<MEAN> 25
 -2.046997e+00 -2.886807e+00 -2.830647e+00 1.955659e+00 4.945417e+00 -1.473064e+00 1.069608e+00 2.480768e+00 2.300594e+00 1.053479e+00 3.390956e-01 1.488445e+00 2.818903e+00 5.602653e-01 -5.020543e-02 -1.994026e+00 -2.167883e+00 -9.044101e-01 -2.827563e+00 -1.494234e+00 -1.964613e+00 -5.575290e-01 -1.517580e+00 -9.757870e-01 7.637388e-02
<VARIANCE> 25
 2.143031e+01 2.740429e+01 4.673453e+01 4.949464e+01 3.588905e+01 5.378712e+01 3.659033e+01 4.473951e+01 3.440128e+01 3.553346e+01 3.317968e+01 2.140870e+01 1.515665e+00 2.829455e+00 4.544824e+00 5.060742e+00 4.164238e+00 5.489512e+00 6.063354e+00 4.114098e+00 3.959680e+00 5.533400e+00 4.843535e+00 2.981419e+00 5.823723e-03
<GCONST> 1.002579e+02
<MIXTURE> 69 1.204884e-02
<MEAN> 25
 4.541666e+00 -4.056566e+00 -3.202701e+00 -3.388321e+00 -3.092515e+00 -7.413067e+00 -1.213046e+00 2.315386e+00 -3.896050e-01 -4.332228e+00 -5.520547e+00 8.131667e-01 1.599712e+00 -2.098073e+00 -1.246679e+00 -2.133928e+00 -6.535333e-01 -2.714339e-01 -4.499856e-01 5.991666e-01 -7.082936e-01 -1.257653e+00 -2.102975e+00 -1.445597e-01 6.081721e-02
<VARIANCE> 25
 8.755123e+00 2.098043e+01 2.635691e+01 2.679781e+01 4.333187e+01 3.767104e+01 4.778495e+01 2.970421e+01 3.935878e+01 3.881805e+01 3.174157e+01 2.378782e+01 3.704172e+00 2.990503e+00 3.274789e+00 3.627326e+00 5.581610e+00 4.900431e+00 6.804133e+00 5.975790e+00 5.706423e+00 6.266173e+00 4.259315e+00 3.524035e+00 2.434702e-03
<GCONST> 9.849564e+01
<MIXTURE> 70 1.329190e-02
<MEAN> 25
 6.739003e+00 -1.665961e+00 -3.090677e+00 -3.278451e+00 2.160127e-01 2.022884e-01 -6.811357e+00 -3.039307e+00 -5.305334e-01 2.849139e+00 5.167171e-01 -3.855098e+00 1.873652e+00 -7.952091e-01 -6.764153e-01 -1.708686e+00 -1.640702e+00 1.250678e+00 -1.262642e+00 -4.583488e-01 -3.351274e-01 4.701841e-01 6.038101e-01 -1.221186e+00 5.271905e-02
<VARIANCE> 25
 9.653016e+00 1.875676e+01 2.315254e+01 4.226582e+01 3.165060e+01 4.429739e+01 4.330902e+01 3.853160e+01 4.882022e+01 2.911059e+01 4.525939e+01 2.486858e+01 3.316415e+00 2.768794e+00 3.895980e+00 4.451763e+00 4.374372e+00 5.065632e+00 5.805683e+00 6.249363e+00 6.207137e+00 5.009079e+00 5.484493e+00 3.433439e+00 2.254981e-03
<GCONST> 9.902056e+01
<MIXTURE> 71 1.406903e-02
<MEAN> 25
 5.861701e+00 3.921305e+00 4.214388e+00 2.686457e+00 -1.427976e+00 -2.318597e+00 -2.623858e+00 -6.158202e+00 -2.789384e+00 -9.540040e-01 -4.885302e+00 -2.688113e+00 -1.522769e+00 -3.200841e-01 -1.415906e-01 -1.698676e+00 7.965237e-01 1.239083e-01 1.115202e-01 1.845936e+00 4.688266e-01 -4.990900e-01 1.924080e-01 7.005313e-02 2.714006e-02
<VARIANCE> 25
 1.510228e+01 2.031499e+01 1.872369e+01 3.262591e+01 3.894096e+01 3.275748e+01 3.892065e+01 3.321154e+01 3.183703e+01 3.969452e+01 3.589642e+01 2.726061e+01 1.397590e+00 2.557070e+00 7.078556e+00 3.590965e+00 4.776929e+00 4.506197e+00 3.708889e+00 4.700230e+00 3.913083e+00 3.568980e+00 2.995939e+00 2.690489e+00 1.299844e-03
<GCONST> 9.494633e+01
<MIXTURE> 72 8.134747e-03
<MEAN> 25
 2.984600e+00 -2.841868e+00 5.443460e+00 6.492497e-01 -1.090801e+01 -8.058756e+00 -3.855833e+00 1.584997e+00 -7.442504e+00 5.305967e-02 -2.157289e-01 -2.219878e-01 9.254849e-01 -5.014990e-01 -2.691549e+00 3.586795e-01 2.382630e+00 -6.947674e-01 -1.287318e+00 1.209507e+00 2.032073e+00 2.389598e-01 -1.100659e+00 -1.169952e-01 -1.196774e-02
<VARIANCE> 25
 9.835589e+00 1.414992e+01 2.359315e+01 3.974466e+01 2.649032e+01 2.833885e+01 3.497155e+01 2.633541e+01 4.614747e+01 3.711834e+01 3.209815e+01 2.254589e+01 3.343985e-01 8.636255e-01 1.606508e+00 1.147413e+00 1.783541e+00 1.929691e+00 2.411976e+00 2.197395e+00 2.503910e+00 3.307660e+00 1.487516e+00 2.067976e+00 4.363355e-04
<GCONST> 8.297672e+01
<MIXTURE> 73 1.213625e-02
<MEAN> 25
 -5.522348e+00 -9.134933e-01 -1.191308e+00 4.927847e+00 4.053517e+00 2.127843e+00 5.561883e+00 3.367332e+00 4.518962e+00 3.305378e+00 4.204988e+00 3.021841e+00 7.317532e-01 -1.029472e+00 -8.864968e-01 -2.528944e+00 -1.263580e+00 -1.726470e+00 -8.185423e-01 -4.646256e-01 -9.354692e-01 -6.252432e-01 -1.073984e+00 -2.527893e-01 1.513641e-01
<VARIANCE> 25
 1.301047e+01 1.364520e+01 1.540254e+01 2.250211e+01 2.399582e+01 2.559954e+01 2.164733e+01 2.025705e+01 1.833457e+01 1.914570e+01 2.253730e+01 1.527797e+01 4.218105e+00 3.018263e+00 5.883779e+00 4.886379e+00 6.054181e+00 4.455075e+00 4.960486e+00 4.317065e+00 3.789700e+00 4.284588e+00 3.496758e+00 2.619178e+00 4.560831e-03
<GCONST> 9.305384e+01
<MIXTURE> 74 1.756491e-02
<MEAN> 25
 4.079061e+00 -1.363472e+00 5.565087e+00 4.337366e-01 -8.051631e+00 -5.477983e+00 -5.715627e-01 1.096887e+00 -6.024134e+00 8.542669e-01 -2.101162e+00 7.096317e-01 5.241984e-01 1.448125e+00 -1.415450e-01 1.254842e+00 1.471439e+00 1.095154e-01 1.148461e-01 -1.915145e+00 1.194997e+00 -2.516205e-01 9.970450e-02 -2.492793e-01 -6.942949e-02
<VARIANCE> 25
 1.053040e+01 1.700385e+01 2.579140e+01 2.801229e+01 3.574713e+01 4.460991e+01 3.880331e+01 4.016445e+01 4.347161e+01 4.344277e+01 4.012876e+01 2.799963e+01 1.741291e+00 1.547808e+00 2.815910e+00 1.960754e+00 2.871926e+00 2.805031e+00 3.798377e+00 3.303960e+00 4.861667e+00 3.186646e+00 2.536459e+00 2.297802e+00 1.256015e-03
<GCONST> 9.215052e+01
<MIXTURE> 75 9.711651e-03
<MEAN> 25
 2.022908e+00 -1.466998e+00 9.879849e+00 2.419281e+00 -1.145913e+01 -7.667051e+00 -4.200574e+00 1.034801e-01 -5.290683e+00 -2.961620e+00 1.750187e+00 1.183820e+00 1.610120e+00 -1.254704e+00 2.505336e-01 -2.638048e-02 -2.273719e+00 -8.259763e-01 -1.461637e+00 1.126650e+00 -1.202862e+00 -1.876879e-02 8.863435e-01 -1.883429e-01 3.890522e-02
<VARIANCE> 25
 9.088471e+00 1.353779e+01 2.743199e+01 2.187155e+01 2.547687e+01 3.750542e+01 2.649197e+01 2.612060e+01 3.215480e+01 3.001142e+01 1.950966e+01 2.010831e+01 2.263602e+00 1.883646e+00 3.520630e+00 2.418175e+00 3.393125e+00 4.161557e+00 3.355306e+00 2.921844e+00 4.565698e+00 2.856443e+00 2.283245e+00 2.811950e+00 1.111615e-03
<GCONST> 8.955020e+01
<MIXTURE> 76 1.052359e-02
<MEAN> 25
 -4.560335e+00 -9.253200e-01 -2.491502e+00 1.046292e+00 3.867595e+00 1.621076e+00 2.824276e+00 1.249720e+00 6.137957e+00 -1.875383e+00 1.247108e+00 1.092865e+00 -2.443293e-01 -4.824262e-01 -2.176027e-01 -5.909406e-01 -5.739878e-01 -4.326583e-01 -6.465871e-01 -2.514086e-01 -5.174362e-01 -8.704045e-01 -1.530039e-01 -4.209836e-02 1.536639e-02
<VARIANCE> 25
 3.696443e+01 2.585802e+01 2.508407e+01 1.917530e+01 3.191808e+01 1.988095e+01 2.439153e+01 2.124263e+01 3.346866e+01 3.189187e+01 2.255876e+01 1.426423e+01 1.034253e+00 9.086281e-01 1.281164e+00 1.067833e+00 1.070498e+00 1.431309e+00 1.546504e+00 1.385262e+00 1.121882e+00 1.745429e+00 1.603970e+00 1.436537e+00 1.192086e-03
<GCONST> 8.064991e+01
<MIXTURE> 77 1.244626e-02
<MEAN> 25
 -2.200172e-01 8.218606e+00 1.201578e+01 -1.151210e+01 -6.480602e+00 1.188611e+00 -9.190238e+00 -7.096513e+00 -3.347124e+00 -1.284586e-01 -4.178627e+00 -1.589097e+00 7.481111e-02 1.617612e-01 1.518170e-01 2.633558e-01 -4.658216e-03 1.279363e-01 -8.801149e-02 -7.409910e-02 8.992458e-02 -2.234990e-02 3.794999e-02 1.316168e-01 -1.038637e-02
<VARIANCE> 25
 1.095839e+01 2.108716e+01 2.951578e+01 4.142573e+01 3.801154e+01 3.313274e+01 3.537569e+01 3.083187e+01 3.356851e+01 3.169149e+01 4.011879e+01 3.378283e+01 2.861565e-01 7.543333e-01 7.449507e-01 1.035987e+00 1.234695e+00 9.862178e-01 1.179253e+00 1.028435e+00 9.947999e-01 1.025074e+00 9.276432e-01 8.747206e-01 5.192848e-04
<GCONST> 7.765812e+01
<MIXTURE> 78 9.702551e-03
<MEAN> 25
 -1.093462e+01 2.170246e+00 -3.794077e+00 8.558568e-01 4.156103e+00 -1.907285e+00 5.231570e+00 1.992362e+00 5.362853e+00 -2.328314e+00 -8.913626e-01 1.575478e-01 2.481297e+00 -9.646876e-01 7.993742e-01 1.295512e-01 6.981288e-02 3.318916e-01 -4.475137e-01 4.439094e-01 -2.406970e-01 6.088998e-01 -8.904672e-01 -4.042176e-01 -6.868906e-02
<VARIANCE> 25
 3.229647e+01 2.728195e+01 2.270202e+01 2.446721e+01 3.161388e+01 1.876277e+01 2.747653e+01 1.721756e+01 2.091191e+01 1.989524e+01 2.041334e+01 1.740121e+01 3.690805e+00 1.961672e+00 2.233522e+00 1.954553e+00 2.121243e+00 2.222900e+00 3.348762e+00 2.078115e+00 2.015219e+00 2.401216e+00 2.139546e+00 1.878501e+00 3.174083e-03
<GCONST> 8.765544e+01
<MIXTURE> 79 1.156824e-02
<MEAN> 25
 2.187613e+00 1.001166e+00 8.907406e+00 -3.377375e+00 -1.267203e+01 -1.347102e+00 -1.872938e+00 -5.469387e+00 -8.295514e+00 5.875283e-01 -1.191643e+00 -2.287854e+00 1.351578e+00 -5.377791e-01 -1.575937e+00 2.304408e+00 4.476786e-01 -1.484717e+00 8.824529e-01 7.561363e-01 -5.385987e-01 -2.097892e-01 2.747381e-01 1.140856e-01 -3.175025e-02
<VARIANCE> 25
 1.126556e+01 2.160574e+01 2.925649e+01 5.772851e+01 2.825177e+01 3.423539e+01 3.430018e+01 3.158523e+01 3.708346e+01 3.938213e+01 4.563034e+01 2.678064e+01 8.107789e-01 1.779792e+00 1.551341e+00 1.833526e+00 2.152811e+00 2.181463e+00 2.831298e+00 3.869997e+00 3.018258e+00 2.557342e+00 1.767392e+00 1.758354e+00 1.096896e-03
<GCONST> 8.884560e+01
<MIXTURE> 80 7.550998e-03
<MEAN> 25
 -1.422736e+01 3.522096e+00 6.286079e-01 2.576725e+00 2.028744e+00 1.238148e+00 6.909337e+00 2.200869e+00 3.301413e+00 1.824375e+00 4.161623e+00 6.712422e-01 4.176787e+00 -1.606008e-01 1.758927e+00 -8.695552e-01 -2.762785e+00 -2.799017e+00 -2.364531e+00 -1.758693e+00 -2.126859e+00 -1.374437e+00 -1.593287e+00 -5.658618e-01 -4.244936e-02
<VARIANCE> 25
 2.085773e+01 2.001618e+01 3.167834e+01 3.250311e+01 2.979625e+01 2.690201e+01 2.922593e+01 2.688633e+01 2.754221e+01 2.881646e+01 2.874591e+01 1.900482e+01 2.310440e+00 2.631513e+00 2.585053e+00 4.428261e+00 3.225387e+00 2.548714e+00 2.869044e+00 3.519050e+00 2.748329e+00 3.314759e+00 2.582723e+00 1.996186e+00 1.447623e-03
<GCONST> 9.122446e+01
<MIXTURE> 81 8.025434e-03
<MEAN> 25
 -1.114299e+00 4.057131e+00 1.016821e+01 -1.476912e+01 -9.069878e+00 -1.417481e+00 -6.748040e+00 -8.399868e+00 -4.151517e+00 -4.030318e-01 -7.570799e+00 -2.235415e+00 1.346091e-01 -5.854142e-01 -1.957985e-03 -5.567242e-01 -4.645788e-01 3.346184e-01 3.181831e-01 1.403145e-01 -1.444056e-01 1.074282e-01 -4.691195e-01 -1.236214e-01 1.153964e-02
<VARIANCE> 25
 1.014350e+01 3.276223e+01 2.650586e+01 2.965676e+01 3.379745e+01 3.047984e+01 4.551393e+01 2.846374e+01 3.795583e+01 3.192505e+01 2.537277e+01 3.103048e+01 7.726199e-01 2.279039e+00 1.544875e+00 2.867924e+00 2.661545e+00 2.124006e+00 3.277778e+00 2.295540e+00 2.360605e+00 2.535637e+00 2.298529e+00 2.076433e+00 1.181446e-03
<GCONST> 8.870858e+01
<MIXTURE> 82 8.213053e-03
<MEAN> 25
 -9.561749e+00 -3.828907e+00 2.159860e+00 -3.261371e+00 3.085051e+00 4.080463e-01 1.529070e+00 1.071573e+00 3.222829e+00 6.444097e-01 1.562163e+00 2.792653e+00 -1.500312e+00 -1.585099e-01 2.314656e-01 -2.261030e+00 -1.049596e+00 -1.072381e+00 -7.840897e-01 -8.622828e-01 -3.625651e-01 -3.342466e-01 -2.540592e-01 -1.719299e-01 1.661765e-01
<VARIANCE> 25
 2.041946e+01 2.447113e+01 3.049694e+01 3.005715e+01 3.236563e+01 2.943884e+01 3.372894e+01 3.069917e+01 2.779310e+01 3.253662e+01 2.956284e+01 1.701121e+01 3.697819e+00 2.881044e+00 3.051698e+00 3.970059e+00 3.270542e+00 3.237068e+00 3.553260e+00 2.735078e+00 2.469635e+00 2.572604e+00 2.798522e+00 2.032389e+00 3.831072e-03
<GCONST> 9.332789e+01
<MIXTURE> 83 1.167529e-02
<MEAN> 25
 -1.895519e+01 6.415593e+00 -3.713174e+00 -4.203790e-01 5.676958e+00 -1.815881e+00 4.748203e+00 1.063546e+00 2.699849e+00 -2.320476e-01 9.879634e-01 1.781609e+00 -1.131137e-01 -4.908563e-01 -2.718030e-01 -2.641820e-01 -3.883771e-01 -1.685761e-01 1.156249e-01 3.418228e-03 9.649322e-02 9.474899e-02 -7.676200e-02 -1.627154e-01 2.802758e-03
<VARIANCE> 25
 8.090077e+00 1.583401e+01 3.472526e+01 2.114391e+01 2.672445e+01 1.870601e+01 1.974873e+01 2.113834e+01 1.971188e+01 2.494664e+01 1.997134e+01 1.508456e+01 9.325416e-01 1.465674e+00 1.485271e+00 8.499217e-01 1.161473e+00 1.200677e+00 1.468190e+00 1.281619e+00 1.108489e+00 1.063450e+00 1.102600e+00 1.285964e+00 7.960607e-04
<GCONST> 7.644112e+01
<MIXTURE> 84 1.066614e-02
<MEAN> 25
 1.489625e+00 8.188812e+00 6.794526e+00 6.711120e+00 3.188229e+00 -1.267546e+00 -1.228275e+00 -4.639480e+00 -3.788658e+00 -2.332681e+00 -2.427289e+00 -1.084608e+00 -1.764326e+00 -1.122089e+00 -1.015914e+00 1.049774e+00 2.303961e+00 1.274980e+00 1.413539e+00 1.317321e+00 1.470309e+00 3.372024e-02 2.341480e-01 3.761185e-01 -6.755395e-02
<VARIANCE> 25
 2.126856e+01 1.969372e+01 2.027791e+01 2.988253e+01 2.945741e+01 2.758846e+01 2.496788e+01 2.635159e+01 2.510924e+01 2.439586e+01 2.257746e+01 2.294047e+01 1.980833e+00 2.291305e+00 4.096862e+00 3.410040e+00 2.991810e+00 3.459109e+00 3.035135e+00 3.493553e+00 4.205904e+00 3.798567e+00 3.521367e+00 2.677251e+00 3.220813e-03
<GCONST> 9.237252e+01
<MIXTURE> 85 7.591393e-03
<MEAN> 25
 -2.707141e+00 7.283868e+00 5.372600e+00 1.530049e+00 -3.205439e+00 -5.283883e+00 -3.070653e+00 -6.053401e+00 -3.317132e+00 -2.969209e+00 -4.211288e-01 -2.095289e+00 3.872559e+00 3.281938e-01 1.814074e+00 -1.915449e+00 -3.447034e+00 -2.652719e+00 -2.891679e+00 -2.115795e+00 -2.388427e+00 -1.147288e+00 -2.296907e+00 -6.607643e-01 1.209848e-02
<VARIANCE> 25
 4.214853e+01 2.650830e+01 3.582348e+01 3.644209e+01 3.873081e+01 3.893958e+01 3.095989e+01 2.645438e+01 2.567080e+01 2.531640e+01 2.457424e+01 1.993351e+01 2.598030e+00 4.047695e+00 3.843439e+00 5.245193e+00 4.178586e+00 3.777201e+00 3.619441e+00 4.388699e+00 3.854404e+00 3.976259e+00 3.737472e+00 3.338928e+00 5.218873e-03
<GCONST> 9.771661e+01
<MIXTURE> 86 1.273941e-02
<MEAN> 25
 -4.321017e+00 -1.364534e+00 -5.763573e-01 5.693711e+00 5.254430e+00 4.692557e+00 5.087759e+00 4.646841e+00 5.305338e+00 3.218140e+00 4.739500e+00 2.471319e+00 -2.980417e-02 -2.180948e-02 -8.189221e-02 -9.890272e-02 -1.415717e-01 -2.055884e-01 -2.518194e-01 -3.124817e-01 -3.187434e-01 -3.201426e-01 -2.604993e-01 -1.135087e-01 -4.486870e-04
<VARIANCE> 25
 1.146979e+01 5.596358e+00 9.915659e+00 1.503071e+01 1.661234e+01 1.568317e+01 1.321411e+01 1.304120e+01 1.720327e+01 1.781774e+01 1.622426e+01 1.267058e+01 1.016796e-01 1.786082e-01 3.246750e-01 5.025546e-01 6.160293e-01 7.327885e-01 8.175738e-01 7.352716e-01 7.813057e-01 8.294567e-01 8.736163e-01 8.741134e-01 5.549530e-05
<GCONST> 5.924779e+01
<MIXTURE> 87 1.100681e-02
<MEAN> 25
 -3.036993e+00 3.281034e+00 3.798534e+00 5.559035e+00 5.558016e+00 1.866671e-01 2.280412e+00 -1.397918e+00 2.570616e-01 -1.431350e+00 -1.281704e+00 1.088694e-01 -2.205045e+00 -2.597262e+00 -1.772777e+00 -1.902511e+00 -3.195951e-01 -5.420439e-02 7.258970e-01 1.358844e+00 1.185644e+00 9.029952e-01 1.001813e+00 7.755474e-01 9.595782e-02
<VARIANCE> 25
 3.605895e+01 3.316180e+01 2.422208e+01 3.843266e+01 3.638218e+01 2.921209e+01 2.916059e+01 2.669185e+01 2.554936e+01 2.411170e+01 2.256600e+01 2.126795e+01 3.451726e+00 2.451969e+00 4.146042e+00 3.523005e+00 4.596746e+00 4.107618e+00 4.564744e+00 3.839689e+00 3.717467e+00 3.657304e+00 3.190543e+00 2.718037e+00 4.578820e-03
<GCONST> 9.609518e+01
<MIXTURE> 88 1.256585e-02
<MEAN> 25
 -2.952634e+00 -1.764215e+00 -1.426592e+00 3.468103e+00 4.892890e+00 2.607104e+00 3.870618e+00 2.001328e+00 4.658550e+00 1.648085e+00 3.086072e+00 2.355352e+00 1.440001e-01 3.281343e-03 2.701136e-01 6.177835e-01 -1.852691e-01 1.518191e-01 -3.491884e-01 3.458083e-03 -1.930768e-01 -2.123895e-01 -2.047986e-01 -1.218241e-01 -6.431471e-03
<VARIANCE> 25
 1.278551e+01 1.075182e+01 1.422034e+01 1.619512e+01 1.980316e+01 1.962233e+01 2.290154e+01 1.788190e+01 1.735951e+01 1.925648e+01 2.151303e+01 1.333471e+01 1.769371e+00 1.326731e+00 1.714694e+00 2.210495e+00 2.742674e+00 2.323777e+00 2.771550e+00 2.256131e+00 2.572850e+00 2.208082e+00 2.113782e+00 1.495604e+00 1.630489e-03
<GCONST> 8.209846e+01
<MIXTURE> 89 9.333527e-03
<MEAN> 25
 5.014568e+00 -4.552989e+00 -2.620996e+00 -2.238626e+00 3.476586e-01 -5.102473e+00 -4.271696e+00 4.371614e+00 1.934839e+00 -7.363930e-01 -7.188725e+00 -1.927853e+00 -6.723644e-01 1.424529e-01 1.960280e+00 6.708188e-01 -1.770056e+00 -8.452647e-01 5.397662e-01 1.366815e+00 -4.701330e-01 -9.138908e-01 4.234102e-02 1.425193e+00 -3.585532e-03
<VARIANCE> 25
 7.876828e+00 2.171641e+01 2.381535e+01 2.040038e+01 3.090608e+01 3.357857e+01 4.680956e+01 3.249022e+01 3.360909e+01 3.580795e+01 2.685575e+01 2.437853e+01 3.202839e-01 5.784540e-01 2.193650e+00 1.119677e+00 1.749783e+00 2.525352e+00 2.146975e+00 1.904542e+00 2.205767e+00 1.830324e+00 2.082586e+00 1.161789e+00 2.873144e-04
<GCONST> 8.135487e+01
<MIXTURE> 90 7.114505e-03
<MEAN> 25
 2.474680e+00 -9.453281e+00 -4.548109e+00 -3.824747e+00 -3.299055e+00 -1.818119e+00 3.154666e+00 1.484918e+00 -7.402952e+00 -9.795832e+00 -3.490829e+00 -7.124586e-01 -1.504894e-01 8.922278e-01 1.157277e+00 -8.135599e-01 -1.630053e+00 -1.381376e-01 5.804589e-01 -1.870857e-01 -2.048209e-01 7.098748e-01 1.635400e-01 -5.239862e-01 -1.116956e-02
<VARIANCE> 25
 8.223461e+00 1.892184e+01 2.031373e+01 2.768405e+01 3.575134e+01 3.117367e+01 3.827460e+01 3.805281e+01 3.578214e+01 3.139428e+01 2.638335e+01 2.521104e+01 2.283808e-01 6.024849e-01 7.662482e-01 1.054042e+00 1.464566e+00 1.697861e+00 1.836932e+00 1.616478e+00 1.794648e+00 1.661759e+00 1.472185e+00 1.282727e+00 2.112370e-04
<GCONST> 7.821851e+01
<MIXTURE> 91 7.852945e-03
<MEAN> 25
 5.774514e+00 -6.384406e+00 -7.414055e+00 -4.794363e+00 4.175311e+00 4.251732e-01 -1.692637e+00 8.013278e-01 1.596389e+00 -2.015705e+00 -4.368329e+00 -4.290112e+00 2.812150e-01 8.261765e-01 3.179579e-01 5.197123e-01 1.065208e-01 -8.196257e-01 -3.406170e-01 -5.063496e-02 -1.731479e-01 4.468449e-01 -1.477008e-01 4.911329e-02 -2.862331e-02
<VARIANCE> 25
 9.065322e+00 2.179463e+01 1.980618e+01 3.434940e+01 3.076765e+01 5.047724e+01 4.400409e+01 3.223707e+01 6.344212e+01 6.552719e+01 3.764416e+01 3.560396e+01 4.272617e-01 8.604284e-01 1.028169e+00 1.447036e+00 2.048230e+00 2.347989e+00 2.262727e+00 2.145056e+00 1.921013e+00 2.044869e+00 1.961123e+00 1.656949e+00 5.771972e-04
<GCONST> 8.553047e+01
<MIXTURE> 92 7.852945e-03
<MEAN> 25
 5.774514e+00 -6.384406e+00 -7.414055e+00 -4.794363e+00 4.175311e+00 4.251732e-01 -1.692637e+00 8.013278e-01 1.596389e+00 -2.015705e+00 -4.368329e+00 -4.290112e+00 2.812150e-01 8.261765e-01 3.179579e-01 5.197123e-01 1.065208e-01 -8.196257e-01 -3.406170e-01 -5.063496e-02 -1.731479e-01 4.468449e-01 -1.477008e-01 4.911329e-02 -2.862331e-02
<VARIANCE> 25
 9.065322e+00 2.179463e+01 1.980618e+01 3.434940e+01 3.076765e+01 5.047724e+01 4.400409e+01 3.223707e+01 6.344212e+01 6.552719e+01 3.764416e+01 3.560396e+01 4.272617e-01 8.604284e-01 1.028169e+00 1.447036e+00 2.048230e+00 2.347989e+00 2.262727e+00 2.145056e+00 1.921013e+00 2.044869e+00 1.961123e+00 1.656949e+00 5.771972e-04
<GCONST> 8.553047e+01
<MIXTURE> 93 6.122769e-03
<MEAN> 25
 -6.821217e+00 -9.609260e-01 -2.402059e+00 5.795186e+00 5.906253e+00 3.924034e+00 6.121470e+00 3.608705e+00 4.125218e+00 2.503274e+00 1.816314e+00 3.703005e+00 -6.163605e-02 -1.542237e-01 -2.575866e-01 -3.317177e-01 -3.341516e-01 -2.847201e-01 -2.184822e-01 -1.744908e-01 -1.659483e-01 -1.502165e-01 -1.037976e-01 -3.513864e-02 -4.865011e-06
<VARIANCE> 25
 9.151642e+00 6.032813e+00 8.184898e+00 1.137265e+01 1.149474e+01 1.598511e+01 1.529273e+01 1.643647e+01 1.479023e+01 1.458370e+01 1.678867e+01 1.345205e+01 8.272676e-02 1.534609e-01 2.638786e-01 3.807963e-01 4.977088e-01 6.429650e-01 7.811991e-01 8.872005e-01 9.172029e-01 8.761771e-01 8.926273e-01 9.180471e-01 1.004134e-06
<GCONST> 5.362632e+01
<MIXTURE> 94 6.122769e-03
<MEAN> 25
 -6.821217e+00 -9.609260e-01 -2.402059e+00 5.795186e+00 5.906253e+00 3.924034e+00 6.121470e+00 3.608705e+00 4.125218e+00 2.503274e+00 1.816314e+00 3.703005e+00 -6.163605e-02 -1.542237e-01 -2.575866e-01 -3.317177e-01 -3.341516e-01 -2.847201e-01 -2.184822e-01 -1.744908e-01 -1.659483e-01 -1.502165e-01 -1.037976e-01 -3.513864e-02 -4.865011e-06
<VARIANCE> 25
 9.151642e+00 6.032813e+00 8.184898e+00 1.137265e+01 1.149474e+01 1.598511e+01 1.529273e+01 1.643647e+01 1.479023e+01 1.458370e+01 1.678867e+01 1.345205e+01 8.272676e-02 1.534609e-01 2.638786e-01 3.807963e-01 4.977088e-01 6.429650e-01 7.811991e-01 8.872005e-01 9.172029e-01 8.761771e-01 8.926273e-01 9.180471e-01 1.004134e-06
<GCONST> 5.362632e+01
<MIXTURE> 95 5.258835e-03
<MEAN> 25
 -5.829588e+00 -1.091741e+00 -2.076039e+00 4.486043e+00 4.391644e+00 2.532127e+00 3.853871e+00 1.466995e+00 2.516532e+00 4.457213e-01 1.138885e+00 2.410725e+00 7.494201e-02 1.734915e-01 -2.003568e-02 -5.878647e-02 -5.013108e-01 -6.212716e-01 -1.070964e+00 -1.278842e+00 -1.200976e+00 -1.080957e+00 -5.983036e-01 -3.220466e-01 5.726040e-04
<VARIANCE> 25
 1.208603e+01 7.787708e+00 1.296007e+01 1.279259e+01 1.342182e+01 1.859217e+01 1.735334e+01 1.600086e+01 1.802546e+01 1.584001e+01 1.805311e+01 1.326772e+01 2.292683e-01 2.727208e-01 5.381019e-01 6.181453e-01 8.647993e-01 1.003709e+00 9.686319e-01 8.487398e-01 8.958728e-01 1.190227e+00 1.134756e+00 1.103496e+00 4.558932e-05
<GCONST> 6.396421e+01
<MIXTURE> 96 7.034694e-03
<MEAN> 25
 -4.738979e+00 -6.024832e-01 -2.239120e+00 4.966448e+00 3.818643e+00 1.829297e+00 3.215303e+00 1.919691e+00 2.770941e+00 5.916332e-01 1.175529e+00 2.764617e+00 -2.574760e-02 8.505071e-02 2.071089e-01 3.892670e-01 5.328714e-01 5.083795e-01 1.955448e-01 -1.526345e-01 -4.452153e-01 -6.873439e-01 -6.662435e-01 -3.910625e-01 -8.392323e-05
<VARIANCE> 25
 1.351011e+01 9.870303e+00 1.241769e+01 1.457582e+01 1.456663e+01 1.881836e+01 1.994275e+01 1.933465e+01 1.964399e+01 1.925660e+01 1.914907e+01 1.418200e+01 1.162457e-01 2.109982e-01 3.114942e-01 3.967526e-01 4.975221e-01 6.412567e-01 9.066048e-01 9.723110e-01 9.419578e-01 8.717273e-01 9.472623e-01 9.338434e-01 1.082843e-06
<GCONST> 5.802362e+01
<MIXTURE> 97 7.034694e-03
<MEAN> 25
 -4.738979e+00 -6.024832e-01 -2.239120e+00 4.966448e+00 3.818643e+00 1.829297e+00 3.215303e+00 1.919691e+00 2.770941e+00 5.916332e-01 1.175529e+00 2.764617e+00 -2.574760e-02 8.505071e-02 2.071089e-01 3.892670e-01 5.328714e-01 5.083795e-01 1.955448e-01 -1.526345e-01 -4.452153e-01 -6.873439e-01 -6.662435e-01 -3.910625e-01 -8.392323e-05
<VARIANCE> 25
 1.351011e+01 9.870303e+00 1.241769e+01 1.457582e+01 1.456663e+01 1.881836e+01 1.994275e+01 1.933465e+01 1.964399e+01 1.925660e+01 1.914907e+01 1.418200e+01 1.162457e-01 2.109982e-01 3.114942e-01 3.967526e-01 4.975221e-01 6.412567e-01 9.066048e-01 9.723110e-01 9.419578e-01 8.717273e-01 9.472623e-01 9.338434e-01 1.082843e-06
<GCONST> 5.802362e+01
<MIXTURE> 98 9.917808e-03
<MEAN> 25
 -9.254533e-02 4.450574e-01 1.078430e+00 1.227091e+00 4.048829e+00 1.054077e+00 1.667514e+00 9.593071e-01 2.894316e+00 -3.478596e-01 4.339783e-01 6.697789e-01 -1.456608e+00 -1.049582e+00 -8.371402e-01 6.322722e-02 8.540145e-01 6.278042e-01 8.112879e-01 1.486472e+00 1.902274e+00 2.865688e-01 1.083871e+00 6.401423e-01 -3.319851e-02
<VARIANCE> 25
 1.432262e+01 1.411315e+01 2.152919e+01 3.105242e+01 3.449071e+01 2.933699e+01 2.719316e+01 2.220606e+01 2.895894e+01 2.526513e+01 2.289345e+01 1.957237e+01 1.425291e+00 1.131938e+00 2.218005e+00 2.080301e+00 2.494133e+00 2.220709e+00 2.360040e+00 2.691163e+00 3.038795e+00 3.169173e+00 2.823177e+00 1.861347e+00 2.146320e-03
<GCONST> 8.713206e+01
<MIXTURE> 99 6.696178e-03
<MEAN> 25
 -6.248515e+00 9.456141e+00 6.108798e+00 3.162698e+00 1.218249e+00 -5.091810e+00 -1.538993e+00 -3.728591e+00 -2.883434e+00 -3.759372e+00 -1.715215e+00 2.676777e-01 5.722147e-01 -7.222705e-01 2.930933e-01 -3.729378e-01 -1.136782e+00 -4.542277e-01 -3.292935e-01 -2.264368e-01 -1.646787e-01 -5.510055e-02 2.505266e-01 1.737681e-01 1.006320e-02
<VARIANCE> 25
 3.878650e+01 2.678011e+01 4.990217e+01 3.076983e+01 3.775638e+01 3.447707e+01 2.663624e+01 3.079507e+01 3.040387e+01 2.719991e+01 1.990200e+01 2.836194e+01 2.125282e+00 1.830652e+00 1.458604e+00 1.693962e+00 2.589393e+00 2.173448e+00 1.559333e+00 1.687878e+00 1.627159e+00 1.532210e+00 1.282650e+00 1.278332e+00 1.546043e-03
<GCONST> 8.705858e+01
<MIXTURE> 100 4.498084e-03
<MEAN> 25
 -1.629686e+00 6.251563e+00 1.029743e+01 -7.234793e+00 -1.080632e+01 -5.004231e+00 -4.791833e+00 -9.910674e+00 -4.692190e+00 -7.050411e-01 -2.708647e+00 -2.616309e+00 2.913744e+00 -1.214822e+00 1.291139e+00 -2.154412e+00 -3.397935e+00 -7.833862e-01 -1.225303e+00 -7.777451e-01 -1.516433e+00 3.910762e-01 -1.630503e+00 -2.552525e-01 2.383816e-03
<VARIANCE> 25
 1.348269e+01 2.124339e+01 2.214797e+01 2.918453e+01 2.271146e+01 2.365786e+01 3.010662e+01 2.163399e+01 2.714358e+01 2.373886e+01 2.210682e+01 2.150695e+01 1.778726e+00 4.015525e+00 2.877899e+00 4.277878e+00 4.146498e+00 4.465472e+00 3.956230e+00 4.382226e+00 4.200738e+00 3.956728e+00 3.886421e+00 3.231766e+00 1.656473e-03
<GCONST> 9.266006e+01
<MIXTURE> 101 6.007792e-03
<MEAN> 25
 7.078254e+00 -2.915788e+00 -5.384998e+00 -4.140321e+00 2.138575e-01 -1.778300e+00 -1.027057e+01 -1.182738e+00 -9.821177e-01 4.055904e+00 -1.182338e+00 -4.756051e+00 7.978007e-01 6.631883e-01 -1.338921e+00 -1.708346e+00 1.174208e+00 2.393176e+00 2.990285e-02 -1.445340e+00 -1.206338e+00 1.109503e+00 1.180334e+00 -2.494939e-01 -6.927326e-03
<VARIANCE> 25
 9.125699e+00 1.407948e+01 2.396837e+01 5.108823e+01 2.952058e+01 3.314122e+01 3.075742e+01 3.084492e+01 5.857649e+01 4.167410e+01 4.294225e+01 1.841832e+01 3.472531e-01 5.849408e-01 1.235120e+00 1.378490e+00 1.715014e+00 1.889037e+00 1.860485e+00 1.481396e+00 2.481510e+00 2.055226e+00 1.498924e+00 1.925015e+00 3.619382e-04
<GCONST> 8.201982e+01
<MIXTURE> 102 6.007792e-03
<MEAN> 25
 7.078254e+00 -2.915788e+00 -5.384998e+00 -4.140321e+00 2.138575e-01 -1.778300e+00 -1.027057e+01 -1.182738e+00 -9.821177e-01 4.055904e+00 -1.182338e+00 -4.756051e+00 7.978007e-01 6.631883e-01 -1.338921e+00 -1.708346e+00 1.174208e+00 2.393176e+00 2.990285e-02 -1.445340e+00 -1.206338e+00 1.109503e+00 1.180334e+00 -2.494939e-01 -6.927326e-03
<VARIANCE> 25
 9.125699e+00 1.407948e+01 2.396837e+01 5.108823e+01 2.952058e+01 3.314122e+01 3.075742e+01 3.084492e+01 5.857649e+01 4.167410e+01 4.294225e+01 1.841832e+01 3.472531e-01 5.849408e-01 1.235120e+00 1.378490e+00 1.715014e+00 1.889037e+00 1.860485e+00 1.481396e+00 2.481510e+00 2.055226e+00 1.498924e+00 1.925015e+00 3.619382e-04
<GCONST> 8.201982e+01
<MIXTURE> 103 5.694618e-03
<MEAN> 25
 3.302720e+00 -9.131774e+00 -5.975376e+00 -3.085866e+00 -1.216569e+00 -1.717400e+00 2.363132e+00 2.460986e+00 -4.066581e+00 -9.180224e+00 -4.902662e+00 3.131278e-01 -1.559509e-01 -1.438764e+00 -9.266738e-01 3.222221e-01 1.151669e+00 1.004861e+00 1.496955e-01 -2.650656e-01 -7.787825e-01 -9.329482e-01 -3.442933e-02 1.267431e-01 2.641226e-02
<VARIANCE> 25
 1.027069e+01 2.197925e+01 2.271453e+01 3.042916e+01 4.700494e+01 3.549263e+01 4.490501e+01 3.542040e+01 4.855774e+01 2.978532e+01 2.988432e+01 2.541442e+01 6.485572e-01 1.273744e+00 1.550780e+00 1.982724e+00 2.921748e+00 2.382628e+00 2.783089e+00 2.515880e+00 2.566674e+00 2.549043e+00 2.146902e+00 1.985939e+00 8.027530e-04
<GCONST> 8.762528e+01
<MIXTURE> 104 5.694618e-03
<MEAN> 25
 3.302720e+00 -9.131774e+00 -5.975376e+00 -3.085866e+00 -1.216569e+00 -1.717400e+00 2.363132e+00 2.460986e+00 -4.066581e+00 -9.180224e+00 -4.902662e+00 3.131278e-01 -1.559509e-01 -1.438764e+00 -9.266738e-01 3.222221e-01 1.151669e+00 1.004861e+00 1.496955e-01 -2.650656e-01 -7.787825e-01 -9.329482e-01 -3.442933e-02 1.267431e-01 2.641226e-02
<VARIANCE> 25
 1.027069e+01 2.197925e+01 2.271453e+01 3.042916e+01 4.700494e+01 3.549263e+01 4.490501e+01 3.542040e+01 4.855774e+01 2.978532e+01 2.988432e+01 2.541442e+01 6.485572e-01 1.273744e+00 1.550780e+00 1.982724e+00 2.921748e+00 2.382628e+00 2.783089e+00 2.515880e+00 2.566674e+00 2.549043e+00 2.146902e+00 1.985939e+00 8.027530e-04
<GCONST> 8.762528e+01
<MIXTURE> 105 4.710235e-03
<MEAN> 25
 1.935407e+00 -1.419252e+00 8.715087e+00 -1.473853e+00 -1.150838e+01 -5.042106e+00 -3.660305e+00 -4.276476e-01 -4.779893e+00 -2.512653e+00 1.219993e+00 1.450844e-01 3.928874e-02 7.143727e-03 4.472727e-02 -7.996105e-02 1.416696e-02 9.416013e-02 5.880705e-02 1.091781e-01 -1.328728e-01 1.425531e-01 9.414937e-02 1.032220e-02 -3.086061e-03
<VARIANCE> 25
 1.162892e+01 2.333811e+01 3.771147e+01 4.255507e+01 3.365715e+01 4.681043e+01 3.655649e+01 3.731735e+01 3.939439e+01 3.616457e+01 3.667762e+01 3.586802e+01 7.855757e-02 1.701583e-01 3.616866e-01 2.678678e-01 3.357529e-01 5.235686e-01 4.810386e-01 5.057631e-01 4.950477e-01 4.611007e-01 5.135057e-01 3.887730e-01 1.030762e-04
<GCONST> 6.588596e+01
<MIXTURE> 106 4.710235e-03
<MEAN> 25
 1.935407e+00 -1.419252e+00 8.715087e+00 -1.473853e+00 -1.150838e+01 -5.042106e+00 -3.660305e+00 -4.276476e-01 -4.779893e+00 -2.512653e+00 1.219993e+00 1.450844e-01 3.928874e-02 7.143727e-03 4.472727e-02 -7.996105e-02 1.416696e-02 9.416013e-02 5.880705e-02 1.091781e-01 -1.328728e-01 1.425531e-01 9.414937e-02 1.032220e-02 -3.086061e-03
<VARIANCE> 25
 1.162892e+01 2.333811e+01 3.771147e+01 4.255507e+01 3.365715e+01 4.681043e+01 3.655649e+01 3.731735e+01 3.939439e+01 3.616457e+01 3.667762e+01 3.586802e+01 7.855757e-02 1.701583e-01 3.616866e-01 2.678678e-01 3.357529e-01 5.235686e-01 4.810386e-01 5.057631e-01 4.950477e-01 4.611007e-01 5.135057e-01 3.887730e-01 1.030762e-04
<GCONST> 6.588596e+01
<MIXTURE> 107 5.452374e-03
<MEAN> 25
 7.983635e+00 -1.767367e+00 -6.736883e+00 -7.381824e+00 1.172095e+00 3.154291e+00 -8.242034e+00 -4.702019e+00 -2.366705e+00 3.839311e+00 1.758117e+00 -3.948461e+00 -5.954390e-01 -5.615751e-01 1.040569e+00 1.382067e+00 6.080135e-01 -1.894595e+00 -7.624831e-01 6.058035e-01 2.007139e+00 7.801443e-02 -1.680050e+00 -8.488857e-01 -8.638688e-03
<VARIANCE> 25
 7.523111e+00 1.604676e+01 2.657852e+01 4.873616e+01 3.656635e+01 3.207924e+01 4.757616e+01 2.933608e+01 3.839643e+01 3.316787e+01 4.432027e+01 2.807129e+01 3.278536e-01 8.590290e-01 1.456735e+00 2.437693e+00 2.677624e+00 2.336027e+00 2.882200e+00 2.565698e+00 2.089561e+00 2.685541e+00 1.646935e+00 1.853612e+00 7.698494e-04
<GCONST> 8.599700e+01
<MIXTURE> 108 5.452374e-03
<MEAN> 25
 7.983635e+00 -1.767367e+00 -6.736883e+00 -7.381824e+00 1.172095e+00 3.154291e+00 -8.242034e+00 -4.702019e+00 -2.366705e+00 3.839311e+00 1.758117e+00 -3.948461e+00 -5.954390e-01 -5.615751e-01 1.040569e+00 1.382067e+00 6.080135e-01 -1.894595e+00 -7.624831e-01 6.058035e-01 2.007139e+00 7.801443e-02 -1.680050e+00 -8.488857e-01 -8.638688e-03
<VARIANCE> 25
 7.523111e+00 1.604676e+01 2.657852e+01 4.873616e+01 3.656635e+01 3.207924e+01 4.757616e+01 2.933608e+01 3.839643e+01 3.316787e+01 4.432027e+01 2.807129e+01 3.278536e-01 8.590290e-01 1.456735e+00 2.437693e+00 2.677624e+00 2.336027e+00 2.882200e+00 2.565698e+00 2.089561e+00 2.685541e+00 1.646935e+00 1.853612e+00 7.698494e-04
<GCONST> 8.599700e+01
<MIXTURE> 109 6.661064e-03
<MEAN> 25
 3.695233e+00 -8.852938e+00 -6.484925e+00 -1.228387e+00 2.664022e+00 8.300385e-01 -4.673731e-01 1.693252e+00 5.202873e-01 -7.490064e+00 -4.336121e+00 -1.142123e-01 -2.616389e-02 -7.539390e-02 5.302147e-03 2.247718e-01 2.407339e-01 8.465278e-02 -8.145116e-02 -2.902407e-02 5.854720e-02 -2.227423e-01 1.968679e-01 7.750664e-02 -4.120383e-03
<VARIANCE> 25
 7.303844e+00 1.925838e+01 2.272082e+01 2.606266e+01 3.363020e+01 3.207982e+01 3.644405e+01 2.821013e+01 6.020013e+01 3.545265e+01 2.981487e+01 2.287779e+01 1.637647e-01 3.757381e-01 4.762600e-01 7.174933e-01 1.404774e+00 9.450403e-01 1.162038e+00 9.804804e-01 1.078382e+00 1.070250e+00 9.403524e-01 8.102750e-01 1.623562e-04
<GCONST> 7.308481e+01
<MIXTURE> 110 6.661064e-03
<MEAN> 25
 3.695233e+00 -8.852938e+00 -6.484925e+00 -1.228387e+00 2.664022e+00 8.300385e-01 -4.673731e-01 1.693252e+00 5.202873e-01 -7.490064e+00 -4.336121e+00 -1.142123e-01 -2.616389e-02 -7.539390e-02 5.302147e-03 2.247718e-01 2.407339e-01 8.465278e-02 -8.145116e-02 -2.902407e-02 5.854720e-02 -2.227423e-01 1.968679e-01 7.750664e-02 -4.120383e-03
<VARIANCE> 25
 7.303844e+00 1.925838e+01 2.272082e+01 2.606266e+01 3.363020e+01 3.207982e+01 3.644405e+01 2.821013e+01 6.020013e+01 3.545265e+01 2.981487e+01 2.287779e+01 1.637647e-01 3.757381e-01 4.762600e-01 7.174933e-01 1.404774e+00 9.450403e-01 1.162038e+00 9.804804e-01 1.078382e+00 1.070250e+00 9.403524e-01 8.102750e-01 1.623562e-04
<GCONST> 7.308481e+01
<MIXTURE> 111 4.337247e-03
<MEAN> 25
 -4.040203e+00 -1.017633e+00 -1.850698e+00 1.720725e+00 1.124839e+00 9.188474e-01 1.516683e-01 -2.423885e-03 4.998246e-01 -6.288565e-01 -7.101523e-01 1.702006e+00 -1.529750e-02 -1.506944e-02 -7.722653e-02 -5.998863e-02 -5.829114e-02 1.528549e-02 2.448373e-02 -2.032943e-02 -1.423806e-01 -2.438529e-01 -2.157204e-01 -9.062310e-02 -2.325289e-04
<VARIANCE> 25
 9.624064e+00 5.112715e+00 1.075086e+01 9.432798e+00 1.401582e+01 2.252005e+01 1.440556e+01 1.409319e+01 1.332947e+01 1.158548e+01 1.421766e+01 1.210865e+01 8.219972e-02 1.592536e-01 2.948505e-01 4.372733e-01 6.223543e-01 7.483075e-01 7.916537e-01 8.735601e-01 9.208504e-01 8.882755e-01 8.579387e-01 8.515804e-01 2.184379e-05
<GCONST> 5.695439e+01
<MIXTURE> 112 4.337247e-03
<MEAN> 25
 -4.040203e+00 -1.017633e+00 -1.850698e+00 1.720725e+00 1.124839e+00 9.188474e-01 1.516683e-01 -2.423885e-03 4.998246e-01 -6.288565e-01 -7.101523e-01 1.702006e+00 -1.529750e-02 -1.506944e-02 -7.722653e-02 -5.998863e-02 -5.829114e-02 1.528549e-02 2.448373e-02 -2.032943e-02 -1.423806e-01 -2.438529e-01 -2.157204e-01 -9.062310e-02 -2.325289e-04
<VARIANCE> 25
 9.624064e+00 5.112715e+00 1.075086e+01 9.432798e+00 1.401582e+01 2.252005e+01 1.440556e+01 1.409319e+01 1.332947e+01 1.158548e+01 1.421766e+01 1.210865e+01 8.219972e-02 1.592536e-01 2.948505e-01 4.372733e-01 6.223543e-01 7.483075e-01 7.916537e-01 8.735601e-01 9.208504e-01 8.882755e-01 8.579387e-01 8.515804e-01 2.184379e-05
<GCONST> 5.695439e+01
<MIXTURE> 113 5.938666e-03
<MEAN> 25
 9.163692e+00 1.386806e+00 -7.794099e+00 -1.445593e+01 -5.693817e-01 5.745012e+00 -4.786745e+00 -1.331649e+00 -6.534062e+00 3.817368e-01 1.423668e+00 -2.681130e-01 4.562781e-02 -2.218481e-02 -4.985053e-02 -2.014761e-01 1.819075e-01 2.940225e-01 1.468599e-01 -1.380902e-01 2.332265e-01 -1.735274e-01 6.255275e-02 -1.964835e-01 -1.008761e-03
<VARIANCE> 25
 8.538164e+00 1.307523e+01 2.555169e+01 4.085608e+01 4.168345e+01 2.793448e+01 3.759423e+01 2.993352e+01 3.120496e+01 3.748179e+01 3.457866e+01 2.240625e+01 1.185343e-01 2.860856e-01 3.367327e-01 5.772387e-01 5.845422e-01 7.701427e-01 6.745139e-01 8.090215e-01 1.025208e+00 9.570322e-01 8.135111e-01 8.186551e-01 1.146711e-04
<GCONST> 6.949103e+01
<MIXTURE> 114 5.938666e-03
<MEAN> 25
 9.163692e+00 1.386806e+00 -7.794099e+00 -1.445593e+01 -5.693817e-01 5.745012e+00 -4.786745e+00 -1.331649e+00 -6.534062e+00 3.817368e-01 1.423668e+00 -2.681130e-01 4.562781e-02 -2.218481e-02 -4.985053e-02 -2.014761e-01 1.819075e-01 2.940225e-01 1.468599e-01 -1.380902e-01 2.332265e-01 -1.735274e-01 6.255275e-02 -1.964835e-01 -1.008761e-03
<VARIANCE> 25
 8.538164e+00 1.307523e+01 2.555169e+01 4.085608e+01 4.168345e+01 2.793448e+01 3.759423e+01 2.993352e+01 3.120496e+01 3.748179e+01 3.457866e+01 2.240625e+01 1.185343e-01 2.860856e-01 3.367327e-01 5.772387e-01 5.845422e-01 7.701427e-01 6.745139e-01 8.090215e-01 1.025208e+00 9.570322e-01 8.135111e-01 8.186551e-01 1.146711e-04
<GCONST> 6.949103e+01
<MIXTURE> 115 2.935202e-03
<MEAN> 25
 -3.726043e+00 -7.820957e-01 -3.169749e+00 3.489974e+00 2.407150e+00 -2.862995e-01 2.044901e+00 3.867686e-01 1.806005e+00 -1.001951e-01 -1.040081e-01 2.389072e+00 3.726028e-02 -6.894863e-02 -2.505890e-01 -3.893979e-01 -6.493500e-01 -6.235522e-01 -6.261070e-01 -4.998203e-01 -4.053956e-01 -4.538037e-01 -3.465622e-01 -1.378593e-01 -4.956097e-05
<VARIANCE> 25
 1.039876e+01 9.611190e+00 1.312963e+01 1.261833e+01 1.317418e+01 1.739006e+01 1.689964e+01 2.112477e+01 2.036365e+01 1.684557e+01 1.955805e+01 1.598650e+01 1.960216e-01 3.437360e-01 4.993397e-01 6.099930e-01 6.227340e-01 8.806792e-01 1.050264e+00 1.079265e+00 1.208840e+00 9.891739e-01 1.043342e+00 1.045797e+00 1.008085e-06
<GCONST> 6.065339e+01
<MIXTURE> 116 2.935202e-03
<MEAN> 25
 -3.726043e+00 -7.820957e-01 -3.169749e+00 3.489974e+00 2.407150e+00 -2.862995e-01 2.044901e+00 3.867686e-01 1.806005e+00 -1.001951e-01 -1.040081e-01 2.389072e+00 3.726028e-02 -6.894863e-02 -2.505890e-01 -3.893979e-01 -6.493500e-01 -6.235522e-01 -6.261070e-01 -4.998203e-01 -4.053956e-01 -4.538037e-01 -3.465622e-01 -1.378593e-01 -4.956097e-05
<VARIANCE> 25
 1.039876e+01 9.611190e+00 1.312963e+01 1.261833e+01 1.317418e+01 1.739006e+01 1.689964e+01 2.112477e+01 2.036365e+01 1.684557e+01 1.955805e+01 1.598650e+01 1.960216e-01 3.437360e-01 4.993397e-01 6.099930e-01 6.227340e-01 8.806792e-01 1.050264e+00 1.079265e+00 1.208840e+00 9.891739e-01 1.043342e+00 1.045797e+00 1.008085e-06
<GCONST> 6.065339e+01
<MIXTURE> 117 6.506003e-03
<MEAN> 25
 -4.637799e+00 1.114906e+00 1.051368e+00 9.732920e+00 6.262426e+00 6.258578e+00 6.445850e+00 5.048302e+00 6.390171e+00 4.915622e+00 6.361228e+00 2.695192e+00 -7.439416e-02 -2.366087e-01 -3.569315e-01 -4.225454e-01 -3.675492e-01 -3.015823e-01 -2.897734e-01 -3.308233e-01 -3.911905e-01 -3.697693e-01 -2.601240e-01 -1.139224e-01 -1.003020e-05
<VARIANCE> 25
 7.200694e+00 8.742458e+00 9.798395e+00 1.462845e+01 1.560699e+01 1.532855e+01 1.784878e+01 1.793824e+01 1.639029e+01 1.643770e+01 1.672725e+01 1.484664e+01 2.164640e-01 3.109587e-01 4.268032e-01 6.208805e-01 8.524228e-01 1.054482e+00 1.179363e+00 1.230751e+00 1.222262e+00 1.193153e+00 1.169607e+00 1.113804e+00 9.996268e-07
<GCONST> 6.047723e+01
<MIXTURE> 118 6.506003e-03
<MEAN> 25
 -4.637799e+00 1.114906e+00 1.051368e+00 9.732920e+00 6.262426e+00 6.258578e+00 6.445850e+00 5.048302e+00 6.390171e+00 4.915622e+00 6.361228e+00 2.695192e+00 -7.439416e-02 -2.366087e-01 -3.569315e-01 -4.225454e-01 -3.675492e-01 -3.015823e-01 -2.897734e-01 -3.308233e-01 -3.911905e-01 -3.697693e-01 -2.601240e-01 -1.139224e-01 -1.003020e-05
<VARIANCE> 25
 7.200694e+00 8.742458e+00 9.798395e+00 1.462845e+01 1.560699e+01 1.532855e+01 1.784878e+01 1.793824e+01 1.639029e+01 1.643770e+01 1.672725e+01 1.484664e+01 2.164640e-01 3.109587e-01 4.268032e-01 6.208805e-01 8.524228e-01 1.054482e+00 1.179363e+00 1.230751e+00 1.222262e+00 1.193153e+00 1.169607e+00 1.113804e+00 9.996268e-07
<GCONST> 6.047723e+01
<MIXTURE> 119 4.297961e-03
<MEAN> 25
 -4.733205e+00 -7.296020e+00 2.205841e+00 1.750484e+00 2.457421e+00 3.298974e-01 4.984928e+00 5.821265e+00 1.824714e+00 7.810740e-01 6.227370e+00 1.397036e+00 -5.845538e-02 -8.958318e-02 1.798667e-02 -6.468043e-02 -1.509663e-01 -1.892840e-01 -7.986556e-02 -1.405343e-02 -1.021845e-01 -1.404116e-01 -7.243310e-02 -8.570750e-02 1.143382e-03
<VARIANCE> 25
 1.023865e+01 1.064472e+01 1.615424e+01 2.023439e+01 2.457267e+01 2.216954e+01 2.500542e+01 2.609626e+01 3.004891e+01 2.717439e+01 2.132557e+01 1.985984e+01 1.607749e-01 2.749192e-01 4.526482e-01 6.829963e-01 7.995046e-01 9.992464e-01 1.123254e+00 1.240707e+00 1.235786e+00 1.244223e+00 1.163757e+00 1.132533e+00 2.243130e-04
<GCONST> 7.008101e+01
<MIXTURE> 120 4.297961e-03
<MEAN> 25
 -4.733205e+00 -7.296020e+00 2.205841e+00 1.750484e+00 2.457421e+00 3.298974e-01 4.984928e+00 5.821265e+00 1.824714e+00 7.810740e-01 6.227370e+00 1.397036e+00 -5.845538e-02 -8.958318e-02 1.798667e-02 -6.468043e-02 -1.509663e-01 -1.892840e-01 -7.986556e-02 -1.405343e-02 -1.021845e-01 -1.404116e-01 -7.243310e-02 -8.570750e-02 1.143382e-03
<VARIANCE> 25
 1.023865e+01 1.064472e+01 1.615424e+01 2.023439e+01 2.457267e+01 2.216954e+01 2.500542e+01 2.609626e+01 3.004891e+01 2.717439e+01 2.132557e+01 1.985984e+01 1.607749e-01 2.749192e-01 4.526482e-01 6.829963e-01 7.995046e-01 9.992464e-01 1.123254e+00 1.240707e+00 1.235786e+00 1.244223e+00 1.163757e+00 1.132533e+00 2.243130e-04
<GCONST> 7.008101e+01
<MIXTURE> 121 4.567511e-03
<MEAN> 25
 2.477675e-01 -2.470466e+00 5.093802e+00 -1.280764e+01 -1.252435e+01 -1.659055e+00 1.014432e+00 -5.027663e+00 -4.218182e+00 -4.266810e-01 -5.522815e+00 -4.272923e+00 2.162204e-02 1.320226e-01 -3.244484e-02 7.624466e-02 1.660011e-01 7.039642e-02 -7.713810e-02 -1.771555e-01 -2.620587e-01 -2.571216e-01 -1.185917e-01 4.747301e-04 -7.453321e-03
<VARIANCE> 25
 7.868963e+00 1.569763e+01 1.749997e+01 2.090952e+01 2.539760e+01 2.903702e+01 2.927169e+01 2.495823e+01 3.502448e+01 2.842661e+01 1.971052e+01 2.117470e+01 1.591197e-01 6.450930e-01 6.255414e-01 6.998445e-01 7.785634e-01 1.160976e+00 1.111361e+00 1.121895e+00 1.212554e+00 1.183213e+00 9.370874e-01 8.648841e-01 2.109063e-04
<GCONST> 7.150394e+01
<MIXTURE> 122 4.567511e-03
<MEAN> 25
 2.477675e-01 -2.470466e+00 5.093802e+00 -1.280764e+01 -1.252435e+01 -1.659055e+00 1.014432e+00 -5.027663e+00 -4.218182e+00 -4.266810e-01 -5.522815e+00 -4.272923e+00 2.162204e-02 1.320226e-01 -3.244484e-02 7.624466e-02 1.660011e-01 7.039642e-02 -7.713810e-02 -1.771555e-01 -2.620587e-01 -2.571216e-01 -1.185917e-01 4.747301e-04 -7.453321e-03
<VARIANCE> 25
 7.868963e+00 1.569763e+01 1.749997e+01 2.090952e+01 2.539760e+01 2.903702e+01 2.927169e+01 2.495823e+01 3.502448e+01 2.842661e+01 1.971052e+01 2.117470e+01 1.591197e-01 6.450930e-01 6.255414e-01 6.998445e-01 7.785634e-01 1.160976e+00 1.111361e+00 1.121895e+00 1.212554e+00 1.183213e+00 9.370874e-01 8.648841e-01 2.109063e-04
<GCONST> 7.150394e+01
<MIXTURE> 123 4.393044e-03
<MEAN> 25
 -2.310063e+00 1.283641e-01 9.209640e-02 3.966808e+00 6.118546e+00 3.777094e+00 2.872052e+00 1.708382e+00 1.528871e+00 -8.729165e-01 1.783050e-01 3.526116e-01 -4.949735e-01 -7.590283e-01 -8.626809e-01 -8.141004e-01 -2.756028e-01 3.077273e-02 3.813154e-01 5.820408e-01 8.724607e-01 5.732605e-01 6.304960e-01 5.552053e-01 -3.869956e-03
<VARIANCE> 25
 1.531294e+01 1.042939e+01 1.137239e+01 2.025723e+01 2.087257e+01 2.188190e+01 1.977946e+01 1.690611e+01 2.084242e+01 1.821737e+01 1.777847e+01 1.535110e+01 3.322378e-01 3.168697e-01 4.932268e-01 8.043808e-01 1.216681e+00 1.041458e+00 1.323762e+00 1.211346e+00 9.299582e-01 1.047235e+00 1.033330e+00 9.329832e-01 1.187568e-04
<GCONST> 6.837675e+01
<MIXTURE> 124 4.069876e-03
<MEAN> 25
 -6.007539e+00 -1.340662e+00 -2.715373e+00 4.804725e+00 5.032096e+00 3.414490e+00 5.184217e+00 2.801993e+00 3.704189e+00 9.918478e-01 1.137154e+00 2.904384e+00 -2.134504e-01 -3.174060e-01 -3.617866e-01 -2.226175e-01 1.091580e-01 4.887958e-01 8.228354e-01 8.390291e-01 6.445888e-01 3.386995e-01 7.157689e-02 -1.635979e-02 1.458898e-04
<VARIANCE> 25
 1.498631e+01 6.907077e+00 1.124390e+01 1.330003e+01 1.216020e+01 1.915229e+01 1.531682e+01 1.733420e+01 1.931141e+01 1.796797e+01 1.814910e+01 1.405486e+01 1.041560e-01 1.629566e-01 2.666690e-01 4.356925e-01 6.326830e-01 7.204515e-01 7.457048e-01 7.786480e-01 8.743046e-01 9.713505e-01 1.059892e+00 9.618509e-01 1.864414e-05
<GCONST> 5.942521e+01
<MIXTURE> 125 4.069876e-03
<MEAN> 25
 -6.007539e+00 -1.340662e+00 -2.715373e+00 4.804725e+00 5.032096e+00 3.414490e+00 5.184217e+00 2.801993e+00 3.704189e+00 9.918478e-01 1.137154e+00 2.904384e+00 -2.134504e-01 -3.174060e-01 -3.617866e-01 -2.226175e-01 1.091580e-01 4.887958e-01 8.228354e-01 8.390291e-01 6.445888e-01 3.386995e-01 7.157689e-02 -1.635979e-02 1.458898e-04
<VARIANCE> 25
 1.498631e+01 6.907077e+00 1.124390e+01 1.330003e+01 1.216020e+01 1.915229e+01 1.531682e+01 1.733420e+01 1.931141e+01 1.796797e+01 1.814910e+01 1.405486e+01 1.041560e-01 1.629566e-01 2.666690e-01 4.356925e-01 6.326830e-01 7.204515e-01 7.457048e-01 7.786480e-01 8.743046e-01 9.713505e-01 1.059892e+00 9.618509e-01 1.864414e-05
<GCONST> 5.942521e+01
<MIXTURE> 126 2.402244e-03
<MEAN> 25
 -2.687946e+00 -6.452884e+00 -4.842536e+00 1.651943e+00 4.440029e+00 -2.212127e+00 -9.301497e-02 2.982641e+00 5.097594e+00 -2.983037e+00 -1.137894e+00 2.189388e+00 -4.335237e-03 -3.204490e-02 -1.191116e-01 -2.968440e-01 -3.682735e-01 -3.171725e-01 -2.949618e-01 -1.843000e-01 -8.100051e-02 -2.075290e-01 -6.361099e-02 -2.162069e-02 -2.327232e-03
<VARIANCE> 25
 1.019697e+01 1.164144e+01 1.313751e+01 1.520565e+01 2.356884e+01 2.287909e+01 1.941502e+01 2.497580e+01 3.588751e+01 2.335913e+01 2.060643e+01 1.866866e+01 1.555047e-01 3.115837e-01 4.904585e-01 7.211835e-01 9.640600e-01 9.660971e-01 1.219347e+00 1.125391e+00 1.235216e+00 1.478599e+00 1.214048e+00 1.011317e+00 1.887639e-04
<GCONST> 6.959013e+01
<MIXTURE> 127 2.402244e-03
<MEAN> 25
 -2.687946e+00 -6.452884e+00 -4.842536e+00 1.651943e+00 4.440029e+00 -2.212127e+00 -9.301497e-02 2.982641e+00 5.097594e+00 -2.983037e+00 -1.137894e+00 2.189388e+00 -4.335237e-03 -3.204490e-02 -1.191116e-01 -2.968440e-01 -3.682735e-01 -3.171725e-01 -2.949618e-01 -1.843000e-01 -8.100051e-02 -2.075290e-01 -6.361099e-02 -2.162069e-02 -2.327232e-03
<VARIANCE> 25
 1.019697e+01 1.164144e+01 1.313751e+01 1.520565e+01 2.356884e+01 2.287909e+01 1.941502e+01 2.497580e+01 3.588751e+01 2.335913e+01 2.060643e+01 1.866866e+01 1.555047e-01 3.115837e-01 4.904585e-01 7.211835e-01 9.640600e-01 9.660971e-01 1.219347e+00 1.125391e+00 1.235216e+00 1.478599e+00 1.214048e+00 1.011317e+00 1.887639e-04
<GCONST> 6.959013e+01
<MIXTURE> 128 3.790457e-03
<MEAN> 25
 -3.888891e+00 1.503386e+00 -3.387031e-01 6.524553e+00 3.620071e+00 1.862563e+00 3.565373e+00 2.416166e+00 4.010796e+00 3.666123e+00 3.719557e+00 3.490935e+00 -3.914392e-01 -2.016361e-01 9.641652e-02 7.186862e-01 1.174795e+00 1.131068e+00 6.949844e-01 1.393559e-01 -4.383009e-01 -7.856751e-01 -6.921861e-01 -3.831116e-01 -5.163368e-05
<VARIANCE> 25
 1.042566e+01 1.179861e+01 1.492231e+01 1.952226e+01 2.005417e+01 2.126348e+01 2.453376e+01 2.477891e+01 2.669396e+01 2.380608e+01 2.718100e+01 1.828329e+01 8.868235e-01 1.142859e+00 1.358903e+00 1.506157e+00 1.606425e+00 1.859402e+00 2.320676e+00 2.334554e+00 2.134928e+00 1.841010e+00 1.748857e+00 1.745892e+00 1.035905e-06
<GCONST> 7.378030e+01
<TRANSP> 3
 0.000000e+00 1.000000e+00 0.000000e+00
 0.000000e+00 9.999990e-01 9.999998e-07
 0.000000e+00 0.000000e+00 0.000000e+00
<ENDHMM>
