~o
<STREAMINFO> 1 25
<VECSIZE> 25<NULLD><MFCC_E_D_N><DIAGC>
~h "jmodel"
<BEGINHMM>
<NUMSTATES> 3
<STATE> 2
<NUMMIXES> 128
<MIXTURE> 1 5.748963e-03
<MEAN> 25
 -2.573110e+00 3.171668e+00 2.310731e+00 8.725167e+00 4.356978e+00 3.434773e+00 4.052199e+00 3.915228e+00 5.830426e+00 5.228661e+00 5.863414e+00 3.083695e+00 -1.997291e+00 -1.630958e+00 -8.651237e-01 1.067517e+00 1.557984e+00 2.231661e+00 2.149962e+00 2.078401e+00 1.697037e+00 1.263142e+00 1.556752e+00 6.149009e-01 -4.685620e-02
<VARIANCE> 25
 1.011302e+01 1.179075e+01 1.494515e+01 1.888365e+01 2.323321e+01 2.217065e+01 2.185307e+01 2.200386e+01 2.100962e+01 2.262574e+01 2.099653e+01 1.703748e+01 1.795361e+00 2.109772e+00 3.014705e+00 3.216945e+00 3.725117e+00 3.357366e+00 3.314299e+00 3.390365e+00 3.510858e+00 3.721187e+00 3.530257e+00 2.826422e+00 3.113159e-03
<GCONST> 8.848184e+01
<MIXTURE> 2 4.549242e-03
<MEAN> 25
 -4.875671e+00 1.311720e+00 9.943511e-01 9.899809e+00 6.692275e+00 7.424650e+00 7.847087e+00 6.958091e+00 8.373269e+00 6.373019e+00 7.624402e+00 3.074697e+00 -6.200235e-02 4.161923e-02 1.425301e-01 2.258583e-01 2.652900e-01 2.813653e-01 2.954302e-01 3.195550e-01 3.497573e-01 3.089160e-01 1.971766e-01 8.006547e-02 1.228299e-06
<VARIANCE> 25
 6.952293e+00 8.901894e+00 1.065126e+01 1.591096e+01 1.723581e+01 1.556308e+01 1.689898e+01 1.848562e+01 1.658668e+01 1.738619e+01 1.811029e+01 1.434002e+01 1.252503e-01 2.266278e-01 3.364712e-01 4.671271e-01 6.492781e-01 8.148874e-01 9.298787e-01 1.003176e+00 1.051662e+00 1.077774e+00 1.075658e+00 1.013934e+00 1.000000e-06
<GCONST> 5.804302e+01
<MIXTURE> 3 4.549242e-03
<MEAN> 25
 -4.875671e+00 1.311720e+00 9.943511e-01 9.899809e+00 6.692275e+00 7.424650e+00 7.847087e+00 6.958091e+00 8.373269e+00 6.373019e+00 7.624402e+00 3.074697e+00 -6.200235e-02 4.161923e-02 1.425301e-01 2.258583e-01 2.652900e-01 2.813653e-01 2.954302e-01 3.195550e-01 3.497573e-01 3.089160e-01 1.971766e-01 8.006547e-02 1.228299e-06
<VARIANCE> 25
 6.952293e+00 8.901894e+00 1.065126e+01 1.591096e+01 1.723581e+01 1.556308e+01 1.689898e+01 1.848562e+01 1.658668e+01 1.738619e+01 1.811029e+01 1.434002e+01 1.252503e-01 2.266278e-01 3.364712e-01 4.671271e-01 6.492781e-01 8.148874e-01 9.298787e-01 1.003176e+00 1.051662e+00 1.077774e+00 1.075658e+00 1.013934e+00 1.000000e-06
<GCONST> 5.804302e+01
<MIXTURE> 4 1.671429e-02
<MEAN> 25
 3.302548e+00 2.569403e+00 -3.634277e+00 7.591190e-01 4.330132e+00 -5.308619e-01 -1.831119e-01 -3.316331e-02 1.531804e+00 1.475242e+00 -1.960134e+00 2.649741e-01 -2.719641e+00 1.162867e+00 1.642137e+00 2.849687e+00 8.070703e-01 5.954005e-01 1.476478e+00 8.719358e-01 1.092012e+00 2.381847e-01 1.198915e+00 8.478392e-01 -9.840038e-02
<VARIANCE> 25
 2.039074e+01 2.808124e+01 2.740550e+01 3.747228e+01 4.233495e+01 6.945497e+01 6.124815e+01 4.990043e+01 5.434960e+01 5.823894e+01 4.699635e+01 3.380440e+01 2.280416e+00 4.724614e+00 3.656362e+00 5.430258e+00 4.863577e+00 5.819077e+00 5.673547e+00 5.527227e+00 5.661498e+00 6.367404e+00 5.841146e+00 4.675775e+00 6.034188e-03
<GCONST> 1.046093e+02
<MIXTURE> 5 3.206198e-03
<MEAN> 25
 -3.416667e+00 2.180872e+00 6.103827e-01 9.427749e+00 6.696951e+00 6.315932e+00 7.112492e+00 4.723242e+00 5.495733e+00 3.847915e+00 4.658447e+00 2.606294e+00 -3.245930e-01 7.528632e-01 1.224830e+00 1.032572e+00 3.075419e-01 -1.001909e-01 -8.378909e-02 3.369424e-02 4.579523e-01 6.837633e-01 4.037314e-01 8.812047e-02 -2.778066e-05
<VARIANCE> 25
 1.025331e+01 1.394504e+01 2.348572e+01 2.563330e+01 2.022113e+01 1.942433e+01 2.011245e+01 2.035950e+01 2.141918e+01 2.128288e+01 2.409714e+01 1.636242e+01 1.210126e+00 1.244323e+00 1.357106e+00 1.673699e+00 2.285237e+00 2.376194e+00 2.301938e+00 2.275627e+00 2.315481e+00 2.238272e+00 2.085821e+00 1.873944e+00 1.000122e-06
<GCONST> 7.516816e+01
<MIXTURE> 6 5.475854e-03
<MEAN> 25
 9.482578e+00 -5.489015e-01 -6.830956e+00 -1.058915e+01 -1.836169e+00 6.601103e+00 -5.548350e+00 -4.950847e+00 -4.105174e+00 2.274841e+00 4.872310e+00 -1.638644e+00 4.252444e-01 8.756374e-01 -3.141403e-01 -1.402886e+00 -5.201287e-01 1.324559e+00 1.476266e+00 1.893141e-01 -1.062607e+00 -1.174563e+00 2.385311e-01 1.298625e+00 -9.335729e-03
<VARIANCE> 25
 8.833191e+00 1.613809e+01 2.252835e+01 3.861766e+01 3.538441e+01 2.867421e+01 4.509197e+01 3.660192e+01 4.001891e+01 3.867204e+01 3.963358e+01 2.797156e+01 3.338029e-01 8.396440e-01 1.016486e+00 1.904694e+00 1.707631e+00 1.955618e+00 1.840563e+00 1.968525e+00 2.602813e+00 1.915004e+00 2.227648e+00 1.579231e+00 6.079365e-04
<GCONST> 8.370214e+01
<MIXTURE> 7 5.475854e-03
<MEAN> 25
 9.482578e+00 -5.489015e-01 -6.830956e+00 -1.058915e+01 -1.836169e+00 6.601103e+00 -5.548350e+00 -4.950847e+00 -4.105174e+00 2.274841e+00 4.872310e+00 -1.638644e+00 4.252444e-01 8.756374e-01 -3.141403e-01 -1.402886e+00 -5.201287e-01 1.324559e+00 1.476266e+00 1.893141e-01 -1.062607e+00 -1.174563e+00 2.385311e-01 1.298625e+00 -9.335729e-03
<VARIANCE> 25
 8.833191e+00 1.613809e+01 2.252835e+01 3.861766e+01 3.538441e+01 2.867421e+01 4.509197e+01 3.660192e+01 4.001891e+01 3.867204e+01 3.963358e+01 2.797156e+01 3.338029e-01 8.396440e-01 1.016486e+00 1.904694e+00 1.707631e+00 1.955618e+00 1.840563e+00 1.968525e+00 2.602813e+00 1.915004e+00 2.227648e+00 1.579231e+00 6.079365e-04
<GCONST> 8.370214e+01
<MIXTURE> 8 1.165917e-02
<MEAN> 25
 -4.682696e+00 1.364512e+00 1.303972e+00 9.456653e+00 6.498486e+00 6.269306e+00 6.388307e+00 5.625009e+00 6.648935e+00 5.588935e+00 6.553479e+00 3.172541e+00 -6.438166e-01 -1.421151e+00 -1.073676e+00 -1.731418e+00 -2.324378e-01 -9.741745e-01 -1.653110e-01 -2.918950e-01 -2.662904e-01 -1.691161e-01 -2.020591e-01 9.443621e-02 9.871314e-02
<VARIANCE> 25
 9.479186e+00 9.750710e+00 1.151647e+01 1.693798e+01 1.705425e+01 1.559050e+01 1.877965e+01 1.773109e+01 1.689063e+01 1.738686e+01 1.873637e+01 1.389544e+01 2.749652e+00 2.789574e+00 3.869350e+00 3.724531e+00 3.421671e+00 3.366042e+00 3.113042e+00 3.051621e+00 2.862225e+00 2.631574e+00 2.423206e+00 1.900482e+00 6.619041e-03
<GCONST> 8.631145e+01
<MIXTURE> 9 1.199672e-02
<MEAN> 25
 9.259279e+00 3.343307e+00 -6.195041e+00 -1.055688e+01 -2.187057e+00 4.889141e+00 -2.230498e+00 -2.287553e+00 -5.417762e+00 -1.178183e+00 6.391346e-01 -8.826166e-02 1.434059e+00 -1.317969e-01 -5.030257e-01 -2.676950e+00 -1.652362e+00 8.392009e-01 -9.551895e-01 -2.106304e-01 -2.182892e-01 -5.633225e-01 6.356467e-01 -1.684151e-01 7.311940e-02
<VARIANCE> 25
 1.221210e+01 2.140782e+01 3.348131e+01 5.396698e+01 4.964830e+01 3.248355e+01 4.303720e+01 5.170151e+01 4.187149e+01 4.171049e+01 3.644779e+01 2.739810e+01 2.073847e+00 2.422892e+00 4.547858e+00 4.878922e+00 4.955491e+00 4.073191e+00 4.236330e+00 6.011108e+00 5.115242e+00 4.049390e+00 4.036542e+00 2.830279e+00 2.199578e-03
<GCONST> 9.878065e+01
<MIXTURE> 10 6.596976e-03
<MEAN> 25
 8.581100e-01 7.554680e+00 5.352765e+00 7.122798e+00 1.538267e+00 -2.089619e+00 -6.236136e-01 -1.663570e+00 8.217918e-01 8.369302e-01 7.443250e-01 6.187707e-01 -1.881112e+00 -6.821097e-01 -4.611121e-01 2.898416e+00 2.433671e+00 2.728323e+00 2.352196e+00 2.243490e+00 1.884219e+00 1.540376e+00 2.315506e+00 5.082004e-01 -1.372813e-01
<VARIANCE> 25
 1.927644e+01 2.063054e+01 2.194682e+01 2.873018e+01 3.782025e+01 3.457535e+01 3.505691e+01 3.333482e+01 2.737669e+01 2.864260e+01 2.690795e+01 2.466052e+01 2.297634e+00 3.381363e+00 5.430339e+00 5.930367e+00 5.502937e+00 4.412066e+00 4.645067e+00 4.823042e+00 4.330852e+00 4.955276e+00 4.408900e+00 3.167874e+00 2.692809e-03
<GCONST> 9.738774e+01
<MIXTURE> 11 1.633820e-02
<MEAN> 25
 6.674933e+00 3.428209e+00 2.776923e+00 4.739225e+00 -2.132598e+00 -2.301867e+00 -3.053006e+00 -5.029272e+00 -2.719241e+00 -1.008066e-01 -3.090268e+00 -1.515526e+00 -2.546446e-01 7.094406e-01 1.073386e-01 3.144328e-01 3.187860e-01 -2.422027e-01 3.300738e-01 -4.601975e-01 9.628389e-02 -1.671402e-01 -5.433799e-03 5.216879e-02 -1.214831e-02
<VARIANCE> 25
 1.131315e+01 2.126571e+01 1.871793e+01 2.473832e+01 3.330689e+01 4.187470e+01 5.054379e+01 4.329184e+01 3.769709e+01 3.295761e+01 2.871219e+01 2.619949e+01 1.132666e+00 1.136667e+00 1.492179e+00 1.852276e+00 2.121424e+00 2.476353e+00 2.167778e+00 2.575019e+00 2.775488e+00 1.796792e+00 1.737952e+00 1.695179e+00 1.055511e-03
<GCONST> 8.672829e+01
<MIXTURE> 12 5.904134e-03
<MEAN> 25
 1.075907e+01 3.734468e+00 -4.508352e+00 -1.597790e+01 -8.683622e+00 8.637938e+00 -8.912030e-01 -1.920921e+00 -1.730116e+00 -4.871181e+00 1.782485e+00 7.092299e-01 6.730796e-02 2.945436e-01 7.869373e-02 -3.686412e-01 -3.079986e-01 3.061298e-02 3.060536e-01 4.465442e-01 1.431314e-01 -3.859308e-01 -3.865531e-01 5.517735e-02 -6.311319e-03
<VARIANCE> 25
 8.902759e+00 2.103398e+01 2.335554e+01 3.516072e+01 4.211991e+01 3.093374e+01 4.176346e+01 4.892254e+01 4.408568e+01 3.751749e+01 3.799820e+01 2.894560e+01 2.470611e-01 6.885364e-01 6.863778e-01 1.169351e+00 1.189245e+00 1.053374e+00 1.170184e+00 1.385898e+00 1.242435e+00 1.221991e+00 1.221452e+00 9.566838e-01 5.780754e-04
<GCONST> 7.893386e+01
<MIXTURE> 13 5.904134e-03
<MEAN> 25
 1.075907e+01 3.734468e+00 -4.508352e+00 -1.597790e+01 -8.683622e+00 8.637938e+00 -8.912030e-01 -1.920921e+00 -1.730116e+00 -4.871181e+00 1.782485e+00 7.092299e-01 6.730796e-02 2.945436e-01 7.869373e-02 -3.686412e-01 -3.079986e-01 3.061298e-02 3.060536e-01 4.465442e-01 1.431314e-01 -3.859308e-01 -3.865531e-01 5.517735e-02 -6.311319e-03
<VARIANCE> 25
 8.902759e+00 2.103398e+01 2.335554e+01 3.516072e+01 4.211991e+01 3.093374e+01 4.176346e+01 4.892254e+01 4.408568e+01 3.751749e+01 3.799820e+01 2.894560e+01 2.470611e-01 6.885364e-01 6.863778e-01 1.169351e+00 1.189245e+00 1.053374e+00 1.170184e+00 1.385898e+00 1.242435e+00 1.221991e+00 1.221452e+00 9.566838e-01 5.780754e-04
<GCONST> 7.893386e+01
<MIXTURE> 14 6.488954e-03
<MEAN> 25
 -4.319676e+00 -3.759825e-01 -3.131028e-01 8.907829e+00 7.509392e+00 7.370361e+00 7.828618e+00 7.318836e+00 7.257226e+00 5.218856e+00 6.854541e+00 4.105559e+00 -2.746712e-01 1.913865e-01 3.651679e-01 3.099495e-01 7.595602e-03 6.013997e-02 9.831470e-02 1.784244e-01 2.969979e-01 5.399136e-01 5.047867e-01 7.581947e-02 -9.332709e-03
<VARIANCE> 25
 9.317743e+00 1.385486e+01 1.864784e+01 1.783365e+01 2.093163e+01 1.969515e+01 2.148312e+01 2.068223e+01 2.008215e+01 2.393686e+01 2.149430e+01 1.597622e+01 9.613733e-01 1.643686e+00 1.773022e+00 1.933252e+00 2.244312e+00 2.262102e+00 2.255993e+00 2.243111e+00 2.284194e+00 2.505061e+00 2.197206e+00 1.813789e+00 1.029680e-03
<GCONST> 8.193062e+01
<MIXTURE> 15 2.475190e-03
<MEAN> 25
 -5.423519e+00 -6.446930e-01 -2.011490e-01 7.367217e+00 5.719225e+00 5.701815e+00 6.060453e+00 4.978624e+00 5.165420e+00 4.153890e+00 5.501794e+00 2.539816e+00 -1.211653e-01 -2.916749e-02 7.499532e-02 2.436540e-01 4.893889e-01 7.863817e-01 1.072324e+00 1.182128e+00 1.059196e+00 7.560691e-01 4.196402e-01 1.533776e-01 -8.354016e-05
<VARIANCE> 25
 6.986423e+00 5.606101e+00 9.032005e+00 1.281816e+01 1.407899e+01 1.429641e+01 1.491896e+01 1.490652e+01 1.410194e+01 1.418625e+01 1.510374e+01 1.250753e+01 1.247975e-01 2.061660e-01 3.197726e-01 5.030605e-01 6.995230e-01 7.937897e-01 7.632217e-01 7.916458e-01 9.090856e-01 1.023882e+00 1.071522e+00 1.041193e+00 2.796221e-05
<GCONST> 5.858898e+01
<MIXTURE> 16 2.475190e-03
<MEAN> 25
 -5.423519e+00 -6.446930e-01 -2.011490e-01 7.367217e+00 5.719225e+00 5.701815e+00 6.060453e+00 4.978624e+00 5.165420e+00 4.153890e+00 5.501794e+00 2.539816e+00 -1.211653e-01 -2.916749e-02 7.499532e-02 2.436540e-01 4.893889e-01 7.863817e-01 1.072324e+00 1.182128e+00 1.059196e+00 7.560691e-01 4.196402e-01 1.533776e-01 -8.354016e-05
<VARIANCE> 25
 6.986423e+00 5.606101e+00 9.032005e+00 1.281816e+01 1.407899e+01 1.429641e+01 1.491896e+01 1.490652e+01 1.410194e+01 1.418625e+01 1.510374e+01 1.250753e+01 1.247975e-01 2.061660e-01 3.197726e-01 5.030605e-01 6.995230e-01 7.937897e-01 7.632217e-01 7.916458e-01 9.090856e-01 1.023882e+00 1.071522e+00 1.041193e+00 2.796221e-05
<GCONST> 5.858898e+01
<MIXTURE> 17 9.518312e-03
<MEAN> 25
 4.318010e+00 -7.688389e-01 5.536255e+00 2.735826e+00 -5.733655e+00 -5.517410e+00 -2.518533e+00 1.055932e-02 -2.481672e+00 -3.044400e+00 -2.742033e-01 1.152770e+00 -7.545041e-01 -1.075809e+00 8.884111e-01 -1.564146e+00 -2.506246e+00 -3.148235e-01 2.377080e-02 1.166870e+00 -5.795875e-01 -1.164376e-01 1.065553e+00 4.475893e-01 7.725469e-02
<VARIANCE> 25
 1.444923e+01 2.511123e+01 2.487242e+01 3.152277e+01 4.086787e+01 4.011781e+01 3.664481e+01 3.545471e+01 2.990969e+01 2.142756e+01 2.390483e+01 2.551296e+01 1.644038e+00 2.181691e+00 3.505732e+00 3.052021e+00 3.382015e+00 4.842755e+00 3.971713e+00 4.544642e+00 3.615283e+00 3.137926e+00 2.359014e+00 2.483438e+00 1.709152e-03
<GCONST> 9.311460e+01
<MIXTURE> 18 1.221018e-02
<MEAN> 25
 3.697850e+00 4.109653e+00 6.280307e+00 4.785717e+00 -3.552917e+00 -8.439960e+00 -1.563435e+00 -8.393595e-01 -4.267907e+00 -9.366539e-01 -5.125859e-01 2.266835e-01 -6.491964e-01 1.908273e+00 -1.405735e-01 1.348035e+00 3.250568e+00 1.656821e+00 5.595171e-01 -3.872530e-01 9.664426e-01 4.726464e-01 -5.789536e-01 2.224197e-01 -1.153625e-01
<VARIANCE> 25
 1.362408e+01 2.251164e+01 2.819125e+01 2.358863e+01 3.977626e+01 2.973026e+01 3.385340e+01 3.070300e+01 3.939857e+01 4.040182e+01 3.035695e+01 2.639065e+01 2.284504e+00 2.778212e+00 3.941057e+00 5.162938e+00 4.269758e+00 4.230791e+00 4.348652e+00 3.819230e+00 4.523138e+00 3.780910e+00 4.280582e+00 3.845478e+00 3.714326e-03
<GCONST> 9.686242e+01
<MIXTURE> 19 9.912824e-03
<MEAN> 25
 -9.042359e+00 2.096328e+00 1.218629e+00 1.722507e-01 3.236613e+00 1.887568e+00 2.869671e+00 -2.431481e-01 4.238823e+00 -1.043673e+00 -1.573301e-01 2.640982e+00 2.141157e+00 1.433954e+00 2.133028e+00 7.303598e-01 -8.512504e-01 -1.072910e+00 -1.494264e+00 -1.134681e+00 -2.213474e+00 -9.284235e-01 -5.395744e-01 -9.249645e-01 -5.814312e-03
<VARIANCE> 25
 4.535517e+01 1.999997e+01 3.565582e+01 4.303085e+01 2.254742e+01 4.309880e+01 2.858568e+01 2.475645e+01 3.129363e+01 2.458901e+01 2.328906e+01 1.585542e+01 1.792380e+00 1.716333e+00 1.724802e+00 1.711390e+00 2.024235e+00 1.779044e+00 2.300239e+00 1.850074e+00 2.540510e+00 1.886346e+00 1.716089e+00 1.366634e+00 2.024689e-03
<GCONST> 8.724406e+01
<MIXTURE> 20 6.308331e-03
<MEAN> 25
 -1.391790e+01 7.472483e+00 6.656344e-01 6.133347e+00 4.720311e+00 1.450598e+00 5.116923e+00 6.675935e-01 1.099730e+00 5.970787e-01 2.423303e+00 -2.218158e-01 -3.244156e+00 -8.819194e-01 -1.534024e+00 3.352986e-01 1.536958e+00 2.003782e+00 1.983122e+00 2.070659e+00 2.130680e+00 1.987700e+00 1.627497e+00 9.603567e-01 4.707111e-02
<VARIANCE> 25
 2.151577e+01 2.294214e+01 3.104977e+01 3.639658e+01 3.087715e+01 2.811275e+01 2.937476e+01 3.161063e+01 2.824796e+01 2.862001e+01 2.516291e+01 2.061023e+01 2.082336e+00 2.138462e+00 1.885386e+00 2.495958e+00 2.623296e+00 2.362172e+00 2.253867e+00 2.324116e+00 2.181637e+00 2.667175e+00 2.283979e+00 1.821248e+00 1.847616e-03
<GCONST> 8.913995e+01
<MIXTURE> 21 7.928653e-03
<MEAN> 25
 4.016370e+00 -4.400056e+00 5.439497e+00 -1.426334e+00 -1.005384e+01 -8.121055e+00 -3.034435e+00 4.829886e+00 -2.088823e+00 -3.378134e+00 -2.538399e-01 3.418340e-01 -7.606013e-01 1.325382e+00 2.367303e+00 -7.728538e-02 -1.471379e+00 3.538864e-01 6.508480e-01 -1.295379e+00 -1.946625e+00 3.072132e-01 1.366860e+00 9.625869e-02 -1.039328e-02
<VARIANCE> 25
 8.316517e+00 1.768190e+01 2.878825e+01 2.663857e+01 2.994256e+01 3.500710e+01 4.209809e+01 4.169573e+01 3.986120e+01 2.930736e+01 3.454054e+01 2.156439e+01 3.733903e-01 8.865960e-01 2.282771e+00 1.219403e+00 2.134688e+00 2.065181e+00 3.417067e+00 2.941800e+00 2.087433e+00 2.421921e+00 1.887794e+00 2.377067e+00 4.643962e-04
<GCONST> 8.483830e+01
<MIXTURE> 22 8.827789e-03
<MEAN> 25
 -1.751522e+01 7.108939e+00 -4.584807e+00 7.029307e+00 3.896503e+00 1.977682e+00 7.848752e+00 1.522176e+00 5.091257e+00 2.482151e+00 5.031190e+00 1.553306e+00 -2.627524e-01 -4.131651e-01 -2.663810e-02 -1.087181e-01 7.166628e-02 -1.262248e-02 3.429157e-01 2.427322e-01 3.279638e-01 8.568254e-02 2.266562e-01 2.262099e-01 6.214151e-03
<VARIANCE> 25
 8.181084e+00 1.664603e+01 1.725387e+01 2.297490e+01 2.343003e+01 2.237908e+01 2.022061e+01 1.773716e+01 1.694863e+01 2.257011e+01 2.090898e+01 1.451961e+01 1.008153e+00 1.522229e+00 1.307034e+00 1.552870e+00 1.274176e+00 1.582785e+00 1.663826e+00 1.573643e+00 1.456331e+00 1.495167e+00 1.369074e+00 1.186395e+00 1.771685e-03
<GCONST> 7.837790e+01
<MIXTURE> 23 6.455497e-03
<MEAN> 25
 7.698574e+00 2.294073e+00 3.031012e+00 2.391389e+00 -4.755066e+00 -3.007007e+00 -4.311886e+00 -5.919538e+00 -3.223309e+00 -8.711715e-01 -4.077784e+00 -1.962713e+00 2.317673e-02 1.741207e-01 2.391909e-02 5.192159e-02 -1.241732e-02 3.237259e-02 3.469244e-02 -6.522751e-02 3.069191e-02 5.382880e-02 1.389334e-02 2.690840e-02 -4.027626e-03
<VARIANCE> 25
 1.119222e+01 2.158118e+01 2.378314e+01 3.872047e+01 3.781849e+01 5.255555e+01 5.692125e+01 5.953434e+01 4.970494e+01 4.530251e+01 4.713437e+01 3.944538e+01 1.203876e-01 2.834280e-01 3.968455e-01 4.684832e-01 6.254739e-01 7.023481e-01 7.847890e-01 9.642032e-01 8.677813e-01 8.668141e-01 8.326377e-01 7.798867e-01 9.263925e-05
<GCONST> 7.306463e+01
<MIXTURE> 24 6.455497e-03
<MEAN> 25
 7.698574e+00 2.294073e+00 3.031012e+00 2.391389e+00 -4.755066e+00 -3.007007e+00 -4.311886e+00 -5.919538e+00 -3.223309e+00 -8.711715e-01 -4.077784e+00 -1.962713e+00 2.317673e-02 1.741207e-01 2.391909e-02 5.192159e-02 -1.241732e-02 3.237259e-02 3.469244e-02 -6.522751e-02 3.069191e-02 5.382880e-02 1.389334e-02 2.690840e-02 -4.027626e-03
<VARIANCE> 25
 1.119222e+01 2.158118e+01 2.378314e+01 3.872047e+01 3.781849e+01 5.255555e+01 5.692125e+01 5.953434e+01 4.970494e+01 4.530251e+01 4.713437e+01 3.944538e+01 1.203876e-01 2.834280e-01 3.968455e-01 4.684832e-01 6.254739e-01 7.023481e-01 7.847890e-01 9.642032e-01 8.677813e-01 8.668141e-01 8.326377e-01 7.798867e-01 9.263925e-05
<GCONST> 7.306463e+01
<MIXTURE> 25 1.118642e-02
<MEAN> 25
 2.608262e-01 3.303152e+00 1.621659e+01 -8.528525e-01 -1.087730e+01 -2.208570e+00 -4.497768e+00 -2.527423e+00 -7.051685e+00 -4.762454e+00 4.063086e+00 -1.418372e+00 -6.755124e-02 3.897142e-01 1.197875e-01 2.134645e-01 1.886806e-01 2.206572e-01 2.007095e-01 -2.633258e-01 -1.509066e-01 9.255212e-02 -9.762081e-02 -1.377120e-01 -1.360319e-02
<VARIANCE> 25
 8.026171e+00 2.030449e+01 2.146662e+01 2.619770e+01 3.048388e+01 3.957745e+01 2.821636e+01 3.017265e+01 2.616110e+01 3.675072e+01 1.898748e+01 2.613516e+01 6.015316e-01 1.326831e+00 1.331772e+00 1.340569e+00 2.067542e+00 2.126444e+00 1.594078e+00 1.732500e+00 1.557301e+00 1.501392e+00 1.275519e+00 1.271387e+00 1.168643e-03
<GCONST> 8.172213e+01
<MIXTURE> 26 7.727677e-03
<MEAN> 25
 1.716216e+00 -5.868124e+00 -9.208389e+00 -2.829673e+00 8.336084e+00 5.968973e+00 5.313842e+00 -1.522731e+00 1.149687e+00 -7.032101e-01 -1.061361e+00 -2.302142e+00 -4.076107e-01 3.230107e-01 4.743450e-01 6.170647e-01 7.377760e-02 2.436392e-01 1.780689e-01 2.836286e-01 3.508231e-01 -3.274256e-02 1.628382e-01 5.116357e-01 -4.046389e-02
<VARIANCE> 25
 2.051973e+01 2.832922e+01 2.177833e+01 5.509182e+01 2.949201e+01 3.228442e+01 4.572972e+01 3.524189e+01 3.139825e+01 4.191273e+01 3.538041e+01 4.304845e+01 1.779537e+00 1.755891e+00 1.853632e+00 1.921516e+00 2.160542e+00 2.038145e+00 2.267921e+00 2.701893e+00 2.170915e+00 2.603086e+00 1.922098e+00 2.018565e+00 2.646602e-03
<GCONST> 9.101461e+01
<MIXTURE> 27 7.727677e-03
<MEAN> 25
 1.716216e+00 -5.868124e+00 -9.208389e+00 -2.829673e+00 8.336084e+00 5.968973e+00 5.313842e+00 -1.522731e+00 1.149687e+00 -7.032101e-01 -1.061361e+00 -2.302142e+00 -4.076107e-01 3.230107e-01 4.743450e-01 6.170647e-01 7.377760e-02 2.436392e-01 1.780689e-01 2.836286e-01 3.508231e-01 -3.274256e-02 1.628382e-01 5.116357e-01 -4.046389e-02
<VARIANCE> 25
 2.051973e+01 2.832922e+01 2.177833e+01 5.509182e+01 2.949201e+01 3.228442e+01 4.572972e+01 3.524189e+01 3.139825e+01 4.191273e+01 3.538041e+01 4.304845e+01 1.779537e+00 1.755891e+00 1.853632e+00 1.921516e+00 2.160542e+00 2.038145e+00 2.267921e+00 2.701893e+00 2.170915e+00 2.603086e+00 1.922098e+00 2.018565e+00 2.646602e-03
<GCONST> 9.101461e+01
<MIXTURE> 28 5.036674e-03
<MEAN> 25
 -5.449964e+00 1.096785e-02 -1.568967e+00 6.615274e+00 5.232166e+00 3.518719e+00 5.415917e+00 3.130007e+00 3.923649e+00 2.393364e+00 2.637331e+00 3.220157e+00 -1.150601e-01 2.233156e-01 5.287888e-01 7.848741e-01 8.220263e-01 7.027981e-01 5.230533e-01 3.918349e-01 4.445404e-01 4.820934e-01 3.706004e-01 1.896064e-01 -1.195571e-05
<VARIANCE> 25
 1.044502e+01 8.353386e+00 1.215831e+01 1.484544e+01 1.470850e+01 1.772972e+01 1.803786e+01 1.901165e+01 1.718365e+01 1.673135e+01 2.060949e+01 1.500092e+01 2.566322e-01 3.365233e-01 4.067520e-01 4.640615e-01 6.215926e-01 8.469906e-01 1.056358e+00 1.144697e+00 1.102827e+00 1.030210e+00 1.037396e+00 1.066575e+00 1.000844e-06
<GCONST> 6.025379e+01
<MIXTURE> 29 5.036674e-03
<MEAN> 25
 -5.449964e+00 1.096785e-02 -1.568967e+00 6.615274e+00 5.232166e+00 3.518719e+00 5.415917e+00 3.130007e+00 3.923649e+00 2.393364e+00 2.637331e+00 3.220157e+00 -1.150601e-01 2.233156e-01 5.287888e-01 7.848741e-01 8.220263e-01 7.027981e-01 5.230533e-01 3.918349e-01 4.445404e-01 4.820934e-01 3.706004e-01 1.896064e-01 -1.195571e-05
<VARIANCE> 25
 1.044502e+01 8.353386e+00 1.215831e+01 1.484544e+01 1.470850e+01 1.772972e+01 1.803786e+01 1.901165e+01 1.718365e+01 1.673135e+01 2.060949e+01 1.500092e+01 2.566322e-01 3.365233e-01 4.067520e-01 4.640615e-01 6.215926e-01 8.469906e-01 1.056358e+00 1.144697e+00 1.102827e+00 1.030210e+00 1.037396e+00 1.066575e+00 1.000844e-06
<GCONST> 6.025379e+01
<MIXTURE> 30 8.917812e-03
<MEAN> 25
 -4.489941e+00 -1.985197e-01 6.546676e-01 9.080023e+00 7.768381e+00 7.511897e+00 7.580956e+00 6.868818e+00 6.537950e+00 4.890570e+00 7.004936e+00 3.499241e+00 -2.354148e-02 3.028618e-02 5.664162e-02 8.896603e-02 8.193874e-02 4.417511e-02 1.379544e-02 -2.786937e-03 1.703876e-02 5.149411e-02 6.187623e-02 3.511238e-02 -5.689088e-04
<VARIANCE> 25
 6.951542e+00 9.861730e+00 1.038899e+01 1.381052e+01 1.578942e+01 1.640111e+01 1.911614e+01 1.830341e+01 1.628401e+01 1.838893e+01 2.128360e+01 1.436441e+01 9.751147e-02 1.994148e-01 3.249814e-01 4.812276e-01 6.188924e-01 7.235636e-01 7.718089e-01 8.124747e-01 8.755057e-01 9.364593e-01 9.216896e-01 8.630990e-01 5.108718e-05
<GCONST> 6.060469e+01
<MIXTURE> 31 4.136493e-03
<MEAN> 25
 -2.953628e+00 -5.488575e+00 1.676508e-01 4.521713e+00 3.523970e+00 1.820016e+00 5.119550e+00 6.577544e+00 2.934954e+00 1.088214e+00 6.148325e+00 3.021670e+00 2.675078e-01 4.434098e-01 -2.544234e-01 3.225144e-01 1.217206e-01 4.912737e-01 2.252801e-01 -2.497999e-02 4.047541e-01 3.378495e-01 5.673387e-02 1.561509e-01 -1.857617e-02
<VARIANCE> 25
 8.459876e+00 1.512663e+01 1.701890e+01 1.950124e+01 2.524597e+01 2.301062e+01 2.245477e+01 2.599767e+01 2.526451e+01 2.660609e+01 2.137611e+01 1.869623e+01 1.953667e-01 4.776694e-01 6.010044e-01 7.272652e-01 9.211240e-01 1.164883e+00 1.191387e+00 1.343662e+00 1.372199e+00 1.268288e+00 1.257881e+00 1.205128e+00 2.529907e-04
<GCONST> 7.186837e+01
<MIXTURE> 32 4.136493e-03
<MEAN> 25
 -2.953628e+00 -5.488575e+00 1.676508e-01 4.521713e+00 3.523970e+00 1.820016e+00 5.119550e+00 6.577544e+00 2.934954e+00 1.088214e+00 6.148325e+00 3.021670e+00 2.675078e-01 4.434098e-01 -2.544234e-01 3.225144e-01 1.217206e-01 4.912737e-01 2.252801e-01 -2.497999e-02 4.047541e-01 3.378495e-01 5.673387e-02 1.561509e-01 -1.857617e-02
<VARIANCE> 25
 8.459876e+00 1.512663e+01 1.701890e+01 1.950124e+01 2.524597e+01 2.301062e+01 2.245477e+01 2.599767e+01 2.526451e+01 2.660609e+01 2.137611e+01 1.869623e+01 1.953667e-01 4.776694e-01 6.010044e-01 7.272652e-01 9.211240e-01 1.164883e+00 1.191387e+00 1.343662e+00 1.372199e+00 1.268288e+00 1.257881e+00 1.205128e+00 2.529907e-04
<GCONST> 7.186837e+01
<MIXTURE> 33 1.508826e-02
<MEAN> 25
 6.219367e+00 -3.631669e+00 -2.087441e+00 -2.278021e+00 -1.675886e+00 -5.124048e+00 -7.432738e+00 2.645103e+00 2.327862e+00 -2.674311e-01 -4.894673e+00 -2.610387e+00 5.372202e-01 -1.044547e+00 -2.234124e+00 -1.778316e+00 1.420230e+00 1.189297e+00 -5.369968e-01 7.659705e-01 9.400949e-01 4.186128e-01 -2.341070e-01 -1.225690e+00 3.093789e-02
<VARIANCE> 25
 9.187361e+00 1.849657e+01 2.602383e+01 3.194041e+01 3.573878e+01 3.952699e+01 3.684158e+01 4.509994e+01 3.574503e+01 3.878361e+01 3.067323e+01 2.895280e+01 1.085596e+00 1.823274e+00 2.056025e+00 2.221343e+00 4.176682e+00 3.542177e+00 4.172537e+00 5.017056e+00 4.169524e+00 3.877008e+00 3.222884e+00 2.366867e+00 1.677396e-03
<GCONST> 9.285890e+01
<MIXTURE> 34 1.588179e-02
<MEAN> 25
 8.719156e+00 -1.458760e-01 -8.822054e-02 1.017519e+00 -2.484185e+00 -1.098655e+00 -6.115809e+00 -4.110401e+00 -1.872698e+00 4.307102e-01 -2.613518e+00 -3.369280e+00 -2.152004e-02 1.294917e+00 1.421112e+00 2.354382e+00 1.605757e-02 -1.615589e-01 5.977661e-01 -1.617022e+00 -6.737525e-01 1.894617e-01 -5.899014e-01 3.840390e-01 -6.048423e-02
<VARIANCE> 25
 7.698600e+00 2.988552e+01 2.849602e+01 4.823639e+01 4.231877e+01 4.871922e+01 5.226273e+01 5.688852e+01 5.134693e+01 4.187116e+01 4.734236e+01 3.127225e+01 1.212580e+00 1.900573e+00 4.008877e+00 3.906756e+00 5.322218e+00 5.881275e+00 5.882579e+00 5.744232e+00 5.549280e+00 4.701338e+00 4.718520e+00 4.046393e+00 1.133206e-03
<GCONST> 9.919136e+01
<MIXTURE> 35 1.467755e-02
<MEAN> 25
 -2.101171e+00 -5.168112e+00 -9.641245e+00 -1.118949e-02 9.704176e+00 9.963945e-01 1.738834e+00 2.226585e+00 1.525906e+00 4.569988e+00 6.858101e-02 1.679227e+00 5.385321e-01 -1.095940e+00 -1.431392e+00 -1.333334e+00 3.270968e-01 -8.070869e-01 -7.017789e-01 -1.501208e-01 -2.033019e-01 1.835040e-01 -5.573406e-01 -5.808249e-01 1.042209e-01
<VARIANCE> 25
 1.905082e+01 2.876725e+01 4.427549e+01 6.147250e+01 4.073218e+01 5.578514e+01 5.165673e+01 4.360114e+01 4.837615e+01 3.718000e+01 3.608276e+01 3.115903e+01 3.386584e+00 3.446198e+00 6.593195e+00 5.365021e+00 5.186855e+00 5.377007e+00 4.785670e+00 4.574662e+00 4.940135e+00 4.435716e+00 4.236299e+00 3.984587e+00 5.334848e-03
<GCONST> 1.032474e+02
<MIXTURE> 36 1.093293e-02
<MEAN> 25
 3.880450e+00 -2.556945e+00 5.953807e+00 2.806648e+00 -9.385016e+00 -6.927628e+00 -4.488882e+00 3.035135e+00 -3.008637e+00 -2.353679e+00 2.715255e+00 5.687160e-01 3.521705e-01 8.968564e-02 -9.848142e-01 2.553771e-02 1.115004e+00 8.275318e-02 -3.058211e-01 -2.286367e-01 6.681097e-01 7.154144e-01 -4.666007e-01 -1.521166e-01 -1.478790e-02
<VARIANCE> 25
 7.656977e+00 1.202954e+01 2.130265e+01 1.832505e+01 2.742495e+01 2.775910e+01 4.337958e+01 2.656522e+01 3.373346e+01 2.895147e+01 2.332203e+01 2.160200e+01 3.277287e-01 5.983633e-01 1.320336e+00 9.990333e-01 1.874120e+00 2.485943e+00 1.582071e+00 1.488333e+00 2.902907e+00 1.804692e+00 1.420393e+00 1.435418e+00 6.026902e-04
<GCONST> 7.922528e+01
<MIXTURE> 37 1.246826e-02
<MEAN> 25
 5.121703e-01 7.709242e+00 1.199733e+01 -5.397132e+00 -7.909724e+00 -9.881805e-01 -5.149051e+00 -8.379968e+00 -3.726660e+00 -9.397026e-01 -3.580009e+00 -1.279506e+00 1.896458e-01 6.170995e-01 -1.357239e+00 3.550946e+00 1.963108e+00 -2.832741e-01 1.095070e+00 4.454527e-01 5.843859e-01 -3.288644e-01 5.125805e-01 -9.056758e-02 -9.451512e-02
<VARIANCE> 25
 1.572010e+01 2.576441e+01 3.052280e+01 5.154825e+01 3.414787e+01 3.174549e+01 4.349861e+01 3.464304e+01 3.797226e+01 3.540227e+01 3.754198e+01 3.037005e+01 2.909592e+00 3.408611e+00 2.969617e+00 4.082581e+00 4.572131e+00 3.708613e+00 4.147198e+00 3.765062e+00 3.612763e+00 3.563904e+00 3.839446e+00 2.752217e+00 3.875597e-03
<GCONST> 9.758900e+01
<MIXTURE> 38 1.154525e-02
<MEAN> 25
 -4.400056e+00 8.539693e+00 3.757409e+00 2.765732e+00 7.373495e-01 -5.483137e+00 -1.082871e+00 -2.800179e+00 -1.791543e+00 -2.962926e+00 -1.812747e+00 -4.225645e-01 -4.291840e+00 1.239506e+00 -4.360034e-01 1.250743e+00 2.130519e+00 1.427784e+00 2.174290e+00 7.627887e-01 8.685060e-01 3.291328e-01 9.722177e-01 2.934859e-01 4.558651e-02
<VARIANCE> 25
 2.908738e+01 2.829290e+01 3.883905e+01 3.461821e+01 4.304627e+01 3.275648e+01 3.602753e+01 3.817234e+01 3.728116e+01 2.965504e+01 2.187852e+01 2.517362e+01 2.498679e+00 3.522520e+00 3.543720e+00 4.868915e+00 4.839418e+00 4.440827e+00 4.385173e+00 4.406183e+00 4.202075e+00 5.043673e+00 3.886853e+00 3.097062e+00 2.022303e-03
<GCONST> 9.805093e+01
<MIXTURE> 39 9.501865e-03
<MEAN> 25
 1.342952e+00 2.600307e+00 1.020303e+01 -9.200785e+00 -1.127182e+01 -9.904654e-01 -2.965918e+00 -6.568165e+00 -4.517148e+00 8.759994e-01 -3.682535e+00 -2.287428e+00 -7.299888e-01 1.521240e+00 1.623450e+00 -1.388930e+00 7.847229e-02 1.222938e+00 -1.197979e+00 -1.253400e+00 4.334582e-01 4.426559e-01 -5.049163e-01 1.207728e-01 1.250118e-03
<VARIANCE> 25
 8.897613e+00 3.006250e+01 3.171481e+01 3.840597e+01 3.739488e+01 4.273948e+01 4.440256e+01 3.347200e+01 3.943596e+01 3.320214e+01 3.618484e+01 2.945374e+01 6.933835e-01 1.546490e+00 1.515152e+00 2.922935e+00 2.416339e+00 2.821180e+00 3.052384e+00 2.744231e+00 2.443515e+00 2.620170e+00 2.121215e+00 2.072700e+00 1.186178e-03
<GCONST> 8.967366e+01
<MIXTURE> 40 1.030800e-02
<MEAN> 25
 -9.123162e+00 2.061593e+00 -1.027531e+00 8.045380e+00 3.635242e+00 5.483764e+00 5.219979e+00 4.009106e+00 4.757545e+00 3.997899e+00 5.432864e+00 1.608164e+00 -1.019494e-01 -2.502972e-01 -4.004655e-02 -2.258368e-01 -7.716264e-02 -1.046888e-01 6.004294e-02 5.827684e-02 3.589759e-02 -3.150623e-03 3.105291e-02 -2.309484e-02 3.121850e-03
<VARIANCE> 25
 4.374001e+01 2.027015e+01 2.923101e+01 2.711880e+01 2.629174e+01 1.985704e+01 1.906706e+01 1.967947e+01 1.773396e+01 1.916808e+01 2.022310e+01 1.524809e+01 7.332056e-01 7.408545e-01 8.628387e-01 1.078821e+00 1.115126e+00 1.282256e+00 1.314563e+00 1.271167e+00 1.255356e+00 1.214807e+00 1.183021e+00 1.161771e+00 8.561258e-04
<GCONST> 7.702118e+01
<MIXTURE> 41 6.713375e-03
<MEAN> 25
 1.302923e+00 1.784003e+00 1.047079e+01 -6.951899e+00 -1.046216e+01 -3.858081e+00 -2.482962e+00 -5.039956e+00 -4.655662e+00 2.656110e+00 -1.740728e+00 -9.465281e-01 7.922322e-02 -7.593488e-01 1.697045e+00 -3.553149e+00 -2.461481e+00 -1.165160e-01 -5.070434e-01 -3.529945e-01 -8.303545e-01 1.087273e+00 -1.043425e+00 8.308929e-02 8.622611e-02
<VARIANCE> 25
 1.175736e+01 2.961646e+01 3.260850e+01 4.007378e+01 3.872418e+01 4.012947e+01 3.710859e+01 2.988052e+01 3.307148e+01 2.877401e+01 3.182638e+01 2.717162e+01 3.177113e+00 3.308035e+00 3.822938e+00 3.814996e+00 4.898233e+00 5.876561e+00 4.709846e+00 4.564820e+00 3.980069e+00 4.214577e+00 3.832393e+00 3.220926e+00 2.930912e-03
<GCONST> 9.791602e+01
<MIXTURE> 42 1.106211e-02
<MEAN> 25
 -2.327528e+00 3.815598e+00 4.600863e+00 3.417243e+00 -2.614271e-01 -6.924380e+00 -1.325722e+00 -1.682719e+00 -1.640039e+00 -1.914170e+00 -2.255652e+00 1.456143e+00 3.534938e+00 -9.370892e-02 1.557749e+00 3.569816e-01 -2.493035e+00 -9.069637e-01 -2.539652e+00 -4.460796e-01 -1.789046e+00 -2.097127e-01 4.077682e-01 -1.237967e+00 -2.885962e-03
<VARIANCE> 25
 2.723781e+01 1.498137e+01 3.344244e+01 2.733078e+01 2.929766e+01 3.994259e+01 3.238185e+01 2.142351e+01 2.732243e+01 2.136664e+01 1.472390e+01 1.383482e+01 3.179040e+00 3.281523e+00 4.410730e+00 3.835453e+00 4.003116e+00 5.873674e+00 4.067240e+00 4.574045e+00 4.869556e+00 3.711212e+00 2.865104e+00 2.559529e+00 3.938206e-03
<GCONST> 9.467329e+01
<MIXTURE> 43 7.108249e-03
<MEAN> 25
 3.291295e+00 -6.307167e+00 -2.032520e+00 -5.379681e+00 -6.735363e+00 -2.860171e+00 4.335042e+00 1.519357e+00 -4.764958e+00 -6.505630e+00 -4.014716e+00 -1.123072e+00 3.128804e-01 2.029726e+00 1.874782e+00 -5.727046e-02 -1.541954e+00 -7.644079e-01 -1.077220e+00 -5.175189e-01 7.402641e-01 1.504551e+00 1.715632e-01 1.371170e-01 -4.204294e-02
<VARIANCE> 25
 9.113372e+00 1.834299e+01 2.602157e+01 3.325860e+01 4.112121e+01 3.757031e+01 3.156688e+01 3.764663e+01 3.832558e+01 4.008448e+01 2.593801e+01 2.772682e+01 7.130653e-01 1.372519e+00 1.537213e+00 2.425688e+00 2.423555e+00 2.222134e+00 2.646393e+00 3.663002e+00 2.520829e+00 2.449265e+00 2.533473e+00 1.951253e+00 9.857847e-04
<GCONST> 8.791358e+01
<MIXTURE> 44 7.328289e-03
<MEAN> 25
 -1.514169e+01 1.645844e+00 3.227565e+00 -3.023378e+00 3.185420e+00 1.986710e+00 1.790335e-01 2.261105e+00 1.742439e+00 -8.851131e-01 1.675757e+00 2.023271e+00 -1.723631e-01 -4.533467e-02 1.794087e-01 2.768421e-01 -8.332118e-02 1.608188e-01 4.619253e-01 1.029657e-01 2.748406e-01 1.151382e-01 5.191289e-02 9.920823e-02 4.084421e-03
<VARIANCE> 25
 4.270790e+01 2.778879e+01 3.660582e+01 3.103694e+01 2.911330e+01 3.053077e+01 2.523913e+01 3.167435e+01 2.796004e+01 2.631932e+01 2.678318e+01 1.931021e+01 1.241210e+00 1.598652e+00 1.381976e+00 1.336220e+00 2.078924e+00 1.689604e+00 1.562695e+00 1.663197e+00 1.543473e+00 1.495901e+00 1.394787e+00 1.240168e+00 1.325834e-03
<GCONST> 8.465379e+01
<MIXTURE> 45 1.364932e-02
<MEAN> 25
 -1.042249e+01 2.626270e+00 -1.474519e+00 9.952770e-01 3.828329e+00 8.942124e-01 3.821095e+00 1.736248e+00 4.696915e+00 9.685717e-01 1.885433e+00 2.383451e+00 -3.155563e+00 5.071253e-01 -3.065145e-01 -2.884492e-01 3.954022e-02 3.159818e-01 1.006618e+00 -2.246900e-01 1.132113e-01 -3.695965e-01 2.959394e-01 2.955044e-01 1.134526e-01
<VARIANCE> 25
 4.528461e+01 2.539659e+01 2.719284e+01 3.165923e+01 2.749057e+01 2.977907e+01 3.019261e+01 2.197469e+01 2.765317e+01 1.998558e+01 2.487833e+01 1.570278e+01 2.318491e+00 2.298984e+00 2.573888e+00 2.818925e+00 1.874780e+00 2.701898e+00 2.733548e+00 1.998541e+00 2.265721e+00 2.000859e+00 1.665066e+00 1.424335e+00 3.297970e-03
<GCONST> 8.887643e+01
<MIXTURE> 46 9.336259e-03
<MEAN> 25
 -9.484330e+00 2.337466e+00 1.082401e+00 7.516695e+00 5.858503e+00 3.236292e+00 7.052392e+00 4.427391e+00 5.730674e+00 4.584958e+00 4.950625e+00 2.957841e+00 1.047709e+00 -2.690293e-01 6.252409e-02 9.720298e-01 6.072048e-01 9.330283e-01 4.107347e-01 6.836511e-01 4.804319e-01 5.019262e-01 6.304930e-01 5.167502e-01 -1.044119e-01
<VARIANCE> 25
 3.416396e+01 4.335779e+01 3.900654e+01 4.952757e+01 5.084333e+01 4.103876e+01 3.669919e+01 3.515925e+01 3.296398e+01 3.125644e+01 2.853547e+01 2.040272e+01 3.876318e+00 4.139958e+00 3.887270e+00 4.140599e+00 4.116648e+00 3.689394e+00 3.378702e+00 3.096009e+00 2.952002e+00 2.835766e+00 2.289942e+00 1.785437e+00 7.945358e-03
<GCONST> 9.824426e+01
<MIXTURE> 47 7.116147e-03
<MEAN> 25
 6.802081e+00 -6.489506e+00 -7.457460e+00 -5.936275e+00 1.699677e+00 1.041962e+00 -1.952926e+00 1.229159e+00 1.914051e+00 8.177401e-01 -2.938322e+00 -6.758891e+00 -1.932502e-01 -1.150167e+00 -6.711030e-01 -5.700144e-01 6.450672e-01 7.294525e-01 1.058182e+00 3.384392e-01 6.175609e-02 -8.304604e-01 -4.395450e-01 -4.382996e-01 2.819391e-02
<VARIANCE> 25
 1.095857e+01 2.147921e+01 1.825946e+01 3.023252e+01 3.457253e+01 4.745918e+01 4.689679e+01 4.015374e+01 5.018714e+01 4.410609e+01 5.526570e+01 2.989374e+01 4.786640e-01 7.590714e-01 1.005094e+00 1.599094e+00 1.825237e+00 2.036521e+00 2.664470e+00 2.169074e+00 2.042979e+00 1.916875e+00 2.091249e+00 1.883906e+00 5.260718e-04
<GCONST> 8.549299e+01
<MIXTURE> 48 7.116147e-03
<MEAN> 25
 6.802081e+00 -6.489506e+00 -7.457460e+00 -5.936275e+00 1.699677e+00 1.041962e+00 -1.952926e+00 1.229159e+00 1.914051e+00 8.177401e-01 -2.938322e+00 -6.758891e+00 -1.932502e-01 -1.150167e+00 -6.711030e-01 -5.700144e-01 6.450672e-01 7.294525e-01 1.058182e+00 3.384392e-01 6.175609e-02 -8.304604e-01 -4.395450e-01 -4.382996e-01 2.819391e-02
<VARIANCE> 25
 1.095857e+01 2.147921e+01 1.825946e+01 3.023252e+01 3.457253e+01 4.745918e+01 4.689679e+01 4.015374e+01 5.018714e+01 4.410609e+01 5.526570e+01 2.989374e+01 4.786640e-01 7.590714e-01 1.005094e+00 1.599094e+00 1.825237e+00 2.036521e+00 2.664470e+00 2.169074e+00 2.042979e+00 1.916875e+00 2.091249e+00 1.883906e+00 5.260718e-04
<GCONST> 8.549299e+01
<MIXTURE> 49 5.548473e-03
<MEAN> 25
 -4.942147e+00 2.800006e-01 1.811593e-01 8.318615e+00 6.082433e+00 5.645049e+00 6.008755e+00 4.410816e+00 5.046519e+00 3.598643e+00 4.810957e+00 2.848497e+00 3.720713e-01 6.557990e-01 7.019018e-01 3.592775e-01 -1.912092e-01 -6.605315e-01 -9.929537e-01 -1.105736e+00 -9.608675e-01 -6.905130e-01 -5.098394e-01 -2.697670e-01 -1.781508e-05
<VARIANCE> 25
 1.040054e+01 1.009502e+01 1.398230e+01 1.639270e+01 1.579538e+01 1.684093e+01 1.920241e+01 1.946470e+01 1.801362e+01 1.832807e+01 2.100304e+01 1.400938e+01 2.765409e-01 2.578318e-01 3.521650e-01 6.006934e-01 8.533344e-01 9.600952e-01 9.841514e-01 1.043152e+00 1.114181e+00 1.199149e+00 1.275534e+00 1.187272e+00 1.433277e-05
<GCONST> 6.421113e+01
<MIXTURE> 50 6.234641e-03
<MEAN> 25
 -4.666862e+00 9.251734e-02 -1.451389e+00 6.200480e+00 4.220925e+00 2.276622e+00 3.705136e+00 1.987292e+00 2.780188e+00 1.404766e+00 2.157266e+00 2.846823e+00 5.635496e-02 1.759693e-01 9.543757e-02 -1.772204e-01 -5.117985e-01 -6.152224e-01 -4.266307e-01 -5.127557e-02 4.409831e-01 7.739984e-01 7.389218e-01 4.451332e-01 -1.288066e-05
<VARIANCE> 25
 1.054045e+01 1.115904e+01 1.434601e+01 1.541883e+01 1.534311e+01 1.857896e+01 1.856795e+01 1.948600e+01 1.854716e+01 1.748953e+01 2.164957e+01 1.520267e+01 1.448056e-01 2.394430e-01 3.785391e-01 5.173967e-01 5.987263e-01 7.348455e-01 9.567723e-01 1.118083e+00 1.060313e+00 9.098499e-01 9.185153e-01 9.893907e-01 1.000243e-06
<GCONST> 5.954301e+01
<MIXTURE> 51 6.234641e-03
<MEAN> 25
 -4.666862e+00 9.251734e-02 -1.451389e+00 6.200480e+00 4.220925e+00 2.276622e+00 3.705136e+00 1.987292e+00 2.780188e+00 1.404766e+00 2.157266e+00 2.846823e+00 5.635496e-02 1.759693e-01 9.543757e-02 -1.772204e-01 -5.117985e-01 -6.152224e-01 -4.266307e-01 -5.127557e-02 4.409831e-01 7.739984e-01 7.389218e-01 4.451332e-01 -1.288066e-05
<VARIANCE> 25
 1.054045e+01 1.115904e+01 1.434601e+01 1.541883e+01 1.534311e+01 1.857896e+01 1.856795e+01 1.948600e+01 1.854716e+01 1.748953e+01 2.164957e+01 1.520267e+01 1.448056e-01 2.394430e-01 3.785391e-01 5.173967e-01 5.987263e-01 7.348455e-01 9.567723e-01 1.118083e+00 1.060313e+00 9.098499e-01 9.185153e-01 9.893907e-01 1.000243e-06
<GCONST> 5.954301e+01
<MIXTURE> 52 6.367945e-03
<MEAN> 25
 9.984999e+00 2.017259e+00 -6.225857e+00 -1.410984e+01 -3.977699e+00 8.481422e+00 -2.622397e+00 -3.083582e+00 -4.400616e+00 -1.998629e+00 3.429651e+00 6.065157e-01 -3.893902e-01 -4.707997e-01 -3.581160e-02 1.144977e+00 1.323167e+00 -4.211373e-01 -5.968585e-01 -6.821829e-01 9.551148e-02 1.203734e+00 3.842895e-01 -5.134457e-01 -1.452623e-02
<VARIANCE> 25
 9.809659e+00 2.010718e+01 2.481808e+01 3.898404e+01 4.695078e+01 3.010597e+01 4.675697e+01 4.802278e+01 4.255085e+01 4.587714e+01 3.931717e+01 3.053781e+01 4.409166e-01 1.452834e+00 1.332288e+00 2.705606e+00 2.285292e+00 2.265806e+00 2.944190e+00 2.758686e+00 3.051381e+00 2.678580e+00 2.478425e+00 2.351535e+00 1.531276e-03
<GCONST> 8.970161e+01
<MIXTURE> 53 6.367945e-03
<MEAN> 25
 9.984999e+00 2.017259e+00 -6.225857e+00 -1.410984e+01 -3.977699e+00 8.481422e+00 -2.622397e+00 -3.083582e+00 -4.400616e+00 -1.998629e+00 3.429651e+00 6.065157e-01 -3.893902e-01 -4.707997e-01 -3.581160e-02 1.144977e+00 1.323167e+00 -4.211373e-01 -5.968585e-01 -6.821829e-01 9.551148e-02 1.203734e+00 3.842895e-01 -5.134457e-01 -1.452623e-02
<VARIANCE> 25
 9.809659e+00 2.010718e+01 2.481808e+01 3.898404e+01 4.695078e+01 3.010597e+01 4.675697e+01 4.802278e+01 4.255085e+01 4.587714e+01 3.931717e+01 3.053781e+01 4.409166e-01 1.452834e+00 1.332288e+00 2.705606e+00 2.285292e+00 2.265806e+00 2.944190e+00 2.758686e+00 3.051381e+00 2.678580e+00 2.478425e+00 2.351535e+00 1.531276e-03
<GCONST> 8.970161e+01
<MIXTURE> 54 7.368620e-03
<MEAN> 25
 -3.633729e+00 4.927710e-02 -6.831321e-01 8.036497e+00 6.483970e+00 4.625424e+00 4.675313e+00 4.601029e+00 4.053139e+00 3.593741e+00 4.457400e+00 2.326292e+00 -2.124821e-03 2.654592e-02 3.416122e-02 4.748987e-02 5.136620e-02 4.707821e-02 3.888432e-02 2.891520e-02 3.079715e-02 2.504800e-02 1.450242e-02 1.778617e-03 -1.216995e-05
<VARIANCE> 25
 9.137802e+00 1.036363e+01 9.295704e+00 1.818532e+01 1.332121e+01 1.353332e+01 1.197134e+01 1.128191e+01 1.134292e+01 1.355004e+01 1.780299e+01 1.253435e+01 4.088082e-02 8.734989e-02 1.540870e-01 2.265847e-01 3.079346e-01 3.969440e-01 4.608434e-01 5.215809e-01 5.420907e-01 5.211557e-01 5.144659e-01 5.164362e-01 1.000047e-06
<GCONST> 4.724873e+01
<MIXTURE> 55 7.368620e-03
<MEAN> 25
 -3.633729e+00 4.927710e-02 -6.831321e-01 8.036497e+00 6.483970e+00 4.625424e+00 4.675313e+00 4.601029e+00 4.053139e+00 3.593741e+00 4.457400e+00 2.326292e+00 -2.124821e-03 2.654592e-02 3.416122e-02 4.748987e-02 5.136620e-02 4.707821e-02 3.888432e-02 2.891520e-02 3.079715e-02 2.504800e-02 1.450242e-02 1.778617e-03 -1.216995e-05
<VARIANCE> 25
 9.137802e+00 1.036363e+01 9.295704e+00 1.818532e+01 1.332121e+01 1.353332e+01 1.197134e+01 1.128191e+01 1.134292e+01 1.355004e+01 1.780299e+01 1.253435e+01 4.088082e-02 8.734989e-02 1.540870e-01 2.265847e-01 3.079346e-01 3.969440e-01 4.608434e-01 5.215809e-01 5.420907e-01 5.211557e-01 5.144659e-01 5.164362e-01 1.000047e-06
<GCONST> 4.724873e+01
<MIXTURE> 56 6.132464e-03
<MEAN> 25
 6.940383e+00 -6.252277e+00 -8.724292e+00 -7.939526e+00 3.867489e+00 4.143239e+00 -1.310139e+00 -1.820723e+00 9.062198e-01 1.589662e+00 -6.761342e-01 -7.238194e+00 -2.910301e-02 -2.451090e-02 -1.048757e-01 -2.705895e-02 3.251926e-01 1.619623e-01 2.577137e-01 -1.313543e-01 5.184999e-02 -1.547062e-01 -1.879185e-01 3.253420e-02 -6.245728e-03
<VARIANCE> 25
 1.098504e+01 2.137843e+01 1.814867e+01 3.861639e+01 3.085006e+01 4.541458e+01 5.884493e+01 3.367345e+01 4.420141e+01 3.831693e+01 5.027930e+01 2.861342e+01 2.277464e-01 4.456156e-01 4.963529e-01 7.462262e-01 8.257222e-01 1.038861e+00 1.066853e+00 8.045421e-01 9.309615e-01 9.801112e-01 1.011529e+00 7.961399e-01 2.360776e-04
<GCONST> 7.525417e+01
<MIXTURE> 57 6.132464e-03
<MEAN> 25
 6.940383e+00 -6.252277e+00 -8.724292e+00 -7.939526e+00 3.867489e+00 4.143239e+00 -1.310139e+00 -1.820723e+00 9.062198e-01 1.589662e+00 -6.761342e-01 -7.238194e+00 -2.910301e-02 -2.451090e-02 -1.048757e-01 -2.705895e-02 3.251926e-01 1.619623e-01 2.577137e-01 -1.313543e-01 5.184999e-02 -1.547062e-01 -1.879185e-01 3.253420e-02 -6.245728e-03
<VARIANCE> 25
 1.098504e+01 2.137843e+01 1.814867e+01 3.861639e+01 3.085006e+01 4.541458e+01 5.884493e+01 3.367345e+01 4.420141e+01 3.831693e+01 5.027930e+01 2.861342e+01 2.277464e-01 4.456156e-01 4.963529e-01 7.462262e-01 8.257222e-01 1.038861e+00 1.066853e+00 8.045421e-01 9.309615e-01 9.801112e-01 1.011529e+00 7.961399e-01 2.360776e-04
<GCONST> 7.525417e+01
<MIXTURE> 58 6.172147e-03
<MEAN> 25
 2.252251e+00 -2.349811e+00 7.280316e+00 -3.555455e+00 -1.253607e+01 -5.170012e+00 1.305976e+00 1.445024e+00 -3.609465e+00 1.397335e+00 1.096644e+00 -3.947912e-01 -4.957011e-02 -8.204558e-02 -1.293169e-01 -1.049474e-01 -8.438997e-03 3.000447e-01 3.786918e-01 5.480635e-02 4.052036e-02 3.012449e-02 3.175125e-02 -2.550082e-01 -2.557656e-03
<VARIANCE> 25
 6.161894e+00 1.381937e+01 1.922101e+01 2.888636e+01 2.285955e+01 3.900597e+01 2.734245e+01 3.015291e+01 3.045338e+01 2.600895e+01 1.920023e+01 1.760998e+01 3.519055e-01 6.520529e-01 6.549193e-01 8.846280e-01 7.715139e-01 1.267321e+00 9.569666e-01 1.404293e+00 1.113014e+00 9.106569e-01 9.105371e-01 9.867930e-01 6.838990e-04
<GCONST> 7.359056e+01
<MIXTURE> 59 6.172147e-03
<MEAN> 25
 2.252251e+00 -2.349811e+00 7.280316e+00 -3.555455e+00 -1.253607e+01 -5.170012e+00 1.305976e+00 1.445024e+00 -3.609465e+00 1.397335e+00 1.096644e+00 -3.947912e-01 -4.957011e-02 -8.204558e-02 -1.293169e-01 -1.049474e-01 -8.438997e-03 3.000447e-01 3.786918e-01 5.480635e-02 4.052036e-02 3.012449e-02 3.175125e-02 -2.550082e-01 -2.557656e-03
<VARIANCE> 25
 6.161894e+00 1.381937e+01 1.922101e+01 2.888636e+01 2.285955e+01 3.900597e+01 2.734245e+01 3.015291e+01 3.045338e+01 2.600895e+01 1.920023e+01 1.760998e+01 3.519055e-01 6.520529e-01 6.549193e-01 8.846280e-01 7.715139e-01 1.267321e+00 9.569666e-01 1.404293e+00 1.113014e+00 9.106569e-01 9.105371e-01 9.867930e-01 6.838990e-04
<GCONST> 7.359056e+01
<MIXTURE> 60 4.479129e-03
<MEAN> 25
 -3.924499e+00 -7.448948e-01 -9.829489e-01 3.556265e+00 1.549334e+00 2.245168e+00 1.572912e+00 1.380105e+00 2.385391e+00 1.139991e+00 2.209739e+00 1.776462e+00 -1.724754e-02 4.126098e-02 1.084816e-01 1.316962e-01 1.139301e-01 1.353870e-01 1.826242e-01 2.934214e-01 5.134915e-01 6.554721e-01 5.618460e-01 2.712191e-01 -4.859826e-04
<VARIANCE> 25
 8.233644e+00 4.403876e+00 9.885053e+00 1.099374e+01 1.362907e+01 1.731621e+01 1.430341e+01 1.309886e+01 1.365666e+01 1.279809e+01 1.554203e+01 1.201895e+01 8.800829e-02 1.664129e-01 2.775432e-01 4.138480e-01 5.809926e-01 7.056642e-01 7.880800e-01 9.072939e-01 8.701585e-01 7.998836e-01 8.485347e-01 8.804243e-01 2.919160e-05
<GCONST> 5.660610e+01
<MIXTURE> 61 4.479129e-03
<MEAN> 25
 -3.924499e+00 -7.448948e-01 -9.829489e-01 3.556265e+00 1.549334e+00 2.245168e+00 1.572912e+00 1.380105e+00 2.385391e+00 1.139991e+00 2.209739e+00 1.776462e+00 -1.724754e-02 4.126098e-02 1.084816e-01 1.316962e-01 1.139301e-01 1.353870e-01 1.826242e-01 2.934214e-01 5.134915e-01 6.554721e-01 5.618460e-01 2.712191e-01 -4.859826e-04
<VARIANCE> 25
 8.233644e+00 4.403876e+00 9.885053e+00 1.099374e+01 1.362907e+01 1.731621e+01 1.430341e+01 1.309886e+01 1.365666e+01 1.279809e+01 1.554203e+01 1.201895e+01 8.800829e-02 1.664129e-01 2.775432e-01 4.138480e-01 5.809926e-01 7.056642e-01 7.880800e-01 9.072939e-01 8.701585e-01 7.998836e-01 8.485347e-01 8.804243e-01 2.919160e-05
<GCONST> 5.660610e+01
<MIXTURE> 62 3.278034e-03
<MEAN> 25
 -5.067133e+00 1.235236e+00 1.027540e+00 8.733112e+00 6.068425e+00 5.084527e+00 5.433960e+00 3.948970e+00 5.040557e+00 3.809054e+00 4.883031e+00 2.920158e+00 -1.004068e+00 -1.169297e+00 -9.653907e-01 -2.897200e-01 4.330875e-01 9.877566e-01 1.402485e+00 1.552872e+00 1.480471e+00 1.231210e+00 1.060891e+00 7.345063e-01 -1.291614e-03
<VARIANCE> 25
 9.827630e+00 9.861145e+00 1.298264e+01 1.726950e+01 1.761342e+01 1.745674e+01 1.991553e+01 1.961299e+01 1.895374e+01 1.967892e+01 2.201390e+01 1.473805e+01 3.976958e-01 4.282957e-01 5.627307e-01 7.875894e-01 1.027419e+00 1.209339e+00 1.270145e+00 1.266078e+00 1.316434e+00 1.364512e+00 1.389561e+00 1.364196e+00 1.622599e-05
<GCONST> 6.763782e+01
<MIXTURE> 63 4.351215e-03
<MEAN> 25
 -3.495268e+00 -2.341610e+00 -4.113669e+00 2.569117e+00 2.965991e+00 5.814687e-01 2.851714e+00 1.143725e+00 3.167669e+00 -8.714562e-01 -1.457202e+00 2.254825e+00 -6.305705e-02 2.965737e-01 3.738400e-01 4.882504e-01 3.520749e-01 3.658592e-01 4.301286e-01 5.267221e-02 9.728821e-02 2.077667e-01 2.702508e-01 1.366902e-01 -4.197630e-03
<VARIANCE> 25
 1.045321e+01 1.375525e+01 1.710785e+01 1.623844e+01 1.693132e+01 2.946869e+01 2.131895e+01 2.680082e+01 2.741199e+01 1.982977e+01 1.859316e+01 1.575719e+01 3.250736e-01 4.373361e-01 6.343014e-01 6.236815e-01 8.184857e-01 1.078025e+00 1.122837e+00 1.337405e+00 1.289047e+00 1.280777e+00 1.342187e+00 1.283104e+00 1.969579e-04
<GCONST> 7.099669e+01
<MIXTURE> 64 4.351215e-03
<MEAN> 25
 -3.495268e+00 -2.341610e+00 -4.113669e+00 2.569117e+00 2.965991e+00 5.814687e-01 2.851714e+00 1.143725e+00 3.167669e+00 -8.714562e-01 -1.457202e+00 2.254825e+00 -6.305705e-02 2.965737e-01 3.738400e-01 4.882504e-01 3.520749e-01 3.658592e-01 4.301286e-01 5.267221e-02 9.728821e-02 2.077667e-01 2.702508e-01 1.366902e-01 -4.197630e-03
<VARIANCE> 25
 1.045321e+01 1.375525e+01 1.710785e+01 1.623844e+01 1.693132e+01 2.946869e+01 2.131895e+01 2.680082e+01 2.741199e+01 1.982977e+01 1.859316e+01 1.575719e+01 3.250736e-01 4.373361e-01 6.343014e-01 6.236815e-01 8.184857e-01 1.078025e+00 1.122837e+00 1.337405e+00 1.289047e+00 1.280777e+00 1.342187e+00 1.283104e+00 1.969579e-04
<GCONST> 7.099669e+01
<MIXTURE> 65 1.721197e-02
<MEAN> 25
 7.226186e+00 1.561250e+00 1.581650e+00 9.134648e-01 -4.254712e+00 -4.067362e+00 -6.273948e+00 -4.646705e+00 -3.156938e+00 -1.647251e+00 -5.527901e+00 -1.030925e+00 8.231200e-02 2.445417e-01 -6.224588e-02 1.567083e-01 -9.174556e-02 1.294857e-01 -5.398310e-03 -1.651545e-01 1.398249e-01 -6.072059e-02 -2.557209e-03 -2.646279e-01 -2.704522e-03
<VARIANCE> 25
 1.068337e+01 1.767220e+01 2.258438e+01 3.069312e+01 3.734417e+01 5.463313e+01 5.304168e+01 6.670788e+01 5.039477e+01 5.236732e+01 4.753141e+01 4.672528e+01 6.258682e-01 9.791232e-01 1.426746e+00 1.628437e+00 2.538543e+00 2.324301e+00 2.200695e+00 3.117518e+00 2.697837e+00 2.193129e+00 2.200469e+00 2.041364e+00 4.521583e-04
<GCONST> 8.873769e+01
<MIXTURE> 66 1.191532e-02
<MEAN> 25
 6.685060e+00 -4.167314e+00 -5.214387e+00 -4.184000e+00 1.440556e+00 -3.748508e+00 -6.681380e+00 1.671566e+00 5.627469e-01 -1.496946e+00 -5.853071e+00 -2.819631e+00 1.048050e-02 1.582308e+00 2.041123e+00 2.289064e+00 -9.493594e-01 -1.284425e+00 -3.387839e-01 -5.778105e-01 2.463632e-01 -2.042957e-01 -3.644371e-01 1.100581e+00 -5.917039e-02
<VARIANCE> 25
 8.062475e+00 2.064673e+01 2.520221e+01 3.334693e+01 3.452992e+01 5.678529e+01 5.282092e+01 4.179881e+01 4.971014e+01 6.042053e+01 3.542455e+01 3.481280e+01 1.203592e+00 2.206232e+00 2.304837e+00 2.340796e+00 4.474504e+00 4.335021e+00 5.114468e+00 4.446866e+00 4.911942e+00 4.417823e+00 3.604889e+00 3.098586e+00 1.408521e-03
<GCONST> 9.587823e+01
<MIXTURE> 67 1.559142e-02
<MEAN> 25
 8.703007e+00 1.959628e+00 -5.965464e+00 -8.146058e+00 1.422657e+00 3.364498e+00 -3.478570e+00 -2.068670e+00 -4.382610e+00 1.428141e+00 4.815620e-01 -1.539909e+00 -1.042660e+00 1.662918e+00 1.063803e+00 2.963052e+00 1.301675e+00 -2.620970e-01 1.216182e+00 -9.048118e-02 2.627074e-01 1.521087e-01 -3.203952e-01 9.187004e-01 -1.239116e-01
<VARIANCE> 25
 1.125180e+01 3.563127e+01 2.828239e+01 5.184316e+01 4.754730e+01 5.018145e+01 5.750521e+01 4.860142e+01 6.377824e+01 5.639819e+01 5.457937e+01 4.427814e+01 2.003628e+00 3.437105e+00 3.014624e+00 4.276535e+00 4.215759e+00 4.792275e+00 4.406996e+00 5.059888e+00 5.144664e+00 4.488325e+00 4.717299e+00 4.294177e+00 3.126419e-03
<GCONST> 1.018987e+02
<MIXTURE> 68 1.485092e-02
<MEAN> 25
 -1.973618e+00 -2.253872e+00 -3.939741e+00 1.204668e+00 5.284412e+00 -5.376350e-01 2.013449e+00 1.671375e+00 2.054981e+00 1.770281e+00 3.581243e-01 1.861215e+00 2.729475e+00 5.265369e-01 -4.639767e-02 -2.499987e+00 -2.413208e+00 -1.578858e+00 -2.348784e+00 -1.750862e+00 -1.671499e+00 -1.397509e+00 -1.848942e+00 -1.137748e+00 1.016523e-01
<VARIANCE> 25
 2.554913e+01 3.129104e+01 5.787923e+01 5.133281e+01 4.554963e+01 5.464068e+01 4.473037e+01 4.180434e+01 3.945634e+01 4.306992e+01 3.685096e+01 2.511392e+01 1.862024e+00 3.645408e+00 6.021598e+00 5.908255e+00 4.561531e+00 5.461985e+00 5.609572e+00 4.899655e+00 4.872282e+00 5.323699e+00 5.513120e+00 3.593123e+00 6.060070e-03
<GCONST> 1.034009e+02
<MIXTURE> 69 1.204884e-02
<MEAN> 25
 4.699059e+00 -4.221650e+00 -3.484168e+00 -3.547455e+00 -3.478150e+00 -7.782334e+00 -1.225262e+00 2.249527e+00 -2.997809e-01 -4.658719e+00 -5.710772e+00 1.023010e+00 1.642968e+00 -2.199166e+00 -1.321626e+00 -2.215116e+00 -5.488198e-01 -3.353123e-01 -4.695358e-01 6.512153e-01 -6.602441e-01 -1.442860e+00 -2.166112e+00 -1.714031e-01 6.184778e-02
<VARIANCE> 25
 8.773221e+00 2.148364e+01 2.671856e+01 2.620300e+01 4.214144e+01 3.589826e+01 4.970182e+01 3.133183e+01 3.954122e+01 3.775421e+01 3.081491e+01 2.465795e+01 3.566252e+00 2.951247e+00 3.304107e+00 3.706074e+00 5.759900e+00 4.954329e+00 7.028457e+00 6.062730e+00 5.880031e+00 5.806299e+00 4.390139e+00 3.663775e+00 2.441568e-03
<GCONST> 9.860654e+01
<MIXTURE> 70 1.329190e-02
<MEAN> 25
 7.051516e+00 -1.551695e+00 -4.000408e+00 -2.980816e+00 -2.061577e-02 -6.963011e-01 -7.603013e+00 -4.019668e+00 -6.997063e-01 3.898633e+00 1.051974e+00 -5.030898e+00 1.835044e+00 -1.021381e+00 -1.145633e+00 -1.953764e+00 -1.653899e+00 8.389526e-01 -1.124939e+00 4.389553e-02 -3.999330e-01 1.316500e-01 1.176334e+00 -1.720070e+00 6.095082e-02
<VARIANCE> 25
 9.592460e+00 1.932493e+01 2.589554e+01 3.994596e+01 3.096516e+01 3.763881e+01 4.225776e+01 3.790446e+01 4.862865e+01 3.220982e+01 4.636296e+01 2.548532e+01 2.944545e+00 2.663893e+00 4.338360e+00 4.294490e+00 4.345884e+00 5.689808e+00 6.063520e+00 6.309457e+00 7.195988e+00 4.519969e+00 5.674897e+00 3.953265e+00 2.165012e-03
<GCONST> 9.927588e+01
<MIXTURE> 71 1.406903e-02
<MEAN> 25
 6.273258e+00 4.972706e+00 4.130309e+00 3.132128e+00 -3.258301e+00 -3.451484e+00 -3.354340e+00 -6.453451e+00 -4.352716e+00 -2.468657e+00 -5.121195e+00 -2.909011e+00 -1.520124e+00 -6.318549e-01 -2.711580e-01 -1.662882e+00 9.396986e-01 -1.767890e-01 7.316858e-02 1.493565e+00 2.710777e-01 -1.820393e-01 7.196277e-01 2.299028e-01 4.050989e-02
<VARIANCE> 25
 1.850331e+01 2.567076e+01 2.345883e+01 4.264718e+01 3.907516e+01 3.939005e+01 4.138704e+01 4.154813e+01 3.863812e+01 4.203807e+01 3.501690e+01 3.436796e+01 1.790710e+00 2.977033e+00 4.999948e+00 4.794529e+00 5.021850e+00 4.713570e+00 4.809453e+00 5.423472e+00 4.399170e+00 3.914478e+00 3.458107e+00 3.262371e+00 1.434370e-03
<GCONST> 9.829128e+01
<MIXTURE> 72 8.134747e-03
<MEAN> 25
 3.671105e+00 -3.192545e+00 4.456851e+00 -1.692538e+00 -9.783090e+00 -8.002642e+00 -3.535860e+00 2.291625e+00 -4.204078e+00 -9.197735e-01 -2.228331e+00 1.281149e+00 8.387266e-01 -6.395033e-01 -2.386603e+00 2.087196e-01 2.186886e+00 -6.786087e-01 -1.160044e+00 1.290750e+00 1.599671e+00 -2.791544e-01 -1.375583e+00 4.879793e-01 -4.017960e-03
<VARIANCE> 25
 8.530818e+00 1.632121e+01 3.026387e+01 3.253080e+01 3.184643e+01 3.420222e+01 3.835120e+01 3.137499e+01 3.735768e+01 3.799773e+01 3.339971e+01 2.863442e+01 3.769702e-01 1.005265e+00 1.691840e+00 1.552881e+00 2.362021e+00 2.166176e+00 2.797035e+00 2.397948e+00 2.592519e+00 2.759494e+00 1.690332e+00 1.801882e+00 4.666806e-04
<GCONST> 8.492525e+01
<MIXTURE> 73 1.213625e-02
<MEAN> 25
 -5.576587e+00 -7.822757e-01 -1.206693e+00 4.693087e+00 4.191588e+00 2.365553e+00 5.366745e+00 3.144973e+00 4.325697e+00 3.183974e+00 4.175323e+00 3.089999e+00 7.147639e-01 -1.004522e+00 -8.980050e-01 -2.562196e+00 -1.244201e+00 -1.831614e+00 -8.411226e-01 -4.790249e-01 -1.020378e+00 -6.458653e-01 -1.023188e+00 -2.664245e-01 1.521611e-01
<VARIANCE> 25
 1.301188e+01 1.297041e+01 1.485694e+01 2.286599e+01 2.287821e+01 2.445040e+01 2.076154e+01 2.170383e+01 1.727961e+01 2.060179e+01 2.234444e+01 1.508503e+01 4.098786e+00 2.989870e+00 5.897540e+00 4.692231e+00 5.922759e+00 4.556448e+00 4.244278e+00 4.120716e+00 4.073658e+00 4.135650e+00 3.568358e+00 2.663462e+00 4.300811e-03
<GCONST> 9.264645e+01
<MIXTURE> 74 1.756491e-02
<MEAN> 25
 4.300146e+00 -1.549604e+00 4.805368e+00 -4.321676e-01 -8.128503e+00 -8.049663e+00 -2.442865e+00 1.096755e+00 -4.790459e+00 -1.902123e+00 -1.245644e+00 1.015590e-01 2.753897e-01 1.878455e+00 7.941150e-02 1.504792e+00 1.496177e+00 3.050191e-01 -1.217845e-01 -1.307479e+00 3.207776e-01 3.000573e-01 -3.355616e-01 -1.201032e-01 -7.429310e-02
<VARIANCE> 25
 1.066459e+01 1.995407e+01 3.452158e+01 3.823275e+01 3.758849e+01 3.963223e+01 4.769934e+01 4.217966e+01 4.962337e+01 4.493993e+01 4.322356e+01 3.148448e+01 1.950642e+00 1.905634e+00 3.448906e+00 2.851317e+00 4.600722e+00 3.678825e+00 4.883722e+00 3.758130e+00 4.024672e+00 4.128162e+00 3.379581e+00 2.964503e+00 1.695364e-03
<GCONST> 9.640376e+01
<MIXTURE> 75 9.711651e-03
<MEAN> 25
 2.408234e+00 -7.426613e-01 1.027871e+01 1.956485e+00 -1.171204e+01 -7.186002e+00 -4.204067e+00 7.219705e-01 -5.700805e+00 -3.393153e+00 2.659397e+00 9.771676e-01 1.706546e+00 -1.550819e+00 2.241858e-01 -4.005520e-02 -2.364721e+00 -4.750967e-01 -1.626173e+00 1.174450e+00 -3.501948e-01 1.552838e-02 9.227716e-01 -5.292920e-01 3.498047e-02
<VARIANCE> 25
 1.107150e+01 1.490844e+01 2.786110e+01 2.228047e+01 2.336982e+01 2.645033e+01 2.649905e+01 2.903635e+01 3.196998e+01 2.841294e+01 1.670281e+01 1.882187e+01 2.369896e+00 1.786253e+00 3.598131e+00 2.087853e+00 3.198588e+00 3.504922e+00 4.589149e+00 3.086871e+00 3.638554e+00 2.992610e+00 2.501458e+00 2.260604e+00 1.346998e-03
<GCONST> 8.915639e+01
<MIXTURE> 76 1.052359e-02
<MEAN> 25
 -6.165159e+00 -1.298082e+00 -2.720860e+00 2.782304e+00 4.270168e+00 1.814047e+00 4.624215e+00 1.271113e+00 3.483608e+00 1.140312e-01 1.086634e+00 2.017220e+00 -1.165816e-01 -6.745244e-01 -1.645289e-01 -6.839318e-01 -4.851846e-01 -1.019686e+00 -4.644410e-01 -2.403011e-01 -3.904790e-01 -2.350246e-01 -1.979551e-01 -1.344898e-01 1.781098e-02
<VARIANCE> 25
 3.674058e+01 2.499955e+01 2.720097e+01 3.162448e+01 2.997458e+01 3.193997e+01 2.616751e+01 2.757528e+01 2.424924e+01 2.271808e+01 2.750834e+01 2.279184e+01 1.106350e+00 1.095080e+00 1.394150e+00 1.083287e+00 1.273984e+00 1.790371e+00 1.621936e+00 1.620726e+00 1.692094e+00 1.619897e+00 1.362435e+00 1.279959e+00 1.325084e-03
<GCONST> 8.305832e+01
<MIXTURE> 77 1.244626e-02
<MEAN> 25
 -6.158127e-01 8.274902e+00 1.230602e+01 -1.090355e+01 -6.548567e+00 1.065755e+00 -9.270818e+00 -7.419147e+00 -3.504439e+00 -3.037894e-01 -4.163139e+00 -1.628393e+00 1.515896e-01 8.226997e-02 3.124281e-02 4.246344e-01 5.816585e-03 2.839290e-02 -1.066499e-01 -1.549200e-01 4.195758e-02 1.192199e-02 5.181260e-02 1.845274e-03 -1.114716e-02
<VARIANCE> 25
 9.895541e+00 1.957189e+01 2.565691e+01 4.396963e+01 3.297902e+01 3.140468e+01 3.410024e+01 2.994762e+01 3.272917e+01 3.077958e+01 3.728765e+01 3.250397e+01 3.536971e-01 7.518388e-01 6.154141e-01 1.342971e+00 1.149924e+00 9.454170e-01 1.149617e+00 1.090995e+00 9.833635e-01 1.023300e+00 9.042213e-01 1.002511e+00 5.145163e-04
<GCONST> 7.725891e+01
<MIXTURE> 78 9.702551e-03
<MEAN> 25
 -1.172757e+01 1.506377e+00 -3.004798e+00 2.098213e+00 3.006932e+00 -2.981598e+00 3.815456e+00 1.588681e+00 3.693429e+00 -4.624596e-01 -1.043634e+00 2.786793e+00 2.173762e+00 -5.470575e-01 6.662364e-01 1.197396e-01 2.223303e-01 1.279687e-01 -3.372481e-01 4.252814e-02 2.678077e-02 1.917231e-01 -3.551435e-01 -4.640571e-01 -5.888401e-02
<VARIANCE> 25
 3.058679e+01 2.525609e+01 2.719654e+01 2.395295e+01 3.257178e+01 3.061694e+01 3.103590e+01 2.554243e+01 2.345003e+01 2.287513e+01 2.267630e+01 2.138270e+01 4.094162e+00 2.310678e+00 2.753391e+00 2.640514e+00 2.104015e+00 2.779688e+00 4.493759e+00 2.185513e+00 2.293289e+00 1.784366e+00 1.730560e+00 1.645807e+00 3.321769e-03
<GCONST> 9.015516e+01
<MIXTURE> 79 1.156824e-02
<MEAN> 25
 2.388694e+00 1.580910e+00 9.184642e+00 -6.553427e+00 -1.197850e+01 -1.783371e+00 -1.949799e+00 -6.461924e+00 -6.573253e+00 3.174440e-01 -3.466974e+00 -3.275162e+00 1.221809e+00 -5.226589e-01 -1.420992e+00 2.350343e+00 3.752579e-01 -1.462370e+00 5.186854e-01 8.755528e-01 -4.322761e-01 -5.294735e-01 3.516187e-01 2.721701e-01 -3.616640e-02
<VARIANCE> 25
 1.429422e+01 2.411767e+01 3.766574e+01 4.966367e+01 3.407685e+01 4.341555e+01 4.294664e+01 3.692575e+01 3.859119e+01 3.948135e+01 4.375857e+01 3.045673e+01 9.363022e-01 2.243598e+00 1.895957e+00 2.076053e+00 2.465750e+00 2.808106e+00 3.217477e+00 3.540226e+00 2.542771e+00 2.729583e+00 2.313331e+00 2.030258e+00 1.229021e-03
<GCONST> 9.177886e+01
<MIXTURE> 80 7.550998e-03
<MEAN> 25
 -1.408135e+01 3.798622e+00 7.880557e-01 2.541350e+00 2.279756e+00 1.133646e+00 6.719774e+00 2.361064e+00 2.642890e+00 1.948893e+00 4.480841e+00 1.973677e+00 4.217971e+00 3.215947e-03 1.828791e+00 -9.971354e-01 -2.890041e+00 -2.733164e+00 -2.444010e+00 -1.727361e+00 -2.250310e+00 -1.424919e+00 -1.422012e+00 -4.362811e-01 -4.327873e-02
<VARIANCE> 25
 2.086417e+01 1.790924e+01 3.081017e+01 3.229606e+01 2.711993e+01 2.858105e+01 2.609562e+01 2.556146e+01 2.535664e+01 2.694899e+01 2.503482e+01 2.152309e+01 2.200220e+00 2.378819e+00 2.656595e+00 3.834630e+00 3.180569e+00 2.481872e+00 2.937536e+00 3.532367e+00 3.071193e+00 2.948659e+00 2.867481e+00 2.247954e+00 1.356377e-03
<GCONST> 9.059114e+01
<MIXTURE> 81 8.025434e-03
<MEAN> 25
 -1.120349e+00 4.068120e+00 1.017967e+01 -1.479539e+01 -9.074706e+00 -1.417896e+00 -6.768857e+00 -8.427261e+00 -4.153090e+00 -4.181804e-01 -7.568130e+00 -2.246940e+00 1.350500e-01 -5.870552e-01 -2.689020e-03 -5.541292e-01 -4.637908e-01 3.342391e-01 3.185553e-01 1.353777e-01 -1.418635e-01 1.073335e-01 -4.688013e-01 -1.264165e-01 1.149324e-02
<VARIANCE> 25
 1.015003e+01 3.278338e+01 2.643044e+01 2.934919e+01 3.372605e+01 3.053166e+01 4.541626e+01 2.823514e+01 3.796812e+01 3.187357e+01 2.534085e+01 3.103069e+01 7.733326e-01 2.275730e+00 1.545133e+00 2.877193e+00 2.661985e+00 2.125648e+00 3.280971e+00 2.289653e+00 2.359241e+00 2.537783e+00 2.297601e+00 2.078603e+00 1.183158e-03
<GCONST> 8.868798e+01
<MIXTURE> 82 8.213053e-03
<MEAN> 25
 -1.003051e+01 -3.535913e+00 1.777276e+00 -3.165959e+00 2.763799e+00 1.288619e+00 2.456524e+00 3.118117e-01 3.661756e+00 1.127483e+00 1.819802e+00 3.520313e+00 -1.503154e+00 1.843761e-03 3.916501e-01 -2.357533e+00 -1.006755e+00 -1.265380e+00 -8.700643e-01 -8.252060e-01 -4.705656e-01 -4.777100e-01 -3.651769e-01 -3.507382e-02 1.668947e-01
<VARIANCE> 25
 1.791419e+01 2.243247e+01 2.865638e+01 2.832059e+01 3.080003e+01 3.375714e+01 3.002674e+01 3.182019e+01 3.368652e+01 2.512224e+01 2.684353e+01 1.655350e+01 3.781450e+00 2.816330e+00 3.019780e+00 3.270523e+00 3.222224e+00 3.651038e+00 2.764152e+00 2.816954e+00 3.486540e+00 2.328193e+00 2.300906e+00 1.733164e+00 3.800682e-03
<GCONST> 9.236621e+01
<MIXTURE> 83 1.167529e-02
<MEAN> 25
 -1.979800e+01 5.508473e+00 -1.997210e+00 -1.975617e-01 7.466064e+00 -1.339084e+00 5.417521e+00 2.913829e+00 1.308777e+00 1.944854e+00 6.960600e-01 2.882476e+00 -2.352531e-02 -5.023835e-01 3.051455e-02 -3.361962e-01 -4.501536e-01 -1.731613e-01 -9.427094e-02 -7.607352e-02 3.306269e-03 -5.584454e-02 -1.415792e-02 -1.043062e-02 3.878080e-03
<VARIANCE> 25
 9.708612e+00 1.648581e+01 2.855876e+01 2.246441e+01 2.325525e+01 2.342563e+01 2.153274e+01 2.302083e+01 2.010405e+01 2.263917e+01 2.263865e+01 1.439370e+01 1.029479e+00 9.789124e-01 1.211594e+00 1.091643e+00 1.349563e+00 1.310754e+00 1.369372e+00 1.404785e+00 1.339671e+00 1.302086e+00 1.229498e+00 1.078622e+00 9.275306e-04
<GCONST> 7.726740e+01
<MIXTURE> 84 1.066614e-02
<MEAN> 25
 9.584960e-01 7.974139e+00 6.772766e+00 7.369960e+00 2.233998e+00 -5.407108e-01 -2.482414e+00 -4.799507e+00 -3.492315e+00 -2.836478e+00 -2.232092e+00 -1.248853e+00 -1.356472e+00 -1.057737e+00 -1.221544e+00 8.134549e-01 1.877993e+00 1.660412e+00 1.508135e+00 1.171452e+00 1.707432e+00 3.500839e-01 3.218455e-01 4.972948e-01 -7.200247e-02
<VARIANCE> 25
 1.930387e+01 1.788083e+01 2.004093e+01 2.071086e+01 2.506563e+01 2.989649e+01 2.595405e+01 2.598555e+01 2.333462e+01 2.249068e+01 1.969928e+01 2.006654e+01 2.253777e+00 2.301052e+00 3.090637e+00 4.318886e+00 3.127618e+00 3.086987e+00 2.878292e+00 3.163428e+00 3.540435e+00 2.810267e+00 3.191442e+00 2.478036e+00 3.008689e-03
<GCONST> 9.046806e+01
<MIXTURE> 85 7.591393e-03
<MEAN> 25
 -3.218526e+00 7.694408e+00 5.824267e+00 9.768488e-01 -3.459149e+00 -4.817631e+00 -3.040302e+00 -6.189025e+00 -3.740651e+00 -3.276249e+00 -4.427108e-01 -1.775444e+00 3.828750e+00 3.006355e-01 1.714576e+00 -1.805776e+00 -3.312017e+00 -2.499789e+00 -2.880095e+00 -2.260290e+00 -2.399086e+00 -1.085725e+00 -2.100818e+00 -6.746339e-01 9.124143e-03
<VARIANCE> 25
 3.968237e+01 2.230858e+01 3.417448e+01 3.683588e+01 3.714252e+01 4.563841e+01 3.071375e+01 2.649194e+01 2.563524e+01 2.451429e+01 2.440732e+01 1.945529e+01 2.754179e+00 4.009857e+00 3.800881e+00 5.711674e+00 4.362351e+00 3.734178e+00 3.697133e+00 4.016659e+00 3.817064e+00 4.093888e+00 4.106445e+00 3.279370e+00 5.084672e-03
<GCONST> 9.764989e+01
<MIXTURE> 86 1.273941e-02
<MEAN> 25
 -4.859047e+00 -1.236462e+00 -7.596029e-01 6.220589e+00 4.924798e+00 4.753849e+00 5.291145e+00 4.401203e+00 4.756766e+00 3.797961e+00 5.207101e+00 2.646574e+00 -5.635080e-04 -8.029211e-03 -3.714387e-02 -6.242351e-02 -1.089556e-01 -1.881518e-01 -2.619409e-01 -3.152941e-01 -3.517280e-01 -3.194551e-01 -2.345588e-01 -1.125433e-01 -7.354959e-04
<VARIANCE> 25
 8.301924e+00 5.575510e+00 9.875606e+00 1.270313e+01 1.595402e+01 1.433779e+01 1.329343e+01 1.419433e+01 1.354550e+01 1.461973e+01 1.484271e+01 1.278929e+01 1.048721e-01 1.918988e-01 3.196071e-01 4.784057e-01 6.275295e-01 7.240622e-01 7.325703e-01 7.819869e-01 8.221865e-01 8.759844e-01 9.264963e-01 9.093104e-01 5.467921e-05
<GCONST> 5.837762e+01
<MIXTURE> 87 1.100681e-02
<MEAN> 25
 -3.229134e+00 4.548161e+00 3.238530e+00 6.894466e+00 5.431853e+00 7.222390e-01 1.565893e+00 -1.086384e+00 -2.545543e-01 -1.052373e+00 -7.273705e-01 1.883787e-01 -2.132967e+00 -2.700969e+00 -1.997786e+00 -2.140767e+00 -3.486953e-03 -1.746771e-01 6.555616e-01 1.327246e+00 1.409968e+00 1.005025e+00 8.999400e-01 1.031725e+00 1.010158e-01
<VARIANCE> 25
 3.765437e+01 2.903088e+01 2.824146e+01 3.349454e+01 2.802422e+01 3.184637e+01 2.706446e+01 2.663843e+01 2.688181e+01 2.442582e+01 2.382072e+01 2.280754e+01 3.714902e+00 2.746611e+00 3.919610e+00 3.643555e+00 4.638164e+00 4.290694e+00 4.001015e+00 4.085361e+00 3.470552e+00 3.228121e+00 3.306925e+00 2.625740e+00 5.044482e-03
<GCONST> 9.600976e+01
<MIXTURE> 88 1.256585e-02
<MEAN> 25
 -3.560517e+00 -6.479068e-01 -7.669357e-01 5.068366e+00 3.948904e+00 3.585502e+00 4.454631e+00 2.669779e+00 3.808808e+00 1.799881e+00 2.334674e+00 2.871151e+00 9.513413e-03 1.141694e-01 1.081835e-01 3.407079e-01 2.916470e-01 4.286095e-01 -3.634668e-02 -2.930275e-01 -2.448372e-02 -1.996713e-01 -2.280949e-01 -1.122864e-01 -8.687681e-03
<VARIANCE> 25
 1.277142e+01 9.155360e+00 1.679989e+01 1.474991e+01 2.223988e+01 2.099604e+01 1.732308e+01 1.975654e+01 1.735924e+01 1.756392e+01 2.103923e+01 1.427279e+01 1.184430e+00 1.496574e+00 2.033525e+00 1.983529e+00 2.306379e+00 3.167951e+00 2.409103e+00 2.336860e+00 2.690698e+00 2.260309e+00 2.254635e+00 2.041673e+00 1.443127e-03
<GCONST> 8.210257e+01
<MIXTURE> 89 9.333527e-03
<MEAN> 25
 6.149271e+00 -6.461198e+00 -2.967311e+00 -2.662747e+00 -1.165898e+00 -5.541553e+00 -6.400298e+00 3.930343e+00 3.882795e+00 -2.265145e+00 -6.386582e+00 -2.524622e+00 -5.481013e-01 1.615267e-01 1.885974e+00 7.849268e-01 -1.865351e+00 -1.542706e+00 7.603732e-01 1.260303e+00 -8.110573e-01 -1.234748e+00 3.443433e-01 1.456530e+00 -3.008237e-03
<VARIANCE> 25
 8.241381e+00 2.557328e+01 3.141113e+01 3.032100e+01 3.582963e+01 3.877493e+01 5.625808e+01 3.933905e+01 3.832539e+01 4.229889e+01 3.422317e+01 3.491245e+01 3.467731e-01 7.849177e-01 1.495887e+00 1.347776e+00 1.788144e+00 2.142631e+00 2.529244e+00 2.042495e+00 2.181656e+00 2.039900e+00 2.204647e+00 1.473430e+00 3.801545e-04
<GCONST> 8.475340e+01
<MIXTURE> 90 7.114505e-03
<MEAN> 25
 2.448455e+00 -9.696906e+00 -4.738868e+00 -3.969147e+00 -3.378520e+00 -1.804427e+00 3.342897e+00 1.207446e+00 -7.514403e+00 -1.018756e+01 -3.426899e+00 -7.388433e-01 -1.647844e-01 9.080990e-01 1.164686e+00 -8.506445e-01 -1.609674e+00 -2.107878e-01 6.455185e-01 -2.109614e-01 -1.690603e-01 7.362104e-01 1.855141e-01 -5.512706e-01 -1.108022e-02
<VARIANCE> 25
 8.480573e+00 1.795943e+01 1.984933e+01 2.803090e+01 3.680334e+01 3.211161e+01 3.871358e+01 3.659099e+01 3.520300e+01 2.785729e+01 2.695526e+01 2.607235e+01 2.256526e-01 6.115068e-01 7.903984e-01 1.043211e+00 1.471390e+00 1.588296e+00 1.779011e+00 1.662555e+00 1.810711e+00 1.679712e+00 1.500584e+00 1.307746e+00 2.159242e-04
<GCONST> 7.817406e+01
<MIXTURE> 91 7.852945e-03
<MEAN> 25
 6.155764e+00 -7.154051e+00 -7.923052e+00 -5.135544e+00 3.827596e+00 2.835318e-01 -1.791127e+00 9.633296e-01 1.836645e-01 -2.136013e+00 -4.387909e+00 -4.676172e+00 2.669773e-01 9.470367e-01 2.207365e-01 5.339939e-01 -3.750277e-02 -5.070404e-01 -5.468562e-01 -7.940245e-02 6.340408e-02 3.689919e-01 -2.462004e-01 2.865719e-01 -3.303843e-02
<VARIANCE> 25
 9.770428e+00 2.272447e+01 2.231112e+01 3.749554e+01 3.271392e+01 5.246946e+01 5.451962e+01 3.687752e+01 4.944559e+01 6.121636e+01 3.836271e+01 3.996493e+01 4.935580e-01 8.386119e-01 1.122402e+00 1.545962e+00 2.407787e+00 2.420579e+00 2.787714e+00 2.384871e+00 2.481406e+00 2.239733e+00 2.091667e+00 1.902375e+00 5.638102e-04
<GCONST> 8.742514e+01
<MIXTURE> 92 7.852945e-03
<MEAN> 25
 6.155764e+00 -7.154051e+00 -7.923052e+00 -5.135544e+00 3.827596e+00 2.835318e-01 -1.791127e+00 9.633296e-01 1.836645e-01 -2.136013e+00 -4.387909e+00 -4.676172e+00 2.669773e-01 9.470367e-01 2.207365e-01 5.339939e-01 -3.750277e-02 -5.070404e-01 -5.468562e-01 -7.940245e-02 6.340408e-02 3.689919e-01 -2.462004e-01 2.865719e-01 -3.303843e-02
<VARIANCE> 25
 9.770428e+00 2.272447e+01 2.231112e+01 3.749554e+01 3.271392e+01 5.246946e+01 5.451962e+01 3.687752e+01 4.944559e+01 6.121636e+01 3.836271e+01 3.996493e+01 4.935580e-01 8.386119e-01 1.122402e+00 1.545962e+00 2.407787e+00 2.420579e+00 2.787714e+00 2.384871e+00 2.481406e+00 2.239733e+00 2.091667e+00 1.902375e+00 5.638102e-04
<GCONST> 8.742514e+01
<MIXTURE> 93 6.122769e-03
<MEAN> 25
 -6.825722e+00 -9.612330e-01 -2.402205e+00 5.798079e+00 5.908271e+00 3.922819e+00 6.123461e+00 3.609027e+00 4.119648e+00 2.509308e+00 1.818340e+00 3.705891e+00 -6.163192e-02 -1.543787e-01 -2.573776e-01 -3.316961e-01 -3.337536e-01 -2.844707e-01 -2.177866e-01 -1.742805e-01 -1.667295e-01 -1.506544e-01 -1.044314e-01 -3.554846e-02 -3.814661e-06
<VARIANCE> 25
 9.094714e+00 6.027788e+00 8.185095e+00 1.136886e+01 1.149251e+01 1.598237e+01 1.527634e+01 1.644367e+01 1.475770e+01 1.454172e+01 1.678723e+01 1.344856e+01 8.272922e-02 1.533748e-01 2.637221e-01 3.805711e-01 4.977603e-01 6.423281e-01 7.793645e-01 8.873039e-01 9.166225e-01 8.761251e-01 8.923630e-01 9.178826e-01 1.000041e-06
<GCONST> 5.360242e+01
<MIXTURE> 94 6.122769e-03
<MEAN> 25
 -6.825722e+00 -9.612330e-01 -2.402205e+00 5.798079e+00 5.908271e+00 3.922819e+00 6.123461e+00 3.609027e+00 4.119648e+00 2.509308e+00 1.818340e+00 3.705891e+00 -6.163192e-02 -1.543787e-01 -2.573776e-01 -3.316961e-01 -3.337536e-01 -2.844707e-01 -2.177866e-01 -1.742805e-01 -1.667295e-01 -1.506544e-01 -1.044314e-01 -3.554846e-02 -3.814661e-06
<VARIANCE> 25
 9.094714e+00 6.027788e+00 8.185095e+00 1.136886e+01 1.149251e+01 1.598237e+01 1.527634e+01 1.644367e+01 1.475770e+01 1.454172e+01 1.678723e+01 1.344856e+01 8.272922e-02 1.533748e-01 2.637221e-01 3.805711e-01 4.977603e-01 6.423281e-01 7.793645e-01 8.873039e-01 9.166225e-01 8.761251e-01 8.923630e-01 9.178826e-01 1.000041e-06
<GCONST> 5.360242e+01
<MIXTURE> 95 5.258835e-03
<MEAN> 25
 -5.325122e+00 -8.674513e-01 -1.698281e+00 4.684395e+00 4.009387e+00 3.232299e+00 4.124411e+00 1.335650e+00 2.292382e+00 5.169162e-01 1.200075e+00 2.602411e+00 1.733464e-01 1.791193e-01 1.273125e-01 -3.831577e-02 -3.593118e-01 -7.099489e-01 -1.001739e+00 -1.200716e+00 -1.274621e+00 -1.012818e+00 -6.411189e-01 -3.362790e-01 -4.737002e-04
<VARIANCE> 25
 1.227534e+01 6.214964e+00 1.228340e+01 1.234735e+01 1.351444e+01 1.899435e+01 1.654756e+01 1.733164e+01 1.485984e+01 1.572959e+01 1.880247e+01 1.335142e+01 2.046435e-01 2.859488e-01 4.479633e-01 6.063913e-01 7.443932e-01 8.397580e-01 8.757093e-01 9.309602e-01 9.112989e-01 1.004007e+00 1.102262e+00 1.051447e+00 4.151645e-05
<GCONST> 6.264309e+01
<MIXTURE> 96 7.034694e-03
<MEAN> 25
 -4.884373e+00 -5.425698e-01 -2.177054e+00 5.069747e+00 3.859719e+00 1.910614e+00 3.525641e+00 1.819380e+00 2.592448e+00 8.794804e-01 1.053846e+00 2.809437e+00 -8.814134e-03 1.039198e-01 2.257605e-01 4.137186e-01 5.283681e-01 4.849226e-01 2.346460e-01 -1.346480e-01 -4.796788e-01 -6.638623e-01 -6.378233e-01 -3.557859e-01 4.647471e-05
<VARIANCE> 25
 1.224160e+01 9.718099e+00 1.268215e+01 1.418648e+01 1.460610e+01 1.946261e+01 1.758345e+01 1.877362e+01 1.816515e+01 1.631755e+01 1.951700e+01 1.415776e+01 1.319392e-01 2.209386e-01 3.130658e-01 3.888758e-01 4.846930e-01 6.499600e-01 8.479359e-01 9.709430e-01 9.392068e-01 8.451411e-01 8.913435e-01 9.191840e-01 1.104419e-06
<GCONST> 5.754377e+01
<MIXTURE> 97 7.034694e-03
<MEAN> 25
 -4.884373e+00 -5.425698e-01 -2.177054e+00 5.069747e+00 3.859719e+00 1.910614e+00 3.525641e+00 1.819380e+00 2.592448e+00 8.794804e-01 1.053846e+00 2.809437e+00 -8.814134e-03 1.039198e-01 2.257605e-01 4.137186e-01 5.283681e-01 4.849226e-01 2.346460e-01 -1.346480e-01 -4.796788e-01 -6.638623e-01 -6.378233e-01 -3.557859e-01 4.647471e-05
<VARIANCE> 25
 1.224160e+01 9.718099e+00 1.268215e+01 1.418648e+01 1.460610e+01 1.946261e+01 1.758345e+01 1.877362e+01 1.816515e+01 1.631755e+01 1.951700e+01 1.415776e+01 1.319392e-01 2.209386e-01 3.130658e-01 3.888758e-01 4.846930e-01 6.499600e-01 8.479359e-01 9.709430e-01 9.392068e-01 8.451411e-01 8.913435e-01 9.191840e-01 1.104419e-06
<GCONST> 5.754377e+01
<MIXTURE> 98 9.917808e-03
<MEAN> 25
 -1.196728e+00 1.734565e+00 -2.243001e-01 3.179658e+00 3.380509e+00 1.419456e+00 2.159888e+00 2.122255e-01 2.816195e+00 1.270008e-01 3.258168e-01 1.263251e+00 -1.516591e+00 -1.304084e+00 -1.003320e+00 -3.177226e-01 7.435671e-01 1.035418e+00 1.418960e+00 1.337468e+00 1.970063e+00 6.945049e-01 8.957676e-01 1.041583e+00 -2.883449e-02
<VARIANCE> 25
 1.355948e+01 2.219118e+01 2.614015e+01 3.359085e+01 3.300251e+01 3.437356e+01 2.860322e+01 2.573595e+01 2.837854e+01 2.615649e+01 2.062503e+01 2.188552e+01 1.294855e+00 1.351605e+00 1.696766e+00 2.645135e+00 2.018389e+00 2.861796e+00 2.357263e+00 2.920501e+00 2.118360e+00 2.382377e+00 2.489052e+00 1.763734e+00 2.280575e-03
<GCONST> 8.754766e+01
<MIXTURE> 99 6.696178e-03
<MEAN> 25
 -6.554994e+00 9.862673e+00 5.976042e+00 3.568685e+00 7.183713e-01 -5.033719e+00 -1.573280e+00 -4.291354e+00 -3.108538e+00 -3.628063e+00 -1.777409e+00 4.783334e-01 5.505426e-01 -7.305908e-01 2.903288e-01 -3.519791e-01 -1.080781e+00 -5.764484e-01 -2.638816e-01 -1.557306e-01 -9.986723e-02 -7.631939e-02 3.517213e-01 2.578744e-01 9.250449e-03
<VARIANCE> 25
 3.967670e+01 2.578798e+01 5.423527e+01 2.971127e+01 3.482376e+01 3.451942e+01 2.741329e+01 2.802728e+01 2.711766e+01 2.642959e+01 1.961308e+01 2.734425e+01 2.098250e+00 1.904091e+00 1.380406e+00 1.666160e+00 2.583829e+00 2.130020e+00 1.669957e+00 1.812766e+00 1.637762e+00 1.538593e+00 1.450583e+00 1.354190e+00 1.592421e-03
<GCONST> 8.704580e+01
<MIXTURE> 100 4.498084e-03
<MEAN> 25
 -1.669007e+00 6.328692e+00 1.019518e+01 -7.309971e+00 -1.056313e+01 -4.902859e+00 -4.869273e+00 -9.853686e+00 -4.785010e+00 -9.431568e-01 -2.656087e+00 -2.655374e+00 2.920157e+00 -1.224006e+00 1.292170e+00 -2.059077e+00 -3.392031e+00 -8.062757e-01 -1.288891e+00 -8.286605e-01 -1.561193e+00 3.698362e-01 -1.591816e+00 -3.160962e-01 1.960382e-03
<VARIANCE> 25
 1.339599e+01 2.039673e+01 2.193795e+01 2.630173e+01 2.384577e+01 2.589036e+01 2.882896e+01 2.167804e+01 2.676642e+01 2.228533e+01 2.191413e+01 2.073813e+01 1.778323e+00 3.865689e+00 2.829785e+00 4.610255e+00 4.166216e+00 4.408379e+00 4.078519e+00 4.310290e+00 4.245951e+00 3.786819e+00 3.904348e+00 3.156779e+00 1.627739e-03
<GCONST> 9.243057e+01
<MIXTURE> 101 6.007792e-03
<MEAN> 25
 7.486290e+00 -3.019918e+00 -6.772713e+00 -6.306262e+00 1.759704e+00 -1.727875e+00 -9.720428e+00 -4.128771e-01 1.011848e+00 2.600265e+00 -2.062523e+00 -5.714651e+00 6.256706e-01 6.236856e-01 -1.288883e+00 -1.498182e+00 1.010455e+00 2.064749e+00 2.615062e-01 -1.542895e+00 -1.329059e+00 1.095322e+00 1.497062e+00 -4.515344e-01 -6.051830e-03
<VARIANCE> 25
 9.159250e+00 1.485442e+01 2.589583e+01 3.686950e+01 3.390115e+01 3.046428e+01 3.500286e+01 4.215453e+01 3.628907e+01 3.756990e+01 4.510394e+01 2.398248e+01 2.696423e-01 5.641187e-01 1.240047e+00 1.336805e+00 1.559392e+00 2.379458e+00 1.860685e+00 1.737972e+00 2.259360e+00 1.893690e+00 1.547372e+00 2.238736e+00 3.315000e-04
<GCONST> 8.195354e+01
<MIXTURE> 102 6.007792e-03
<MEAN> 25
 7.486290e+00 -3.019918e+00 -6.772713e+00 -6.306262e+00 1.759704e+00 -1.727875e+00 -9.720428e+00 -4.128771e-01 1.011848e+00 2.600265e+00 -2.062523e+00 -5.714651e+00 6.256706e-01 6.236856e-01 -1.288883e+00 -1.498182e+00 1.010455e+00 2.064749e+00 2.615062e-01 -1.542895e+00 -1.329059e+00 1.095322e+00 1.497062e+00 -4.515344e-01 -6.051830e-03
<VARIANCE> 25
 9.159250e+00 1.485442e+01 2.589583e+01 3.686950e+01 3.390115e+01 3.046428e+01 3.500286e+01 4.215453e+01 3.628907e+01 3.756990e+01 4.510394e+01 2.398248e+01 2.696423e-01 5.641187e-01 1.240047e+00 1.336805e+00 1.559392e+00 2.379458e+00 1.860685e+00 1.737972e+00 2.259360e+00 1.893690e+00 1.547372e+00 2.238736e+00 3.315000e-04
<GCONST> 8.195354e+01
<MIXTURE> 103 5.694618e-03
<MEAN> 25
 3.368822e+00 -9.426005e+00 -6.088991e+00 -3.085391e+00 -1.312490e+00 -1.928079e+00 2.389180e+00 2.548937e+00 -4.566108e+00 -9.182673e+00 -5.052138e+00 3.571774e-01 -1.611207e-01 -1.471024e+00 -9.772745e-01 3.692330e-01 1.194866e+00 1.016782e+00 1.606597e-01 -2.514303e-01 -7.886565e-01 -9.476898e-01 -3.207359e-02 1.102908e-01 2.680681e-02
<VARIANCE> 25
 1.037909e+01 2.045624e+01 2.304887e+01 3.172056e+01 4.792236e+01 3.504053e+01 4.702253e+01 3.690044e+01 4.199442e+01 2.969626e+01 3.001286e+01 2.641965e+01 6.467094e-01 1.274409e+00 1.525688e+00 1.931788e+00 2.955819e+00 2.397794e+00 2.876749e+00 2.598011e+00 2.567337e+00 2.516643e+00 2.105327e+00 2.019801e+00 8.042808e-04
<GCONST> 8.763377e+01
<MIXTURE> 104 5.694618e-03
<MEAN> 25
 3.368822e+00 -9.426005e+00 -6.088991e+00 -3.085391e+00 -1.312490e+00 -1.928079e+00 2.389180e+00 2.548937e+00 -4.566108e+00 -9.182673e+00 -5.052138e+00 3.571774e-01 -1.611207e-01 -1.471024e+00 -9.772745e-01 3.692330e-01 1.194866e+00 1.016782e+00 1.606597e-01 -2.514303e-01 -7.886565e-01 -9.476898e-01 -3.207359e-02 1.102908e-01 2.680681e-02
<VARIANCE> 25
 1.037909e+01 2.045624e+01 2.304887e+01 3.172056e+01 4.792236e+01 3.504053e+01 4.702253e+01 3.690044e+01 4.199442e+01 2.969626e+01 3.001286e+01 2.641965e+01 6.467094e-01 1.274409e+00 1.525688e+00 1.931788e+00 2.955819e+00 2.397794e+00 2.876749e+00 2.598011e+00 2.567337e+00 2.516643e+00 2.105327e+00 2.019801e+00 8.042808e-04
<GCONST> 8.763377e+01
<MIXTURE> 105 4.710235e-03
<MEAN> 25
 2.018648e+00 -1.018474e+00 9.055352e+00 -1.938727e+00 -1.060778e+01 -4.788763e+00 -3.523110e+00 1.841820e-01 -4.433345e+00 -2.491499e+00 1.754021e+00 -9.007243e-01 3.827942e-02 -1.612251e-02 8.041153e-02 -3.532157e-02 1.072191e-01 -3.945798e-02 2.445055e-02 1.890958e-01 2.650545e-02 7.462398e-03 9.133499e-02 -4.099376e-02 -2.377225e-03
<VARIANCE> 25
 1.107103e+01 2.442730e+01 3.650232e+01 3.894803e+01 3.509734e+01 4.751397e+01 3.683827e+01 4.093924e+01 3.621931e+01 3.652169e+01 3.528392e+01 2.753866e+01 9.341116e-02 1.801754e-01 3.705192e-01 2.562730e-01 3.746718e-01 4.656129e-01 4.975824e-01 6.727539e-01 4.581817e-01 3.924493e-01 4.325451e-01 3.959919e-01 9.034034e-05
<GCONST> 6.553926e+01
<MIXTURE> 106 4.710235e-03
<MEAN> 25
 2.018648e+00 -1.018474e+00 9.055352e+00 -1.938727e+00 -1.060778e+01 -4.788763e+00 -3.523110e+00 1.841820e-01 -4.433345e+00 -2.491499e+00 1.754021e+00 -9.007243e-01 3.827942e-02 -1.612251e-02 8.041153e-02 -3.532157e-02 1.072191e-01 -3.945798e-02 2.445055e-02 1.890958e-01 2.650545e-02 7.462398e-03 9.133499e-02 -4.099376e-02 -2.377225e-03
<VARIANCE> 25
 1.107103e+01 2.442730e+01 3.650232e+01 3.894803e+01 3.509734e+01 4.751397e+01 3.683827e+01 4.093924e+01 3.621931e+01 3.652169e+01 3.528392e+01 2.753866e+01 9.341116e-02 1.801754e-01 3.705192e-01 2.562730e-01 3.746718e-01 4.656129e-01 4.975824e-01 6.727539e-01 4.581817e-01 3.924493e-01 4.325451e-01 3.959919e-01 9.034034e-05
<GCONST> 6.553926e+01
<MIXTURE> 107 5.452374e-03
<MEAN> 25
 8.500056e+00 -2.272236e+00 -7.960382e+00 -9.327211e+00 2.074896e+00 3.074922e+00 -8.352294e+00 -4.516276e+00 -9.014902e-01 3.396702e+00 9.768465e-01 -4.997854e+00 -6.045711e-01 -7.408961e-01 8.379229e-01 1.750746e+00 2.530139e-01 -1.933271e+00 -9.049466e-01 7.880895e-01 1.776484e+00 2.112993e-02 -1.614704e+00 -7.863455e-01 -2.728624e-03
<VARIANCE> 25
 9.533214e+00 2.000268e+01 2.798487e+01 4.361144e+01 3.510282e+01 3.797172e+01 5.261138e+01 3.586601e+01 4.478446e+01 4.080834e+01 5.136588e+01 3.044551e+01 3.519437e-01 9.789342e-01 1.430171e+00 2.390886e+00 2.244517e+00 2.988469e+00 2.632766e+00 2.581257e+00 2.252563e+00 2.972477e+00 1.959935e+00 2.208256e+00 7.071242e-04
<GCONST> 8.800379e+01
<MIXTURE> 108 5.452374e-03
<MEAN> 25
 8.500056e+00 -2.272236e+00 -7.960382e+00 -9.327211e+00 2.074896e+00 3.074922e+00 -8.352294e+00 -4.516276e+00 -9.014902e-01 3.396702e+00 9.768465e-01 -4.997854e+00 -6.045711e-01 -7.408961e-01 8.379229e-01 1.750746e+00 2.530139e-01 -1.933271e+00 -9.049466e-01 7.880895e-01 1.776484e+00 2.112993e-02 -1.614704e+00 -7.863455e-01 -2.728624e-03
<VARIANCE> 25
 9.533214e+00 2.000268e+01 2.798487e+01 4.361144e+01 3.510282e+01 3.797172e+01 5.261138e+01 3.586601e+01 4.478446e+01 4.080834e+01 5.136588e+01 3.044551e+01 3.519437e-01 9.789342e-01 1.430171e+00 2.390886e+00 2.244517e+00 2.988469e+00 2.632766e+00 2.581257e+00 2.252563e+00 2.972477e+00 1.959935e+00 2.208256e+00 7.071242e-04
<GCONST> 8.800379e+01
<MIXTURE> 109 6.661064e-03
<MEAN> 25
 4.020629e+00 -1.028581e+01 -8.151041e+00 -1.481217e+00 2.699731e+00 2.040335e-02 -4.811937e-02 1.558579e+00 -2.348730e+00 -8.088463e+00 -5.234156e+00 7.221290e-02 -1.171477e-02 -1.260266e-01 -5.629765e-02 2.517839e-01 2.029816e-01 1.288474e-01 -1.227002e-01 -1.298288e-01 -3.688269e-02 -1.549900e-01 2.099351e-01 1.253994e-02 -3.488912e-03
<VARIANCE> 25
 9.093681e+00 1.959514e+01 2.014497e+01 3.129495e+01 3.998224e+01 3.638023e+01 4.629918e+01 3.438328e+01 4.630116e+01 3.673002e+01 2.963292e+01 2.805091e+01 2.096894e-01 4.127397e-01 5.418712e-01 6.320439e-01 1.253941e+00 9.910941e-01 1.230216e+00 1.091021e+00 1.111158e+00 9.772404e-01 8.901324e-01 8.862022e-01 1.787573e-04
<GCONST> 7.460178e+01
<MIXTURE> 110 6.661064e-03
<MEAN> 25
 4.020629e+00 -1.028581e+01 -8.151041e+00 -1.481217e+00 2.699731e+00 2.040335e-02 -4.811937e-02 1.558579e+00 -2.348730e+00 -8.088463e+00 -5.234156e+00 7.221290e-02 -1.171477e-02 -1.260266e-01 -5.629765e-02 2.517839e-01 2.029816e-01 1.288474e-01 -1.227002e-01 -1.298288e-01 -3.688269e-02 -1.549900e-01 2.099351e-01 1.253994e-02 -3.488912e-03
<VARIANCE> 25
 9.093681e+00 1.959514e+01 2.014497e+01 3.129495e+01 3.998224e+01 3.638023e+01 4.629918e+01 3.438328e+01 4.630116e+01 3.673002e+01 2.963292e+01 2.805091e+01 2.096894e-01 4.127397e-01 5.418712e-01 6.320439e-01 1.253941e+00 9.910941e-01 1.230216e+00 1.091021e+00 1.111158e+00 9.772404e-01 8.901324e-01 8.862022e-01 1.787573e-04
<GCONST> 7.460178e+01
<MIXTURE> 111 4.337247e-03
<MEAN> 25
 -3.748258e+00 -9.545643e-01 -1.398600e+00 1.609263e+00 6.690650e-01 1.338649e+00 3.855146e-01 1.726703e-01 5.670049e-01 -6.889703e-01 -8.108633e-01 1.493858e+00 1.879215e-02 -5.500653e-02 -7.265587e-02 -4.091550e-02 -4.127428e-02 -3.668600e-02 -1.299478e-02 -2.855132e-02 -1.259302e-01 -1.398166e-01 -2.385571e-01 -1.832062e-01 -2.125606e-04
<VARIANCE> 25
 9.562246e+00 4.489699e+00 9.792195e+00 8.476715e+00 1.267105e+01 2.353470e+01 1.448070e+01 1.362201e+01 1.284529e+01 1.119357e+01 1.291103e+01 1.238162e+01 9.047360e-02 1.619864e-01 2.644021e-01 3.943229e-01 5.373081e-01 7.080890e-01 7.187812e-01 8.434414e-01 8.354547e-01 8.436399e-01 9.542067e-01 8.029130e-01 2.644800e-05
<GCONST> 5.604320e+01
<MIXTURE> 112 4.337247e-03
<MEAN> 25
 -3.748258e+00 -9.545643e-01 -1.398600e+00 1.609263e+00 6.690650e-01 1.338649e+00 3.855146e-01 1.726703e-01 5.670049e-01 -6.889703e-01 -8.108633e-01 1.493858e+00 1.879215e-02 -5.500653e-02 -7.265587e-02 -4.091550e-02 -4.127428e-02 -3.668600e-02 -1.299478e-02 -2.855132e-02 -1.259302e-01 -1.398166e-01 -2.385571e-01 -1.832062e-01 -2.125606e-04
<VARIANCE> 25
 9.562246e+00 4.489699e+00 9.792195e+00 8.476715e+00 1.267105e+01 2.353470e+01 1.448070e+01 1.362201e+01 1.284529e+01 1.119357e+01 1.291103e+01 1.238162e+01 9.047360e-02 1.619864e-01 2.644021e-01 3.943229e-01 5.373081e-01 7.080890e-01 7.187812e-01 8.434414e-01 8.354547e-01 8.436399e-01 9.542067e-01 8.029130e-01 2.644800e-05
<GCONST> 5.604320e+01
<MIXTURE> 113 5.938666e-03
<MEAN> 25
 9.956577e+00 1.728686e+00 -8.771645e+00 -1.697918e+01 -1.030112e+00 5.644911e+00 -5.245204e+00 -1.467960e+00 -5.722702e+00 -4.470072e-01 3.497187e-01 -2.428911e-01 5.780552e-03 1.149386e-02 -6.189425e-02 -1.151831e-01 1.067317e-01 1.557355e-01 6.615698e-02 3.462848e-02 -5.305426e-02 -5.270854e-02 1.761925e-01 3.850001e-02 -1.347743e-03
<VARIANCE> 25
 8.920447e+00 1.644021e+01 2.954754e+01 3.491511e+01 5.247386e+01 3.374139e+01 3.975351e+01 3.896217e+01 3.739294e+01 4.659747e+01 3.662349e+01 2.875340e+01 1.219082e-01 3.228748e-01 3.174853e-01 6.292001e-01 6.126394e-01 6.564109e-01 7.837159e-01 8.424817e-01 9.592364e-01 9.033901e-01 7.256926e-01 7.136472e-01 1.254439e-04
<GCONST> 7.116422e+01
<MIXTURE> 114 5.938666e-03
<MEAN> 25
 9.956577e+00 1.728686e+00 -8.771645e+00 -1.697918e+01 -1.030112e+00 5.644911e+00 -5.245204e+00 -1.467960e+00 -5.722702e+00 -4.470072e-01 3.497187e-01 -2.428911e-01 5.780552e-03 1.149386e-02 -6.189425e-02 -1.151831e-01 1.067317e-01 1.557355e-01 6.615698e-02 3.462848e-02 -5.305426e-02 -5.270854e-02 1.761925e-01 3.850001e-02 -1.347743e-03
<VARIANCE> 25
 8.920447e+00 1.644021e+01 2.954754e+01 3.491511e+01 5.247386e+01 3.374139e+01 3.975351e+01 3.896217e+01 3.739294e+01 4.659747e+01 3.662349e+01 2.875340e+01 1.219082e-01 3.228748e-01 3.174853e-01 6.292001e-01 6.126394e-01 6.564109e-01 7.837159e-01 8.424817e-01 9.592364e-01 9.033901e-01 7.256926e-01 7.136472e-01 1.254439e-04
<GCONST> 7.116422e+01
<MIXTURE> 115 2.935202e-03
<MEAN> 25
 -4.025680e+00 -7.548481e-01 -3.105398e+00 3.655293e+00 2.414633e+00 -4.220162e-01 2.235667e+00 4.145043e-01 1.393618e+00 -2.119315e-02 3.844403e-02 2.686975e+00 3.222784e-02 -7.146024e-02 -2.299936e-01 -4.376971e-01 -6.327462e-01 -6.698105e-01 -5.917779e-01 -5.094312e-01 -4.871860e-01 -4.572198e-01 -3.449064e-01 -1.647614e-01 -1.192626e-06
<VARIANCE> 25
 9.297323e+00 9.882181e+00 1.352939e+01 1.269620e+01 1.347755e+01 1.758312e+01 1.706944e+01 2.079206e+01 1.794748e+01 1.720048e+01 1.918308e+01 1.465347e+01 2.040041e-01 3.458201e-01 4.857718e-01 5.622383e-01 6.341535e-01 7.976351e-01 1.007291e+00 1.129851e+00 1.074489e+00 9.938294e-01 1.026190e+00 1.063895e+00 1.003516e-06
<GCONST> 6.016440e+01
<MIXTURE> 116 2.935202e-03
<MEAN> 25
 -4.025680e+00 -7.548481e-01 -3.105398e+00 3.655293e+00 2.414633e+00 -4.220162e-01 2.235667e+00 4.145043e-01 1.393618e+00 -2.119315e-02 3.844403e-02 2.686975e+00 3.222784e-02 -7.146024e-02 -2.299936e-01 -4.376971e-01 -6.327462e-01 -6.698105e-01 -5.917779e-01 -5.094312e-01 -4.871860e-01 -4.572198e-01 -3.449064e-01 -1.647614e-01 -1.192626e-06
<VARIANCE> 25
 9.297323e+00 9.882181e+00 1.352939e+01 1.269620e+01 1.347755e+01 1.758312e+01 1.706944e+01 2.079206e+01 1.794748e+01 1.720048e+01 1.918308e+01 1.465347e+01 2.040041e-01 3.458201e-01 4.857718e-01 5.622383e-01 6.341535e-01 7.976351e-01 1.007291e+00 1.129851e+00 1.074489e+00 9.938294e-01 1.026190e+00 1.063895e+00 1.003516e-06
<GCONST> 6.016440e+01
<MIXTURE> 117 6.506003e-03
<MEAN> 25
 -4.644592e+00 1.117793e+00 1.054499e+00 9.758447e+00 6.260121e+00 6.256477e+00 6.463082e+00 5.044496e+00 6.385674e+00 4.929173e+00 6.367208e+00 2.709929e+00 -7.503008e-02 -2.341336e-01 -3.583474e-01 -4.199596e-01 -3.675186e-01 -3.027199e-01 -2.873273e-01 -3.314594e-01 -3.917833e-01 -3.689738e-01 -2.631080e-01 -1.159785e-01 -9.052962e-06
<VARIANCE> 25
 7.187259e+00 8.753097e+00 9.809425e+00 1.430823e+01 1.561781e+01 1.534934e+01 1.772638e+01 1.796108e+01 1.640261e+01 1.637152e+01 1.674076e+01 1.475332e+01 2.166086e-01 3.075042e-01 4.261350e-01 6.171185e-01 8.536685e-01 1.055364e+00 1.177562e+00 1.232911e+00 1.223976e+00 1.194855e+00 1.167213e+00 1.113683e+00 1.000000e-06
<GCONST> 6.042865e+01
<MIXTURE> 118 6.506003e-03
<MEAN> 25
 -4.644592e+00 1.117793e+00 1.054499e+00 9.758447e+00 6.260121e+00 6.256477e+00 6.463082e+00 5.044496e+00 6.385674e+00 4.929173e+00 6.367208e+00 2.709929e+00 -7.503008e-02 -2.341336e-01 -3.583474e-01 -4.199596e-01 -3.675186e-01 -3.027199e-01 -2.873273e-01 -3.314594e-01 -3.917833e-01 -3.689738e-01 -2.631080e-01 -1.159785e-01 -9.052962e-06
<VARIANCE> 25
 7.187259e+00 8.753097e+00 9.809425e+00 1.430823e+01 1.561781e+01 1.534934e+01 1.772638e+01 1.796108e+01 1.640261e+01 1.637152e+01 1.674076e+01 1.475332e+01 2.166086e-01 3.075042e-01 4.261350e-01 6.171185e-01 8.536685e-01 1.055364e+00 1.177562e+00 1.232911e+00 1.223976e+00 1.194855e+00 1.167213e+00 1.113683e+00 1.000000e-06
<GCONST> 6.042865e+01
<MIXTURE> 119 4.297961e-03
<MEAN> 25
 -4.912932e+00 -7.621149e+00 2.099565e+00 1.856188e+00 2.346946e+00 2.570309e-01 5.338410e+00 5.786154e+00 1.213445e+00 1.027470e+00 6.576602e+00 1.446386e+00 -5.147504e-02 -8.772385e-02 2.798438e-02 -6.305375e-02 -1.375549e-01 -1.793097e-01 -7.635643e-02 -1.751607e-02 -9.680739e-02 -1.406089e-01 -6.486744e-02 -6.588709e-02 1.053678e-03
<VARIANCE> 25
 8.629704e+00 9.788499e+00 1.751774e+01 2.158662e+01 2.350953e+01 2.304113e+01 2.506240e+01 2.787487e+01 2.496273e+01 2.807553e+01 2.036705e+01 2.106696e+01 1.623300e-01 2.854418e-01 4.581301e-01 6.291630e-01 8.029047e-01 9.947685e-01 1.097539e+00 1.261461e+00 1.269813e+00 1.289117e+00 1.189941e+00 1.115538e+00 2.286876e-04
<GCONST> 6.995400e+01
<MIXTURE> 120 4.297961e-03
<MEAN> 25
 -4.912932e+00 -7.621149e+00 2.099565e+00 1.856188e+00 2.346946e+00 2.570309e-01 5.338410e+00 5.786154e+00 1.213445e+00 1.027470e+00 6.576602e+00 1.446386e+00 -5.147504e-02 -8.772385e-02 2.798438e-02 -6.305375e-02 -1.375549e-01 -1.793097e-01 -7.635643e-02 -1.751607e-02 -9.680739e-02 -1.406089e-01 -6.486744e-02 -6.588709e-02 1.053678e-03
<VARIANCE> 25
 8.629704e+00 9.788499e+00 1.751774e+01 2.158662e+01 2.350953e+01 2.304113e+01 2.506240e+01 2.787487e+01 2.496273e+01 2.807553e+01 2.036705e+01 2.106696e+01 1.623300e-01 2.854418e-01 4.581301e-01 6.291630e-01 8.029047e-01 9.947685e-01 1.097539e+00 1.261461e+00 1.269813e+00 1.289117e+00 1.189941e+00 1.115538e+00 2.286876e-04
<GCONST> 6.995400e+01
<MIXTURE> 121 4.567511e-03
<MEAN> 25
 2.080054e-01 -2.520700e+00 5.154546e+00 -1.289168e+01 -1.264226e+01 -1.664943e+00 9.982103e-01 -5.103122e+00 -4.201147e+00 -4.882031e-01 -5.502986e+00 -4.310693e+00 2.431093e-02 1.323898e-01 -4.192750e-02 7.982934e-02 1.587778e-01 7.928962e-02 -7.906251e-02 -1.832965e-01 -2.679348e-01 -2.580731e-01 -1.143966e-01 8.501004e-04 -7.446081e-03
<VARIANCE> 25
 7.727299e+00 1.560893e+01 1.727180e+01 2.051402e+01 2.442147e+01 2.923930e+01 2.952060e+01 2.459321e+01 3.528418e+01 2.832283e+01 1.976548e+01 2.117797e+01 1.549913e-01 6.426424e-01 6.229305e-01 7.044718e-01 7.701814e-01 1.150530e+00 1.117550e+00 1.120702e+00 1.217099e+00 1.192285e+00 9.411489e-01 8.715106e-01 2.109300e-04
<GCONST> 7.139643e+01
<MIXTURE> 122 4.567511e-03
<MEAN> 25
 2.080054e-01 -2.520700e+00 5.154546e+00 -1.289168e+01 -1.264226e+01 -1.664943e+00 9.982103e-01 -5.103122e+00 -4.201147e+00 -4.882031e-01 -5.502986e+00 -4.310693e+00 2.431093e-02 1.323898e-01 -4.192750e-02 7.982934e-02 1.587778e-01 7.928962e-02 -7.906251e-02 -1.832965e-01 -2.679348e-01 -2.580731e-01 -1.143966e-01 8.501004e-04 -7.446081e-03
<VARIANCE> 25
 7.727299e+00 1.560893e+01 1.727180e+01 2.051402e+01 2.442147e+01 2.923930e+01 2.952060e+01 2.459321e+01 3.528418e+01 2.832283e+01 1.976548e+01 2.117797e+01 1.549913e-01 6.426424e-01 6.229305e-01 7.044718e-01 7.701814e-01 1.150530e+00 1.117550e+00 1.120702e+00 1.217099e+00 1.192285e+00 9.411489e-01 8.715106e-01 2.109300e-04
<GCONST> 7.139643e+01
<MIXTURE> 123 4.393044e-03
<MEAN> 25
 -3.126565e+00 6.483688e-01 5.672243e-01 4.557374e+00 4.012939e+00 4.702567e+00 3.148707e+00 -6.321579e-01 2.067097e+00 -1.545243e+00 -8.498316e-01 3.000049e-01 -4.751216e-01 -8.186919e-01 -1.026650e+00 -7.438486e-01 -6.729253e-02 -2.886796e-02 3.585121e-01 4.906911e-01 7.095850e-01 5.850312e-01 5.830125e-01 5.123015e-01 -4.294981e-03
<VARIANCE> 25
 1.000889e+01 8.175164e+00 1.311633e+01 1.896646e+01 2.131217e+01 2.375570e+01 1.842231e+01 1.611362e+01 2.156996e+01 1.672269e+01 1.735697e+01 1.607187e+01 3.236284e-01 2.947458e-01 4.621288e-01 6.685864e-01 8.401793e-01 9.850826e-01 1.457080e+00 1.147344e+00 9.789579e-01 1.127929e+00 1.033964e+00 1.275500e+00 1.122447e-04
<GCONST> 6.738893e+01
<MIXTURE> 124 4.069876e-03
<MEAN> 25
 -6.528129e+00 -1.221541e+00 -2.906763e+00 5.075051e+00 4.949587e+00 3.418767e+00 5.386712e+00 2.530989e+00 3.234876e+00 1.260058e+00 1.118467e+00 3.031693e+00 -2.002124e-01 -3.217304e-01 -3.623390e-01 -2.168804e-01 1.290800e-01 5.128134e-01 8.043728e-01 8.645184e-01 6.515096e-01 3.269687e-01 6.485877e-02 -2.785607e-02 1.154816e-05
<VARIANCE> 25
 1.118249e+01 6.963489e+00 1.112804e+01 1.253205e+01 1.213096e+01 1.984933e+01 1.543666e+01 1.718943e+01 1.567042e+01 1.605546e+01 1.911689e+01 1.438978e+01 1.083702e-01 1.677973e-01 2.689941e-01 4.155307e-01 5.898743e-01 7.108913e-01 7.504061e-01 8.154270e-01 9.056320e-01 9.758098e-01 1.015498e+00 9.900270e-01 1.808194e-05
<GCONST> 5.885203e+01
<MIXTURE> 125 4.069876e-03
<MEAN> 25
 -6.528129e+00 -1.221541e+00 -2.906763e+00 5.075051e+00 4.949587e+00 3.418767e+00 5.386712e+00 2.530989e+00 3.234876e+00 1.260058e+00 1.118467e+00 3.031693e+00 -2.002124e-01 -3.217304e-01 -3.623390e-01 -2.168804e-01 1.290800e-01 5.128134e-01 8.043728e-01 8.645184e-01 6.515096e-01 3.269687e-01 6.485877e-02 -2.785607e-02 1.154816e-05
<VARIANCE> 25
 1.118249e+01 6.963489e+00 1.112804e+01 1.253205e+01 1.213096e+01 1.984933e+01 1.543666e+01 1.718943e+01 1.567042e+01 1.605546e+01 1.911689e+01 1.438978e+01 1.083702e-01 1.677973e-01 2.689941e-01 4.155307e-01 5.898743e-01 7.108913e-01 7.504061e-01 8.154270e-01 9.056320e-01 9.758098e-01 1.015498e+00 9.900270e-01 1.808194e-05
<GCONST> 5.885203e+01
<MIXTURE> 126 2.402244e-03
<MEAN> 25
 -3.750741e+00 -6.883847e+00 -5.248178e+00 2.282440e+00 4.245408e+00 -3.167829e+00 1.063796e-01 3.544820e+00 3.387033e+00 -2.669955e+00 -1.439985e+00 3.028703e+00 5.994090e-04 -9.663701e-03 -3.572928e-02 -1.548531e-01 -3.177865e-01 -3.880193e-01 -2.666242e-01 -1.564316e-01 -1.142258e-01 -1.140743e-01 -9.455048e-02 -2.986644e-02 -1.501175e-03
<VARIANCE> 25
 7.605136e+00 1.282639e+01 1.388273e+01 1.526693e+01 2.464456e+01 2.417529e+01 2.287240e+01 2.851628e+01 3.140780e+01 2.612238e+01 2.168696e+01 1.924883e+01 1.738907e-01 3.541024e-01 4.883004e-01 5.643145e-01 7.512568e-01 9.956526e-01 1.120566e+00 1.265904e+00 1.319178e+00 1.306493e+00 1.217351e+00 1.146611e+00 2.098980e-04
<GCONST> 6.988963e+01
<MIXTURE> 127 2.402244e-03
<MEAN> 25
 -3.750741e+00 -6.883847e+00 -5.248178e+00 2.282440e+00 4.245408e+00 -3.167829e+00 1.063796e-01 3.544820e+00 3.387033e+00 -2.669955e+00 -1.439985e+00 3.028703e+00 5.994090e-04 -9.663701e-03 -3.572928e-02 -1.548531e-01 -3.177865e-01 -3.880193e-01 -2.666242e-01 -1.564316e-01 -1.142258e-01 -1.140743e-01 -9.455048e-02 -2.986644e-02 -1.501175e-03
<VARIANCE> 25
 7.605136e+00 1.282639e+01 1.388273e+01 1.526693e+01 2.464456e+01 2.417529e+01 2.287240e+01 2.851628e+01 3.140780e+01 2.612238e+01 2.168696e+01 1.924883e+01 1.738907e-01 3.541024e-01 4.883004e-01 5.643145e-01 7.512568e-01 9.956526e-01 1.120566e+00 1.265904e+00 1.319178e+00 1.306493e+00 1.217351e+00 1.146611e+00 2.098980e-04
<GCONST> 6.988963e+01
<MIXTURE> 128 3.790457e-03
<MEAN> 25
 -3.919956e+00 1.535427e+00 -3.503138e-01 6.544694e+00 3.635514e+00 1.865130e+00 3.590471e+00 2.357363e+00 3.959304e+00 3.694357e+00 3.773374e+00 3.494163e+00 -3.972727e-01 -1.969044e-01 9.749779e-02 7.188531e-01 1.184828e+00 1.131962e+00 7.258263e-01 1.335620e-01 -4.390977e-01 -7.896991e-01 -7.053872e-01 -3.899668e-01 -3.578830e-05
<VARIANCE> 25
 1.025026e+01 1.168924e+01 1.500155e+01 1.965219e+01 2.009109e+01 2.114875e+01 2.431592e+01 2.469790e+01 2.635873e+01 2.383304e+01 2.674027e+01 1.858559e+01 8.912681e-01 1.143875e+00 1.363223e+00 1.525766e+00 1.576805e+00 1.864201e+00 2.270955e+00 2.322561e+00 2.142777e+00 1.854120e+00 1.743755e+00 1.750576e+00 9.981442e-07
<GCONST> 7.369125e+01
<TRANSP> 3
 0.000000e+00 1.000000e+00 0.000000e+00
 0.000000e+00 9.999990e-01 9.999998e-07
 0.000000e+00 0.000000e+00 0.000000e+00
<ENDHMM>
