~o
<STREAMINFO> 1 25
<VECSIZE> 25<NULLD><MFCC_E_D_N><DIAGC>
~h "jmodel"
<BEGINHMM>
<NUMSTATES> 3
<STATE> 2
<NUMMIXES> 128
<MIXTURE> 1 5.748963e-03
<MEAN> 25
 -2.545076e+00 3.168268e+00 2.267101e+00 8.641243e+00 4.296091e+00 3.452998e+00 4.004201e+00 3.878370e+00 5.749630e+00 5.162974e+00 5.810990e+00 3.059920e+00 -1.966967e+00 -1.612286e+00 -8.500094e-01 1.073869e+00 1.550354e+00 2.206421e+00 2.135468e+00 2.074003e+00 1.667032e+00 1.249223e+00 1.553535e+00 6.057265e-01 -4.593015e-02
<VARIANCE> 25
 1.003329e+01 1.168605e+01 1.493277e+01 1.916904e+01 2.323311e+01 2.208984e+01 2.182739e+01 2.180966e+01 2.123826e+01 2.258621e+01 2.101376e+01 1.695495e+01 1.850843e+00 2.101852e+00 2.999924e+00 3.185971e+00 3.721064e+00 3.344690e+00 3.307405e+00 3.354659e+00 3.512221e+00 3.711152e+00 3.470605e+00 2.835200e+00 3.130927e-03
<GCONST> 8.845450e+01
<MIXTURE> 2 4.549242e-03
<MEAN> 25
 -4.848471e+00 1.309681e+00 9.835612e-01 9.865394e+00 6.681833e+00 7.408823e+00 7.832365e+00 6.942167e+00 8.367726e+00 6.355358e+00 7.597406e+00 3.053682e+00 -6.136614e-02 4.139557e-02 1.419803e-01 2.273066e-01 2.656392e-01 2.790004e-01 2.937638e-01 3.192604e-01 3.490240e-01 3.088945e-01 1.970786e-01 8.005606e-02 3.174704e-06
<VARIANCE> 25
 7.085255e+00 8.922491e+00 1.063592e+01 1.606934e+01 1.722008e+01 1.559299e+01 1.688162e+01 1.857511e+01 1.656652e+01 1.742479e+01 1.816973e+01 1.436949e+01 1.259857e-01 2.262918e-01 3.355955e-01 4.660317e-01 6.467592e-01 8.180512e-01 9.303926e-01 9.997409e-01 1.050252e+00 1.073903e+00 1.073663e+00 1.011431e+00 1.002678e-06
<GCONST> 5.807379e+01
<MIXTURE> 3 4.549242e-03
<MEAN> 25
 -4.848471e+00 1.309681e+00 9.835612e-01 9.865394e+00 6.681833e+00 7.408823e+00 7.832365e+00 6.942167e+00 8.367726e+00 6.355358e+00 7.597406e+00 3.053682e+00 -6.136614e-02 4.139557e-02 1.419803e-01 2.273066e-01 2.656392e-01 2.790004e-01 2.937638e-01 3.192604e-01 3.490240e-01 3.088945e-01 1.970786e-01 8.005606e-02 3.174704e-06
<VARIANCE> 25
 7.085255e+00 8.922491e+00 1.063592e+01 1.606934e+01 1.722008e+01 1.559299e+01 1.688162e+01 1.857511e+01 1.656652e+01 1.742479e+01 1.816973e+01 1.436949e+01 1.259857e-01 2.262918e-01 3.355955e-01 4.660317e-01 6.467592e-01 8.180512e-01 9.303926e-01 9.997409e-01 1.050252e+00 1.073903e+00 1.073663e+00 1.011431e+00 1.002678e-06
<GCONST> 5.807379e+01
<MIXTURE> 4 1.671429e-02
<MEAN> 25
 2.159581e+00 2.938133e+00 -4.108978e+00 -1.795671e+00 3.233563e+00 -5.722193e+00 -1.011083e+00 -9.677148e-01 2.855965e+00 4.575728e-01 -1.274281e+00 -1.053251e-01 -2.550969e+00 1.232282e+00 1.214070e+00 3.385507e+00 2.005088e-01 1.053925e+00 1.053179e+00 6.312299e-01 -3.468176e-01 5.116112e-01 6.717153e-01 7.753968e-01 -6.098019e-02
<VARIANCE> 25
 1.461487e+01 1.948492e+01 1.851966e+01 3.194342e+01 3.435229e+01 7.033035e+01 4.921529e+01 4.228865e+01 4.382167e+01 6.427087e+01 3.712409e+01 2.936957e+01 1.942982e+00 3.542716e+00 2.677613e+00 4.022417e+00 4.659780e+00 5.507768e+00 4.108869e+00 3.987395e+00 5.386677e+00 4.633071e+00 4.538282e+00 3.303982e+00 5.169000e-03
<GCONST> 9.935657e+01
<MIXTURE> 5 3.206198e-03
<MEAN> 25
 -3.380683e+00 2.158130e+00 6.140539e-01 9.315090e+00 6.591705e+00 6.285471e+00 7.048233e+00 4.690951e+00 5.423771e+00 3.785024e+00 4.633313e+00 2.585963e+00 -3.199904e-01 7.366340e-01 1.208745e+00 1.024221e+00 3.154952e-01 -9.829129e-02 -8.850738e-02 3.221880e-02 4.391567e-01 6.816691e-01 4.082244e-01 1.016226e-01 -2.708039e-05
<VARIANCE> 25
 1.038940e+01 1.386371e+01 2.323819e+01 2.608941e+01 2.080529e+01 1.965410e+01 2.028094e+01 2.028149e+01 2.187982e+01 2.145610e+01 2.401639e+01 1.665248e+01 1.205913e+00 1.254244e+00 1.383474e+00 1.667224e+00 2.284956e+00 2.351706e+00 2.279611e+00 2.284465e+00 2.327377e+00 2.218551e+00 2.075938e+00 1.877407e+00 1.010430e-06
<GCONST> 7.527799e+01
<MIXTURE> 6 5.475854e-03
<MEAN> 25
 9.222527e+00 -4.230457e-01 -6.174578e+00 -1.091617e+01 -2.411598e+00 6.128687e+00 -5.181381e+00 -4.704652e+00 -3.859328e+00 1.938028e+00 4.350101e+00 -8.987681e-01 4.608578e-01 8.032539e-01 -4.574992e-01 -1.474611e+00 -5.386127e-01 1.181809e+00 1.616213e+00 1.707009e-01 -1.171718e+00 -1.024332e+00 3.427507e-01 1.334516e+00 -4.716679e-03
<VARIANCE> 25
 9.659484e+00 1.534850e+01 2.408024e+01 3.633920e+01 3.452402e+01 3.186501e+01 4.571881e+01 3.679062e+01 3.748028e+01 3.644135e+01 3.844393e+01 2.736678e+01 3.185118e-01 8.422662e-01 9.977520e-01 2.014371e+00 1.600771e+00 2.115454e+00 1.943620e+00 2.018479e+00 2.209605e+00 2.206604e+00 2.038739e+00 1.449609e+00 6.716616e-04
<GCONST> 8.366022e+01
<MIXTURE> 7 5.475854e-03
<MEAN> 25
 9.222527e+00 -4.230457e-01 -6.174578e+00 -1.091617e+01 -2.411598e+00 6.128687e+00 -5.181381e+00 -4.704652e+00 -3.859328e+00 1.938028e+00 4.350101e+00 -8.987681e-01 4.608578e-01 8.032539e-01 -4.574992e-01 -1.474611e+00 -5.386127e-01 1.181809e+00 1.616213e+00 1.707009e-01 -1.171718e+00 -1.024332e+00 3.427507e-01 1.334516e+00 -4.716679e-03
<VARIANCE> 25
 9.659484e+00 1.534850e+01 2.408024e+01 3.633920e+01 3.452402e+01 3.186501e+01 4.571881e+01 3.679062e+01 3.748028e+01 3.644135e+01 3.844393e+01 2.736678e+01 3.185118e-01 8.422662e-01 9.977520e-01 2.014371e+00 1.600771e+00 2.115454e+00 1.943620e+00 2.018479e+00 2.209605e+00 2.206604e+00 2.038739e+00 1.449609e+00 6.716616e-04
<GCONST> 8.366022e+01
<MIXTURE> 8 1.165917e-02
<MEAN> 25
 -4.482700e+00 1.279958e+00 1.192482e+00 9.277562e+00 6.301915e+00 6.128973e+00 6.280126e+00 5.474735e+00 6.493428e+00 5.484179e+00 6.301659e+00 2.972716e+00 -6.837233e-01 -1.300998e+00 -1.008477e+00 -1.684754e+00 -2.094496e-01 -9.341198e-01 -1.665912e-01 -2.485805e-01 -2.652417e-01 -1.953322e-01 -2.365098e-01 6.317838e-02 9.519549e-02
<VARIANCE> 25
 9.955849e+00 9.703717e+00 1.121993e+01 1.642979e+01 1.678244e+01 1.547415e+01 1.805234e+01 1.737617e+01 1.697465e+01 1.735771e+01 1.889512e+01 1.415962e+01 2.752256e+00 2.921344e+00 3.770440e+00 3.619075e+00 3.438549e+00 3.192227e+00 3.042409e+00 3.029972e+00 2.880969e+00 2.675151e+00 2.491176e+00 1.899319e+00 6.458507e-03
<GCONST> 8.618618e+01
<MIXTURE> 9 1.199672e-02
<MEAN> 25
 8.093623e+00 2.884528e+00 -5.705020e+00 -1.042426e+01 -2.823176e+00 3.003063e+00 -2.022468e+00 -3.142546e+00 -4.655232e+00 1.805125e-01 8.293578e-01 8.724623e-01 1.300059e+00 -1.038390e-01 -8.712379e-01 -2.946450e+00 -1.008210e+00 6.802942e-01 -5.848613e-01 -5.740132e-01 -2.598873e-01 -1.063485e-01 3.970858e-01 -2.740180e-01 7.377792e-02
<VARIANCE> 25
 1.196894e+01 1.733582e+01 2.766989e+01 4.603331e+01 4.089192e+01 4.139201e+01 3.444927e+01 4.448409e+01 3.523661e+01 3.536948e+01 2.976272e+01 2.461784e+01 1.624626e+00 1.870006e+00 3.782084e+00 3.875104e+00 4.746853e+00 3.333788e+00 4.782888e+00 5.344114e+00 4.145323e+00 3.760430e+00 3.074221e+00 3.487967e+00 1.781409e-03
<GCONST> 9.551228e+01
<MIXTURE> 10 6.596976e-03
<MEAN> 25
 7.938382e-01 7.535984e+00 5.245721e+00 6.953850e+00 1.428502e+00 -2.272587e+00 -6.425046e-01 -1.779587e+00 8.816018e-01 1.058299e+00 7.993305e-01 8.291132e-01 -1.867604e+00 -6.814985e-01 -4.220555e-01 3.006233e+00 2.365730e+00 2.733987e+00 2.305957e+00 2.270744e+00 1.789228e+00 1.450688e+00 2.329776e+00 4.663911e-01 -1.366691e-01
<VARIANCE> 25
 1.919422e+01 2.047433e+01 2.228905e+01 2.979865e+01 3.835684e+01 3.537165e+01 3.488723e+01 3.333538e+01 2.704846e+01 3.005011e+01 2.654616e+01 2.556725e+01 2.313457e+00 3.335823e+00 5.455261e+00 5.080328e+00 5.760292e+00 4.416431e+00 4.832092e+00 4.726577e+00 4.452048e+00 5.209560e+00 4.347731e+00 3.235170e+00 2.703673e-03
<GCONST> 9.751621e+01
<MIXTURE> 11 1.633820e-02
<MEAN> 25
 4.114881e+00 1.445592e+00 2.329878e+00 3.060228e+00 -2.054505e+00 -1.336273e+00 -2.896238e+00 -3.423950e+00 -2.011721e+00 -1.840047e-02 -5.141644e-01 -1.410129e+00 -2.315305e-01 2.733696e-01 3.434828e-02 3.865325e-01 4.147015e-01 2.547100e-01 3.283501e-01 -5.479687e-02 -1.664179e-01 -8.635650e-03 -2.208652e-01 9.980728e-02 -1.226608e-02
<VARIANCE> 25
 5.905657e+00 1.136538e+01 1.116551e+01 1.714386e+01 1.918111e+01 2.175827e+01 2.218212e+01 2.341010e+01 2.419357e+01 2.214014e+01 2.460168e+01 1.849393e+01 9.142209e-01 7.907014e-01 1.138369e+00 1.526950e+00 1.493621e+00 1.567245e+00 2.278660e+00 2.095753e+00 2.086663e+00 1.399134e+00 1.421426e+00 1.440896e+00 6.246028e-04
<GCONST> 7.715031e+01
<MIXTURE> 12 5.904134e-03
<MEAN> 25
 1.056183e+01 3.565548e+00 -4.495154e+00 -1.572476e+01 -8.605189e+00 8.468326e+00 -1.013148e+00 -2.067181e+00 -1.615854e+00 -4.619311e+00 1.886696e+00 7.346510e-01 6.461028e-02 2.820682e-01 6.880886e-02 -3.090627e-01 -2.940083e-01 7.275323e-04 3.263501e-01 4.970317e-01 1.389347e-01 -3.942083e-01 -3.951889e-01 6.165076e-02 -6.440419e-03
<VARIANCE> 25
 9.538316e+00 2.114507e+01 2.258025e+01 3.580687e+01 4.209565e+01 3.350270e+01 4.385311e+01 4.810078e+01 4.375542e+01 3.789081e+01 3.696316e+01 2.846512e+01 2.479400e-01 6.861072e-01 6.730313e-01 1.254171e+00 1.190463e+00 1.049096e+00 1.164025e+00 1.507404e+00 1.208227e+00 1.225081e+00 1.208062e+00 9.773228e-01 5.687442e-04
<GCONST> 7.915645e+01
<MIXTURE> 13 5.904134e-03
<MEAN> 25
 1.056183e+01 3.565548e+00 -4.495154e+00 -1.572476e+01 -8.605189e+00 8.468326e+00 -1.013148e+00 -2.067181e+00 -1.615854e+00 -4.619311e+00 1.886696e+00 7.346510e-01 6.461028e-02 2.820682e-01 6.880886e-02 -3.090627e-01 -2.940083e-01 7.275323e-04 3.263501e-01 4.970317e-01 1.389347e-01 -3.942083e-01 -3.951889e-01 6.165076e-02 -6.440419e-03
<VARIANCE> 25
 9.538316e+00 2.114507e+01 2.258025e+01 3.580687e+01 4.209565e+01 3.350270e+01 4.385311e+01 4.810078e+01 4.375542e+01 3.789081e+01 3.696316e+01 2.846512e+01 2.479400e-01 6.861072e-01 6.730313e-01 1.254171e+00 1.190463e+00 1.049096e+00 1.164025e+00 1.507404e+00 1.208227e+00 1.225081e+00 1.208062e+00 9.773228e-01 5.687442e-04
<GCONST> 7.915645e+01
<MIXTURE> 14 6.488954e-03
<MEAN> 25
 -4.098371e+00 -2.934164e-01 -2.491208e-01 8.551397e+00 7.157085e+00 7.234424e+00 7.522113e+00 7.070722e+00 6.932012e+00 4.971514e+00 6.555085e+00 3.912618e+00 -2.556597e-01 1.763034e-01 3.466030e-01 2.890086e-01 2.762786e-03 4.086703e-02 9.450053e-02 1.725202e-01 3.025846e-01 5.416259e-01 4.981369e-01 9.385642e-02 -7.914219e-03
<VARIANCE> 25
 9.887253e+00 1.328999e+01 1.772878e+01 1.874083e+01 2.125439e+01 1.911611e+01 2.177413e+01 2.059554e+01 2.103155e+01 2.374846e+01 2.175732e+01 1.678041e+01 9.614632e-01 1.577747e+00 1.739410e+00 1.881740e+00 2.194445e+00 2.190199e+00 2.196348e+00 2.170435e+00 2.245149e+00 2.478675e+00 2.164450e+00 1.803371e+00 1.038503e-03
<GCONST> 8.180009e+01
<MIXTURE> 15 2.475190e-03
<MEAN> 25
 -4.306169e+00 -8.090858e-01 -2.758771e-02 6.393477e+00 5.222274e+00 5.673845e+00 5.561491e+00 4.390937e+00 4.762317e+00 4.050798e+00 4.799074e+00 2.089828e+00 -1.329971e-01 -1.644203e-02 8.730684e-02 2.999192e-01 5.477859e-01 8.456679e-01 1.157843e+00 1.244515e+00 1.017171e+00 6.422234e-01 3.944272e-01 1.407479e-01 -2.951722e-04
<VARIANCE> 25
 1.153471e+01 4.890970e+00 7.735827e+00 1.324268e+01 1.271993e+01 1.250852e+01 1.419446e+01 1.347789e+01 1.311220e+01 1.253650e+01 1.414734e+01 1.175333e+01 1.312054e-01 2.332731e-01 2.949832e-01 5.107893e-01 7.168028e-01 7.918570e-01 8.651059e-01 8.064951e-01 8.293796e-01 1.006817e+00 1.015872e+00 1.046875e+00 3.830181e-05
<GCONST> 5.855410e+01
<MIXTURE> 16 2.475190e-03
<MEAN> 25
 -4.306169e+00 -8.090858e-01 -2.758771e-02 6.393477e+00 5.222274e+00 5.673845e+00 5.561491e+00 4.390937e+00 4.762317e+00 4.050798e+00 4.799074e+00 2.089828e+00 -1.329971e-01 -1.644203e-02 8.730684e-02 2.999192e-01 5.477859e-01 8.456679e-01 1.157843e+00 1.244515e+00 1.017171e+00 6.422234e-01 3.944272e-01 1.407479e-01 -2.951722e-04
<VARIANCE> 25
 1.153471e+01 4.890970e+00 7.735827e+00 1.324268e+01 1.271993e+01 1.250852e+01 1.419446e+01 1.347789e+01 1.311220e+01 1.253650e+01 1.414734e+01 1.175333e+01 1.312054e-01 2.332731e-01 2.949832e-01 5.107893e-01 7.168028e-01 7.918570e-01 8.651059e-01 8.064951e-01 8.293796e-01 1.006817e+00 1.015872e+00 1.046875e+00 3.830181e-05
<GCONST> 5.855410e+01
<MIXTURE> 17 9.518312e-03
<MEAN> 25
 2.045511e+00 9.195413e-02 4.273453e+00 9.901348e-01 -4.522283e+00 -6.538203e+00 -3.030987e+00 -1.776846e-01 -1.996977e+00 -1.755706e+00 1.009579e-01 5.506371e-01 -5.242546e-01 -8.688295e-01 8.860283e-01 -1.858030e+00 -1.882683e+00 -5.764512e-01 1.222791e-01 5.247837e-01 -1.796742e-01 1.273291e-01 8.622614e-01 1.532346e-01 7.029115e-02
<VARIANCE> 25
 1.467975e+01 2.191542e+01 2.329778e+01 3.240040e+01 3.238407e+01 5.490984e+01 3.509080e+01 2.764923e+01 2.783632e+01 2.351252e+01 3.176964e+01 2.332256e+01 2.130233e+00 1.889391e+00 3.457077e+00 2.867822e+00 3.448656e+00 4.748066e+00 4.506901e+00 3.795950e+00 4.090073e+00 3.353134e+00 2.573217e+00 2.746433e+00 1.942184e-03
<GCONST> 9.345151e+01
<MIXTURE> 18 1.221018e-02
<MEAN> 25
 3.563186e+00 4.262624e+00 5.984915e+00 4.247455e+00 -4.456430e+00 -8.139100e+00 -2.142802e+00 -1.276664e+00 -2.798541e+00 -1.908592e+00 -7.155807e-01 7.696567e-01 -7.193738e-01 1.971061e+00 -1.357267e-01 2.000889e+00 2.861022e+00 1.565146e+00 7.436700e-01 -1.583900e-01 4.484553e-01 4.018889e-01 -2.535784e-01 -1.102638e-01 -1.138044e-01
<VARIANCE> 25
 1.617671e+01 2.498119e+01 3.410397e+01 2.577864e+01 3.681773e+01 3.313392e+01 3.655668e+01 3.336179e+01 4.156084e+01 3.771038e+01 3.365434e+01 3.039774e+01 2.508553e+00 3.152728e+00 4.361954e+00 3.727168e+00 4.346335e+00 4.488522e+00 4.471436e+00 4.173638e+00 4.378229e+00 4.049358e+00 4.295734e+00 3.459969e+00 4.384737e-03
<GCONST> 9.812636e+01
<MIXTURE> 19 9.912824e-03
<MEAN> 25
 -8.407712e+00 2.043887e+00 1.500212e-01 9.248760e-01 2.934604e+00 1.145019e+00 2.259884e+00 7.262633e-01 1.644097e+00 7.853637e-01 9.270437e-01 1.298892e+00 1.673889e+00 1.257122e+00 1.757334e+00 5.186059e-01 -8.350490e-01 -8.004027e-01 -1.019333e+00 -1.325891e+00 -1.420170e+00 -1.071029e+00 -7.344580e-01 -6.724952e-01 -4.241331e-03
<VARIANCE> 25
 5.150505e+01 2.652703e+01 3.946897e+01 5.034257e+01 2.865217e+01 3.300110e+01 2.813997e+01 2.549058e+01 2.382557e+01 2.316369e+01 2.546508e+01 1.863676e+01 2.455543e+00 2.121881e+00 2.104527e+00 2.254697e+00 2.263550e+00 2.256602e+00 2.164968e+00 2.223893e+00 2.125056e+00 1.908817e+00 2.055591e+00 1.674516e+00 2.242176e-03
<GCONST> 8.961047e+01
<MIXTURE> 20 6.308331e-03
<MEAN> 25
 -1.394519e+01 7.703812e+00 -4.826585e-01 5.028270e+00 3.325994e+00 -6.154935e-01 3.601548e+00 -2.382990e-01 9.623362e-01 1.645109e+00 2.760785e+00 -4.859099e-01 -3.068129e+00 -5.012983e-01 -1.347327e+00 7.678671e-01 1.203235e+00 1.806496e+00 1.777712e+00 2.339552e+00 1.673575e+00 1.852530e+00 1.597035e+00 6.769642e-01 4.298999e-02
<VARIANCE> 25
 1.600952e+01 2.080171e+01 2.726230e+01 3.076719e+01 3.216763e+01 3.372554e+01 2.921373e+01 2.745638e+01 2.738244e+01 2.817517e+01 2.295754e+01 2.270759e+01 1.945714e+00 1.895962e+00 2.000180e+00 2.530830e+00 2.401267e+00 2.215441e+00 2.028236e+00 2.300418e+00 2.245681e+00 2.418963e+00 2.192341e+00 1.636439e+00 1.542239e-03
<GCONST> 8.770240e+01
<MIXTURE> 21 7.928653e-03
<MEAN> 25
 3.050142e+00 -3.511419e+00 4.816936e+00 -3.540267e+00 -8.081652e+00 -8.693077e+00 -3.254618e+00 2.934391e+00 -1.900566e+00 -2.839244e+00 -4.236987e-01 7.619087e-01 -6.233278e-01 8.474693e-01 2.221120e+00 6.610275e-02 -1.408651e+00 8.277564e-01 4.304453e-01 -1.758186e+00 -2.108693e+00 3.754705e-01 1.073698e+00 1.384618e-01 -1.278811e-02
<VARIANCE> 25
 8.498016e+00 1.679581e+01 2.457463e+01 3.229437e+01 3.139123e+01 3.799551e+01 4.165399e+01 3.762554e+01 4.093196e+01 2.575689e+01 2.743895e+01 2.192645e+01 3.872578e-01 1.195908e+00 1.574254e+00 1.681355e+00 2.022309e+00 2.580284e+00 2.665006e+00 2.056874e+00 2.249654e+00 1.970928e+00 2.152898e+00 2.423867e+00 4.049598e-04
<GCONST> 8.427274e+01
<MIXTURE> 22 8.827789e-03
<MEAN> 25
 -1.660024e+01 8.167745e+00 -4.984914e+00 6.407718e+00 2.429991e+00 1.239654e+00 7.125672e+00 2.144026e+00 3.097592e+00 3.008116e+00 4.549461e+00 8.419398e-01 -3.183679e-01 -1.541007e-01 -6.039593e-02 1.108112e-01 1.097246e-01 4.599452e-01 5.506959e-02 4.466895e-01 -5.187194e-03 -7.781013e-02 4.012960e-02 1.078859e-01 3.242442e-03
<VARIANCE> 25
 8.283233e+00 1.443972e+01 1.244256e+01 1.858707e+01 2.488120e+01 2.140806e+01 2.006340e+01 1.612392e+01 1.997775e+01 1.748475e+01 1.823041e+01 1.160661e+01 1.014769e+00 1.031043e+00 1.032383e+00 1.345075e+00 1.453140e+00 1.775810e+00 1.350108e+00 1.618461e+00 1.831642e+00 1.506890e+00 1.313448e+00 1.224802e+00 1.272393e-03
<GCONST> 7.636947e+01
<MIXTURE> 23 6.455497e-03
<MEAN> 25
 4.626042e+00 4.025367e-01 2.217700e+00 2.253068e+00 -2.306049e+00 -1.274563e+00 -3.079813e+00 -3.125021e+00 -1.792053e+00 -1.258879e+00 -2.295485e+00 -1.585623e+00 7.064459e-02 1.126734e-01 2.010338e-02 1.776590e-01 7.595707e-02 8.120675e-02 1.790377e-01 -9.323484e-02 1.042528e-01 1.510810e-01 -8.336056e-02 1.188914e-03 -4.363287e-03
<VARIANCE> 25
 5.612613e+00 9.478416e+00 1.114237e+01 2.004632e+01 1.905914e+01 2.746589e+01 3.292491e+01 3.131933e+01 2.678610e+01 2.680128e+01 2.579980e+01 2.152657e+01 1.467725e-01 2.291912e-01 3.432256e-01 5.523704e-01 6.623511e-01 6.196023e-01 1.085119e+00 1.053915e+00 1.034576e+00 8.824400e-01 8.370191e-01 7.638486e-01 1.008632e-04
<GCONST> 6.587320e+01
<MIXTURE> 24 6.455497e-03
<MEAN> 25
 4.626042e+00 4.025367e-01 2.217700e+00 2.253068e+00 -2.306049e+00 -1.274563e+00 -3.079813e+00 -3.125021e+00 -1.792053e+00 -1.258879e+00 -2.295485e+00 -1.585623e+00 7.064459e-02 1.126734e-01 2.010338e-02 1.776590e-01 7.595707e-02 8.120675e-02 1.790377e-01 -9.323484e-02 1.042528e-01 1.510810e-01 -8.336056e-02 1.188914e-03 -4.363287e-03
<VARIANCE> 25
 5.612613e+00 9.478416e+00 1.114237e+01 2.004632e+01 1.905914e+01 2.746589e+01 3.292491e+01 3.131933e+01 2.678610e+01 2.680128e+01 2.579980e+01 2.152657e+01 1.467725e-01 2.291912e-01 3.432256e-01 5.523704e-01 6.623511e-01 6.196023e-01 1.085119e+00 1.053915e+00 1.034576e+00 8.824400e-01 8.370191e-01 7.638486e-01 1.008632e-04
<GCONST> 6.587320e+01
<MIXTURE> 25 1.118642e-02
<MEAN> 25
 4.228115e-01 3.035266e+00 1.534814e+01 -1.405515e+00 -1.037982e+01 -1.870686e+00 -5.262715e+00 -3.058172e+00 -6.578497e+00 -4.493706e+00 3.874076e+00 -1.198815e+00 -1.467473e-01 3.822812e-01 1.841670e-01 2.036832e-01 1.716433e-01 1.692408e-01 1.364908e-01 -1.324423e-01 -2.449802e-01 9.135583e-02 1.295916e-02 -1.642065e-01 -1.181618e-02
<VARIANCE> 25
 9.681614e+00 2.097181e+01 2.821368e+01 2.829805e+01 3.280593e+01 3.790961e+01 2.486806e+01 2.848018e+01 2.617570e+01 3.670797e+01 1.932203e+01 2.600859e+01 5.725687e-01 1.310677e+00 1.385267e+00 1.413659e+00 2.126847e+00 1.930791e+00 1.890478e+00 1.632410e+00 1.521459e+00 1.642924e+00 1.419669e+00 1.310102e+00 1.148875e-03
<GCONST> 8.241119e+01
<MIXTURE> 26 7.727677e-03
<MEAN> 25
 1.894949e+00 -5.518822e+00 -8.581886e+00 -1.396064e+00 6.671255e+00 4.948622e+00 3.672889e+00 -9.013565e-02 2.102232e+00 -8.394029e-01 -2.496817e+00 -1.094910e+00 -5.517955e-01 5.424777e-01 3.267378e-01 7.575888e-01 2.147732e-01 2.324536e-01 2.521926e-01 4.202793e-01 2.714684e-01 6.423588e-02 2.464358e-01 3.166731e-01 -4.425927e-02
<VARIANCE> 25
 2.076893e+01 3.127714e+01 2.961865e+01 5.511296e+01 3.712812e+01 5.325260e+01 3.972066e+01 4.050436e+01 3.615335e+01 4.701488e+01 3.585670e+01 4.196255e+01 1.666426e+00 1.637136e+00 1.675246e+00 1.832474e+00 2.070474e+00 2.282882e+00 2.274820e+00 2.666970e+00 2.080603e+00 2.396156e+00 2.058077e+00 1.908401e+00 2.891646e-03
<GCONST> 9.215824e+01
<MIXTURE> 27 7.727677e-03
<MEAN> 25
 1.894949e+00 -5.518822e+00 -8.581886e+00 -1.396064e+00 6.671255e+00 4.948622e+00 3.672889e+00 -9.013565e-02 2.102232e+00 -8.394029e-01 -2.496817e+00 -1.094910e+00 -5.517955e-01 5.424777e-01 3.267378e-01 7.575888e-01 2.147732e-01 2.324536e-01 2.521926e-01 4.202793e-01 2.714684e-01 6.423588e-02 2.464358e-01 3.166731e-01 -4.425927e-02
<VARIANCE> 25
 2.076893e+01 3.127714e+01 2.961865e+01 5.511296e+01 3.712812e+01 5.325260e+01 3.972066e+01 4.050436e+01 3.615335e+01 4.701488e+01 3.585670e+01 4.196255e+01 1.666426e+00 1.637136e+00 1.675246e+00 1.832474e+00 2.070474e+00 2.282882e+00 2.274820e+00 2.666970e+00 2.080603e+00 2.396156e+00 2.058077e+00 1.908401e+00 2.891646e-03
<GCONST> 9.215824e+01
<MIXTURE> 28 5.036674e-03
<MEAN> 25
 -3.319641e+00 -3.326844e-01 -8.602223e-01 5.549668e+00 4.209955e+00 3.421157e+00 4.183428e+00 2.307723e+00 2.615866e+00 1.701677e+00 2.244006e+00 2.199360e+00 -5.639955e-02 2.012471e-01 5.498839e-01 8.157368e-01 8.809196e-01 7.157109e-01 6.389458e-01 4.696336e-01 4.928182e-01 5.321759e-01 3.819246e-01 2.059635e-01 -2.931232e-05
<VARIANCE> 25
 1.468867e+01 6.982141e+00 9.882796e+00 1.277167e+01 1.457456e+01 1.571024e+01 1.995932e+01 1.861618e+01 1.694225e+01 1.690480e+01 1.770959e+01 1.431374e+01 2.296184e-01 3.128341e-01 3.977958e-01 4.340991e-01 5.351152e-01 7.059316e-01 9.834536e-01 1.164556e+00 1.142664e+00 9.089978e-01 1.022445e+00 1.022137e+00 1.032251e-06
<GCONST> 5.903014e+01
<MIXTURE> 29 5.036674e-03
<MEAN> 25
 -3.319641e+00 -3.326844e-01 -8.602223e-01 5.549668e+00 4.209955e+00 3.421157e+00 4.183428e+00 2.307723e+00 2.615866e+00 1.701677e+00 2.244006e+00 2.199360e+00 -5.639955e-02 2.012471e-01 5.498839e-01 8.157368e-01 8.809196e-01 7.157109e-01 6.389458e-01 4.696336e-01 4.928182e-01 5.321759e-01 3.819246e-01 2.059635e-01 -2.931232e-05
<VARIANCE> 25
 1.468867e+01 6.982141e+00 9.882796e+00 1.277167e+01 1.457456e+01 1.571024e+01 1.995932e+01 1.861618e+01 1.694225e+01 1.690480e+01 1.770959e+01 1.431374e+01 2.296184e-01 3.128341e-01 3.977958e-01 4.340991e-01 5.351152e-01 7.059316e-01 9.834536e-01 1.164556e+00 1.142664e+00 9.089978e-01 1.022445e+00 1.022137e+00 1.032251e-06
<GCONST> 5.903014e+01
<MIXTURE> 30 8.917812e-03
<MEAN> 25
 -3.982873e+00 -2.837057e-01 6.120573e-01 8.566416e+00 7.300021e+00 7.275906e+00 7.217883e+00 6.610564e+00 6.253019e+00 4.550514e+00 6.508749e+00 3.175706e+00 -2.011037e-02 3.123305e-02 6.966700e-02 8.426767e-02 7.249701e-02 4.282023e-02 3.978908e-03 9.528702e-03 2.558124e-02 4.412968e-02 7.211067e-02 2.053957e-02 -6.239749e-04
<VARIANCE> 25
 8.924902e+00 9.431983e+00 9.816623e+00 1.489460e+01 1.674249e+01 1.597926e+01 1.910744e+01 1.836638e+01 1.637879e+01 1.868325e+01 2.239067e+01 1.488562e+01 9.851260e-02 2.008106e-01 3.327393e-01 4.924233e-01 6.168092e-01 7.223866e-01 7.829888e-01 7.944107e-01 8.934931e-01 9.201404e-01 9.340349e-01 8.688421e-01 5.280992e-05
<GCONST> 6.107899e+01
<MIXTURE> 31 4.136493e-03
<MEAN> 25
 -1.190654e+00 -3.889724e+00 -3.326951e-03 3.522583e+00 1.704809e+00 1.954250e+00 4.215432e+00 5.732223e+00 2.053557e+00 5.929999e-01 4.637767e+00 1.675719e+00 2.893165e-01 3.201137e-01 -6.817000e-02 3.402053e-01 1.985669e-01 3.982645e-01 2.793570e-01 3.230856e-02 2.871683e-01 3.407687e-01 8.574858e-02 1.815448e-01 -1.508036e-02
<VARIANCE> 25
 1.064444e+01 1.349747e+01 1.220095e+01 1.372563e+01 1.988791e+01 1.652779e+01 2.281849e+01 2.895598e+01 1.999075e+01 2.200422e+01 1.985551e+01 1.602226e+01 1.881608e-01 4.709281e-01 5.666300e-01 6.786087e-01 8.928524e-01 1.165634e+00 1.136937e+00 1.306180e+00 1.253586e+00 1.330455e+00 1.339352e+00 1.190214e+00 2.100348e-04
<GCONST> 6.973842e+01
<MIXTURE> 32 4.136493e-03
<MEAN> 25
 -1.190654e+00 -3.889724e+00 -3.326951e-03 3.522583e+00 1.704809e+00 1.954250e+00 4.215432e+00 5.732223e+00 2.053557e+00 5.929999e-01 4.637767e+00 1.675719e+00 2.893165e-01 3.201137e-01 -6.817000e-02 3.402053e-01 1.985669e-01 3.982645e-01 2.793570e-01 3.230856e-02 2.871683e-01 3.407687e-01 8.574858e-02 1.815448e-01 -1.508036e-02
<VARIANCE> 25
 1.064444e+01 1.349747e+01 1.220095e+01 1.372563e+01 1.988791e+01 1.652779e+01 2.281849e+01 2.895598e+01 1.999075e+01 2.200422e+01 1.985551e+01 1.602226e+01 1.881608e-01 4.709281e-01 5.666300e-01 6.786087e-01 8.928524e-01 1.165634e+00 1.136937e+00 1.306180e+00 1.253586e+00 1.330455e+00 1.339352e+00 1.190214e+00 2.100348e-04
<GCONST> 6.973842e+01
<MIXTURE> 33 1.508826e-02
<MEAN> 25
 4.307908e+00 -2.161911e+00 -2.141584e+00 -5.485861e+00 -2.243729e+00 -6.476831e+00 -5.015013e+00 1.113195e+00 1.541909e+00 8.968470e-01 -2.692921e+00 -1.761883e+00 5.826585e-01 -7.680079e-01 -2.198349e+00 -1.771044e+00 1.302424e+00 1.016799e+00 -2.160308e-01 3.824662e-01 5.919664e-01 3.655659e-01 -7.959102e-01 -1.248901e+00 3.380448e-02
<VARIANCE> 25
 8.622076e+00 1.618172e+01 2.264034e+01 4.466900e+01 3.600063e+01 4.282012e+01 3.646634e+01 3.861684e+01 4.714867e+01 3.316479e+01 3.419592e+01 2.438186e+01 9.515434e-01 1.245578e+00 2.221007e+00 2.585319e+00 2.998031e+00 2.934916e+00 3.815128e+00 5.507956e+00 3.249688e+00 3.178185e+00 2.932955e+00 1.936307e+00 1.418861e-03
<GCONST> 9.112681e+01
<MIXTURE> 34 1.588179e-02
<MEAN> 25
 7.804157e+00 3.532719e-01 2.091590e-01 -1.504291e-01 -3.019114e+00 -2.420908e+00 -5.963886e+00 -4.369828e+00 -1.366354e+00 2.523134e-01 -1.909556e+00 -2.969671e+00 4.142321e-02 1.107447e+00 1.451387e+00 2.373492e+00 -1.302410e-01 1.014678e-01 5.183802e-01 -1.450883e+00 -1.037712e+00 2.125964e-01 -3.624454e-01 2.477427e-01 -5.909051e-02
<VARIANCE> 25
 1.010415e+01 2.581960e+01 2.619004e+01 5.037661e+01 3.795137e+01 4.759032e+01 4.720957e+01 4.853056e+01 5.070348e+01 3.904337e+01 4.555395e+01 3.101131e+01 1.231698e+00 1.892167e+00 3.900123e+00 3.543756e+00 4.971588e+00 5.062236e+00 5.582281e+00 5.384603e+00 4.860077e+00 4.518058e+00 4.599915e+00 3.375777e+00 1.009752e-03
<GCONST> 9.781033e+01
<MIXTURE> 35 1.467755e-02
<MEAN> 25
 -2.235444e+00 -3.918824e+00 -7.713953e+00 -1.090561e+00 6.708323e+00 -3.082160e+00 2.625407e+00 1.575849e+00 1.413257e+00 3.297130e+00 2.590553e-01 1.374564e+00 2.295846e-01 -7.035818e-01 -1.376289e+00 -1.610575e+00 4.352865e-01 -1.453843e+00 -2.680548e-01 -3.682106e-01 2.946226e-01 4.752655e-01 -5.400547e-01 -5.629756e-01 9.823047e-02
<VARIANCE> 25
 1.630360e+01 2.302475e+01 3.740413e+01 5.778765e+01 4.196150e+01 8.395934e+01 4.385220e+01 3.723184e+01 4.629400e+01 3.773636e+01 4.095852e+01 3.801928e+01 3.101606e+00 2.917592e+00 5.546648e+00 4.680339e+00 4.669713e+00 6.516465e+00 4.725516e+00 4.326882e+00 4.515644e+00 4.092615e+00 3.314334e+00 3.445877e+00 4.271011e-03
<GCONST> 1.017236e+02
<MIXTURE> 36 1.093293e-02
<MEAN> 25
 3.428333e+00 -1.786430e+00 3.886208e+00 1.615932e+00 -6.208826e+00 -5.634444e+00 -4.847364e+00 1.911669e+00 4.215396e-02 -2.215634e+00 1.994699e+00 -1.321031e-01 2.720071e-01 7.098762e-02 -5.328853e-01 7.001148e-02 5.565410e-01 2.713439e-01 -2.257195e-01 1.417806e-01 4.872426e-01 2.457706e-01 -3.722034e-01 -2.798676e-01 -9.548743e-03
<VARIANCE> 25
 5.644690e+00 9.949474e+00 1.657179e+01 2.118304e+01 2.703170e+01 2.353943e+01 2.977956e+01 3.043552e+01 3.276365e+01 2.623588e+01 2.417680e+01 1.867443e+01 4.578174e-01 5.659890e-01 1.153330e+00 1.153157e+00 1.509931e+00 1.427547e+00 2.069410e+00 1.686464e+00 1.659427e+00 1.873761e+00 1.240026e+00 1.153634e+00 5.506048e-04
<GCONST> 7.691075e+01
<MIXTURE> 37 1.246826e-02
<MEAN> 25
 -1.510022e+00 7.051406e+00 9.496708e+00 -8.573762e+00 -7.319380e+00 -1.886414e+00 -6.314896e+00 -7.807199e+00 -1.446211e+00 7.301365e-01 -1.325626e+00 5.424115e-01 3.162321e-01 4.030334e-01 -1.366195e+00 3.709784e+00 1.002876e+00 -1.491821e-01 1.092064e+00 5.037878e-01 5.957235e-01 -1.520419e-01 4.954584e-01 5.738338e-02 -7.706740e-02
<VARIANCE> 25
 1.918899e+01 2.094674e+01 2.715968e+01 5.407809e+01 2.431675e+01 2.527727e+01 3.748881e+01 2.665841e+01 3.847342e+01 2.920099e+01 3.285661e+01 2.963659e+01 2.891453e+00 2.615071e+00 3.256037e+00 3.433867e+00 4.620853e+00 2.881111e+00 3.336361e+00 2.928673e+00 2.675220e+00 2.706717e+00 2.537250e+00 2.492013e+00 3.203039e-03
<GCONST> 9.385468e+01
<MIXTURE> 38 1.154525e-02
<MEAN> 25
 -5.802445e+00 8.576812e+00 -3.059449e-01 1.290349e+00 -5.654219e-01 -6.460100e+00 -7.548341e-01 -2.675218e+00 -2.586763e+00 -2.087847e+00 -8.433787e-01 3.689716e-01 -4.077932e+00 1.580611e+00 -5.604585e-01 2.042475e+00 1.139220e+00 1.324593e+00 1.290066e+00 7.862257e-01 3.561794e-01 1.332255e+00 1.026364e+00 2.498092e-01 4.737205e-02
<VARIANCE> 25
 2.659397e+01 2.362715e+01 3.396694e+01 2.726829e+01 3.261419e+01 2.698472e+01 2.769759e+01 2.907257e+01 3.035994e+01 2.355071e+01 1.622459e+01 2.160051e+01 1.728804e+00 3.022705e+00 2.921164e+00 3.905874e+00 4.375793e+00 4.554961e+00 3.322501e+00 4.346090e+00 3.888737e+00 4.117725e+00 2.876120e+00 2.430774e+00 1.299729e-03
<GCONST> 9.294659e+01
<MIXTURE> 39 9.501865e-03
<MEAN> 25
 -3.891793e-01 1.810633e+00 7.443305e+00 -1.144829e+01 -8.251026e+00 -2.674384e+00 -3.204486e+00 -5.457266e+00 -4.632314e+00 3.299981e+00 -3.218730e+00 -1.358282e+00 -5.227227e-01 1.240267e+00 1.561541e+00 -1.420178e+00 1.845072e-01 1.114126e+00 -8.379463e-01 -1.187918e+00 8.679015e-01 3.608586e-01 -4.378917e-01 5.369529e-01 1.039924e-02
<VARIANCE> 25
 8.281111e+00 2.067216e+01 2.680927e+01 4.919927e+01 2.602429e+01 4.571575e+01 3.208612e+01 3.224063e+01 3.291572e+01 3.629366e+01 3.328402e+01 2.825585e+01 5.529509e-01 1.894080e+00 1.019309e+00 3.011128e+00 1.594709e+00 4.410447e+00 2.082682e+00 3.032121e+00 2.870774e+00 3.819987e+00 1.830825e+00 2.827607e+00 1.129508e-03
<GCONST> 8.844374e+01
<MIXTURE> 40 1.030800e-02
<MEAN> 25
 -3.473948e+00 2.198834e+00 -1.073385e+00 4.929722e+00 1.583156e+00 3.821832e+00 2.910555e+00 2.768536e+00 3.206362e+00 2.548103e+00 3.612077e+00 6.718833e-01 1.165782e-02 -1.459240e-01 -7.318765e-03 -1.881031e-01 -3.482463e-02 -1.906466e-02 4.080273e-02 7.604191e-02 4.925241e-03 2.483810e-02 -7.936784e-03 1.942679e-02 3.118445e-03
<VARIANCE> 25
 3.076103e+01 1.552974e+01 1.773495e+01 1.706326e+01 1.432583e+01 1.355317e+01 1.467867e+01 1.502685e+01 1.363384e+01 1.303103e+01 1.274147e+01 1.009431e+01 8.599604e-01 5.886910e-01 7.898056e-01 8.775939e-01 9.371482e-01 1.099768e+00 1.048990e+00 1.049637e+00 1.178014e+00 1.284772e+00 1.225113e+00 1.024042e+00 6.435421e-04
<GCONST> 7.090192e+01
<MIXTURE> 41 6.713375e-03
<MEAN> 25
 5.059516e-01 2.184939e+00 7.992210e+00 -8.614419e+00 -9.506602e+00 -6.928196e+00 -1.691453e+00 -4.506505e+00 -4.057323e+00 3.441946e+00 -8.342227e-01 -6.952028e-01 3.004239e-01 -1.303321e-01 1.405119e+00 -3.610759e+00 -1.985738e+00 -5.152066e-01 -3.979236e-01 -8.850782e-01 -8.745671e-01 9.534365e-01 -8.259771e-01 -3.661170e-02 7.539597e-02
<VARIANCE> 25
 1.005342e+01 2.095746e+01 3.522121e+01 4.542545e+01 3.189918e+01 4.374058e+01 3.414277e+01 2.510579e+01 2.465771e+01 2.780308e+01 3.086608e+01 2.617899e+01 2.364371e+00 3.042479e+00 3.623635e+00 3.098714e+00 4.255023e+00 5.179276e+00 3.624729e+00 4.004392e+00 3.229637e+00 4.761847e+00 2.780522e+00 2.875563e+00 2.205652e-03
<GCONST> 9.474917e+01
<MIXTURE> 42 1.106211e-02
<MEAN> 25
 -2.062028e+00 4.393931e+00 2.587344e+00 2.366000e+00 1.102072e-01 -5.847430e+00 -7.966662e-01 -1.990901e+00 -1.062347e+00 -9.567114e-01 -1.834474e+00 1.128813e+00 3.422669e+00 -5.631525e-01 1.394783e+00 -3.692724e-01 -2.772942e+00 -1.004169e+00 -2.368387e+00 -9.830007e-01 -3.489721e-01 -1.538596e-01 4.930559e-01 -6.348561e-01 1.819266e-03
<VARIANCE> 25
 2.988765e+01 1.988700e+01 4.323000e+01 2.584085e+01 3.146118e+01 4.158924e+01 3.160601e+01 2.285686e+01 2.292338e+01 2.390102e+01 1.817239e+01 1.583279e+01 3.708410e+00 3.795678e+00 4.563361e+00 5.207432e+00 4.089097e+00 5.530027e+00 5.204897e+00 4.807780e+00 4.359458e+00 4.701920e+00 3.460400e+00 3.184420e+00 3.825896e-03
<GCONST> 9.708516e+01
<MIXTURE> 43 7.108249e-03
<MEAN> 25
 2.075835e+00 -4.051670e+00 -2.374355e+00 -7.460343e+00 -5.098057e+00 -5.892325e+00 3.247221e+00 2.570393e+00 -5.687535e+00 -5.921876e+00 -3.922515e+00 -1.676910e+00 4.723180e-01 1.594078e+00 1.869387e+00 3.361787e-01 -1.298309e+00 -1.305241e-01 -1.266271e+00 -9.751641e-01 8.630816e-01 9.979581e-01 2.187442e-01 4.610399e-01 -4.261595e-02
<VARIANCE> 25
 7.604352e+00 1.907347e+01 1.943811e+01 3.440487e+01 3.258414e+01 4.790569e+01 2.629282e+01 3.479738e+01 3.884117e+01 2.843171e+01 1.972987e+01 2.077296e+01 6.427019e-01 1.110924e+00 1.270447e+00 2.118990e+00 1.653277e+00 2.538218e+00 2.480223e+00 2.906870e+00 2.523574e+00 2.250248e+00 2.072595e+00 1.981676e+00 7.872785e-04
<GCONST> 8.468966e+01
<MIXTURE> 44 7.328289e-03
<MEAN> 25
 -8.909773e+00 2.138976e+00 2.652003e+00 -2.445889e+00 1.008566e+00 1.312850e+00 -2.413560e+00 1.556521e+00 4.292955e-01 4.291498e-01 2.223257e+00 1.295301e+00 -2.224973e-01 1.262342e-01 -4.769184e-02 2.242969e-01 1.390447e-01 3.167881e-01 4.303786e-01 3.334906e-02 6.078168e-02 -1.141668e-01 3.197463e-02 3.092801e-03 -2.812774e-05
<VARIANCE> 25
 3.127020e+01 2.029172e+01 2.342423e+01 2.368222e+01 2.119864e+01 2.557875e+01 2.499347e+01 2.417525e+01 1.976616e+01 2.311518e+01 2.704222e+01 1.704450e+01 1.199968e+00 1.041179e+00 1.224062e+00 1.171630e+00 1.443359e+00 1.216194e+00 1.473372e+00 1.960000e+00 1.366757e+00 1.414015e+00 1.261013e+00 1.186445e+00 1.133910e-03
<GCONST> 8.016171e+01
<MIXTURE> 45 1.364932e-02
<MEAN> 25
 -8.723147e+00 3.219280e+00 -1.475411e+00 2.792482e+00 3.142196e+00 2.512175e-01 2.432364e+00 1.866948e+00 1.924928e+00 1.309475e+00 1.327036e+00 1.902771e+00 -2.854747e+00 8.202564e-01 -2.737603e-01 -3.092321e-01 3.341615e-01 -3.511588e-02 3.550147e-01 2.363664e-01 -2.304277e-03 5.286839e-02 1.883310e-01 -1.187150e-01 9.497904e-02
<VARIANCE> 25
 4.224390e+01 3.290527e+01 2.482825e+01 2.414119e+01 2.519551e+01 2.484084e+01 2.069827e+01 2.257205e+01 1.895769e+01 2.142309e+01 1.756073e+01 1.514526e+01 2.098696e+00 1.803938e+00 1.619173e+00 2.595339e+00 2.840622e+00 2.723606e+00 1.965263e+00 1.851456e+00 2.323918e+00 1.944631e+00 1.471142e+00 1.615219e+00 2.974488e-03
<GCONST> 8.641653e+01
<MIXTURE> 46 9.336259e-03
<MEAN> 25
 -8.994588e+00 3.026255e+00 6.324488e-01 6.675325e+00 4.703028e+00 2.919662e+00 5.803498e+00 3.898149e+00 4.851382e+00 4.394190e+00 4.818800e+00 3.038391e+00 1.141475e+00 -3.360603e-01 2.085103e-02 1.100368e+00 5.966803e-01 9.767759e-01 5.383909e-01 7.503120e-01 3.346821e-01 3.768446e-01 5.275024e-01 3.951311e-01 -1.002478e-01
<VARIANCE> 25
 3.541483e+01 4.267421e+01 3.445506e+01 5.134442e+01 5.094203e+01 4.031705e+01 4.094411e+01 3.326340e+01 3.394732e+01 2.928588e+01 2.625279e+01 2.139058e+01 3.670367e+00 3.646305e+00 3.504233e+00 4.131544e+00 3.708351e+00 3.300188e+00 3.440000e+00 3.042952e+00 2.840187e+00 2.615900e+00 2.175796e+00 1.877630e+00 7.231632e-03
<GCONST> 9.742573e+01
<MIXTURE> 47 7.116147e-03
<MEAN> 25
 5.807515e+00 -6.019367e+00 -6.935144e+00 -7.677696e+00 1.511217e+00 -8.641315e-01 -9.247032e-01 1.002847e+00 2.001211e+00 -7.373458e-01 -3.974656e+00 -5.511837e+00 -1.530996e-01 -1.115034e+00 -7.137730e-01 -6.072886e-01 4.833040e-01 6.184596e-01 8.654187e-01 2.305494e-01 7.125045e-02 -9.555137e-01 -6.016897e-01 -4.133042e-01 3.015976e-02
<VARIANCE> 25
 1.040582e+01 1.928004e+01 1.856640e+01 4.274923e+01 3.276369e+01 8.230123e+01 3.781819e+01 3.359427e+01 4.328180e+01 3.919080e+01 3.996187e+01 2.578294e+01 4.759153e-01 6.183586e-01 9.181385e-01 1.505980e+00 2.021879e+00 2.151276e+00 1.861152e+00 2.165749e+00 1.690134e+00 2.180768e+00 1.834917e+00 1.610927e+00 5.941870e-04
<GCONST> 8.427060e+01
<MIXTURE> 48 7.116147e-03
<MEAN> 25
 5.807515e+00 -6.019367e+00 -6.935144e+00 -7.677696e+00 1.511217e+00 -8.641315e-01 -9.247032e-01 1.002847e+00 2.001211e+00 -7.373458e-01 -3.974656e+00 -5.511837e+00 -1.530996e-01 -1.115034e+00 -7.137730e-01 -6.072886e-01 4.833040e-01 6.184596e-01 8.654187e-01 2.305494e-01 7.125045e-02 -9.555137e-01 -6.016897e-01 -4.133042e-01 3.015976e-02
<VARIANCE> 25
 1.040582e+01 1.928004e+01 1.856640e+01 4.274923e+01 3.276369e+01 8.230123e+01 3.781819e+01 3.359427e+01 4.328180e+01 3.919080e+01 3.996187e+01 2.578294e+01 4.759153e-01 6.183586e-01 9.181385e-01 1.505980e+00 2.021879e+00 2.151276e+00 1.861152e+00 2.165749e+00 1.690134e+00 2.180768e+00 1.834917e+00 1.610927e+00 5.941870e-04
<GCONST> 8.427060e+01
<MIXTURE> 49 5.548473e-03
<MEAN> 25
 -3.347083e+00 -9.845678e-03 4.042564e-01 7.052238e+00 4.717497e+00 5.142756e+00 4.602697e+00 4.178650e+00 4.438416e+00 2.569234e+00 3.932235e+00 1.849976e+00 3.523494e-01 6.339002e-01 7.039095e-01 2.530276e-01 -2.768844e-01 -6.207694e-01 -9.667205e-01 -1.080266e+00 -1.029030e+00 -6.574097e-01 -4.065799e-01 -1.515639e-01 4.247065e-04
<VARIANCE> 25
 1.323739e+01 8.428497e+00 1.132185e+01 1.556964e+01 1.634880e+01 1.573849e+01 1.987264e+01 1.748791e+01 1.657785e+01 1.706468e+01 1.844560e+01 1.399192e+01 2.494735e-01 2.648314e-01 3.108365e-01 5.654918e-01 7.862472e-01 8.949202e-01 8.583090e-01 9.457716e-01 1.168498e+00 1.236886e+00 1.607028e+00 1.325900e+00 1.740862e-05
<GCONST> 6.358372e+01
<MIXTURE> 50 6.234641e-03
<MEAN> 25
 -1.393909e+00 -3.548293e-01 -5.986044e-01 4.295434e+00 2.633352e+00 2.027171e+00 1.648593e+00 8.431485e-01 1.121814e+00 6.695535e-01 1.594651e+00 1.244163e+00 5.852770e-02 7.312223e-02 8.782231e-02 -1.832543e-01 -5.413927e-01 -5.907886e-01 -5.231506e-01 -1.065039e-01 4.415167e-01 8.505396e-01 7.586508e-01 5.527550e-01 -6.386349e-06
<VARIANCE> 25
 1.129755e+01 8.796932e+00 9.763721e+00 1.310920e+01 1.239261e+01 1.284604e+01 1.574453e+01 1.569920e+01 1.725495e+01 1.396020e+01 1.656738e+01 1.338827e+01 1.512990e-01 2.360003e-01 4.672593e-01 5.733472e-01 5.652024e-01 7.889320e-01 9.575692e-01 1.159637e+00 1.024902e+00 1.021676e+00 1.081953e+00 1.055506e+00 1.671789e-06
<GCONST> 5.838903e+01
<MIXTURE> 51 6.234641e-03
<MEAN> 25
 -1.393909e+00 -3.548293e-01 -5.986044e-01 4.295434e+00 2.633352e+00 2.027171e+00 1.648593e+00 8.431485e-01 1.121814e+00 6.695535e-01 1.594651e+00 1.244163e+00 5.852770e-02 7.312223e-02 8.782231e-02 -1.832543e-01 -5.413927e-01 -5.907886e-01 -5.231506e-01 -1.065039e-01 4.415167e-01 8.505396e-01 7.586508e-01 5.527550e-01 -6.386349e-06
<VARIANCE> 25
 1.129755e+01 8.796932e+00 9.763721e+00 1.310920e+01 1.239261e+01 1.284604e+01 1.574453e+01 1.569920e+01 1.725495e+01 1.396020e+01 1.656738e+01 1.338827e+01 1.512990e-01 2.360003e-01 4.672593e-01 5.733472e-01 5.652024e-01 7.889320e-01 9.575692e-01 1.159637e+00 1.024902e+00 1.021676e+00 1.081953e+00 1.055506e+00 1.671789e-06
<GCONST> 5.838903e+01
<MIXTURE> 52 6.367945e-03
<MEAN> 25
 9.431479e+00 1.812050e+00 -5.903471e+00 -1.384463e+01 -4.022497e+00 7.662552e+00 -2.050597e+00 -3.412545e+00 -4.558381e+00 -1.611762e+00 3.124351e+00 1.223780e+00 -3.998780e-01 -4.168500e-01 -1.459292e-01 1.009871e+00 1.401337e+00 -4.557582e-01 -5.132381e-01 -6.531382e-01 1.732682e-01 1.104046e+00 2.414511e-01 -4.094600e-01 -1.168885e-02
<VARIANCE> 25
 1.088964e+01 1.869641e+01 2.406710e+01 3.695216e+01 4.056196e+01 3.818371e+01 4.486774e+01 4.685050e+01 3.966070e+01 4.366467e+01 3.589222e+01 2.789442e+01 4.067608e-01 1.350031e+00 1.344839e+00 2.750335e+00 2.241945e+00 2.177413e+00 2.934790e+00 2.562064e+00 2.943919e+00 2.967003e+00 2.453953e+00 2.252663e+00 1.434098e-03
<GCONST> 8.905672e+01
<MIXTURE> 53 6.367945e-03
<MEAN> 25
 9.431479e+00 1.812050e+00 -5.903471e+00 -1.384463e+01 -4.022497e+00 7.662552e+00 -2.050597e+00 -3.412545e+00 -4.558381e+00 -1.611762e+00 3.124351e+00 1.223780e+00 -3.998780e-01 -4.168500e-01 -1.459292e-01 1.009871e+00 1.401337e+00 -4.557582e-01 -5.132381e-01 -6.531382e-01 1.732682e-01 1.104046e+00 2.414511e-01 -4.094600e-01 -1.168885e-02
<VARIANCE> 25
 1.088964e+01 1.869641e+01 2.406710e+01 3.695216e+01 4.056196e+01 3.818371e+01 4.486774e+01 4.685050e+01 3.966070e+01 4.366467e+01 3.589222e+01 2.789442e+01 4.067608e-01 1.350031e+00 1.344839e+00 2.750335e+00 2.241945e+00 2.177413e+00 2.934790e+00 2.562064e+00 2.943919e+00 2.967003e+00 2.453953e+00 2.252663e+00 1.434098e-03
<GCONST> 8.905672e+01
<MIXTURE> 54 7.368620e-03
<MEAN> 25
 -2.321614e+00 -2.025221e-01 -4.000749e-01 6.996059e+00 5.734642e+00 4.660548e+00 4.182630e+00 3.791913e+00 3.603878e+00 3.036522e+00 3.497617e+00 1.651080e+00 5.916167e-03 1.726459e-02 9.424185e-03 5.646510e-02 4.644973e-02 4.047341e-02 4.331606e-02 1.919324e-02 5.189100e-02 1.972660e-03 -3.891283e-03 5.390237e-02 1.268237e-05
<VARIANCE> 25
 1.114931e+01 8.804495e+00 8.076135e+00 1.721574e+01 1.321072e+01 1.262495e+01 1.183718e+01 1.449387e+01 1.317986e+01 1.339670e+01 1.633380e+01 1.261074e+01 4.782594e-02 8.677857e-02 1.726975e-01 2.535211e-01 3.034527e-01 4.620264e-01 4.709838e-01 6.186169e-01 5.790704e-01 5.058258e-01 5.177968e-01 5.167836e-01 1.186087e-06
<GCONST> 4.822945e+01
<MIXTURE> 55 7.368620e-03
<MEAN> 25
 -2.321614e+00 -2.025221e-01 -4.000749e-01 6.996059e+00 5.734642e+00 4.660548e+00 4.182630e+00 3.791913e+00 3.603878e+00 3.036522e+00 3.497617e+00 1.651080e+00 5.916167e-03 1.726459e-02 9.424185e-03 5.646510e-02 4.644973e-02 4.047341e-02 4.331606e-02 1.919324e-02 5.189100e-02 1.972660e-03 -3.891283e-03 5.390237e-02 1.268237e-05
<VARIANCE> 25
 1.114931e+01 8.804495e+00 8.076135e+00 1.721574e+01 1.321072e+01 1.262495e+01 1.183718e+01 1.449387e+01 1.317986e+01 1.339670e+01 1.633380e+01 1.261074e+01 4.782594e-02 8.677857e-02 1.726975e-01 2.535211e-01 3.034527e-01 4.620264e-01 4.709838e-01 6.186169e-01 5.790704e-01 5.058258e-01 5.177968e-01 5.167836e-01 1.186087e-06
<GCONST> 4.822945e+01
<MIXTURE> 56 6.132464e-03
<MEAN> 25
 5.220509e+00 -4.844070e+00 -7.294755e+00 -9.363282e+00 4.130767e+00 4.323063e-01 -1.399240e+00 -1.431528e+00 1.972950e+00 3.539488e-01 -2.487624e+00 -5.360484e+00 -8.868622e-02 6.579453e-02 -4.481248e-02 1.948797e-01 2.618364e-01 3.627867e-02 1.217601e-01 -1.742159e-01 1.657214e-01 -1.072366e-01 -5.590231e-03 -1.673939e-02 -5.840736e-03
<VARIANCE> 25
 9.130481e+00 2.384407e+01 1.674508e+01 4.015335e+01 2.575073e+01 9.002715e+01 5.027997e+01 2.663125e+01 3.015140e+01 3.104462e+01 3.156883e+01 2.630302e+01 2.211976e-01 3.859198e-01 3.676878e-01 7.281219e-01 7.683094e-01 1.198869e+00 8.785307e-01 8.558184e-01 8.144503e-01 1.014990e+00 1.131738e+00 1.112163e+00 2.121505e-04
<GCONST> 7.378816e+01
<MIXTURE> 57 6.132464e-03
<MEAN> 25
 5.220509e+00 -4.844070e+00 -7.294755e+00 -9.363282e+00 4.130767e+00 4.323063e-01 -1.399240e+00 -1.431528e+00 1.972950e+00 3.539488e-01 -2.487624e+00 -5.360484e+00 -8.868622e-02 6.579453e-02 -4.481248e-02 1.948797e-01 2.618364e-01 3.627867e-02 1.217601e-01 -1.742159e-01 1.657214e-01 -1.072366e-01 -5.590231e-03 -1.673939e-02 -5.840736e-03
<VARIANCE> 25
 9.130481e+00 2.384407e+01 1.674508e+01 4.015335e+01 2.575073e+01 9.002715e+01 5.027997e+01 2.663125e+01 3.015140e+01 3.104462e+01 3.156883e+01 2.630302e+01 2.211976e-01 3.859198e-01 3.676878e-01 7.281219e-01 7.683094e-01 1.198869e+00 8.785307e-01 8.558184e-01 8.144503e-01 1.014990e+00 1.131738e+00 1.112163e+00 2.121505e-04
<GCONST> 7.378816e+01
<MIXTURE> 58 6.172147e-03
<MEAN> 25
 2.394085e+00 -1.824368e+00 4.216957e+00 -3.681213e+00 -9.435295e+00 -4.322393e+00 -3.383744e-01 1.235178e+00 -6.779006e-01 1.384872e+00 8.268835e-01 -6.281261e-01 1.306390e-02 -1.401574e-01 -1.110378e-01 -1.876583e-01 5.395561e-04 9.257277e-02 2.611044e-01 4.178256e-01 1.123078e-01 1.889836e-02 -1.053819e-01 -2.232792e-01 -5.747686e-04
<VARIANCE> 25
 5.810064e+00 1.192710e+01 1.804465e+01 2.700734e+01 2.528910e+01 3.270242e+01 2.998671e+01 3.472758e+01 3.029855e+01 2.036854e+01 1.933069e+01 1.489108e+01 3.683646e-01 5.748048e-01 8.691617e-01 9.587933e-01 8.613279e-01 1.053793e+00 1.402512e+00 1.583747e+00 1.142993e+00 1.082215e+00 1.028594e+00 8.854996e-01 4.912780e-04
<GCONST> 7.359516e+01
<MIXTURE> 59 6.172147e-03
<MEAN> 25
 2.394085e+00 -1.824368e+00 4.216957e+00 -3.681213e+00 -9.435295e+00 -4.322393e+00 -3.383744e-01 1.235178e+00 -6.779006e-01 1.384872e+00 8.268835e-01 -6.281261e-01 1.306390e-02 -1.401574e-01 -1.110378e-01 -1.876583e-01 5.395561e-04 9.257277e-02 2.611044e-01 4.178256e-01 1.123078e-01 1.889836e-02 -1.053819e-01 -2.232792e-01 -5.747686e-04
<VARIANCE> 25
 5.810064e+00 1.192710e+01 1.804465e+01 2.700734e+01 2.528910e+01 3.270242e+01 2.998671e+01 3.472758e+01 3.029855e+01 2.036854e+01 1.933069e+01 1.489108e+01 3.683646e-01 5.748048e-01 8.691617e-01 9.587933e-01 8.613279e-01 1.053793e+00 1.402512e+00 1.583747e+00 1.142993e+00 1.082215e+00 1.028594e+00 8.854996e-01 4.912780e-04
<GCONST> 7.359516e+01
<MIXTURE> 60 4.479129e-03
<MEAN> 25
 4.807509e-01 -8.383315e-01 2.939163e-01 3.028521e+00 1.019238e+00 2.483050e+00 7.168581e-01 4.402688e-01 9.644702e-01 9.277505e-01 1.225329e+00 9.767113e-01 2.695343e-02 5.378557e-02 1.646902e-01 2.053750e-01 1.806340e-01 1.625188e-01 2.063279e-01 3.612725e-01 5.364949e-01 6.261185e-01 5.315872e-01 3.436630e-01 5.676283e-05
<VARIANCE> 25
 6.283586e+00 3.324024e+00 6.122768e+00 8.288398e+00 8.498377e+00 1.023877e+01 9.793465e+00 1.044780e+01 1.038706e+01 9.283023e+00 1.165690e+01 1.201554e+01 1.144733e-01 1.720045e-01 3.071353e-01 5.319168e-01 6.865557e-01 8.838263e-01 9.986057e-01 1.027834e+00 8.292984e-01 8.949827e-01 8.431517e-01 9.933489e-01 3.902650e-05
<GCONST> 5.467836e+01
<MIXTURE> 61 4.479129e-03
<MEAN> 25
 4.807509e-01 -8.383315e-01 2.939163e-01 3.028521e+00 1.019238e+00 2.483050e+00 7.168581e-01 4.402688e-01 9.644702e-01 9.277505e-01 1.225329e+00 9.767113e-01 2.695343e-02 5.378557e-02 1.646902e-01 2.053750e-01 1.806340e-01 1.625188e-01 2.063279e-01 3.612725e-01 5.364949e-01 6.261185e-01 5.315872e-01 3.436630e-01 5.676283e-05
<VARIANCE> 25
 6.283586e+00 3.324024e+00 6.122768e+00 8.288398e+00 8.498377e+00 1.023877e+01 9.793465e+00 1.044780e+01 1.038706e+01 9.283023e+00 1.165690e+01 1.201554e+01 1.144733e-01 1.720045e-01 3.071353e-01 5.319168e-01 6.865557e-01 8.838263e-01 9.986057e-01 1.027834e+00 8.292984e-01 8.949827e-01 8.431517e-01 9.933489e-01 3.902650e-05
<GCONST> 5.467836e+01
<MIXTURE> 62 3.278034e-03
<MEAN> 25
 -4.815749e+00 1.336051e+00 9.229557e-01 8.589728e+00 5.830760e+00 4.881424e+00 5.220195e+00 3.804613e+00 4.859494e+00 3.832037e+00 4.863212e+00 2.781109e+00 -9.591868e-01 -1.120652e+00 -9.564182e-01 -2.606882e-01 4.380998e-01 9.847041e-01 1.385704e+00 1.596721e+00 1.434091e+00 1.192890e+00 1.086057e+00 7.258437e-01 -1.290064e-03
<VARIANCE> 25
 1.064209e+01 1.036856e+01 1.336456e+01 1.703602e+01 1.816466e+01 1.736918e+01 2.019540e+01 1.897023e+01 1.916535e+01 1.819714e+01 2.072758e+01 1.458664e+01 4.202356e-01 4.520622e-01 5.446356e-01 8.099549e-01 1.048638e+00 1.173675e+00 1.231868e+00 1.279883e+00 1.383898e+00 1.403377e+00 1.407364e+00 1.411196e+00 1.722365e-05
<GCONST> 6.791127e+01
<MIXTURE> 63 4.351215e-03
<MEAN> 25
 -9.566063e-01 -6.557513e-01 -1.435792e+00 2.290508e+00 1.133520e+00 1.094419e+00 9.931971e-01 6.505594e-02 7.028548e-01 -9.004139e-01 -9.432841e-01 1.896274e-01 1.033585e-03 2.756098e-01 3.889352e-01 5.909636e-01 5.025116e-01 4.708968e-01 3.794115e-01 2.270492e-01 8.215413e-02 1.610570e-01 2.195423e-01 8.401144e-02 -3.323605e-03
<VARIANCE> 25
 9.290747e+00 1.026784e+01 1.049884e+01 1.124130e+01 1.303126e+01 1.728143e+01 1.339118e+01 1.763606e+01 1.576635e+01 1.646268e+01 1.337915e+01 1.162319e+01 3.267811e-01 4.044456e-01 6.129989e-01 7.164763e-01 8.253921e-01 9.671288e-01 1.173589e+00 1.246370e+00 1.082038e+00 1.298501e+00 1.418289e+00 1.280627e+00 2.042024e-04
<GCONST> 6.651196e+01
<MIXTURE> 64 4.351215e-03
<MEAN> 25
 -9.566063e-01 -6.557513e-01 -1.435792e+00 2.290508e+00 1.133520e+00 1.094419e+00 9.931971e-01 6.505594e-02 7.028548e-01 -9.004139e-01 -9.432841e-01 1.896274e-01 1.033585e-03 2.756098e-01 3.889352e-01 5.909636e-01 5.025116e-01 4.708968e-01 3.794115e-01 2.270492e-01 8.215413e-02 1.610570e-01 2.195423e-01 8.401144e-02 -3.323605e-03
<VARIANCE> 25
 9.290747e+00 1.026784e+01 1.049884e+01 1.124130e+01 1.303126e+01 1.728143e+01 1.339118e+01 1.763606e+01 1.576635e+01 1.646268e+01 1.337915e+01 1.162319e+01 3.267811e-01 4.044456e-01 6.129989e-01 7.164763e-01 8.253921e-01 9.671288e-01 1.173589e+00 1.246370e+00 1.082038e+00 1.298501e+00 1.418289e+00 1.280627e+00 2.042024e-04
<GCONST> 6.651196e+01
<MIXTURE> 65 1.721197e-02
<MEAN> 25
 4.363234e+00 5.944054e-01 1.514284e+00 -2.354463e-01 -3.684023e+00 -3.221524e+00 -5.132866e+00 -4.347747e+00 -1.995051e+00 -1.405797e+00 -1.911068e+00 -8.313919e-01 2.236171e-01 1.632131e-02 4.933618e-02 8.801483e-02 -1.889253e-01 2.832538e-01 -1.806974e-01 -9.444252e-02 1.016234e-01 8.921541e-02 -5.105947e-02 -1.393846e-01 -4.675455e-03
<VARIANCE> 25
 6.218205e+00 8.834834e+00 1.466198e+01 2.837011e+01 2.166049e+01 4.007496e+01 3.219113e+01 3.367276e+01 3.465971e+01 3.115909e+01 3.303711e+01 2.705377e+01 5.531877e-01 5.810641e-01 1.257064e+00 1.441226e+00 1.820064e+00 1.896904e+00 2.490251e+00 2.814043e+00 2.081121e+00 2.231081e+00 1.824382e+00 1.854939e+00 3.574917e-04
<GCONST> 8.098198e+01
<MIXTURE> 66 1.191532e-02
<MEAN> 25
 4.775229e+00 -1.774070e+00 -4.622627e+00 -6.956768e+00 8.950127e-01 -7.712510e+00 -4.792470e+00 5.073575e-01 1.858636e-01 -1.805685e+00 -4.578487e+00 -1.967576e+00 -4.920335e-02 1.145918e+00 2.109528e+00 2.377682e+00 -1.159088e+00 -4.276481e-01 -3.684078e-01 -6.575100e-01 -3.025711e-01 -6.150820e-02 9.222023e-02 9.012591e-01 -5.570642e-02
<VARIANCE> 25
 9.013125e+00 2.043085e+01 2.413548e+01 3.063970e+01 2.849887e+01 4.843762e+01 4.713912e+01 4.171215e+01 5.218106e+01 5.279264e+01 3.199413e+01 2.946161e+01 1.340207e+00 2.177997e+00 1.820358e+00 1.954738e+00 2.868780e+00 4.050025e+00 4.125355e+00 3.771264e+00 3.502320e+00 4.234996e+00 3.201421e+00 2.446656e+00 1.064097e-03
<GCONST> 9.279958e+01
<MIXTURE> 67 1.559142e-02
<MEAN> 25
 8.701911e+00 2.062801e+00 -5.884492e+00 -8.234778e+00 7.559330e-01 2.516577e+00 -3.345685e+00 -2.272225e+00 -3.493538e+00 8.677309e-01 1.112706e-01 -1.536702e+00 -1.070581e+00 1.770722e+00 1.082668e+00 3.066501e+00 1.331323e+00 -4.756016e-01 1.222681e+00 1.085896e-01 1.147495e-01 1.969294e-01 -2.575169e-01 6.137650e-01 -1.250278e-01
<VARIANCE> 25
 1.237729e+01 3.706017e+01 2.962944e+01 5.416104e+01 4.780361e+01 5.813759e+01 5.980054e+01 5.106562e+01 6.752456e+01 5.563723e+01 5.411457e+01 4.676251e+01 2.100730e+00 3.444840e+00 3.228322e+00 4.340875e+00 4.487003e+00 4.424948e+00 4.745481e+00 4.857828e+00 5.361290e+00 4.717245e+00 4.996122e+00 3.591181e+00 3.313262e-03
<GCONST> 1.026308e+02
<MIXTURE> 68 1.485092e-02
<MEAN> 25
 -2.133895e+00 -1.382459e+00 -3.778403e+00 3.518870e-01 4.252579e+00 -1.996210e+00 1.827263e+00 1.472211e+00 1.587700e+00 1.348955e+00 4.056850e-01 2.600433e+00 2.577941e+00 4.394071e-01 1.336411e-01 -2.570337e+00 -2.085823e+00 -1.810523e+00 -1.938099e+00 -1.666092e+00 -1.290698e+00 -1.019117e+00 -1.912411e+00 -9.647782e-01 8.606977e-02
<VARIANCE> 25
 2.279201e+01 2.895752e+01 4.768832e+01 5.197184e+01 4.106179e+01 8.081359e+01 3.853382e+01 3.545588e+01 3.878679e+01 3.852925e+01 3.892197e+01 2.693675e+01 1.866143e+00 3.171299e+00 4.856128e+00 5.533171e+00 4.354406e+00 4.978094e+00 5.250294e+00 4.388040e+00 5.500575e+00 5.153544e+00 4.519570e+00 4.277274e+00 5.849900e-03
<GCONST> 1.022935e+02
<MIXTURE> 69 1.204884e-02
<MEAN> 25
 2.894367e+00 -1.804600e+00 -3.733221e+00 -5.493565e+00 -2.137501e+00 -1.014587e+01 -3.290769e-01 2.709550e+00 -1.671831e+00 -3.115236e+00 -4.599205e+00 8.715802e-01 1.269186e+00 -1.534882e+00 -1.311332e+00 -2.571670e+00 -1.595822e-01 -8.033545e-01 9.481712e-02 4.288824e-01 -1.122648e+00 -7.872687e-01 -1.816669e+00 -3.188110e-01 5.374478e-02
<VARIANCE> 25
 8.188187e+00 1.910483e+01 1.974176e+01 2.750500e+01 3.650868e+01 4.570930e+01 3.591378e+01 2.908559e+01 4.153514e+01 3.219236e+01 2.527105e+01 2.155883e+01 3.012264e+00 2.278701e+00 3.252421e+00 3.412577e+00 3.776786e+00 3.630384e+00 4.986682e+00 5.285008e+00 4.498469e+00 4.756162e+00 3.003010e+00 3.353425e+00 1.848669e-03
<GCONST> 9.446910e+01
<MIXTURE> 70 1.329190e-02
<MEAN> 25
 6.201929e+00 -8.063800e-01 -3.587393e+00 -4.765449e+00 -1.841261e+00 -9.036297e-01 -7.398997e+00 -4.972723e+00 1.656014e+00 3.627863e+00 1.613443e+00 -3.065893e+00 1.650244e+00 -8.202466e-01 -7.082385e-01 -2.134978e+00 -1.265777e+00 6.562009e-01 -1.219637e+00 -4.697562e-02 4.860348e-01 2.548762e-01 5.699444e-01 -1.403434e+00 5.465532e-02
<VARIANCE> 25
 1.079460e+01 1.770667e+01 2.245431e+01 4.200572e+01 3.206935e+01 3.632476e+01 4.168222e+01 3.816949e+01 4.121494e+01 2.619027e+01 3.654272e+01 2.758546e+01 2.569394e+00 2.606222e+00 3.568062e+00 4.009984e+00 4.604455e+00 5.857629e+00 6.347653e+00 6.539363e+00 4.495325e+00 4.095612e+00 4.196719e+00 4.093378e+00 2.056779e-03
<GCONST> 9.753476e+01
<MIXTURE> 71 1.406903e-02
<MEAN> 25
 4.359040e+00 3.473842e+00 3.335139e+00 7.981115e-01 -3.089576e+00 -4.760842e+00 -3.045820e+00 -4.675250e+00 -4.470812e+00 -1.975739e+00 -3.378078e+00 -2.064705e+00 -1.486247e+00 -5.479777e-01 -8.092766e-01 -1.360757e+00 1.084228e+00 -5.910655e-01 7.191610e-01 1.290036e+00 3.777523e-01 -2.539146e-02 4.951800e-01 -3.397891e-01 4.479009e-02
<VARIANCE> 25
 1.626017e+01 1.824597e+01 1.734654e+01 3.573534e+01 2.876919e+01 4.639412e+01 3.734644e+01 3.074552e+01 2.889149e+01 3.069792e+01 3.197859e+01 2.743236e+01 1.542942e+00 1.884386e+00 4.223993e+00 3.845626e+00 3.306226e+00 4.646061e+00 4.979838e+00 4.160660e+00 4.609728e+00 3.267021e+00 2.533498e+00 3.713330e+00 1.240042e-03
<GCONST> 9.375499e+01
<MIXTURE> 72 8.134747e-03
<MEAN> 25
 1.641207e+00 -7.995453e-01 2.037469e+00 -9.315872e+00 -5.418739e+00 -1.323681e+01 -1.424032e-01 2.282319e+00 -2.803034e+00 -2.230452e+00 -8.008086e-01 1.764191e+00 7.438246e-01 -6.458462e-01 -2.109063e+00 5.575483e-01 1.739199e+00 -6.690916e-01 -1.061479e+00 1.109238e+00 1.349662e+00 -9.647215e-01 -1.274370e+00 2.137622e-01 -9.268534e-03
<VARIANCE> 25
 7.051983e+00 1.474091e+01 2.291788e+01 4.259877e+01 2.712583e+01 3.339590e+01 3.976578e+01 2.650301e+01 3.433529e+01 2.901769e+01 2.817075e+01 2.005919e+01 2.781989e-01 5.521219e-01 1.271552e+00 1.317155e+00 1.454532e+00 1.853063e+00 2.756697e+00 2.309269e+00 1.520007e+00 2.139367e+00 1.548572e+00 1.701012e+00 3.904123e-04
<GCONST> 8.026910e+01
<MIXTURE> 73 1.213625e-02
<MEAN> 25
 -4.862944e+00 -7.086307e-01 -1.181904e+00 4.395586e+00 3.315221e+00 1.139134e+00 5.228091e+00 3.220721e+00 3.426628e+00 2.847840e+00 3.349206e+00 2.354062e+00 6.603166e-01 -7.629135e-01 -5.787491e-01 -2.549063e+00 -9.435084e-01 -2.225082e+00 -5.615047e-01 -3.175782e-01 -6.221997e-01 -3.118308e-01 -1.184403e+00 -6.403354e-01 1.259558e-01
<VARIANCE> 25
 1.357364e+01 1.036814e+01 1.162516e+01 1.849590e+01 1.820593e+01 2.938589e+01 1.861823e+01 1.672696e+01 1.777748e+01 2.024854e+01 2.329974e+01 1.624406e+01 4.379311e+00 3.010237e+00 4.537619e+00 4.547902e+00 5.274897e+00 4.578219e+00 3.789578e+00 3.675661e+00 4.034302e+00 4.124282e+00 3.182445e+00 2.971319e+00 4.857925e-03
<GCONST> 9.126559e+01
<MIXTURE> 74 1.756491e-02
<MEAN> 25
 2.819193e+00 -3.502387e-01 2.475353e+00 -3.695228e+00 -6.033663e+00 -8.768207e+00 -3.464701e+00 6.247214e-01 -2.242042e+00 -1.616065e+00 -6.518936e-01 4.702765e-01 2.585522e-01 1.139719e+00 5.069751e-01 1.927605e+00 5.588736e-01 1.116371e+00 -3.570527e-01 -1.182074e+00 -1.202663e-01 -4.138599e-02 -9.168277e-02 9.062285e-02 -5.909330e-02
<VARIANCE> 25
 9.496351e+00 1.478565e+01 2.729540e+01 4.174746e+01 2.653296e+01 3.552411e+01 3.555085e+01 3.777075e+01 4.981813e+01 3.682066e+01 3.656445e+01 2.560824e+01 1.711242e+00 1.989277e+00 2.797606e+00 2.034545e+00 3.428211e+00 4.008587e+00 4.639166e+00 3.528631e+00 3.447180e+00 2.954052e+00 2.632313e+00 2.505908e+00 1.205226e-03
<GCONST> 9.220348e+01
<MIXTURE> 75 9.711651e-03
<MEAN> 25
 2.263325e+00 -2.945881e-01 7.778228e+00 7.773671e-01 -1.073037e+01 -6.856674e+00 -4.905210e+00 2.392223e-01 -2.632759e+00 -2.632027e+00 4.516232e+00 6.971122e-01 1.589364e+00 -1.445326e+00 3.471266e-01 -6.214347e-01 -2.559940e+00 -8.236144e-01 -1.281415e+00 9.416255e-01 3.900390e-01 1.980526e-01 1.003513e+00 -3.762974e-01 3.640727e-02
<VARIANCE> 25
 8.869078e+00 1.509241e+01 3.813346e+01 2.161256e+01 2.360386e+01 2.546262e+01 2.489102e+01 2.850303e+01 3.199678e+01 3.160345e+01 2.009159e+01 1.715921e+01 1.842134e+00 1.519967e+00 3.168786e+00 2.240644e+00 3.136681e+00 3.650417e+00 3.153190e+00 2.976599e+00 3.507991e+00 3.012809e+00 2.653723e+00 2.162346e+00 1.130783e-03
<GCONST> 8.827009e+01
<MIXTURE> 76 1.052359e-02
<MEAN> 25
 -1.619468e+00 2.156904e-01 -8.668445e-01 2.431234e+00 1.078582e+00 1.842366e+00 1.919248e+00 7.383774e-01 8.484721e-01 -1.146761e-01 9.041329e-01 6.441255e-01 -1.985357e-01 -1.665120e-01 -2.101122e-01 -7.149324e-01 -5.004137e-01 -7.452049e-01 -5.537078e-01 -4.494341e-01 -3.856084e-01 -3.668235e-01 -2.861139e-01 -3.630002e-01 1.230398e-02
<VARIANCE> 25
 1.885328e+01 1.292700e+01 1.463786e+01 1.354113e+01 1.311133e+01 1.915354e+01 1.546853e+01 2.094477e+01 1.849473e+01 1.603763e+01 1.560328e+01 1.617665e+01 1.270067e+00 7.818933e-01 1.124943e+00 9.185703e-01 1.135303e+00 1.386254e+00 1.462955e+00 1.603522e+00 1.490523e+00 1.450460e+00 1.441500e+00 1.520522e+00 7.389124e-04
<GCONST> 7.493980e+01
<MIXTURE> 77 1.244626e-02
<MEAN> 25
 -2.803461e+00 6.177711e+00 7.858531e+00 -1.601613e+01 -4.203277e+00 -2.697764e+00 -7.307218e+00 -5.372047e+00 -9.341927e-01 1.562987e+00 -1.873952e+00 9.420699e-01 9.075867e-02 2.117246e-02 -2.031951e-01 3.107591e-01 8.860271e-02 1.314329e-01 -2.147075e-01 -9.399066e-02 1.310713e-01 -9.663559e-02 2.155527e-01 1.744890e-01 -1.002125e-02
<VARIANCE> 25
 8.602081e+00 1.163346e+01 1.931739e+01 6.308474e+01 2.650898e+01 3.321141e+01 2.340826e+01 3.680282e+01 2.128658e+01 1.705149e+01 2.557683e+01 2.320630e+01 2.640282e-01 5.392441e-01 7.643747e-01 9.991731e-01 1.231762e+00 1.160442e+00 9.730350e-01 1.096630e+00 9.479935e-01 9.234699e-01 1.004779e+00 1.353523e+00 4.145406e-04
<GCONST> 7.406721e+01
<MIXTURE> 78 9.702551e-03
<MEAN> 25
 -7.967133e+00 3.298624e+00 -1.930789e+00 3.060987e+00 1.528882e+00 -6.712226e-01 1.276841e+00 1.119454e+00 9.126657e-01 -9.863989e-02 -4.674412e-01 1.432682e+00 2.247513e+00 -4.960096e-01 1.012924e-01 3.305313e-01 1.654382e-01 1.636166e-01 4.124492e-02 1.972008e-01 1.132323e-01 3.270780e-02 -3.151768e-01 -3.866397e-01 -6.339572e-02
<VARIANCE> 25
 3.604145e+01 2.840152e+01 2.123748e+01 2.820522e+01 2.476769e+01 3.597631e+01 2.529445e+01 2.313242e+01 2.215816e+01 1.969341e+01 1.897820e+01 1.823133e+01 2.873067e+00 2.129270e+00 1.653785e+00 2.841453e+00 1.879118e+00 3.446196e+00 2.525573e+00 2.606969e+00 1.669862e+00 2.055109e+00 1.391432e+00 2.083880e+00 3.252928e-03
<GCONST> 8.804317e+01
<MIXTURE> 79 1.156824e-02
<MEAN> 25
 8.032649e-01 2.206410e+00 6.250715e+00 -1.087593e+01 -7.834610e+00 -5.211448e+00 -2.732238e+00 -4.315794e+00 -4.384109e+00 1.755435e+00 -1.079388e+00 -1.309653e+00 1.136746e+00 -5.278683e-01 -1.256357e+00 1.860616e+00 3.260224e-01 -1.234522e+00 6.825066e-01 1.009612e+00 -8.069666e-01 -5.545238e-01 2.932812e-01 3.773880e-01 -2.533173e-02
<VARIANCE> 25
 1.125362e+01 1.534189e+01 2.646017e+01 5.763068e+01 2.701516e+01 3.458159e+01 4.220393e+01 3.076589e+01 3.317614e+01 2.697176e+01 3.615897e+01 2.497063e+01 8.203059e-01 1.547472e+00 1.514901e+00 2.539189e+00 2.072214e+00 2.532068e+00 2.715090e+00 2.541284e+00 2.390113e+00 2.295044e+00 1.384030e+00 1.539810e+00 9.466610e-04
<GCONST> 8.670985e+01
<MIXTURE> 80 7.550998e-03
<MEAN> 25
 -1.368997e+01 5.085586e+00 3.074784e-01 8.377929e-01 1.771443e+00 1.099453e-01 5.321452e+00 2.109727e+00 1.408214e+00 2.999999e+00 3.935023e+00 6.563338e-01 3.975095e+00 -2.286917e-01 1.621674e+00 -2.015060e+00 -3.076919e+00 -2.997014e+00 -2.030149e+00 -2.173057e+00 -1.082847e+00 -1.027434e+00 -1.206415e+00 -6.864183e-01 -4.051388e-02
<VARIANCE> 25
 1.892410e+01 1.789479e+01 3.046881e+01 4.403836e+01 3.033758e+01 2.647953e+01 2.397657e+01 2.757191e+01 2.654425e+01 3.321445e+01 2.343635e+01 1.668785e+01 1.960969e+00 2.322471e+00 2.234341e+00 4.428345e+00 3.014059e+00 2.263423e+00 2.930862e+00 2.917469e+00 3.382894e+00 3.187130e+00 2.635593e+00 2.358505e+00 1.139055e-03
<GCONST> 9.020869e+01
<MIXTURE> 81 8.025434e-03
<MEAN> 25
 -1.929809e+00 4.110888e+00 8.232253e+00 -1.657642e+01 -7.111772e+00 -4.734086e+00 -5.406460e+00 -7.357541e+00 -2.888316e+00 1.463534e+00 -3.841984e+00 -3.894638e-01 1.911751e-01 -3.683283e-01 -1.034642e-01 -5.944712e-01 -8.294368e-02 1.998488e-01 2.128397e-01 2.513345e-01 -1.931918e-02 -2.280045e-01 -1.548619e-01 2.671563e-02 9.259171e-03
<VARIANCE> 25
 9.116971e+00 1.956116e+01 1.974057e+01 4.027550e+01 2.812581e+01 2.772805e+01 3.518858e+01 3.033464e+01 2.729447e+01 2.275875e+01 2.349944e+01 2.644766e+01 6.942499e-01 1.860194e+00 1.652430e+00 3.435962e+00 2.228596e+00 2.108549e+00 2.610859e+00 2.314081e+00 2.128879e+00 2.352297e+00 2.096930e+00 2.229694e+00 9.207957e-04
<GCONST> 8.580637e+01
<MIXTURE> 82 8.213053e-03
<MEAN> 25
 -9.265697e+00 -2.928931e+00 7.907598e-01 -3.579600e+00 2.265701e+00 -7.636139e-01 8.334549e-01 1.135416e+00 2.296184e+00 3.074351e+00 1.058523e+00 2.741898e+00 -1.371529e+00 8.866777e-02 3.961859e-01 -2.916702e+00 -1.149863e+00 -1.786241e+00 -1.155379e+00 -8.954963e-01 -2.007096e-01 -3.631651e-01 -2.682860e-01 -3.592585e-01 1.515234e-01
<VARIANCE> 25
 1.993439e+01 2.032847e+01 3.023202e+01 2.898222e+01 3.102992e+01 4.729593e+01 3.244375e+01 2.998962e+01 2.764071e+01 2.794934e+01 3.085723e+01 1.451135e+01 3.250588e+00 2.459039e+00 2.517822e+00 3.947005e+00 3.226211e+00 3.796595e+00 2.565461e+00 2.687294e+00 2.673533e+00 2.168968e+00 1.996926e+00 1.761100e+00 3.999241e-03
<GCONST> 9.195730e+01
<MIXTURE> 83 1.167529e-02
<MEAN> 25
 -1.830496e+01 7.748868e+00 -3.218213e+00 5.260997e-01 5.254641e+00 -1.807005e+00 3.537228e+00 2.445633e+00 -7.619786e-01 1.906689e+00 1.805740e+00 2.186650e+00 6.348101e-02 -4.355754e-01 2.549494e-01 -4.467226e-01 -6.895519e-02 -9.974224e-02 1.314146e-01 -1.334314e-01 -5.654414e-02 -1.101442e-01 -2.101478e-01 -1.635045e-02 -8.126069e-04
<VARIANCE> 25
 8.739235e+00 1.778378e+01 2.044930e+01 1.722029e+01 1.969375e+01 2.098758e+01 2.319573e+01 2.694386e+01 2.038841e+01 2.138611e+01 2.188614e+01 1.251807e+01 9.006031e-01 6.824363e-01 1.047771e+00 1.114712e+00 1.355173e+00 1.288660e+00 1.600063e+00 1.299655e+00 1.174870e+00 1.220026e+00 9.715395e-01 9.230702e-01 7.970596e-04
<GCONST> 7.508447e+01
<MIXTURE> 84 1.066614e-02
<MEAN> 25
 1.129501e+00 8.332398e+00 6.796096e+00 7.619866e+00 2.746703e+00 -8.632818e-01 -1.496807e+00 -4.374444e+00 -4.010020e+00 -2.908780e+00 -2.280505e+00 -1.425941e+00 -1.584619e+00 -1.128537e+00 -1.180595e+00 1.220598e+00 2.135998e+00 1.421336e+00 1.374402e+00 1.389134e+00 1.094792e+00 3.888330e-01 4.163648e-01 4.690421e-01 -6.784627e-02
<VARIANCE> 25
 2.199687e+01 2.148261e+01 2.181272e+01 2.392689e+01 2.768143e+01 2.707866e+01 2.637442e+01 2.477165e+01 2.403757e+01 2.454769e+01 2.313962e+01 2.369460e+01 2.445357e+00 2.423929e+00 3.629777e+00 3.094165e+00 3.198776e+00 3.241179e+00 3.215567e+00 3.540327e+00 3.341285e+00 3.066966e+00 3.360587e+00 2.732177e+00 3.430308e-03
<GCONST> 9.198954e+01
<MIXTURE> 85 7.591393e-03
<MEAN> 25
 -3.561029e+00 7.935328e+00 5.331021e+00 2.870303e-01 -3.399328e+00 -5.669879e+00 -2.915754e+00 -5.849899e+00 -3.291201e+00 -2.547010e+00 -3.756145e-01 -1.598875e+00 3.808158e+00 2.327927e-01 1.768035e+00 -2.229596e+00 -3.309580e+00 -2.524485e+00 -2.856313e+00 -2.306798e+00 -1.950557e+00 -1.096250e+00 -2.089293e+00 -5.309854e-01 6.209069e-03
<VARIANCE> 25
 4.225141e+01 2.226726e+01 3.588339e+01 4.666870e+01 3.823768e+01 4.116990e+01 3.100352e+01 2.788459e+01 2.587576e+01 2.872095e+01 2.576303e+01 2.081681e+01 2.624733e+00 4.062879e+00 3.809419e+00 5.074720e+00 4.171243e+00 3.699001e+00 3.669914e+00 3.761748e+00 4.291249e+00 3.990168e+00 4.032227e+00 3.305533e+00 5.034327e-03
<GCONST> 9.806516e+01
<MIXTURE> 86 1.273941e-02
<MEAN> 25
 -6.093965e-01 -1.096106e+00 1.258422e-01 3.908262e+00 2.572842e+00 3.985707e+00 3.776044e+00 3.791183e+00 3.561032e+00 2.667378e+00 3.196579e+00 1.466773e+00 -9.999862e-03 -4.656067e-02 -3.258967e-02 -1.372176e-01 -1.533429e-01 -1.961005e-01 -3.295433e-01 -2.533825e-01 -3.342444e-01 -4.449563e-01 -2.947794e-01 -1.189823e-01 -8.271919e-04
<VARIANCE> 25
 9.525042e+00 4.053017e+00 5.138855e+00 7.610486e+00 1.030781e+01 9.126387e+00 8.741708e+00 1.095282e+01 9.478661e+00 1.113935e+01 1.115020e+01 1.062493e+01 1.076469e-01 2.254294e-01 4.005146e-01 4.981703e-01 5.864022e-01 7.426004e-01 9.088311e-01 6.914486e-01 8.835682e-01 8.111929e-01 8.487150e-01 8.740228e-01 7.665585e-05
<GCONST> 5.507235e+01
<MIXTURE> 87 1.100681e-02
<MEAN> 25
 -2.560631e+00 3.553150e+00 2.868251e+00 5.478957e+00 3.972160e+00 5.467550e-01 1.065712e+00 -1.266906e+00 -4.781521e-01 -7.456740e-01 -3.853598e-01 1.730445e-01 -1.988187e+00 -2.212196e+00 -1.610988e+00 -1.958269e+00 -3.175931e-02 -5.361980e-01 4.042093e-01 1.036640e+00 1.434309e+00 1.034388e+00 8.226937e-01 9.440097e-01 9.677946e-02
<VARIANCE> 25
 3.229228e+01 2.540187e+01 2.451945e+01 3.357394e+01 2.851097e+01 2.839786e+01 2.729270e+01 2.486760e+01 2.240310e+01 2.181418e+01 2.560057e+01 1.902357e+01 4.073281e+00 2.772604e+00 3.514475e+00 3.323710e+00 4.171311e+00 5.007763e+00 3.947777e+00 3.543365e+00 3.692396e+00 3.399332e+00 3.130454e+00 2.558121e+00 4.338978e-03
<GCONST> 9.469646e+01
<MIXTURE> 88 1.256585e-02
<MEAN> 25
 -1.188866e+00 7.867526e-02 -3.831789e-01 3.524135e+00 2.044880e+00 3.272678e+00 2.456695e+00 1.224897e+00 1.742280e+00 7.179350e-01 1.216453e+00 6.063920e-01 4.507812e-02 1.426302e-02 1.993241e-01 2.808043e-01 2.223038e-01 1.925946e-01 2.351037e-02 -1.752567e-01 -2.348893e-01 -1.702285e-01 1.178073e-02 -8.797239e-02 -2.745881e-04
<VARIANCE> 25
 7.803228e+00 6.153084e+00 7.860415e+00 1.049364e+01 8.875163e+00 1.149529e+01 1.302939e+01 1.263967e+01 1.204640e+01 1.254629e+01 1.198181e+01 1.281727e+01 1.777919e+00 9.297617e-01 1.471399e+00 1.232116e+00 1.774186e+00 1.643568e+00 1.761341e+00 2.311900e+00 2.025811e+00 2.023449e+00 1.731717e+00 1.911829e+00 1.383966e-03
<GCONST> 7.360972e+01
<MIXTURE> 89 9.333527e-03
<MEAN> 25
 4.435601e+00 -4.159301e+00 -3.564735e+00 -6.372508e+00 -5.667669e-01 -6.396955e+00 -6.699161e+00 3.731855e+00 4.623236e+00 -1.945540e+00 -4.124509e+00 -3.420995e+00 -6.561322e-01 -1.663645e-02 1.866334e+00 9.582220e-01 -1.699796e+00 -1.386555e+00 8.791624e-01 1.251947e+00 -6.484264e-01 -1.336899e+00 4.190719e-01 1.422001e+00 -8.452222e-03
<VARIANCE> 25
 9.767343e+00 3.239785e+01 2.598722e+01 4.788014e+01 3.816529e+01 3.723571e+01 5.923980e+01 3.168229e+01 4.274775e+01 3.591261e+01 3.321422e+01 2.325549e+01 3.451519e-01 8.961171e-01 2.035352e+00 1.449506e+00 1.683796e+00 2.079725e+00 1.959248e+00 2.804475e+00 2.255325e+00 2.257481e+00 2.143469e+00 1.167548e+00 3.595768e-04
<GCONST> 8.509264e+01
<MIXTURE> 90 7.114505e-03
<MEAN> 25
 1.250266e+00 -6.445397e+00 -4.427170e+00 -4.380659e+00 -2.684184e+00 -3.299688e+00 2.557062e+00 4.089398e+00 -8.209076e+00 -7.033842e+00 -2.975396e+00 -1.389412e+00 -7.465319e-02 5.952010e-01 9.520292e-01 -7.165518e-01 -1.292883e+00 2.258996e-01 5.354968e-01 -2.833138e-01 4.707514e-02 6.054473e-01 3.545774e-01 -3.723418e-01 -1.010714e-02
<VARIANCE> 25
 7.312635e+00 1.878435e+01 1.366017e+01 2.348536e+01 2.880748e+01 3.614202e+01 3.757145e+01 3.848771e+01 4.439171e+01 2.619105e+01 2.112933e+01 1.689545e+01 1.742680e-01 4.585646e-01 5.652840e-01 8.403535e-01 1.125851e+00 1.735646e+00 1.711899e+00 2.711315e+00 1.400201e+00 1.788146e+00 1.439193e+00 1.385692e+00 1.810509e-04
<GCONST> 7.572639e+01
<MIXTURE> 91 7.852945e-03
<MEAN> 25
 4.338293e+00 -5.865638e+00 -7.034086e+00 -6.722558e+00 3.340642e+00 -2.561053e+00 -4.181326e-01 9.037529e-01 1.472539e+00 -2.175166e+00 -4.087718e+00 -4.096011e+00 1.897593e-01 7.983968e-01 1.849910e-01 6.867501e-01 -4.382232e-02 -3.515994e-01 -3.826256e-01 -6.873502e-02 1.156215e-02 2.867517e-01 -2.089971e-02 1.768560e-01 -2.881257e-02
<VARIANCE> 25
 1.062781e+01 2.284211e+01 1.761543e+01 3.691946e+01 3.046749e+01 7.065816e+01 4.616868e+01 3.724797e+01 4.507933e+01 5.481050e+01 3.255453e+01 3.099959e+01 4.482494e-01 7.971870e-01 1.031595e+00 1.377941e+00 1.822684e+00 2.238751e+00 2.027542e+00 2.229834e+00 1.787925e+00 2.253679e+00 1.694385e+00 1.790568e+00 4.631749e-04
<GCONST> 8.483379e+01
<MIXTURE> 92 7.852945e-03
<MEAN> 25
 4.338293e+00 -5.865638e+00 -7.034086e+00 -6.722558e+00 3.340642e+00 -2.561053e+00 -4.181326e-01 9.037529e-01 1.472539e+00 -2.175166e+00 -4.087718e+00 -4.096011e+00 1.897593e-01 7.983968e-01 1.849910e-01 6.867501e-01 -4.382232e-02 -3.515994e-01 -3.826256e-01 -6.873502e-02 1.156215e-02 2.867517e-01 -2.089971e-02 1.768560e-01 -2.881257e-02
<VARIANCE> 25
 1.062781e+01 2.284211e+01 1.761543e+01 3.691946e+01 3.046749e+01 7.065816e+01 4.616868e+01 3.724797e+01 4.507933e+01 5.481050e+01 3.255453e+01 3.099959e+01 4.482494e-01 7.971870e-01 1.031595e+00 1.377941e+00 1.822684e+00 2.238751e+00 2.027542e+00 2.229834e+00 1.787925e+00 2.253679e+00 1.694385e+00 1.790568e+00 4.631749e-04
<GCONST> 8.483379e+01
<MIXTURE> 93 6.122769e-03
<MEAN> 25
 -5.901245e+00 -1.040774e+00 -2.118079e+00 5.638175e+00 5.642139e+00 3.963618e+00 5.787360e+00 3.506334e+00 3.890457e+00 2.304084e+00 1.571246e+00 3.121725e+00 -5.201194e-02 -1.616270e-01 -2.675683e-01 -3.569705e-01 -3.350286e-01 -2.978554e-01 -2.380691e-01 -1.903533e-01 -1.342025e-01 -1.512702e-01 -1.471390e-01 -3.339079e-02 -1.543016e-05
<VARIANCE> 25
 1.331709e+01 5.941296e+00 8.167371e+00 1.071183e+01 1.156006e+01 1.481782e+01 1.476495e+01 1.758391e+01 1.524478e+01 1.385710e+01 1.548260e+01 1.455222e+01 7.927402e-02 1.511319e-01 2.623509e-01 3.809766e-01 4.914912e-01 6.201127e-01 7.451858e-01 8.608648e-01 8.975330e-01 8.600039e-01 8.632323e-01 8.818268e-01 1.117968e-06
<GCONST> 5.366712e+01
<MIXTURE> 94 6.122769e-03
<MEAN> 25
 -5.901245e+00 -1.040774e+00 -2.118079e+00 5.638175e+00 5.642139e+00 3.963618e+00 5.787360e+00 3.506334e+00 3.890457e+00 2.304084e+00 1.571246e+00 3.121725e+00 -5.201194e-02 -1.616270e-01 -2.675683e-01 -3.569705e-01 -3.350286e-01 -2.978554e-01 -2.380691e-01 -1.903533e-01 -1.342025e-01 -1.512702e-01 -1.471390e-01 -3.339079e-02 -1.543016e-05
<VARIANCE> 25
 1.331709e+01 5.941296e+00 8.167371e+00 1.071183e+01 1.156006e+01 1.481782e+01 1.476495e+01 1.758391e+01 1.524478e+01 1.385710e+01 1.548260e+01 1.455222e+01 7.927402e-02 1.511319e-01 2.623509e-01 3.809766e-01 4.914912e-01 6.201127e-01 7.451858e-01 8.608648e-01 8.975330e-01 8.600039e-01 8.632323e-01 8.818268e-01 1.117968e-06
<GCONST> 5.366712e+01
<MIXTURE> 95 5.258835e-03
<MEAN> 25
 -5.220972e-01 -7.683417e-01 2.558414e-01 3.458346e+00 2.533415e+00 3.222136e+00 2.120298e+00 6.282377e-01 5.321811e-01 -7.202909e-01 -1.858379e-01 3.919868e-01 1.579756e-01 9.398815e-02 1.804160e-01 -1.421166e-01 -4.255818e-01 -7.097083e-01 -1.077043e+00 -1.227960e+00 -1.158318e+00 -1.013066e+00 -4.797804e-01 -1.557965e-01 2.093850e-04
<VARIANCE> 25
 1.002669e+01 4.033851e+00 5.844634e+00 8.204772e+00 8.743577e+00 1.353541e+01 1.080745e+01 1.344102e+01 1.195315e+01 1.254206e+01 1.125416e+01 9.872621e+00 2.953682e-01 2.908669e-01 4.466309e-01 5.901712e-01 7.471987e-01 7.696289e-01 8.171296e-01 1.027610e+00 7.666020e-01 1.436850e+00 1.006077e+00 1.295340e+00 6.515293e-05
<GCONST> 5.919685e+01
<MIXTURE> 96 7.034694e-03
<MEAN> 25
 -9.893366e-01 -6.459370e-01 -4.366695e-01 4.204768e+00 2.333104e+00 2.572800e+00 1.726745e+00 5.360200e-01 9.358535e-01 3.893677e-01 3.133212e-01 6.862014e-01 -2.408433e-02 6.778099e-02 2.133667e-01 4.433295e-01 5.635444e-01 3.434399e-01 3.705796e-01 -6.661320e-02 -3.977614e-01 -7.192454e-01 -5.602059e-01 -2.769988e-01 -7.627429e-06
<VARIANCE> 25
 1.125292e+01 6.654310e+00 8.593469e+00 8.998787e+00 9.960485e+00 1.167443e+01 1.407980e+01 1.397631e+01 1.387985e+01 1.469703e+01 1.298492e+01 1.169088e+01 1.249159e-01 2.493818e-01 3.243361e-01 4.282831e-01 4.278228e-01 6.315106e-01 7.353744e-01 1.103043e+00 9.660511e-01 8.978945e-01 7.727317e-01 1.098590e+00 1.869389e-06
<GCONST> 5.453297e+01
<MIXTURE> 97 7.034694e-03
<MEAN> 25
 -9.893366e-01 -6.459370e-01 -4.366695e-01 4.204768e+00 2.333104e+00 2.572800e+00 1.726745e+00 5.360200e-01 9.358535e-01 3.893677e-01 3.133212e-01 6.862014e-01 -2.408433e-02 6.778099e-02 2.133667e-01 4.433295e-01 5.635444e-01 3.434399e-01 3.705796e-01 -6.661320e-02 -3.977614e-01 -7.192454e-01 -5.602059e-01 -2.769988e-01 -7.627429e-06
<VARIANCE> 25
 1.125292e+01 6.654310e+00 8.593469e+00 8.998787e+00 9.960485e+00 1.167443e+01 1.407980e+01 1.397631e+01 1.387985e+01 1.469703e+01 1.298492e+01 1.169088e+01 1.249159e-01 2.493818e-01 3.243361e-01 4.282831e-01 4.278228e-01 6.315106e-01 7.353744e-01 1.103043e+00 9.660511e-01 8.978945e-01 7.727317e-01 1.098590e+00 1.869389e-06
<GCONST> 5.453297e+01
<MIXTURE> 98 9.917808e-03
<MEAN> 25
 -3.358808e-01 7.902411e-01 3.435886e-01 2.801639e+00 1.901141e+00 2.532326e+00 1.155974e+00 1.042369e+00 9.675058e-01 4.192243e-01 3.974436e-01 4.605483e-01 -1.214035e+00 -7.688449e-01 -7.232822e-01 1.440564e-02 5.979728e-01 4.650354e-01 9.544542e-01 1.236267e+00 1.333110e+00 9.893086e-01 1.190674e+00 9.491463e-01 -9.417015e-03
<VARIANCE> 25
 9.646786e+00 1.307491e+01 1.769120e+01 2.319010e+01 2.835207e+01 2.654300e+01 2.706479e+01 2.035326e+01 2.005398e+01 1.976426e+01 1.910000e+01 1.689513e+01 1.544238e+00 1.330449e+00 1.581974e+00 1.992432e+00 2.530458e+00 2.122095e+00 2.375300e+00 2.385408e+00 2.220434e+00 2.549400e+00 1.858064e+00 2.228782e+00 1.997240e-03
<GCONST> 8.371693e+01
<MIXTURE> 99 6.696178e-03
<MEAN> 25
 -6.476644e+00 7.603036e+00 1.658397e+00 3.066290e+00 -1.509824e-02 -3.595505e+00 -1.706453e+00 -3.409585e+00 -3.234070e+00 -1.564680e+00 -6.562375e-01 -5.546765e-01 5.191982e-01 -5.468656e-01 4.732879e-01 -3.914569e-01 -7.244822e-01 -3.346819e-01 -2.584324e-01 -2.651635e-01 -2.869818e-01 6.538726e-02 3.524767e-01 1.218706e-01 -2.959661e-04
<VARIANCE> 25
 4.088367e+01 2.891951e+01 3.164934e+01 2.353751e+01 2.275329e+01 3.196803e+01 2.384304e+01 2.045752e+01 1.823173e+01 2.093465e+01 1.821471e+01 1.992597e+01 1.612145e+00 1.290168e+00 1.326195e+00 1.604376e+00 1.863605e+00 2.013231e+00 1.682141e+00 1.630635e+00 1.221187e+00 1.353306e+00 1.522184e+00 1.129876e+00 1.417313e-03
<GCONST> 8.255790e+01
<MIXTURE> 100 4.498084e-03
<MEAN> 25
 -2.633974e+00 6.485166e+00 8.738429e+00 -9.424760e+00 -1.002464e+01 -6.806198e+00 -5.344250e+00 -8.794271e+00 -3.345901e+00 1.026749e+00 -1.221068e+00 -2.694751e+00 2.737977e+00 -8.688740e-01 1.422598e+00 -2.353308e+00 -2.961346e+00 -9.540008e-01 -1.331014e+00 -1.117071e+00 -1.142421e+00 1.050119e-01 -1.062014e+00 -3.496538e-01 -2.325415e-04
<VARIANCE> 25
 1.298453e+01 1.666207e+01 2.329610e+01 2.939664e+01 2.253637e+01 2.319729e+01 2.762531e+01 2.151442e+01 2.562040e+01 2.670254e+01 2.052392e+01 1.898391e+01 1.413425e+00 3.415734e+00 2.591865e+00 4.269804e+00 3.525442e+00 3.581578e+00 4.052555e+00 3.646538e+00 4.074184e+00 3.025668e+00 3.436529e+00 2.655152e+00 1.347511e-03
<GCONST> 9.031348e+01
<MIXTURE> 101 6.007792e-03
<MEAN> 25
 6.905263e+00 -2.561102e+00 -6.007835e+00 -7.931280e+00 1.303446e+00 -2.424534e+00 -1.006787e+01 -1.945654e+00 1.859002e+00 2.140613e+00 -2.771964e+00 -4.517125e+00 6.890511e-01 5.564794e-01 -1.317522e+00 -1.228917e+00 1.059181e+00 2.190313e+00 -2.664609e-02 -1.302125e+00 -8.298604e-01 1.009615e+00 1.178411e+00 -5.610173e-01 -4.750811e-03
<VARIANCE> 25
 1.150929e+01 1.635732e+01 2.553060e+01 4.435235e+01 3.402217e+01 4.193185e+01 3.290327e+01 3.343536e+01 3.491522e+01 3.805013e+01 4.576728e+01 2.407071e+01 2.550594e-01 6.002305e-01 1.023605e+00 1.857510e+00 1.494046e+00 2.016088e+00 2.207725e+00 1.941995e+00 2.338907e+00 2.137463e+00 2.080051e+00 1.879811e+00 3.155649e-04
<GCONST> 8.291534e+01
<MIXTURE> 102 6.007792e-03
<MEAN> 25
 6.905263e+00 -2.561102e+00 -6.007835e+00 -7.931280e+00 1.303446e+00 -2.424534e+00 -1.006787e+01 -1.945654e+00 1.859002e+00 2.140613e+00 -2.771964e+00 -4.517125e+00 6.890511e-01 5.564794e-01 -1.317522e+00 -1.228917e+00 1.059181e+00 2.190313e+00 -2.664609e-02 -1.302125e+00 -8.298604e-01 1.009615e+00 1.178411e+00 -5.610173e-01 -4.750811e-03
<VARIANCE> 25
 1.150929e+01 1.635732e+01 2.553060e+01 4.435235e+01 3.402217e+01 4.193185e+01 3.290327e+01 3.343536e+01 3.491522e+01 3.805013e+01 4.576728e+01 2.407071e+01 2.550594e-01 6.002305e-01 1.023605e+00 1.857510e+00 1.494046e+00 2.016088e+00 2.207725e+00 1.941995e+00 2.338907e+00 2.137463e+00 2.080051e+00 1.879811e+00 3.155649e-04
<GCONST> 8.291534e+01
<MIXTURE> 103 5.694618e-03
<MEAN> 25
 2.881355e+00 -7.980106e+00 -5.513501e+00 -3.377954e+00 -1.506884e+00 -2.854275e+00 2.735875e+00 3.207296e+00 -4.688867e+00 -7.777603e+00 -4.916660e+00 -4.983985e-01 -1.711202e-01 -1.239510e+00 -8.656085e-01 1.678604e-01 8.191346e-01 6.506721e-01 3.115823e-01 -5.405833e-02 -6.976084e-01 -9.050729e-01 -1.063394e-01 6.798207e-02 2.567169e-02
<VARIANCE> 25
 9.919298e+00 2.286753e+01 2.126526e+01 3.274417e+01 3.867266e+01 4.222560e+01 3.965020e+01 3.633531e+01 4.008264e+01 2.840492e+01 2.568734e+01 2.308690e+01 5.691580e-01 1.118454e+00 1.341945e+00 1.673798e+00 2.895353e+00 2.195938e+00 2.517159e+00 2.316814e+00 2.189012e+00 2.302063e+00 1.918988e+00 1.754420e+00 7.672734e-04
<GCONST> 8.563988e+01
<MIXTURE> 104 5.694618e-03
<MEAN> 25
 2.881355e+00 -7.980106e+00 -5.513501e+00 -3.377954e+00 -1.506884e+00 -2.854275e+00 2.735875e+00 3.207296e+00 -4.688867e+00 -7.777603e+00 -4.916660e+00 -4.983985e-01 -1.711202e-01 -1.239510e+00 -8.656085e-01 1.678604e-01 8.191346e-01 6.506721e-01 3.115823e-01 -5.405833e-02 -6.976084e-01 -9.050729e-01 -1.063394e-01 6.798207e-02 2.567169e-02
<VARIANCE> 25
 9.919298e+00 2.286753e+01 2.126526e+01 3.274417e+01 3.867266e+01 4.222560e+01 3.965020e+01 3.633531e+01 4.008264e+01 2.840492e+01 2.568734e+01 2.308690e+01 5.691580e-01 1.118454e+00 1.341945e+00 1.673798e+00 2.895353e+00 2.195938e+00 2.517159e+00 2.316814e+00 2.189012e+00 2.302063e+00 1.918988e+00 1.754420e+00 7.672734e-04
<GCONST> 8.563988e+01
<MIXTURE> 105 4.710235e-03
<MEAN> 25
 2.063996e+00 -1.119430e+00 6.170739e+00 -2.027888e+00 -8.327472e+00 -3.919649e+00 -2.983909e+00 -5.365890e-01 -2.794351e+00 -2.224701e+00 6.153310e-01 -1.129610e+00 6.644845e-02 2.606570e-02 3.073426e-02 -2.727059e-02 -3.890515e-02 6.756163e-02 -1.271618e-02 -1.273766e-02 3.257441e-02 5.786743e-02 -3.111955e-02 4.108625e-03 -2.615703e-03
<VARIANCE> 25
 1.022694e+01 1.890622e+01 3.498386e+01 5.023424e+01 3.772086e+01 4.185874e+01 3.503408e+01 4.147169e+01 3.175015e+01 3.181176e+01 3.045150e+01 2.247931e+01 9.684323e-02 1.895131e-01 3.259827e-01 3.414178e-01 4.024695e-01 4.211760e-01 5.124100e-01 5.661895e-01 5.838780e-01 5.031632e-01 4.278499e-01 4.003817e-01 9.306953e-05
<GCONST> 6.529814e+01
<MIXTURE> 106 4.710235e-03
<MEAN> 25
 2.063996e+00 -1.119430e+00 6.170739e+00 -2.027888e+00 -8.327472e+00 -3.919649e+00 -2.983909e+00 -5.365890e-01 -2.794351e+00 -2.224701e+00 6.153310e-01 -1.129610e+00 6.644845e-02 2.606570e-02 3.073426e-02 -2.727059e-02 -3.890515e-02 6.756163e-02 -1.271618e-02 -1.273766e-02 3.257441e-02 5.786743e-02 -3.111955e-02 4.108625e-03 -2.615703e-03
<VARIANCE> 25
 1.022694e+01 1.890622e+01 3.498386e+01 5.023424e+01 3.772086e+01 4.185874e+01 3.503408e+01 4.147169e+01 3.175015e+01 3.181176e+01 3.045150e+01 2.247931e+01 9.684323e-02 1.895131e-01 3.259827e-01 3.414178e-01 4.024695e-01 4.211760e-01 5.124100e-01 5.661895e-01 5.838780e-01 5.031632e-01 4.278499e-01 4.003817e-01 9.306953e-05
<GCONST> 6.529814e+01
<MIXTURE> 107 5.452374e-03
<MEAN> 25
 7.222235e+00 -1.272907e+00 -7.354323e+00 -1.050454e+01 1.120885e+00 8.869000e-01 -7.854826e+00 -5.197941e+00 8.989035e-02 3.634998e+00 1.061728e+00 -3.719820e+00 -7.006522e-01 -5.660396e-01 6.945792e-01 1.503384e+00 3.913267e-01 -1.909384e+00 -8.409239e-01 9.264933e-01 1.964594e+00 -1.410286e-01 -1.467229e+00 -9.721895e-01 -6.959280e-04
<VARIANCE> 25
 1.004398e+01 1.663373e+01 2.299836e+01 4.072819e+01 3.537811e+01 3.800254e+01 4.648905e+01 3.019900e+01 4.244911e+01 3.269040e+01 4.562355e+01 2.733109e+01 3.412441e-01 8.503584e-01 1.768439e+00 2.581025e+00 2.254755e+00 2.268890e+00 2.581606e+00 2.354494e+00 2.058902e+00 2.439363e+00 1.735222e+00 1.876298e+00 6.982543e-04
<GCONST> 8.596780e+01
<MIXTURE> 108 5.452374e-03
<MEAN> 25
 7.222235e+00 -1.272907e+00 -7.354323e+00 -1.050454e+01 1.120885e+00 8.869000e-01 -7.854826e+00 -5.197941e+00 8.989035e-02 3.634998e+00 1.061728e+00 -3.719820e+00 -7.006522e-01 -5.660396e-01 6.945792e-01 1.503384e+00 3.913267e-01 -1.909384e+00 -8.409239e-01 9.264933e-01 1.964594e+00 -1.410286e-01 -1.467229e+00 -9.721895e-01 -6.959280e-04
<VARIANCE> 25
 1.004398e+01 1.663373e+01 2.299836e+01 4.072819e+01 3.537811e+01 3.800254e+01 4.648905e+01 3.019900e+01 4.244911e+01 3.269040e+01 4.562355e+01 2.733109e+01 3.412441e-01 8.503584e-01 1.768439e+00 2.581025e+00 2.254755e+00 2.268890e+00 2.581606e+00 2.354494e+00 2.058902e+00 2.439363e+00 1.735222e+00 1.876298e+00 6.982543e-04
<GCONST> 8.596780e+01
<MIXTURE> 109 6.661064e-03
<MEAN> 25
 2.795869e+00 -6.668067e+00 -5.694225e+00 -2.525131e+00 1.195310e+00 -1.833184e+00 1.036011e+00 2.760132e+00 -2.419552e+00 -5.869298e+00 -4.553249e+00 -9.015349e-01 -9.584838e-02 -6.133151e-02 1.588590e-02 2.650086e-01 1.359579e-01 2.467883e-01 -1.331671e-01 -5.761767e-02 -1.023686e-01 -2.067434e-01 3.318140e-01 -1.981931e-03 -5.257883e-03
<VARIANCE> 25
 6.880438e+00 1.776256e+01 1.661810e+01 3.802854e+01 3.272490e+01 5.044701e+01 3.145341e+01 3.958910e+01 4.716051e+01 2.940154e+01 2.460078e+01 1.933087e+01 1.867953e-01 3.689264e-01 4.460759e-01 5.934155e-01 1.252888e+00 8.226621e-01 1.427285e+00 1.246545e+00 8.927575e-01 1.001926e+00 1.079190e+00 1.081908e+00 1.522941e-04
<GCONST> 7.299282e+01
<MIXTURE> 110 6.661064e-03
<MEAN> 25
 2.795869e+00 -6.668067e+00 -5.694225e+00 -2.525131e+00 1.195310e+00 -1.833184e+00 1.036011e+00 2.760132e+00 -2.419552e+00 -5.869298e+00 -4.553249e+00 -9.015349e-01 -9.584838e-02 -6.133151e-02 1.588590e-02 2.650086e-01 1.359579e-01 2.467883e-01 -1.331671e-01 -5.761767e-02 -1.023686e-01 -2.067434e-01 3.318140e-01 -1.981931e-03 -5.257883e-03
<VARIANCE> 25
 6.880438e+00 1.776256e+01 1.661810e+01 3.802854e+01 3.272490e+01 5.044701e+01 3.145341e+01 3.958910e+01 4.716051e+01 2.940154e+01 2.460078e+01 1.933087e+01 1.867953e-01 3.689264e-01 4.460759e-01 5.934155e-01 1.252888e+00 8.226621e-01 1.427285e+00 1.246545e+00 8.927575e-01 1.001926e+00 1.079190e+00 1.081908e+00 1.522941e-04
<GCONST> 7.299282e+01
<MIXTURE> 111 4.337247e-03
<MEAN> 25
 4.094347e-01 -9.852202e-01 2.127934e-01 2.082666e+00 4.941039e-01 1.781280e+00 -3.708199e-01 -8.130259e-01 -7.190538e-01 -8.183338e-01 -5.750716e-01 3.935854e-01 -1.349383e-02 -6.953150e-02 -1.129998e-01 -1.484457e-01 -1.018626e-01 -6.660448e-02 -1.639251e-02 -9.193300e-02 -1.931308e-01 -3.332600e-01 -3.371776e-01 -1.565473e-01 -3.787120e-04
<VARIANCE> 25
 6.536287e+00 3.189748e+00 5.640748e+00 7.324452e+00 8.437014e+00 1.071239e+01 1.067403e+01 9.520175e+00 9.725982e+00 9.922792e+00 1.001892e+01 8.793327e+00 1.040556e-01 1.905989e-01 3.547128e-01 5.008764e-01 6.490971e-01 8.500846e-01 8.576441e-01 8.750797e-01 8.711891e-01 9.712554e-01 9.537899e-01 1.085652e+00 3.789567e-05
<GCONST> 5.403612e+01
<MIXTURE> 112 4.337247e-03
<MEAN> 25
 4.094347e-01 -9.852202e-01 2.127934e-01 2.082666e+00 4.941039e-01 1.781280e+00 -3.708199e-01 -8.130259e-01 -7.190538e-01 -8.183338e-01 -5.750716e-01 3.935854e-01 -1.349383e-02 -6.953150e-02 -1.129998e-01 -1.484457e-01 -1.018626e-01 -6.660448e-02 -1.639251e-02 -9.193300e-02 -1.931308e-01 -3.332600e-01 -3.371776e-01 -1.565473e-01 -3.787120e-04
<VARIANCE> 25
 6.536287e+00 3.189748e+00 5.640748e+00 7.324452e+00 8.437014e+00 1.071239e+01 1.067403e+01 9.520175e+00 9.725982e+00 9.922792e+00 1.001892e+01 8.793327e+00 1.040556e-01 1.905989e-01 3.547128e-01 5.008764e-01 6.490971e-01 8.500846e-01 8.576441e-01 8.750797e-01 8.711891e-01 9.712554e-01 9.537899e-01 1.085652e+00 3.789567e-05
<GCONST> 5.403612e+01
<MIXTURE> 113 5.938666e-03
<MEAN> 25
 9.551350e+00 1.661113e+00 -8.624531e+00 -1.647938e+01 -8.242119e-01 4.890020e+00 -4.920512e+00 -1.607451e+00 -5.507171e+00 -4.432816e-02 3.790069e-01 1.958167e-01 -6.342441e-03 5.770637e-02 -8.194885e-02 -1.237500e-01 1.160237e-01 2.268497e-02 4.773030e-02 -4.666194e-02 -4.625446e-02 -7.561041e-02 2.275335e-01 9.346888e-02 -8.617884e-04
<VARIANCE> 25
 9.864557e+00 1.547694e+01 2.764665e+01 3.527086e+01 4.986800e+01 3.950263e+01 4.209568e+01 3.697356e+01 3.597422e+01 4.487092e+01 3.456047e+01 2.806080e+01 1.205347e-01 3.272644e-01 3.261128e-01 6.089330e-01 6.288529e-01 8.487906e-01 7.611737e-01 9.127243e-01 9.341546e-01 9.097439e-01 7.331839e-01 8.005831e-01 1.215895e-04
<GCONST> 7.150563e+01
<MIXTURE> 114 5.938666e-03
<MEAN> 25
 9.551350e+00 1.661113e+00 -8.624531e+00 -1.647938e+01 -8.242119e-01 4.890020e+00 -4.920512e+00 -1.607451e+00 -5.507171e+00 -4.432816e-02 3.790069e-01 1.958167e-01 -6.342441e-03 5.770637e-02 -8.194885e-02 -1.237500e-01 1.160237e-01 2.268497e-02 4.773030e-02 -4.666194e-02 -4.625446e-02 -7.561041e-02 2.275335e-01 9.346888e-02 -8.617884e-04
<VARIANCE> 25
 9.864557e+00 1.547694e+01 2.764665e+01 3.527086e+01 4.986800e+01 3.950263e+01 4.209568e+01 3.697356e+01 3.597422e+01 4.487092e+01 3.456047e+01 2.806080e+01 1.205347e-01 3.272644e-01 3.261128e-01 6.089330e-01 6.288529e-01 8.487906e-01 7.611737e-01 9.127243e-01 9.341546e-01 9.097439e-01 7.331839e-01 8.005831e-01 1.215895e-04
<GCONST> 7.150563e+01
<MIXTURE> 115 2.935202e-03
<MEAN> 25
 -1.048328e+00 -7.845172e-01 -1.066048e+00 3.418160e+00 1.205651e+00 8.583166e-01 1.151948e+00 3.344158e-01 5.001880e-01 -5.118447e-01 1.394466e-02 9.991022e-01 7.923094e-02 -1.414410e-01 -1.715345e-01 -4.584814e-01 -6.975709e-01 -8.117868e-01 -6.154222e-01 -4.858798e-01 -3.533181e-01 -3.112357e-01 -3.331109e-01 -1.307827e-01 3.592564e-05
<VARIANCE> 25
 9.452330e+00 7.407988e+00 9.037855e+00 9.277472e+00 9.203089e+00 1.154078e+01 1.176765e+01 1.753439e+01 1.584016e+01 1.308097e+01 1.643898e+01 1.337623e+01 1.778915e-01 3.298112e-01 4.977733e-01 5.814381e-01 6.114704e-01 9.016014e-01 9.503323e-01 8.819430e-01 9.468055e-01 8.994525e-01 8.085254e-01 1.176203e+00 1.755801e-06
<GCONST> 5.703535e+01
<MIXTURE> 116 2.935202e-03
<MEAN> 25
 -1.048328e+00 -7.845172e-01 -1.066048e+00 3.418160e+00 1.205651e+00 8.583166e-01 1.151948e+00 3.344158e-01 5.001880e-01 -5.118447e-01 1.394466e-02 9.991022e-01 7.923094e-02 -1.414410e-01 -1.715345e-01 -4.584814e-01 -6.975709e-01 -8.117868e-01 -6.154222e-01 -4.858798e-01 -3.533181e-01 -3.112357e-01 -3.331109e-01 -1.307827e-01 3.592564e-05
<VARIANCE> 25
 9.452330e+00 7.407988e+00 9.037855e+00 9.277472e+00 9.203089e+00 1.154078e+01 1.176765e+01 1.753439e+01 1.584016e+01 1.308097e+01 1.643898e+01 1.337623e+01 1.778915e-01 3.298112e-01 4.977733e-01 5.814381e-01 6.114704e-01 9.016014e-01 9.503323e-01 8.819430e-01 9.468055e-01 8.994525e-01 8.085254e-01 1.176203e+00 1.755801e-06
<GCONST> 5.703535e+01
<MIXTURE> 117 6.506003e-03
<MEAN> 25
 -4.374897e+00 1.061845e+00 1.077085e+00 9.475785e+00 6.186017e+00 6.223496e+00 6.183483e+00 4.929491e+00 6.229443e+00 4.792025e+00 6.139056e+00 2.578008e+00 -5.597052e-02 -2.604287e-01 -3.731943e-01 -4.528371e-01 -3.593601e-01 -3.055171e-01 -2.710921e-01 -3.114771e-01 -3.659734e-01 -3.583584e-01 -2.666818e-01 -1.239850e-01 -1.926959e-05
<VARIANCE> 25
 8.474762e+00 8.625813e+00 9.601896e+00 1.529834e+01 1.537041e+01 1.503645e+01 1.895648e+01 1.769959e+01 1.664903e+01 1.653421e+01 1.723907e+01 1.489989e+01 2.224133e-01 3.235077e-01 4.298634e-01 6.431760e-01 8.327710e-01 1.041077e+00 1.159038e+00 1.207541e+00 1.205874e+00 1.157665e+00 1.129455e+00 1.101549e+00 1.040861e-06
<GCONST> 6.070607e+01
<MIXTURE> 118 6.506003e-03
<MEAN> 25
 -4.374897e+00 1.061845e+00 1.077085e+00 9.475785e+00 6.186017e+00 6.223496e+00 6.183483e+00 4.929491e+00 6.229443e+00 4.792025e+00 6.139056e+00 2.578008e+00 -5.597052e-02 -2.604287e-01 -3.731943e-01 -4.528371e-01 -3.593601e-01 -3.055171e-01 -2.710921e-01 -3.114771e-01 -3.659734e-01 -3.583584e-01 -2.666818e-01 -1.239850e-01 -1.926959e-05
<VARIANCE> 25
 8.474762e+00 8.625813e+00 9.601896e+00 1.529834e+01 1.537041e+01 1.503645e+01 1.895648e+01 1.769959e+01 1.664903e+01 1.653421e+01 1.723907e+01 1.489989e+01 2.224133e-01 3.235077e-01 4.298634e-01 6.431760e-01 8.327710e-01 1.041077e+00 1.159038e+00 1.207541e+00 1.205874e+00 1.157665e+00 1.129455e+00 1.101549e+00 1.040861e-06
<GCONST> 6.070607e+01
<MIXTURE> 119 4.297961e-03
<MEAN> 25
 -3.200738e+00 -5.681494e+00 1.655123e+00 1.389763e+00 1.213258e+00 4.122222e-01 4.257008e+00 5.462940e+00 1.215998e+00 8.159199e-01 5.061913e+00 6.694747e-01 -6.799487e-02 -8.780700e-02 8.469081e-03 -7.534637e-02 -2.348428e-01 -2.393608e-01 -2.190398e-01 -2.333608e-02 -5.561252e-02 -5.408220e-02 -6.375570e-02 -1.578941e-01 2.248330e-03
<VARIANCE> 25
 1.390015e+01 1.100166e+01 1.285224e+01 1.702796e+01 1.844695e+01 1.940180e+01 2.153270e+01 2.769363e+01 2.060816e+01 2.516900e+01 1.978298e+01 1.852956e+01 1.834485e-01 2.775461e-01 4.879160e-01 5.872759e-01 8.066130e-01 1.100731e+00 1.194434e+00 1.255242e+00 1.278377e+00 1.143146e+00 1.287859e+00 1.215203e+00 2.165892e-04
<GCONST> 6.924014e+01
<MIXTURE> 120 4.297961e-03
<MEAN> 25
 -3.200738e+00 -5.681494e+00 1.655123e+00 1.389763e+00 1.213258e+00 4.122222e-01 4.257008e+00 5.462940e+00 1.215998e+00 8.159199e-01 5.061913e+00 6.694747e-01 -6.799487e-02 -8.780700e-02 8.469081e-03 -7.534637e-02 -2.348428e-01 -2.393608e-01 -2.190398e-01 -2.333608e-02 -5.561252e-02 -5.408220e-02 -6.375570e-02 -1.578941e-01 2.248330e-03
<VARIANCE> 25
 1.390015e+01 1.100166e+01 1.285224e+01 1.702796e+01 1.844695e+01 1.940180e+01 2.153270e+01 2.769363e+01 2.060816e+01 2.516900e+01 1.978298e+01 1.852956e+01 1.834485e-01 2.775461e-01 4.879160e-01 5.872759e-01 8.066130e-01 1.100731e+00 1.194434e+00 1.255242e+00 1.278377e+00 1.143146e+00 1.287859e+00 1.215203e+00 2.165892e-04
<GCONST> 6.924014e+01
<MIXTURE> 121 4.567511e-03
<MEAN> 25
 -1.008946e+00 -5.238131e-01 3.924532e+00 -1.452338e+01 -9.058369e+00 -3.799485e+00 5.102646e-01 -4.709072e+00 -3.808818e+00 1.063051e+00 -3.834823e+00 -3.975850e+00 2.876537e-02 -4.264418e-02 -1.289458e-01 1.313228e-01 2.578848e-01 1.999166e-01 -1.490508e-01 1.523998e-01 -1.684366e-01 -3.848379e-01 -1.424372e-01 1.703497e-01 -4.298485e-03
<VARIANCE> 25
 7.001467e+00 1.210062e+01 1.759241e+01 3.553863e+01 2.482419e+01 2.710572e+01 3.390082e+01 2.267899e+01 2.427109e+01 2.163579e+01 1.422998e+01 2.313952e+01 1.397753e-01 4.430287e-01 4.903249e-01 7.770559e-01 7.686716e-01 1.123114e+00 1.064905e+00 1.488022e+00 1.103738e+00 1.125285e+00 8.268803e-01 1.158321e+00 1.827770e-04
<GCONST> 7.017430e+01
<MIXTURE> 122 4.567511e-03
<MEAN> 25
 -1.008946e+00 -5.238131e-01 3.924532e+00 -1.452338e+01 -9.058369e+00 -3.799485e+00 5.102646e-01 -4.709072e+00 -3.808818e+00 1.063051e+00 -3.834823e+00 -3.975850e+00 2.876537e-02 -4.264418e-02 -1.289458e-01 1.313228e-01 2.578848e-01 1.999166e-01 -1.490508e-01 1.523998e-01 -1.684366e-01 -3.848379e-01 -1.424372e-01 1.703497e-01 -4.298485e-03
<VARIANCE> 25
 7.001467e+00 1.210062e+01 1.759241e+01 3.553863e+01 2.482419e+01 2.710572e+01 3.390082e+01 2.267899e+01 2.427109e+01 2.163579e+01 1.422998e+01 2.313952e+01 1.397753e-01 4.430287e-01 4.903249e-01 7.770559e-01 7.686716e-01 1.123114e+00 1.064905e+00 1.488022e+00 1.103738e+00 1.125285e+00 8.268803e-01 1.158321e+00 1.827770e-04
<GCONST> 7.017430e+01
<MIXTURE> 123 4.393044e-03
<MEAN> 25
 -1.711804e-01 1.066703e-01 6.513596e-01 4.112193e+00 1.852364e+00 3.241303e+00 1.381448e+00 -1.066066e-01 -2.412119e-01 -1.005047e+00 -9.442127e-01 -7.116464e-01 -2.508510e-01 -4.553972e-01 -7.483332e-01 -5.949884e-01 -2.988894e-01 5.291562e-02 2.371271e-01 5.873646e-01 4.671252e-01 7.523492e-01 7.106451e-01 3.719930e-01 -3.850645e-03
<VARIANCE> 25
 7.504879e+00 6.844845e+00 7.578598e+00 1.069718e+01 1.210845e+01 1.307448e+01 1.527428e+01 1.320844e+01 1.395672e+01 1.019283e+01 1.296171e+01 1.518434e+01 3.115028e-01 3.172917e-01 4.681883e-01 7.554058e-01 7.563202e-01 1.015496e+00 1.150949e+00 1.034767e+00 1.053574e+00 1.006695e+00 1.296220e+00 1.348955e+00 1.326025e-04
<GCONST> 6.313947e+01
<MIXTURE> 124 4.069876e-03
<MEAN> 25
 -2.620352e+00 -1.364453e+00 -1.393746e+00 4.515282e+00 3.760093e+00 3.994021e+00 4.562728e+00 2.239939e+00 2.178240e+00 7.218035e-01 4.133100e-01 1.337810e+00 -1.990133e-01 -3.116344e-01 -3.850989e-01 -2.858029e-01 2.086708e-01 5.758221e-01 8.656170e-01 1.021359e+00 5.933021e-01 1.883692e-01 -4.154969e-02 -1.701913e-01 -2.816626e-04
<VARIANCE> 25
 1.416394e+01 4.887043e+00 9.407116e+00 8.976517e+00 9.851025e+00 1.369301e+01 1.203422e+01 1.274612e+01 1.352578e+01 1.316162e+01 1.458094e+01 1.341561e+01 9.186357e-02 1.848048e-01 2.668598e-01 4.571785e-01 6.333555e-01 8.139129e-01 7.548361e-01 9.916241e-01 7.326016e-01 9.750816e-01 1.111003e+00 1.098265e+00 2.163019e-05
<GCONST> 5.700506e+01
<MIXTURE> 125 4.069876e-03
<MEAN> 25
 -2.620352e+00 -1.364453e+00 -1.393746e+00 4.515282e+00 3.760093e+00 3.994021e+00 4.562728e+00 2.239939e+00 2.178240e+00 7.218035e-01 4.133100e-01 1.337810e+00 -1.990133e-01 -3.116344e-01 -3.850989e-01 -2.858029e-01 2.086708e-01 5.758221e-01 8.656170e-01 1.021359e+00 5.933021e-01 1.883692e-01 -4.154969e-02 -1.701913e-01 -2.816626e-04
<VARIANCE> 25
 1.416394e+01 4.887043e+00 9.407116e+00 8.976517e+00 9.851025e+00 1.369301e+01 1.203422e+01 1.274612e+01 1.352578e+01 1.316162e+01 1.458094e+01 1.341561e+01 9.186357e-02 1.848048e-01 2.668598e-01 4.571785e-01 6.333555e-01 8.139129e-01 7.548361e-01 9.916241e-01 7.326016e-01 9.750816e-01 1.111003e+00 1.098265e+00 2.163019e-05
<GCONST> 5.700506e+01
<MIXTURE> 126 2.402244e-03
<MEAN> 25
 -2.237031e+00 -5.140565e+00 -3.642525e+00 1.462447e+00 2.396435e+00 -2.051928e+00 -3.673960e-02 2.644794e+00 2.580903e+00 -2.113365e+00 -1.407339e+00 1.665006e+00 6.618772e-03 -2.032972e-02 -6.277739e-02 -1.749167e-01 -3.389622e-01 -5.037112e-01 -3.904855e-01 -1.920052e-01 -1.122867e-01 -7.817604e-02 -2.113159e-01 -1.828128e-01 -1.523752e-03
<VARIANCE> 25
 8.187654e+00 1.165146e+01 1.316583e+01 1.423498e+01 2.321746e+01 2.053268e+01 1.775679e+01 2.572289e+01 2.833435e+01 2.376900e+01 1.966134e+01 1.780901e+01 1.817345e-01 3.185101e-01 4.832066e-01 6.128673e-01 8.110760e-01 9.187681e-01 1.099980e+00 1.256077e+00 1.299657e+00 1.233094e+00 1.173449e+00 1.426696e+00 2.015577e-04
<GCONST> 6.884064e+01
<MIXTURE> 127 2.402244e-03
<MEAN> 25
 -2.237031e+00 -5.140565e+00 -3.642525e+00 1.462447e+00 2.396435e+00 -2.051928e+00 -3.673960e-02 2.644794e+00 2.580903e+00 -2.113365e+00 -1.407339e+00 1.665006e+00 6.618772e-03 -2.032972e-02 -6.277739e-02 -1.749167e-01 -3.389622e-01 -5.037112e-01 -3.904855e-01 -1.920052e-01 -1.122867e-01 -7.817604e-02 -2.113159e-01 -1.828128e-01 -1.523752e-03
<VARIANCE> 25
 8.187654e+00 1.165146e+01 1.316583e+01 1.423498e+01 2.321746e+01 2.053268e+01 1.775679e+01 2.572289e+01 2.833435e+01 2.376900e+01 1.966134e+01 1.780901e+01 1.817345e-01 3.185101e-01 4.832066e-01 6.128673e-01 8.110760e-01 9.187681e-01 1.099980e+00 1.256077e+00 1.299657e+00 1.233094e+00 1.173449e+00 1.426696e+00 2.015577e-04
<GCONST> 6.884064e+01
<MIXTURE> 128 3.790457e-03
<MEAN> 25
 -3.733516e+00 1.544171e+00 2.182525e-01 5.881459e+00 3.203502e+00 3.286878e+00 3.367212e+00 2.335710e+00 2.069406e+00 3.213415e+00 4.000100e+00 4.086025e+00 -4.449643e-01 -3.123012e-01 -1.677409e-01 7.058170e-01 1.267595e+00 8.746404e-01 5.951031e-01 2.741931e-01 -4.585701e-01 -6.475160e-01 -5.780100e-01 -8.089226e-02 2.353598e-05
<VARIANCE> 25
 1.353881e+01 1.051264e+01 1.293663e+01 1.835917e+01 1.962138e+01 3.362648e+01 2.568620e+01 2.007331e+01 3.410806e+01 2.043748e+01 2.634212e+01 2.899979e+01 8.682811e-01 1.160233e+00 1.574736e+00 1.291825e+00 1.694111e+00 1.613209e+00 2.071517e+00 2.218167e+00 2.109982e+00 1.608911e+00 1.496801e+00 2.169134e+00 1.133385e-06
<GCONST> 7.425536e+01
<TRANSP> 3
 0.000000e+00 1.000000e+00 0.000000e+00
 0.000000e+00 9.999990e-01 9.999998e-07
 0.000000e+00 0.000000e+00 0.000000e+00
<ENDHMM>
