~o
<STREAMINFO> 1 25
<VECSIZE> 25<NULLD><MFCC_E_D_N><DIAGC>
~h "jmodel"
<BEGINHMM>
<NUMSTATES> 3
<STATE> 2
<NUMMIXES> 128
<MIXTURE> 1 5.748963e-03
<MEAN> 25
 -2.577146e+00 3.178468e+00 2.312400e+00 8.738849e+00 4.353601e+00 3.469547e+00 4.066445e+00 3.935794e+00 5.803479e+00 5.243937e+00 5.886700e+00 3.092361e+00 -2.003393e+00 -1.634206e+00 -8.655986e-01 1.076256e+00 1.566169e+00 2.228341e+00 2.149705e+00 2.084309e+00 1.686764e+00 1.266714e+00 1.564026e+00 6.158331e-01 -4.681705e-02
<VARIANCE> 25
 1.008661e+01 1.174545e+01 1.490771e+01 1.876292e+01 2.340780e+01 2.230906e+01 2.185944e+01 2.195184e+01 2.126051e+01 2.252274e+01 2.094435e+01 1.718674e+01 1.786783e+00 2.106783e+00 3.020143e+00 3.202611e+00 3.744190e+00 3.355722e+00 3.319779e+00 3.372967e+00 3.530428e+00 3.723416e+00 3.508733e+00 2.831448e+00 3.118542e-03
<GCONST> 8.848743e+01
<MIXTURE> 2 4.549242e-03
<MEAN> 25
 -4.875476e+00 1.311613e+00 9.943559e-01 9.899614e+00 6.692186e+00 7.424577e+00 7.846956e+00 6.958115e+00 8.373211e+00 6.372990e+00 7.624334e+00 3.074691e+00 -6.199314e-02 4.161448e-02 1.425267e-01 2.258659e-01 2.652806e-01 2.813823e-01 2.954477e-01 3.195331e-01 3.497469e-01 3.089100e-01 1.971779e-01 8.005431e-02 1.229906e-06
<VARIANCE> 25
 6.954040e+00 8.902275e+00 1.065154e+01 1.591243e+01 1.723609e+01 1.556301e+01 1.689951e+01 1.848581e+01 1.658676e+01 1.738634e+01 1.811014e+01 1.433984e+01 1.252517e-01 2.266322e-01 3.364716e-01 4.671531e-01 6.493105e-01 8.148892e-01 9.298754e-01 1.003178e+00 1.051670e+00 1.077763e+00 1.075636e+00 1.013921e+00 1.000011e-06
<GCONST> 5.804356e+01
<MIXTURE> 3 4.549242e-03
<MEAN> 25
 -4.875476e+00 1.311613e+00 9.943559e-01 9.899614e+00 6.692186e+00 7.424577e+00 7.846956e+00 6.958115e+00 8.373211e+00 6.372990e+00 7.624334e+00 3.074691e+00 -6.199314e-02 4.161448e-02 1.425267e-01 2.258659e-01 2.652806e-01 2.813823e-01 2.954477e-01 3.195331e-01 3.497469e-01 3.089100e-01 1.971779e-01 8.005431e-02 1.229906e-06
<VARIANCE> 25
 6.954040e+00 8.902275e+00 1.065154e+01 1.591243e+01 1.723609e+01 1.556301e+01 1.689951e+01 1.848581e+01 1.658676e+01 1.738634e+01 1.811014e+01 1.433984e+01 1.252517e-01 2.266322e-01 3.364716e-01 4.671531e-01 6.493105e-01 8.148892e-01 9.298754e-01 1.003178e+00 1.051670e+00 1.077763e+00 1.075636e+00 1.013921e+00 1.000011e-06
<GCONST> 5.804356e+01
<MIXTURE> 4 1.671429e-02
<MEAN> 25
 3.449287e+00 2.347961e+00 -4.167174e+00 6.505671e-01 3.643771e+00 -6.952636e-01 -3.542810e-01 -2.850584e-01 1.654721e+00 5.880609e-01 -1.739729e+00 -3.587711e-02 -2.771665e+00 1.425962e+00 1.590866e+00 3.106781e+00 8.451557e-01 5.719964e-01 1.293485e+00 1.087385e+00 7.589188e-01 5.122418e-01 1.329169e+00 7.055876e-01 -9.544645e-02
<VARIANCE> 25
 1.970609e+01 2.801960e+01 2.887889e+01 3.828085e+01 4.811174e+01 6.684583e+01 6.315770e+01 5.097378e+01 5.184159e+01 6.432868e+01 4.651749e+01 3.370651e+01 2.196072e+00 5.295868e+00 3.880359e+00 4.604855e+00 4.744667e+00 5.812386e+00 6.301991e+00 5.217530e+00 6.129808e+00 6.079593e+00 5.828902e+00 4.632906e+00 6.557148e-03
<GCONST> 1.049249e+02
<MIXTURE> 5 3.206198e-03
<MEAN> 25
 -3.382551e+00 2.165347e+00 5.982080e-01 9.402669e+00 6.665295e+00 6.326471e+00 7.091527e+00 4.740507e+00 5.455902e+00 3.834826e+00 4.668726e+00 2.630917e+00 -3.300449e-01 7.481133e-01 1.207157e+00 1.028338e+00 3.069385e-01 -1.029855e-01 -8.270838e-02 4.000480e-02 4.548154e-01 6.866092e-01 4.034290e-01 8.978076e-02 -2.778748e-05
<VARIANCE> 25
 1.048526e+01 1.391419e+01 2.342944e+01 2.557100e+01 2.030560e+01 1.947049e+01 2.008766e+01 2.028505e+01 2.166387e+01 2.120716e+01 2.401079e+01 1.655467e+01 1.208234e+00 1.250693e+00 1.399011e+00 1.666453e+00 2.293804e+00 2.364004e+00 2.287795e+00 2.269246e+00 2.305179e+00 2.230233e+00 2.072814e+00 1.865893e+00 9.942718e-07
<GCONST> 7.519579e+01
<MIXTURE> 6 5.475854e-03
<MEAN> 25
 9.695285e+00 -4.199920e-01 -6.682447e+00 -1.102775e+01 -2.111475e+00 6.729948e+00 -5.888284e+00 -5.288360e+00 -3.652830e+00 1.825641e+00 4.641422e+00 -1.248954e+00 4.848153e-01 8.951060e-01 -3.506304e-01 -1.467300e+00 -6.384589e-01 1.313088e+00 1.535566e+00 2.454384e-01 -1.218748e+00 -1.217809e+00 3.218512e-01 1.227533e+00 -8.154791e-03
<VARIANCE> 25
 8.983023e+00 1.705741e+01 2.398212e+01 3.927823e+01 3.675542e+01 3.065250e+01 4.409705e+01 3.807243e+01 4.072137e+01 3.943759e+01 4.206643e+01 2.838359e+01 3.112483e-01 8.569154e-01 9.449214e-01 1.977317e+00 1.603728e+00 2.015469e+00 1.919275e+00 2.053107e+00 2.396590e+00 1.962602e+00 2.244572e+00 1.437534e+00 5.853772e-04
<GCONST> 8.387073e+01
<MIXTURE> 7 5.475854e-03
<MEAN> 25
 9.695285e+00 -4.199920e-01 -6.682447e+00 -1.102775e+01 -2.111475e+00 6.729948e+00 -5.888284e+00 -5.288360e+00 -3.652830e+00 1.825641e+00 4.641422e+00 -1.248954e+00 4.848153e-01 8.951060e-01 -3.506304e-01 -1.467300e+00 -6.384589e-01 1.313088e+00 1.535566e+00 2.454384e-01 -1.218748e+00 -1.217809e+00 3.218512e-01 1.227533e+00 -8.154791e-03
<VARIANCE> 25
 8.983023e+00 1.705741e+01 2.398212e+01 3.927823e+01 3.675542e+01 3.065250e+01 4.409705e+01 3.807243e+01 4.072137e+01 3.943759e+01 4.206643e+01 2.838359e+01 3.112483e-01 8.569154e-01 9.449214e-01 1.977317e+00 1.603728e+00 2.015469e+00 1.919275e+00 2.053107e+00 2.396590e+00 1.962602e+00 2.244572e+00 1.437534e+00 5.853772e-04
<GCONST> 8.387073e+01
<MIXTURE> 8 1.165917e-02
<MEAN> 25
 -4.725098e+00 1.363995e+00 1.296271e+00 9.547660e+00 6.566843e+00 6.277705e+00 6.483864e+00 5.693311e+00 6.612072e+00 5.629826e+00 6.581921e+00 3.183422e+00 -6.342233e-01 -1.424865e+00 -1.074254e+00 -1.724417e+00 -2.219565e-01 -9.428495e-01 -1.778332e-01 -2.857900e-01 -2.554348e-01 -1.736223e-01 -2.131501e-01 8.384816e-02 9.859097e-02
<VARIANCE> 25
 9.335657e+00 9.819352e+00 1.159091e+01 1.604176e+01 1.662610e+01 1.591027e+01 1.809159e+01 1.750387e+01 1.761605e+01 1.732109e+01 1.887066e+01 1.443324e+01 2.754670e+00 2.814080e+00 3.897154e+00 3.760245e+00 3.472619e+00 3.307239e+00 3.118948e+00 3.076024e+00 2.862894e+00 2.646478e+00 2.426592e+00 1.901069e+00 6.686505e-03
<GCONST> 8.633536e+01
<MIXTURE> 9 1.199672e-02
<MEAN> 25
 9.268783e+00 3.355504e+00 -6.178258e+00 -1.064070e+01 -2.201754e+00 4.952420e+00 -2.214183e+00 -2.273352e+00 -5.387628e+00 -1.257111e+00 5.754517e-01 -1.457789e-02 1.431740e+00 -1.305188e-01 -4.879079e-01 -2.696670e+00 -1.628110e+00 8.517434e-01 -9.770902e-01 -2.245981e-01 -1.797895e-01 -5.777802e-01 6.095001e-01 -1.599889e-01 7.357202e-02
<VARIANCE> 25
 1.237980e+01 2.160452e+01 3.359849e+01 5.350699e+01 4.998236e+01 3.226719e+01 4.301254e+01 5.219629e+01 4.191160e+01 4.142353e+01 3.601245e+01 2.683204e+01 2.097630e+00 2.441362e+00 4.555830e+00 4.870516e+00 5.060890e+00 4.085707e+00 4.227301e+00 6.025603e+00 5.014695e+00 4.070599e+00 4.003210e+00 2.809992e+00 2.218389e-03
<GCONST> 9.879034e+01
<MIXTURE> 10 6.596976e-03
<MEAN> 25
 8.239369e-01 7.609866e+00 5.361438e+00 7.143396e+00 1.584600e+00 -2.111894e+00 -5.114794e-01 -1.686457e+00 8.662018e-01 8.512409e-01 8.266979e-01 6.533891e-01 -1.919474e+00 -6.742011e-01 -4.617619e-01 3.026349e+00 2.465085e+00 2.707075e+00 2.372311e+00 2.281457e+00 1.856579e+00 1.533009e+00 2.329372e+00 5.261002e-01 -1.379663e-01
<VARIANCE> 25
 1.949882e+01 2.086658e+01 2.232848e+01 2.899989e+01 3.822382e+01 3.486229e+01 3.507455e+01 3.375534e+01 2.756860e+01 2.900414e+01 2.695453e+01 2.495817e+01 2.240807e+00 3.417605e+00 5.525753e+00 5.157717e+00 5.539604e+00 4.462415e+00 4.688756e+00 4.836309e+00 4.387299e+00 5.066450e+00 4.447011e+00 3.183673e+00 2.702147e-03
<GCONST> 9.744807e+01
<MIXTURE> 11 1.633820e-02
<MEAN> 25
 7.662163e+00 3.559757e+00 3.256891e+00 5.049148e+00 -2.819629e+00 -1.627493e+00 -2.073055e+00 -5.698705e+00 -3.046288e+00 -5.628867e-03 -2.296641e+00 -2.018586e+00 -2.625802e-01 4.707127e-01 1.066097e-01 3.427842e-01 4.682396e-01 1.655381e-02 3.322231e-01 -4.492417e-02 -6.120172e-02 7.883775e-02 -1.098290e-01 8.119915e-02 -1.514903e-02
<VARIANCE> 25
 9.890105e+00 2.595877e+01 1.917808e+01 2.889298e+01 3.727446e+01 3.746662e+01 4.508018e+01 4.509304e+01 4.131731e+01 3.249307e+01 3.240257e+01 2.697641e+01 9.501962e-01 1.198305e+00 1.600392e+00 2.140983e+00 1.976348e+00 2.101291e+00 2.034186e+00 2.909342e+00 2.111833e+00 2.016543e+00 1.769601e+00 1.641923e+00 9.487220e-04
<GCONST> 8.676511e+01
<MIXTURE> 12 5.904134e-03
<MEAN> 25
 1.076059e+01 3.738204e+00 -4.498071e+00 -1.597762e+01 -8.689701e+00 8.636430e+00 -8.953097e-01 -1.918628e+00 -1.722274e+00 -4.883701e+00 1.774133e+00 7.157181e-01 6.779037e-02 2.935068e-01 7.932241e-02 -3.684087e-01 -3.104425e-01 2.924746e-02 3.049807e-01 4.472723e-01 1.407754e-01 -3.850836e-01 -3.854331e-01 5.398724e-02 -6.296163e-03
<VARIANCE> 25
 8.900784e+00 2.101298e+01 2.335544e+01 3.526307e+01 4.206789e+01 3.097377e+01 4.176172e+01 4.894918e+01 4.403166e+01 3.736611e+01 3.796465e+01 2.890478e+01 2.467855e-01 6.879327e-01 6.858101e-01 1.169495e+00 1.185902e+00 1.053452e+00 1.170960e+00 1.386454e+00 1.240151e+00 1.221787e+00 1.220733e+00 9.563195e-01 5.781804e-04
<GCONST> 7.892138e+01
<MIXTURE> 13 5.904134e-03
<MEAN> 25
 1.076059e+01 3.738204e+00 -4.498071e+00 -1.597762e+01 -8.689701e+00 8.636430e+00 -8.953097e-01 -1.918628e+00 -1.722274e+00 -4.883701e+00 1.774133e+00 7.157181e-01 6.779037e-02 2.935068e-01 7.932241e-02 -3.684087e-01 -3.104425e-01 2.924746e-02 3.049807e-01 4.472723e-01 1.407754e-01 -3.850836e-01 -3.854331e-01 5.398724e-02 -6.296163e-03
<VARIANCE> 25
 8.900784e+00 2.101298e+01 2.335544e+01 3.526307e+01 4.206789e+01 3.097377e+01 4.176172e+01 4.894918e+01 4.403166e+01 3.736611e+01 3.796465e+01 2.890478e+01 2.467855e-01 6.879327e-01 6.858101e-01 1.169495e+00 1.185902e+00 1.053452e+00 1.170960e+00 1.386454e+00 1.240151e+00 1.221787e+00 1.220733e+00 9.563195e-01 5.781804e-04
<GCONST> 7.892138e+01
<MIXTURE> 14 6.488954e-03
<MEAN> 25
 -4.313754e+00 -3.674457e-01 -2.894803e-01 8.882475e+00 7.497932e+00 7.435692e+00 7.818631e+00 7.335588e+00 7.135690e+00 5.215895e+00 6.889022e+00 4.178392e+00 -2.828274e-01 1.777572e-01 3.450929e-01 3.068989e-01 2.610274e-02 5.559547e-02 9.378773e-02 1.840423e-01 2.871068e-01 5.346936e-01 5.013731e-01 8.271635e-02 -9.252476e-03
<VARIANCE> 25
 9.290297e+00 1.380242e+01 1.858613e+01 1.782089e+01 2.077349e+01 1.988386e+01 2.139848e+01 2.048916e+01 2.159752e+01 2.374772e+01 2.130065e+01 1.667128e+01 9.667209e-01 1.659440e+00 1.810510e+00 1.922808e+00 2.282844e+00 2.244674e+00 2.240217e+00 2.229455e+00 2.276857e+00 2.495800e+00 2.183767e+00 1.812240e+00 1.022328e-03
<GCONST> 8.201252e+01
<MIXTURE> 15 2.475190e-03
<MEAN> 25
 -5.407883e+00 -6.491635e-01 -2.053913e-01 7.362538e+00 5.714209e+00 5.697250e+00 6.044530e+00 4.982050e+00 5.163244e+00 4.153194e+00 5.500776e+00 2.545055e+00 -1.204467e-01 -2.941744e-02 7.504402e-02 2.444934e-01 4.908380e-01 7.877457e-01 1.073153e+00 1.179336e+00 1.057370e+00 7.558695e-01 4.206420e-01 1.551764e-01 -7.810763e-05
<VARIANCE> 25
 7.127576e+00 5.610098e+00 9.042473e+00 1.281857e+01 1.408109e+01 1.428422e+01 1.505126e+01 1.488381e+01 1.408396e+01 1.416945e+01 1.508403e+01 1.252322e+01 1.250440e-01 2.059313e-01 3.193036e-01 5.027846e-01 7.002271e-01 7.944263e-01 7.625498e-01 7.956216e-01 9.102327e-01 1.022328e+00 1.070789e+00 1.042264e+00 2.795865e-05
<GCONST> 5.861969e+01
<MIXTURE> 16 2.475190e-03
<MEAN> 25
 -5.407883e+00 -6.491635e-01 -2.053913e-01 7.362538e+00 5.714209e+00 5.697250e+00 6.044530e+00 4.982050e+00 5.163244e+00 4.153194e+00 5.500776e+00 2.545055e+00 -1.204467e-01 -2.941744e-02 7.504402e-02 2.444934e-01 4.908380e-01 7.877457e-01 1.073153e+00 1.179336e+00 1.057370e+00 7.558695e-01 4.206420e-01 1.551764e-01 -7.810763e-05
<VARIANCE> 25
 7.127576e+00 5.610098e+00 9.042473e+00 1.281857e+01 1.408109e+01 1.428422e+01 1.505126e+01 1.488381e+01 1.408396e+01 1.416945e+01 1.508403e+01 1.252322e+01 1.250440e-01 2.059313e-01 3.193036e-01 5.027846e-01 7.002271e-01 7.944263e-01 7.625498e-01 7.956216e-01 9.102327e-01 1.022328e+00 1.070789e+00 1.042264e+00 2.795865e-05
<GCONST> 5.861969e+01
<MIXTURE> 17 9.518312e-03
<MEAN> 25
 3.737351e+00 -8.742129e-01 6.237810e+00 2.263244e+00 -5.795797e+00 -6.172659e+00 -3.119849e+00 2.639339e-02 -2.675522e+00 -3.185180e+00 1.567576e-01 -3.073087e-02 -7.578055e-01 -1.191714e+00 1.279820e+00 -2.091484e+00 -2.241516e+00 -1.475140e-01 1.304223e-01 7.595779e-01 -2.714170e-01 -1.845366e-01 9.858045e-01 3.430028e-01 8.327175e-02
<VARIANCE> 25
 1.610063e+01 3.102547e+01 3.026301e+01 3.951600e+01 4.515130e+01 4.920505e+01 4.133498e+01 3.490367e+01 3.469668e+01 2.659813e+01 2.792779e+01 2.753079e+01 1.804160e+00 2.674703e+00 3.941423e+00 3.075616e+00 4.499000e+00 5.380423e+00 4.995175e+00 4.622593e+00 3.956640e+00 3.979599e+00 3.056757e+00 2.813262e+00 2.110789e-03
<GCONST> 9.684258e+01
<MIXTURE> 18 1.221018e-02
<MEAN> 25
 3.937550e+00 4.561737e+00 6.657930e+00 4.724261e+00 -4.590206e+00 -8.310770e+00 -1.733003e+00 -1.185447e+00 -3.346884e+00 -2.471140e+00 -8.958011e-01 5.689632e-01 -7.594868e-01 2.144947e+00 -2.104417e-01 2.036201e+00 3.108555e+00 1.485113e+00 8.042431e-01 -1.817297e-01 6.094489e-01 4.979595e-01 -2.824877e-01 -5.904302e-02 -1.231602e-01
<VARIANCE> 25
 1.597746e+01 2.550797e+01 3.353149e+01 2.607417e+01 3.983476e+01 3.368309e+01 3.847246e+01 3.482638e+01 3.896089e+01 3.431519e+01 3.230123e+01 3.073358e+01 2.561663e+00 3.083720e+00 4.705789e+00 4.017694e+00 4.081427e+00 4.628192e+00 4.632164e+00 4.513554e+00 4.469543e+00 4.362719e+00 4.546909e+00 3.609246e+00 4.141305e-03
<GCONST> 9.849780e+01
<MIXTURE> 19 9.912824e-03
<MEAN> 25
 -9.767920e+00 1.760411e+00 2.276436e-01 9.581766e-01 3.753939e+00 1.761073e+00 3.577911e+00 1.300157e+00 1.696159e+00 1.027266e+00 1.176252e+00 2.072265e+00 2.086037e+00 1.620088e+00 2.132262e+00 6.719522e-01 -1.062361e+00 -1.130169e+00 -1.077206e+00 -1.368063e+00 -1.365255e+00 -1.078391e+00 -8.453462e-01 -8.233085e-01 1.028726e-03
<VARIANCE> 25
 5.505781e+01 3.015604e+01 4.633434e+01 5.112690e+01 3.329307e+01 3.297832e+01 3.037377e+01 3.120987e+01 2.914493e+01 2.698526e+01 2.875781e+01 1.892840e+01 2.378860e+00 2.327229e+00 2.108653e+00 2.320503e+00 2.464799e+00 2.379692e+00 2.403767e+00 2.356138e+00 2.301413e+00 2.035814e+00 2.128713e+00 1.730773e+00 2.352602e-03
<GCONST> 9.155311e+01
<MIXTURE> 20 6.308331e-03
<MEAN> 25
 -1.413350e+01 7.691479e+00 3.521455e-01 6.127541e+00 4.415813e+00 1.453595e+00 5.153955e+00 5.051821e-01 7.436799e-01 7.029685e-01 2.388868e+00 -4.979079e-01 -3.189430e+00 -7.819695e-01 -1.441262e+00 2.787106e-01 1.544169e+00 2.030830e+00 2.015634e+00 1.937804e+00 2.086155e+00 1.995887e+00 1.633779e+00 9.293751e-01 4.630317e-02
<VARIANCE> 25
 1.890928e+01 2.358393e+01 3.352360e+01 3.554802e+01 3.251242e+01 2.712663e+01 2.862025e+01 3.242122e+01 2.748066e+01 2.702620e+01 2.449558e+01 2.101629e+01 2.217741e+00 2.200662e+00 2.148506e+00 2.604612e+00 2.584592e+00 2.270044e+00 2.361031e+00 2.474778e+00 2.192925e+00 2.593644e+00 2.282711e+00 1.860176e+00 1.893737e-03
<GCONST> 8.935647e+01
<MIXTURE> 21 7.928653e-03
<MEAN> 25
 4.004383e+00 -4.527220e+00 5.755246e+00 -1.553472e+00 -1.055938e+01 -8.716475e+00 -2.604363e+00 4.164289e+00 -2.064692e+00 -3.413043e+00 2.354045e-01 3.476659e-01 -7.182947e-01 1.342296e+00 2.581122e+00 -4.244454e-02 -1.550796e+00 3.349988e-01 5.844526e-01 -1.497350e+00 -1.956894e+00 3.117397e-01 1.324955e+00 2.455789e-01 -1.279688e-02
<VARIANCE> 25
 8.880109e+00 1.868639e+01 2.983370e+01 2.835596e+01 2.871108e+01 3.323384e+01 4.288635e+01 3.934734e+01 4.287432e+01 3.155087e+01 3.385441e+01 2.320195e+01 3.767706e-01 9.503980e-01 1.876707e+00 1.294843e+00 2.207347e+00 2.182462e+00 3.644117e+00 2.501381e+00 2.156802e+00 2.591361e+00 2.025683e+00 2.280562e+00 4.277929e-04
<GCONST> 8.510442e+01
<MIXTURE> 22 8.827789e-03
<MEAN> 25
 -1.629754e+01 8.669193e+00 -4.882788e+00 6.483608e+00 3.432631e+00 1.735516e+00 8.126131e+00 3.024235e-01 3.526217e+00 2.418918e+00 4.227947e+00 3.078016e-01 -4.055880e-01 -2.063417e-01 5.798628e-01 -1.885383e-01 4.129489e-01 4.291922e-02 4.193525e-01 -7.355802e-02 3.481736e-01 4.048677e-01 9.324295e-02 3.310878e-01 1.034543e-02
<VARIANCE> 25
 8.403186e+00 1.345511e+01 1.818561e+01 2.152788e+01 2.024849e+01 1.555718e+01 1.572392e+01 1.661448e+01 1.711328e+01 1.737180e+01 1.764727e+01 1.144351e+01 8.262187e-01 1.065242e+00 2.240824e+00 1.438401e+00 1.773602e+00 1.303039e+00 1.193329e+00 1.584128e+00 1.470237e+00 1.761577e+00 1.195451e+00 1.277840e+00 1.490063e-03
<GCONST> 7.634921e+01
<MIXTURE> 23 6.455497e-03
<MEAN> 25
 7.379611e+00 1.233970e+00 2.341057e+00 2.163220e+00 -3.705380e+00 -1.965628e+00 -3.149963e+00 -4.294767e+00 -2.434466e+00 -1.234928e+00 -2.959429e+00 -1.849088e+00 7.980726e-02 1.268419e-01 -1.699075e-02 1.045794e-02 -7.192512e-02 -9.431132e-03 -2.814993e-02 -8.681667e-02 -6.595962e-02 -3.800462e-02 4.620419e-03 9.364129e-02 -2.875058e-03
<VARIANCE> 25
 9.069000e+00 1.951563e+01 1.969394e+01 3.250546e+01 3.321575e+01 4.423003e+01 4.783110e+01 5.147762e+01 3.896854e+01 3.561793e+01 4.024617e+01 3.223003e+01 1.278808e-01 2.489794e-01 3.335265e-01 5.208732e-01 6.528324e-01 7.502440e-01 6.984796e-01 9.414136e-01 8.956462e-01 7.958801e-01 6.851453e-01 7.355894e-01 9.175616e-05
<GCONST> 7.043905e+01
<MIXTURE> 24 6.455497e-03
<MEAN> 25
 7.379611e+00 1.233970e+00 2.341057e+00 2.163220e+00 -3.705380e+00 -1.965628e+00 -3.149963e+00 -4.294767e+00 -2.434466e+00 -1.234928e+00 -2.959429e+00 -1.849088e+00 7.980726e-02 1.268419e-01 -1.699075e-02 1.045794e-02 -7.192512e-02 -9.431132e-03 -2.814993e-02 -8.681667e-02 -6.595962e-02 -3.800462e-02 4.620419e-03 9.364129e-02 -2.875058e-03
<VARIANCE> 25
 9.069000e+00 1.951563e+01 1.969394e+01 3.250546e+01 3.321575e+01 4.423003e+01 4.783110e+01 5.147762e+01 3.896854e+01 3.561793e+01 4.024617e+01 3.223003e+01 1.278808e-01 2.489794e-01 3.335265e-01 5.208732e-01 6.528324e-01 7.502440e-01 6.984796e-01 9.414136e-01 8.956462e-01 7.958801e-01 6.851453e-01 7.355894e-01 9.175616e-05
<GCONST> 7.043905e+01
<MIXTURE> 25 1.118642e-02
<MEAN> 25
 2.934165e-01 3.469336e+00 1.677116e+01 -1.039598e+00 -1.131026e+01 -1.758220e+00 -4.989439e+00 -2.941998e+00 -6.932492e+00 -5.442643e+00 4.099742e+00 -1.639940e+00 -1.351586e-01 4.394980e-01 1.685921e-01 1.506626e-01 2.160110e-01 1.097164e-01 1.926180e-01 -1.699443e-01 -2.483591e-01 7.443734e-02 -7.287303e-02 -1.081276e-01 -1.289173e-02
<VARIANCE> 25
 8.846283e+00 2.227464e+01 2.100965e+01 2.864991e+01 3.187462e+01 4.103909e+01 2.735164e+01 3.002932e+01 2.838321e+01 3.658041e+01 2.093239e+01 2.758673e+01 5.962212e-01 1.443794e+00 1.404689e+00 1.381297e+00 2.274656e+00 2.035073e+00 1.746403e+00 1.630829e+00 1.534504e+00 1.648132e+00 1.348611e+00 1.297440e+00 1.282657e-03
<GCONST> 8.274220e+01
<MIXTURE> 26 7.727677e-03
<MEAN> 25
 2.229043e+00 -6.407326e+00 -1.025715e+01 -6.318873e-01 7.896202e+00 5.397417e+00 4.013712e+00 -2.750881e-01 2.243870e+00 -9.239452e-01 -2.860333e+00 -9.747654e-01 -6.653616e-01 6.259946e-01 3.478670e-01 6.995133e-01 1.668359e-01 2.376168e-01 3.062509e-01 3.227156e-01 2.983350e-01 1.101904e-01 3.759117e-01 4.075208e-01 -5.128352e-02
<VARIANCE> 25
 2.481643e+01 3.360009e+01 2.644036e+01 6.167897e+01 3.898668e+01 4.248759e+01 4.585921e+01 4.344311e+01 3.876318e+01 5.387651e+01 3.961716e+01 4.606558e+01 1.644074e+00 1.937758e+00 1.914213e+00 1.982756e+00 2.292859e+00 2.355149e+00 2.539603e+00 2.744314e+00 2.306737e+00 2.379017e+00 2.155229e+00 2.018027e+00 3.393630e-03
<GCONST> 9.383987e+01
<MIXTURE> 27 7.727677e-03
<MEAN> 25
 2.229043e+00 -6.407326e+00 -1.025715e+01 -6.318873e-01 7.896202e+00 5.397417e+00 4.013712e+00 -2.750881e-01 2.243870e+00 -9.239452e-01 -2.860333e+00 -9.747654e-01 -6.653616e-01 6.259946e-01 3.478670e-01 6.995133e-01 1.668359e-01 2.376168e-01 3.062509e-01 3.227156e-01 2.983350e-01 1.101904e-01 3.759117e-01 4.075208e-01 -5.128352e-02
<VARIANCE> 25
 2.481643e+01 3.360009e+01 2.644036e+01 6.167897e+01 3.898668e+01 4.248759e+01 4.585921e+01 4.344311e+01 3.876318e+01 5.387651e+01 3.961716e+01 4.606558e+01 1.644074e+00 1.937758e+00 1.914213e+00 1.982756e+00 2.292859e+00 2.355149e+00 2.539603e+00 2.744314e+00 2.306737e+00 2.379017e+00 2.155229e+00 2.018027e+00 3.393630e-03
<GCONST> 9.383987e+01
<MIXTURE> 28 5.036674e-03
<MEAN> 25
 -5.054150e+00 -8.821507e-02 -1.599775e+00 6.545463e+00 5.125384e+00 3.333623e+00 5.213686e+00 3.140863e+00 3.912686e+00 2.458495e+00 2.651102e+00 3.204329e+00 -9.855242e-02 2.204648e-01 5.453267e-01 7.982110e-01 8.371117e-01 7.105065e-01 5.049348e-01 3.226259e-01 4.098273e-01 4.572968e-01 3.755186e-01 2.209772e-01 1.116285e-05
<VARIANCE> 25
 1.361115e+01 8.239618e+00 1.176805e+01 1.524163e+01 1.466148e+01 1.831209e+01 1.840275e+01 1.839647e+01 1.690977e+01 1.661799e+01 1.985057e+01 1.457914e+01 2.546053e-01 3.245764e-01 4.098788e-01 4.551659e-01 6.180032e-01 8.331379e-01 1.037048e+00 1.235198e+00 1.093081e+00 1.009493e+00 1.020326e+00 1.094691e+00 9.949199e-07
<GCONST> 6.037979e+01
<MIXTURE> 29 5.036674e-03
<MEAN> 25
 -5.054150e+00 -8.821507e-02 -1.599775e+00 6.545463e+00 5.125384e+00 3.333623e+00 5.213686e+00 3.140863e+00 3.912686e+00 2.458495e+00 2.651102e+00 3.204329e+00 -9.855242e-02 2.204648e-01 5.453267e-01 7.982110e-01 8.371117e-01 7.105065e-01 5.049348e-01 3.226259e-01 4.098273e-01 4.572968e-01 3.755186e-01 2.209772e-01 1.116285e-05
<VARIANCE> 25
 1.361115e+01 8.239618e+00 1.176805e+01 1.524163e+01 1.466148e+01 1.831209e+01 1.840275e+01 1.839647e+01 1.690977e+01 1.661799e+01 1.985057e+01 1.457914e+01 2.546053e-01 3.245764e-01 4.098788e-01 4.551659e-01 6.180032e-01 8.331379e-01 1.037048e+00 1.235198e+00 1.093081e+00 1.009493e+00 1.020326e+00 1.094691e+00 9.949199e-07
<GCONST> 6.037979e+01
<MIXTURE> 30 8.917812e-03
<MEAN> 25
 -4.467966e+00 -2.065030e-01 6.542325e-01 9.075353e+00 7.764426e+00 7.501773e+00 7.567722e+00 6.878860e+00 6.529802e+00 4.887610e+00 6.992942e+00 3.482682e+00 -2.239851e-02 3.039511e-02 5.567851e-02 8.790156e-02 7.849023e-02 4.297558e-02 1.393341e-02 -2.138211e-03 1.530007e-02 5.038907e-02 6.349428e-02 3.334822e-02 -5.459265e-04
<VARIANCE> 25
 7.131433e+00 9.868550e+00 1.038700e+01 1.379929e+01 1.576742e+01 1.639524e+01 1.919407e+01 1.815173e+01 1.630298e+01 1.834199e+01 2.131368e+01 1.452690e+01 9.774965e-02 1.992125e-01 3.248115e-01 4.822842e-01 6.231529e-01 7.252349e-01 7.713264e-01 8.112406e-01 8.759542e-01 9.359708e-01 9.200982e-01 8.641714e-01 5.093730e-05
<GCONST> 6.064186e+01
<MIXTURE> 31 4.136493e-03
<MEAN> 25
 -2.613579e+00 -5.343248e+00 6.121413e-01 3.390249e+00 3.532458e+00 1.741109e+00 4.248014e+00 6.445456e+00 2.662872e+00 1.046555e+00 5.723275e+00 2.655214e+00 2.993079e-01 4.066572e-01 -2.195869e-01 3.209636e-01 1.446912e-01 3.946242e-01 2.112263e-01 7.053318e-02 3.769696e-01 3.555198e-01 9.752341e-02 6.337319e-02 -1.788496e-02
<VARIANCE> 25
 8.811736e+00 1.322781e+01 1.660378e+01 2.580574e+01 2.287367e+01 2.052023e+01 2.404120e+01 2.468761e+01 2.315539e+01 2.397850e+01 2.024743e+01 1.789784e+01 1.832161e-01 4.639939e-01 5.919881e-01 7.907542e-01 9.945545e-01 1.026099e+00 1.132533e+00 1.356499e+00 1.332144e+00 1.133004e+00 1.213953e+00 1.498673e+00 2.324531e-04
<GCONST> 7.138406e+01
<MIXTURE> 32 4.136493e-03
<MEAN> 25
 -2.613579e+00 -5.343248e+00 6.121413e-01 3.390249e+00 3.532458e+00 1.741109e+00 4.248014e+00 6.445456e+00 2.662872e+00 1.046555e+00 5.723275e+00 2.655214e+00 2.993079e-01 4.066572e-01 -2.195869e-01 3.209636e-01 1.446912e-01 3.946242e-01 2.112263e-01 7.053318e-02 3.769696e-01 3.555198e-01 9.752341e-02 6.337319e-02 -1.788496e-02
<VARIANCE> 25
 8.811736e+00 1.322781e+01 1.660378e+01 2.580574e+01 2.287367e+01 2.052023e+01 2.404120e+01 2.468761e+01 2.315539e+01 2.397850e+01 2.024743e+01 1.789784e+01 1.832161e-01 4.639939e-01 5.919881e-01 7.907542e-01 9.945545e-01 1.026099e+00 1.132533e+00 1.356499e+00 1.332144e+00 1.133004e+00 1.213953e+00 1.498673e+00 2.324531e-04
<GCONST> 7.138406e+01
<MIXTURE> 33 1.508826e-02
<MEAN> 25
 6.290807e+00 -4.089204e+00 -2.141346e+00 -2.547110e+00 -1.659025e+00 -5.085600e+00 -6.895220e+00 1.862951e+00 1.990241e+00 -5.765905e-01 -4.200143e+00 -2.975997e+00 5.694396e-01 -1.124903e+00 -2.251300e+00 -1.756566e+00 1.469127e+00 1.304857e+00 -8.388194e-01 6.573282e-01 9.339130e-01 5.128934e-01 -3.374771e-01 -1.264158e+00 4.292526e-02
<VARIANCE> 25
 1.006473e+01 1.940658e+01 2.730458e+01 3.434224e+01 3.821137e+01 4.411776e+01 4.109333e+01 4.546130e+01 3.905312e+01 4.137669e+01 3.607100e+01 2.685818e+01 1.155845e+00 1.831938e+00 2.441417e+00 2.219233e+00 3.968766e+00 3.449414e+00 4.134813e+00 5.209784e+00 3.528132e+00 4.434817e+00 3.124961e+00 2.727835e+00 1.792091e-03
<GCONST> 9.398681e+01
<MIXTURE> 34 1.588179e-02
<MEAN> 25
 8.917405e+00 4.315765e-02 1.264385e-01 1.213360e+00 -2.942643e+00 -1.526876e+00 -6.143410e+00 -4.687311e+00 -1.800822e+00 1.446090e-01 -2.652486e+00 -3.691855e+00 -1.904118e-02 1.347067e+00 1.470643e+00 2.396947e+00 -4.095517e-02 -1.510507e-01 7.888477e-01 -1.636406e+00 -9.007571e-01 2.592000e-01 -5.524914e-01 2.430045e-01 -6.228985e-02
<VARIANCE> 25
 7.709736e+00 3.100211e+01 2.947017e+01 4.987651e+01 4.233203e+01 4.943207e+01 5.499386e+01 5.663367e+01 5.261102e+01 4.326343e+01 4.828658e+01 3.152064e+01 1.266652e+00 1.989147e+00 4.270088e+00 4.046127e+00 5.628649e+00 5.828222e+00 5.510975e+00 6.177001e+00 5.196344e+00 4.979560e+00 5.027549e+00 3.877075e+00 1.157764e-03
<GCONST> 9.971806e+01
<MIXTURE> 35 1.467755e-02
<MEAN> 25
 -1.090979e+00 -5.707530e+00 -9.287551e+00 9.586931e-01 8.462080e+00 -1.266004e-01 6.695260e-02 2.676671e+00 1.652678e+00 4.812154e+00 -4.873488e-01 2.047070e+00 3.357406e-01 -9.873189e-01 -1.213790e+00 -1.198357e+00 3.715904e-01 -1.024860e+00 -8.334079e-01 5.281527e-02 -1.283807e-02 1.263296e-01 -8.524375e-01 -2.445589e-01 1.037365e-01
<VARIANCE> 25
 2.145265e+01 2.637374e+01 4.116321e+01 5.840154e+01 4.087877e+01 5.462474e+01 5.276883e+01 3.854459e+01 4.438300e+01 3.537364e+01 3.641235e+01 2.789948e+01 3.069971e+00 3.150970e+00 5.812767e+00 5.227244e+00 4.730418e+00 5.312577e+00 4.435685e+00 4.306706e+00 4.292429e+00 5.477211e+00 3.580529e+00 3.966325e+00 4.559420e-03
<GCONST> 1.019587e+02
<MIXTURE> 36 1.093293e-02
<MEAN> 25
 4.723142e+00 -3.315940e+00 6.196483e+00 2.510185e+00 -8.749246e+00 -7.968120e+00 -5.546068e+00 2.886424e+00 -1.614545e+00 -4.452883e+00 2.339001e+00 -1.647860e-01 4.236318e-01 7.336842e-02 -8.151473e-01 6.855940e-02 8.801785e-01 7.980296e-02 -3.852589e-01 1.544517e-01 4.590680e-01 4.572368e-01 -2.696261e-01 -4.043773e-01 -1.520971e-02
<VARIANCE> 25
 9.027029e+00 1.454189e+01 2.234853e+01 2.513984e+01 3.616912e+01 3.242543e+01 4.193110e+01 3.175819e+01 3.468788e+01 2.989345e+01 2.577933e+01 2.402855e+01 4.344767e-01 6.692560e-01 1.445879e+00 1.200388e+00 1.454935e+00 1.619115e+00 1.993091e+00 1.784296e+00 1.833933e+00 1.597815e+00 1.426738e+00 1.545185e+00 7.363483e-04
<GCONST> 8.088313e+01
<MIXTURE> 37 1.246826e-02
<MEAN> 25
 5.631216e-01 7.698200e+00 1.199805e+01 -5.542274e+00 -8.067296e+00 -1.149339e+00 -5.103351e+00 -8.385439e+00 -3.680641e+00 -8.645893e-01 -3.666619e+00 -1.281871e+00 2.103262e-01 6.360619e-01 -1.355868e+00 3.566153e+00 1.968910e+00 -2.989338e-01 1.067602e+00 4.421442e-01 5.270315e-01 -3.340005e-01 5.323929e-01 -1.089920e-01 -9.477887e-02
<VARIANCE> 25
 1.579300e+01 2.626115e+01 3.087165e+01 5.057721e+01 3.380585e+01 3.258196e+01 4.367728e+01 3.516912e+01 3.827730e+01 3.583595e+01 3.739629e+01 3.065578e+01 3.004752e+00 3.391356e+00 2.995869e+00 4.080967e+00 4.610063e+00 3.718683e+00 4.224067e+00 3.781568e+00 3.413248e+00 3.596628e+00 3.832340e+00 2.798751e+00 3.890465e-03
<GCONST> 9.770614e+01
<MIXTURE> 38 1.154525e-02
<MEAN> 25
 -4.934912e+00 9.268368e+00 1.304075e+00 3.952651e+00 -1.519567e-01 -5.374555e+00 -1.446575e+00 -2.134290e+00 -3.342133e+00 -3.220012e+00 -1.194830e+00 -3.163143e-01 -4.348890e+00 1.686303e+00 -2.965065e-01 1.702614e+00 2.209091e+00 1.535711e+00 2.165120e+00 7.518877e-01 4.309178e-01 9.587026e-01 7.851499e-01 8.534176e-02 5.224135e-02
<VARIANCE> 25
 2.931812e+01 2.612497e+01 6.035576e+01 2.805027e+01 4.147699e+01 3.210307e+01 3.932179e+01 3.630738e+01 2.843225e+01 2.703427e+01 2.051425e+01 2.539952e+01 2.038023e+00 4.001177e+00 3.070401e+00 4.481966e+00 3.677425e+00 4.007102e+00 4.521446e+00 3.861043e+00 4.396509e+00 4.183961e+00 3.864552e+00 2.747152e+00 1.694765e-03
<GCONST> 9.654542e+01
<MIXTURE> 39 9.501865e-03
<MEAN> 25
 1.327728e+00 2.674891e+00 1.019470e+01 -9.264590e+00 -1.121739e+01 -1.074490e+00 -2.992407e+00 -6.603901e+00 -4.503537e+00 9.647705e-01 -3.667903e+00 -2.247015e+00 -7.028383e-01 1.502293e+00 1.623424e+00 -1.388640e+00 8.199310e-02 1.203328e+00 -1.223543e+00 -1.239833e+00 4.311407e-01 4.291958e-01 -4.845013e-01 1.665540e-01 1.211613e-03
<VARIANCE> 25
 8.822760e+00 3.022833e+01 3.132090e+01 3.799399e+01 3.728874e+01 4.287966e+01 4.404072e+01 3.324035e+01 3.903817e+01 3.366727e+01 3.582726e+01 2.932989e+01 7.437456e-01 1.566338e+00 1.497051e+00 2.892848e+00 2.392443e+00 2.824506e+00 3.065976e+00 2.734048e+00 2.410318e+00 2.612634e+00 2.139175e+00 2.217392e+00 1.173271e-03
<GCONST> 8.972324e+01
<MIXTURE> 40 1.030800e-02
<MEAN> 25
 -7.037664e+00 1.562070e+00 -1.135698e+00 7.408162e+00 3.316539e+00 4.997478e+00 4.744385e+00 4.131085e+00 4.181040e+00 3.550576e+00 5.059971e+00 1.406432e+00 -1.227624e-01 -1.811112e-01 -7.598180e-02 -2.579978e-01 -1.170402e-01 -4.591718e-02 1.357585e-01 3.752502e-02 2.177530e-02 5.861105e-02 7.631952e-02 -1.050439e-01 3.789697e-03
<VARIANCE> 25
 5.955190e+01 2.246453e+01 2.664492e+01 2.609395e+01 2.289685e+01 1.728670e+01 1.895311e+01 1.762589e+01 1.584248e+01 1.723237e+01 1.808286e+01 1.498453e+01 7.209036e-01 6.554072e-01 7.953631e-01 1.122155e+00 1.130183e+00 1.228153e+00 1.245980e+00 1.272599e+00 1.119120e+00 1.224182e+00 1.073228e+00 1.245859e+00 7.492460e-04
<GCONST> 7.602804e+01
<MIXTURE> 41 6.713375e-03
<MEAN> 25
 1.301473e+00 1.823846e+00 1.045831e+01 -6.994674e+00 -1.043733e+01 -3.882352e+00 -2.501713e+00 -5.063686e+00 -4.641314e+00 2.700287e+00 -1.751252e+00 -9.376006e-01 8.752963e-02 -7.574672e-01 1.695279e+00 -3.544965e+00 -2.443473e+00 -1.165778e-01 -5.246940e-01 -3.553486e-01 -8.172997e-01 1.074730e+00 -1.031847e+00 1.039247e-01 8.575637e-02
<VARIANCE> 25
 1.163842e+01 2.980074e+01 3.248317e+01 4.000700e+01 3.865988e+01 4.007741e+01 3.694824e+01 2.984447e+01 3.293650e+01 2.887584e+01 3.170790e+01 2.707708e+01 3.175764e+00 3.292592e+00 3.802381e+00 3.804584e+00 4.929006e+00 5.841460e+00 4.738963e+00 4.532356e+00 3.965970e+00 4.218043e+00 3.842376e+00 3.293463e+00 2.967322e-03
<GCONST> 9.791080e+01
<MIXTURE> 42 1.106211e-02
<MEAN> 25
 -2.246595e+00 4.160056e+00 5.245887e+00 2.404184e+00 -3.091075e-01 -6.244439e+00 -5.847400e-01 -2.328881e+00 -1.526507e+00 -6.377237e-01 -2.539772e+00 1.264490e+00 4.193361e+00 -3.226635e-01 1.475157e+00 3.229257e-01 -2.984423e+00 -1.192615e+00 -2.224742e+00 -9.245270e-01 -6.851522e-01 -6.491870e-01 4.933353e-01 -1.061253e+00 1.109123e-03
<VARIANCE> 25
 3.455614e+01 2.084697e+01 4.610338e+01 2.590655e+01 3.817199e+01 3.574335e+01 3.581478e+01 2.689786e+01 2.618094e+01 2.817529e+01 1.903368e+01 1.635628e+01 3.311178e+00 4.473122e+00 5.604468e+00 4.642318e+00 4.242005e+00 5.478477e+00 4.642293e+00 4.928396e+00 4.610202e+00 4.483599e+00 3.883463e+00 3.120485e+00 4.716413e-03
<GCONST> 9.844225e+01
<MIXTURE> 43 7.108249e-03
<MEAN> 25
 3.188147e+00 -6.170189e+00 -2.535357e+00 -5.131021e+00 -7.224719e+00 -3.695600e+00 4.061676e+00 1.095935e+00 -4.739478e+00 -7.132014e+00 -4.526139e+00 -9.895263e-01 1.899592e-01 2.191055e+00 1.807086e+00 -1.963235e-02 -1.424227e+00 -7.687668e-01 -1.036695e+00 -7.234458e-01 7.205635e-01 1.414069e+00 4.646072e-01 -5.633386e-03 -4.421504e-02
<VARIANCE> 25
 9.193436e+00 1.921134e+01 2.794043e+01 3.374517e+01 3.735056e+01 3.712374e+01 3.195650e+01 3.910976e+01 4.013171e+01 3.699658e+01 2.635162e+01 2.967638e+01 7.144556e-01 1.220850e+00 1.739083e+00 2.665057e+00 2.271640e+00 2.298731e+00 2.635531e+00 2.960833e+00 2.711332e+00 2.525694e+00 2.562137e+00 1.851180e+00 9.187335e-04
<GCONST> 8.789248e+01
<MIXTURE> 44 7.328289e-03
<MEAN> 25
 -1.361166e+01 1.221420e+00 3.360008e+00 -3.204916e+00 3.329113e+00 1.976773e+00 -4.678974e-01 2.602804e+00 1.098220e+00 -9.444775e-01 1.726836e+00 1.515300e+00 -1.761491e-01 1.742595e-02 1.929890e-01 2.138163e-01 -3.241064e-03 2.269818e-01 3.960756e-01 8.628513e-02 2.173328e-01 1.429181e-01 2.094210e-02 7.610330e-02 6.706017e-03
<VARIANCE> 25
 5.598503e+01 2.927782e+01 3.390292e+01 2.796600e+01 2.744402e+01 2.672016e+01 2.829944e+01 3.372461e+01 2.675115e+01 2.449045e+01 2.415532e+01 1.897134e+01 1.115585e+00 1.359558e+00 1.386891e+00 1.294184e+00 2.099142e+00 1.575489e+00 1.458563e+00 1.569500e+00 1.467086e+00 1.437750e+00 1.334421e+00 1.276992e+00 1.320059e-03
<GCONST> 8.394933e+01
<MIXTURE> 45 1.364932e-02
<MEAN> 25
 -1.004973e+01 3.933364e+00 -1.923495e+00 4.032609e+00 3.170954e+00 5.258299e-01 6.103626e+00 6.928222e-01 2.086376e+00 2.467244e+00 1.566063e+00 1.062623e-01 -2.776308e+00 9.983494e-01 -5.284434e-01 -4.032786e-01 1.561922e-01 -7.086097e-02 4.036297e-01 -8.504462e-02 -2.642382e-01 -1.356805e-01 1.346111e-01 -5.671294e-02 1.081582e-01
<VARIANCE> 25
 3.894436e+01 2.590783e+01 2.322628e+01 2.714433e+01 3.040133e+01 2.328464e+01 2.517347e+01 2.632223e+01 2.159935e+01 1.999786e+01 2.217256e+01 2.055780e+01 1.948868e+00 2.446974e+00 2.302021e+00 1.974015e+00 1.943036e+00 2.331717e+00 1.989928e+00 2.050158e+00 1.598140e+00 1.652978e+00 1.619470e+00 1.436537e+00 3.138080e-03
<GCONST> 8.660337e+01
<MIXTURE> 46 9.336259e-03
<MEAN> 25
 -9.909780e+00 2.989985e+00 7.611430e-01 7.257173e+00 5.625182e+00 3.280333e+00 7.205379e+00 3.873105e+00 5.435653e+00 4.312578e+00 4.912429e+00 2.682209e+00 9.682562e-01 -2.546020e-01 3.506150e-01 8.420669e-01 8.856922e-01 9.158980e-01 5.439098e-01 6.649602e-01 4.163131e-01 6.392969e-01 5.999014e-01 6.464185e-01 -1.004525e-01
<VARIANCE> 25
 3.380809e+01 4.525524e+01 3.765051e+01 4.705741e+01 4.788007e+01 3.781681e+01 3.433157e+01 3.672554e+01 3.142522e+01 3.028832e+01 2.620703e+01 1.948222e+01 3.691639e+00 3.821986e+00 4.654233e+00 4.077253e+00 4.771540e+00 3.422082e+00 3.425789e+00 2.874114e+00 2.779622e+00 2.833640e+00 2.147438e+00 1.814389e+00 7.603780e-03
<GCONST> 9.770937e+01
<MIXTURE> 47 7.116147e-03
<MEAN> 25
 7.196092e+00 -7.271075e+00 -7.594168e+00 -6.180695e+00 1.501801e+00 7.265245e-01 -2.378250e+00 1.189097e+00 2.984376e+00 -6.146398e-02 -4.189322e+00 -6.484036e+00 -1.741470e-01 -1.215197e+00 -6.985550e-01 -4.283597e-01 6.094550e-01 7.938362e-01 8.407868e-01 2.772140e-01 1.179736e-01 -8.318406e-01 -4.561749e-01 -4.235055e-01 3.034503e-02
<VARIANCE> 25
 1.074238e+01 2.045325e+01 2.081647e+01 3.399435e+01 3.483113e+01 5.204731e+01 4.409241e+01 4.021547e+01 4.194761e+01 4.680892e+01 4.735878e+01 3.421431e+01 5.222041e-01 7.904017e-01 1.105326e+00 1.662504e+00 1.920155e+00 2.165686e+00 2.353950e+00 2.427908e+00 2.118919e+00 2.319146e+00 2.113542e+00 1.992284e+00 5.579928e-04
<GCONST> 8.628772e+01
<MIXTURE> 48 7.116147e-03
<MEAN> 25
 7.196092e+00 -7.271075e+00 -7.594168e+00 -6.180695e+00 1.501801e+00 7.265245e-01 -2.378250e+00 1.189097e+00 2.984376e+00 -6.146398e-02 -4.189322e+00 -6.484036e+00 -1.741470e-01 -1.215197e+00 -6.985550e-01 -4.283597e-01 6.094550e-01 7.938362e-01 8.407868e-01 2.772140e-01 1.179736e-01 -8.318406e-01 -4.561749e-01 -4.235055e-01 3.034503e-02
<VARIANCE> 25
 1.074238e+01 2.045325e+01 2.081647e+01 3.399435e+01 3.483113e+01 5.204731e+01 4.409241e+01 4.021547e+01 4.194761e+01 4.680892e+01 4.735878e+01 3.421431e+01 5.222041e-01 7.904017e-01 1.105326e+00 1.662504e+00 1.920155e+00 2.165686e+00 2.353950e+00 2.427908e+00 2.118919e+00 2.319146e+00 2.113542e+00 1.992284e+00 5.579928e-04
<GCONST> 8.628772e+01
<MIXTURE> 49 5.548473e-03
<MEAN> 25
 -4.999131e+00 3.310042e-01 1.638092e-01 8.416246e+00 6.114146e+00 5.619974e+00 6.042916e+00 4.461531e+00 4.993363e+00 3.697183e+00 4.919754e+00 2.840212e+00 3.641549e-01 6.510102e-01 7.003379e-01 3.552886e-01 -1.979840e-01 -6.702816e-01 -1.005613e+00 -1.116555e+00 -9.553744e-01 -6.862635e-01 -4.927320e-01 -2.685482e-01 -3.595763e-05
<VARIANCE> 25
 1.047228e+01 1.003057e+01 1.417360e+01 1.596039e+01 1.592931e+01 1.707530e+01 1.938257e+01 1.942850e+01 1.831761e+01 1.791437e+01 2.053058e+01 1.430813e+01 2.788402e-01 2.641940e-01 3.589322e-01 6.129750e-01 8.671921e-01 9.712541e-01 9.977493e-01 1.051376e+00 1.128490e+00 1.216547e+00 1.274942e+00 1.204579e+00 1.445172e-05
<GCONST> 6.439108e+01
<MIXTURE> 50 6.234641e-03
<MEAN> 25
 -3.618006e+00 -2.529781e-01 -1.506304e+00 5.674209e+00 3.800926e+00 2.174278e+00 3.241186e+00 2.481295e+00 2.733154e+00 1.308194e+00 2.239560e+00 2.675486e+00 1.374671e-02 1.750821e-01 1.085905e-02 -1.761984e-01 -5.273809e-01 -6.219719e-01 -3.724054e-01 -4.046046e-02 4.635728e-01 8.516403e-01 7.926103e-01 4.711724e-01 3.411767e-05
<VARIANCE> 25
 1.683549e+01 1.099743e+01 1.432828e+01 1.720395e+01 1.613464e+01 1.753796e+01 1.852342e+01 1.979619e+01 1.704398e+01 1.561768e+01 1.950681e+01 1.481874e+01 1.776551e-01 2.374319e-01 4.390506e-01 5.506485e-01 5.883348e-01 7.460936e-01 8.880541e-01 1.080638e+00 9.718189e-01 9.381790e-01 9.458944e-01 9.473385e-01 1.174995e-06
<GCONST> 6.016968e+01
<MIXTURE> 51 6.234641e-03
<MEAN> 25
 -3.618006e+00 -2.529781e-01 -1.506304e+00 5.674209e+00 3.800926e+00 2.174278e+00 3.241186e+00 2.481295e+00 2.733154e+00 1.308194e+00 2.239560e+00 2.675486e+00 1.374671e-02 1.750821e-01 1.085905e-02 -1.761984e-01 -5.273809e-01 -6.219719e-01 -3.724054e-01 -4.046046e-02 4.635728e-01 8.516403e-01 7.926103e-01 4.711724e-01 3.411767e-05
<VARIANCE> 25
 1.683549e+01 1.099743e+01 1.432828e+01 1.720395e+01 1.613464e+01 1.753796e+01 1.852342e+01 1.979619e+01 1.704398e+01 1.561768e+01 1.950681e+01 1.481874e+01 1.776551e-01 2.374319e-01 4.390506e-01 5.506485e-01 5.883348e-01 7.460936e-01 8.880541e-01 1.080638e+00 9.718189e-01 9.381790e-01 9.458944e-01 9.473385e-01 1.174995e-06
<GCONST> 6.016968e+01
<MIXTURE> 52 6.367945e-03
<MEAN> 25
 1.012243e+01 2.047621e+00 -6.196681e+00 -1.428117e+01 -4.220654e+00 8.535850e+00 -2.751311e+00 -3.059427e+00 -4.407014e+00 -2.132552e+00 3.353898e+00 7.461316e-01 -3.857116e-01 -4.801227e-01 -6.985313e-02 1.140409e+00 1.339467e+00 -4.732002e-01 -6.026190e-01 -6.586539e-01 4.320508e-02 1.246448e+00 3.874908e-01 -5.455654e-01 -1.380655e-02
<VARIANCE> 25
 9.293216e+00 2.049232e+01 2.533749e+01 3.865821e+01 4.572852e+01 3.071889e+01 4.654067e+01 4.893977e+01 4.305763e+01 4.602797e+01 3.994111e+01 3.000167e+01 4.497517e-01 1.480468e+00 1.310416e+00 2.757480e+00 2.328880e+00 2.199714e+00 2.986202e+00 2.800191e+00 3.005737e+00 2.666740e+00 2.519942e+00 2.277683e+00 1.546570e-03
<GCONST> 8.973470e+01
<MIXTURE> 53 6.367945e-03
<MEAN> 25
 1.012243e+01 2.047621e+00 -6.196681e+00 -1.428117e+01 -4.220654e+00 8.535850e+00 -2.751311e+00 -3.059427e+00 -4.407014e+00 -2.132552e+00 3.353898e+00 7.461316e-01 -3.857116e-01 -4.801227e-01 -6.985313e-02 1.140409e+00 1.339467e+00 -4.732002e-01 -6.026190e-01 -6.586539e-01 4.320508e-02 1.246448e+00 3.874908e-01 -5.455654e-01 -1.380655e-02
<VARIANCE> 25
 9.293216e+00 2.049232e+01 2.533749e+01 3.865821e+01 4.572852e+01 3.071889e+01 4.654067e+01 4.893977e+01 4.305763e+01 4.602797e+01 3.994111e+01 3.000167e+01 4.497517e-01 1.480468e+00 1.310416e+00 2.757480e+00 2.328880e+00 2.199714e+00 2.986202e+00 2.800191e+00 3.005737e+00 2.666740e+00 2.519942e+00 2.277683e+00 1.546570e-03
<GCONST> 8.973470e+01
<MIXTURE> 54 7.368620e-03
<MEAN> 25
 -3.201799e+00 -1.308660e-01 -7.117341e-01 7.615440e+00 6.550408e+00 4.653362e+00 4.328261e+00 4.698081e+00 4.115869e+00 3.385256e+00 4.406282e+00 2.253730e+00 1.818463e-03 3.947271e-02 3.919526e-02 7.315680e-02 5.786657e-02 2.768285e-02 4.850125e-02 4.365165e-02 1.461096e-02 4.565591e-02 -5.004019e-02 2.973478e-02 -5.505480e-05
<VARIANCE> 25
 1.200068e+01 1.038107e+01 9.151387e+00 2.030317e+01 1.281230e+01 1.289300e+01 1.342224e+01 1.095382e+01 1.132577e+01 1.359248e+01 1.697179e+01 1.206446e+01 3.970423e-02 8.812780e-02 1.483151e-01 2.282560e-01 2.933407e-01 3.832409e-01 4.389583e-01 5.002945e-01 5.199322e-01 5.023671e-01 6.085857e-01 5.043583e-01 1.001779e-06
<GCONST> 4.737298e+01
<MIXTURE> 55 7.368620e-03
<MEAN> 25
 -3.201799e+00 -1.308660e-01 -7.117341e-01 7.615440e+00 6.550408e+00 4.653362e+00 4.328261e+00 4.698081e+00 4.115869e+00 3.385256e+00 4.406282e+00 2.253730e+00 1.818463e-03 3.947271e-02 3.919526e-02 7.315680e-02 5.786657e-02 2.768285e-02 4.850125e-02 4.365165e-02 1.461096e-02 4.565591e-02 -5.004019e-02 2.973478e-02 -5.505480e-05
<VARIANCE> 25
 1.200068e+01 1.038107e+01 9.151387e+00 2.030317e+01 1.281230e+01 1.289300e+01 1.342224e+01 1.095382e+01 1.132577e+01 1.359248e+01 1.697179e+01 1.206446e+01 3.970423e-02 8.812780e-02 1.483151e-01 2.282560e-01 2.933407e-01 3.832409e-01 4.389583e-01 5.002945e-01 5.199322e-01 5.023671e-01 6.085857e-01 5.043583e-01 1.001779e-06
<GCONST> 4.737298e+01
<MIXTURE> 56 6.132464e-03
<MEAN> 25
 7.356271e+00 -6.556922e+00 -8.584070e+00 -8.101532e+00 3.793566e+00 3.855093e+00 -2.091990e+00 -1.286699e+00 1.878864e+00 5.093781e-01 -2.311196e+00 -6.833443e+00 -7.069056e-03 2.096217e-02 -9.155478e-02 3.192412e-02 2.628399e-01 8.560294e-02 1.349811e-01 -1.212923e-01 -2.964426e-02 -2.291693e-02 -8.736685e-02 1.903180e-02 -6.743243e-03
<VARIANCE> 25
 9.547682e+00 2.252085e+01 2.342952e+01 4.365803e+01 3.193530e+01 4.852785e+01 5.861833e+01 3.544526e+01 3.721626e+01 3.591931e+01 3.875133e+01 3.091485e+01 2.042302e-01 4.113872e-01 4.385270e-01 7.682166e-01 8.285194e-01 1.138220e+00 9.392699e-01 9.017040e-01 9.060872e-01 9.034333e-01 9.945132e-01 7.846647e-01 2.337483e-04
<GCONST> 7.492039e+01
<MIXTURE> 57 6.132464e-03
<MEAN> 25
 7.356271e+00 -6.556922e+00 -8.584070e+00 -8.101532e+00 3.793566e+00 3.855093e+00 -2.091990e+00 -1.286699e+00 1.878864e+00 5.093781e-01 -2.311196e+00 -6.833443e+00 -7.069056e-03 2.096217e-02 -9.155478e-02 3.192412e-02 2.628399e-01 8.560294e-02 1.349811e-01 -1.212923e-01 -2.964426e-02 -2.291693e-02 -8.736685e-02 1.903180e-02 -6.743243e-03
<VARIANCE> 25
 9.547682e+00 2.252085e+01 2.342952e+01 4.365803e+01 3.193530e+01 4.852785e+01 5.861833e+01 3.544526e+01 3.721626e+01 3.591931e+01 3.875133e+01 3.091485e+01 2.042302e-01 4.113872e-01 4.385270e-01 7.682166e-01 8.285194e-01 1.138220e+00 9.392699e-01 9.017040e-01 9.060872e-01 9.034333e-01 9.945132e-01 7.846647e-01 2.337483e-04
<GCONST> 7.492039e+01
<MIXTURE> 58 6.172147e-03
<MEAN> 25
 2.487865e+00 -3.101279e+00 7.104829e+00 -5.172500e+00 -1.245605e+01 -5.166956e+00 1.467832e+00 1.044291e+00 -2.088485e+00 1.676300e+00 5.572260e-01 -8.297539e-01 -4.575966e-03 -9.823684e-02 -8.852673e-02 -1.669206e-01 -4.245905e-02 1.860884e-01 3.741235e-01 2.186088e-01 2.642359e-04 -1.005809e-02 -6.223151e-02 -8.873701e-02 -3.768641e-03
<VARIANCE> 25
 7.667353e+00 1.394841e+01 2.003257e+01 2.599732e+01 3.242479e+01 4.509859e+01 3.083367e+01 3.278706e+01 3.151504e+01 2.943102e+01 2.173609e+01 1.970362e+01 3.050538e-01 7.770340e-01 7.505778e-01 9.844531e-01 8.958973e-01 1.178652e+00 1.101643e+00 1.388304e+00 1.058981e+00 1.007190e+00 9.089113e-01 8.988041e-01 6.933497e-04
<GCONST> 7.529883e+01
<MIXTURE> 59 6.172147e-03
<MEAN> 25
 2.487865e+00 -3.101279e+00 7.104829e+00 -5.172500e+00 -1.245605e+01 -5.166956e+00 1.467832e+00 1.044291e+00 -2.088485e+00 1.676300e+00 5.572260e-01 -8.297539e-01 -4.575966e-03 -9.823684e-02 -8.852673e-02 -1.669206e-01 -4.245905e-02 1.860884e-01 3.741235e-01 2.186088e-01 2.642359e-04 -1.005809e-02 -6.223151e-02 -8.873701e-02 -3.768641e-03
<VARIANCE> 25
 7.667353e+00 1.394841e+01 2.003257e+01 2.599732e+01 3.242479e+01 4.509859e+01 3.083367e+01 3.278706e+01 3.151504e+01 2.943102e+01 2.173609e+01 1.970362e+01 3.050538e-01 7.770340e-01 7.505778e-01 9.844531e-01 8.958973e-01 1.178652e+00 1.101643e+00 1.388304e+00 1.058981e+00 1.007190e+00 9.089113e-01 8.988041e-01 6.933497e-04
<GCONST> 7.529883e+01
<MIXTURE> 60 4.479129e-03
<MEAN> 25
 -2.407225e+00 -1.128834e+00 -8.648995e-01 3.055186e+00 1.613668e+00 1.972629e+00 1.005924e+00 1.983457e+00 1.946301e+00 9.967157e-01 2.312042e+00 1.278010e+00 3.552852e-02 3.418595e-02 8.458288e-02 2.505797e-01 2.757223e-01 1.512149e-01 2.226249e-01 2.847692e-01 5.152664e-01 6.007714e-01 5.700707e-01 4.362606e-01 -4.189868e-04
<VARIANCE> 25
 1.456504e+01 4.252206e+00 1.029494e+01 1.152918e+01 1.373564e+01 1.482290e+01 1.318398e+01 1.272368e+01 1.109209e+01 1.134189e+01 1.332341e+01 1.268726e+01 1.004159e-01 1.448990e-01 2.550152e-01 4.671062e-01 6.707600e-01 9.469856e-01 7.604480e-01 8.472393e-01 8.046380e-01 7.336158e-01 8.799626e-01 9.776227e-01 2.633390e-05
<GCONST> 5.677951e+01
<MIXTURE> 61 4.479129e-03
<MEAN> 25
 -2.407225e+00 -1.128834e+00 -8.648995e-01 3.055186e+00 1.613668e+00 1.972629e+00 1.005924e+00 1.983457e+00 1.946301e+00 9.967157e-01 2.312042e+00 1.278010e+00 3.552852e-02 3.418595e-02 8.458288e-02 2.505797e-01 2.757223e-01 1.512149e-01 2.226249e-01 2.847692e-01 5.152664e-01 6.007714e-01 5.700707e-01 4.362606e-01 -4.189868e-04
<VARIANCE> 25
 1.456504e+01 4.252206e+00 1.029494e+01 1.152918e+01 1.373564e+01 1.482290e+01 1.318398e+01 1.272368e+01 1.109209e+01 1.134189e+01 1.332341e+01 1.268726e+01 1.004159e-01 1.448990e-01 2.550152e-01 4.671062e-01 6.707600e-01 9.469856e-01 7.604480e-01 8.472393e-01 8.046380e-01 7.336158e-01 8.799626e-01 9.776227e-01 2.633390e-05
<GCONST> 5.677951e+01
<MIXTURE> 62 3.278034e-03
<MEAN> 25
 -5.080677e+00 1.255055e+00 1.056843e+00 8.789800e+00 6.127903e+00 5.174008e+00 5.518379e+00 4.089076e+00 4.831603e+00 3.927965e+00 5.036334e+00 3.101976e+00 -1.011536e+00 -1.175736e+00 -9.694412e-01 -2.721807e-01 4.584709e-01 9.874066e-01 1.362785e+00 1.547169e+00 1.447884e+00 1.229012e+00 1.054926e+00 7.338638e-01 -1.248742e-03
<VARIANCE> 25
 9.775930e+00 9.856900e+00 1.303447e+01 1.659223e+01 1.720237e+01 1.851329e+01 1.949140e+01 1.911313e+01 2.050436e+01 1.850537e+01 2.168173e+01 1.642199e+01 4.025193e-01 4.342605e-01 5.680650e-01 7.714019e-01 1.100178e+00 1.202143e+00 1.274423e+00 1.265436e+00 1.387865e+00 1.363715e+00 1.394281e+00 1.359744e+00 1.614251e-05
<GCONST> 6.782113e+01
<MIXTURE> 63 4.351215e-03
<MEAN> 25
 -2.936774e+00 -2.568893e+00 -3.588776e+00 2.293012e+00 3.247864e+00 1.480268e-01 2.280117e+00 1.920446e+00 2.230889e+00 -8.594006e-01 -7.973953e-01 1.995432e+00 -4.596091e-02 2.984667e-01 3.457148e-01 5.769113e-01 4.589800e-01 3.853520e-01 3.929868e-01 1.552496e-01 2.144937e-01 2.955742e-01 1.987106e-01 1.068914e-01 -4.482685e-03
<VARIANCE> 25
 1.394074e+01 1.247436e+01 2.032727e+01 1.741989e+01 1.631779e+01 2.377966e+01 2.141307e+01 2.371069e+01 2.175565e+01 1.993015e+01 1.798451e+01 1.617687e+01 2.909414e-01 3.952542e-01 5.630439e-01 6.884378e-01 8.547727e-01 1.143855e+00 1.211164e+00 1.405865e+00 1.280351e+00 1.256531e+00 1.276810e+00 1.434022e+00 1.784557e-04
<GCONST> 7.075950e+01
<MIXTURE> 64 4.351215e-03
<MEAN> 25
 -2.936774e+00 -2.568893e+00 -3.588776e+00 2.293012e+00 3.247864e+00 1.480268e-01 2.280117e+00 1.920446e+00 2.230889e+00 -8.594006e-01 -7.973953e-01 1.995432e+00 -4.596091e-02 2.984667e-01 3.457148e-01 5.769113e-01 4.589800e-01 3.853520e-01 3.929868e-01 1.552496e-01 2.144937e-01 2.955742e-01 1.987106e-01 1.068914e-01 -4.482685e-03
<VARIANCE> 25
 1.394074e+01 1.247436e+01 2.032727e+01 1.741989e+01 1.631779e+01 2.377966e+01 2.141307e+01 2.371069e+01 2.175565e+01 1.993015e+01 1.798451e+01 1.617687e+01 2.909414e-01 3.952542e-01 5.630439e-01 6.884378e-01 8.547727e-01 1.143855e+00 1.211164e+00 1.405865e+00 1.280351e+00 1.256531e+00 1.276810e+00 1.434022e+00 1.784557e-04
<GCONST> 7.075950e+01
<MIXTURE> 65 1.721197e-02
<MEAN> 25
 7.672017e+00 1.657092e+00 1.783531e+00 8.256720e-01 -4.859931e+00 -3.856870e+00 -5.247875e+00 -5.992793e+00 -3.422922e+00 -2.393112e+00 -5.004218e+00 -1.862398e+00 1.876894e-01 8.444326e-02 -4.160332e-02 1.496029e-01 -1.552910e-01 2.603864e-01 -1.064855e-01 -7.779945e-02 2.531597e-01 9.673283e-02 2.238559e-02 -1.471064e-01 -4.867544e-03
<VARIANCE> 25
 1.001256e+01 1.862593e+01 2.369263e+01 3.347835e+01 3.698516e+01 5.518280e+01 5.534333e+01 5.798434e+01 5.159811e+01 5.310493e+01 5.282822e+01 4.653733e+01 5.275232e-01 8.870100e-01 1.504293e+00 1.756999e+00 1.906662e+00 2.105328e+00 2.163830e+00 2.937994e+00 2.332112e+00 2.472952e+00 2.333441e+00 2.213536e+00 3.960135e-04
<GCONST> 8.828130e+01
<MIXTURE> 66 1.191532e-02
<MEAN> 25
 6.600517e+00 -4.061288e+00 -5.714402e+00 -4.805520e+00 1.141603e+00 -5.227833e+00 -6.699670e+00 1.056626e+00 7.373804e-01 -2.216606e+00 -6.193877e+00 -3.273890e+00 -7.493667e-02 1.703788e+00 2.164023e+00 2.326677e+00 -1.248626e+00 -1.218049e+00 -1.208038e-02 -5.147454e-01 -1.841244e-01 -1.781532e-01 -1.104121e-01 9.971083e-01 -6.264539e-02
<VARIANCE> 25
 8.915929e+00 2.180505e+01 2.662864e+01 3.220631e+01 3.813143e+01 5.266055e+01 5.644390e+01 4.483975e+01 5.274521e+01 6.595111e+01 3.633148e+01 3.700605e+01 1.289353e+00 2.433894e+00 2.491520e+00 2.409495e+00 4.087900e+00 4.244385e+00 4.414033e+00 4.754711e+00 4.190585e+00 4.873977e+00 4.088561e+00 3.259009e+00 1.480533e-03
<GCONST> 9.669497e+01
<MIXTURE> 67 1.559142e-02
<MEAN> 25
 8.969565e+00 2.028462e+00 -5.987159e+00 -8.259899e+00 8.855730e-01 3.053852e+00 -3.331707e+00 -2.247710e+00 -3.751733e+00 7.501454e-01 -5.484801e-02 -1.733386e+00 -1.078883e+00 1.838612e+00 1.057245e+00 3.073858e+00 1.388098e+00 -5.038813e-01 1.294274e+00 1.248598e-01 1.505059e-01 2.546200e-01 -2.682432e-01 6.181298e-01 -1.295812e-01
<VARIANCE> 25
 1.151763e+01 3.876332e+01 3.073167e+01 5.576897e+01 4.911988e+01 5.421129e+01 6.194782e+01 5.266463e+01 6.476180e+01 5.723338e+01 5.562755e+01 4.724482e+01 2.182105e+00 3.473754e+00 3.291185e+00 4.504955e+00 4.517802e+00 4.552763e+00 4.718912e+00 5.064116e+00 5.475728e+00 4.771042e+00 5.144841e+00 3.753695e+00 3.091410e-03
<GCONST> 1.029280e+02
<MIXTURE> 68 1.485092e-02
<MEAN> 25
 -1.981884e+00 -2.637584e+00 -4.268478e+00 1.353674e+00 4.611489e+00 -5.424824e-01 1.660437e+00 2.285022e+00 1.553336e+00 1.968006e+00 4.067763e-01 2.226996e+00 2.588217e+00 4.938622e-01 2.196843e-02 -2.548806e+00 -2.400394e+00 -1.766608e+00 -2.165850e+00 -1.717928e+00 -1.350311e+00 -1.670113e+00 -1.958026e+00 -1.130479e+00 9.332453e-02
<VARIANCE> 25
 2.340011e+01 2.962744e+01 5.209031e+01 4.972943e+01 4.497392e+01 5.762581e+01 4.682263e+01 3.868843e+01 4.184282e+01 4.136260e+01 4.067275e+01 2.555985e+01 1.984124e+00 3.439657e+00 5.245729e+00 5.258861e+00 4.169597e+00 5.239501e+00 5.590906e+00 4.442068e+00 4.966553e+00 5.181325e+00 4.448681e+00 3.262847e+00 6.105282e-03
<GCONST> 1.024714e+02
<MIXTURE> 69 1.204884e-02
<MEAN> 25
 4.779194e+00 -4.117836e+00 -3.891196e+00 -3.415297e+00 -3.340163e+00 -8.007156e+00 -1.734762e+00 1.149127e+00 3.235244e-01 -4.984746e+00 -5.918425e+00 1.173899e+00 1.376179e+00 -1.718925e+00 -1.144656e+00 -2.333492e+00 -5.287291e-01 -4.174110e-01 -2.388408e-01 2.199349e-01 -5.511471e-01 -1.745357e+00 -1.865340e+00 1.493875e-02 6.201408e-02
<VARIANCE> 25
 7.648746e+00 1.855994e+01 2.318471e+01 2.508615e+01 3.680135e+01 3.354313e+01 4.121641e+01 3.170639e+01 3.519830e+01 3.983332e+01 2.793635e+01 2.226852e+01 3.168280e+00 3.499242e+00 2.998044e+00 3.957832e+00 4.886273e+00 4.340057e+00 6.823542e+00 5.867616e+00 4.817293e+00 6.922099e+00 3.986682e+00 3.509256e+00 2.179427e-03
<GCONST> 9.688094e+01
<MIXTURE> 70 1.329190e-02
<MEAN> 25
 7.406837e+00 -2.131739e+00 -3.826809e+00 -3.386672e+00 -3.756510e-01 -6.655596e-01 -7.490566e+00 -3.882560e+00 5.387334e-01 2.807400e+00 -1.711008e-01 -4.812996e+00 1.829323e+00 -1.150418e+00 -8.434741e-01 -2.075641e+00 -1.398288e+00 1.033182e+00 -1.403814e+00 -3.864086e-02 3.419718e-01 6.366153e-02 5.870705e-01 -1.308443e+00 6.083108e-02
<VARIANCE> 25
 9.891155e+00 2.187538e+01 2.738688e+01 4.638435e+01 3.412850e+01 4.285428e+01 4.863969e+01 4.329084e+01 4.534058e+01 3.182106e+01 4.335316e+01 2.679392e+01 3.579998e+00 3.107317e+00 4.599936e+00 5.153112e+00 5.313165e+00 6.693997e+00 6.631872e+00 7.297738e+00 5.905847e+00 5.536952e+00 5.823251e+00 4.774515e+00 2.535790e-03
<GCONST> 1.016041e+02
<MIXTURE> 71 1.406903e-02
<MEAN> 25
 6.374087e+00 5.068489e+00 4.170924e+00 3.096911e+00 -3.433819e+00 -3.380271e+00 -3.392583e+00 -6.580725e+00 -4.600167e+00 -2.469874e+00 -5.170028e+00 -3.246721e+00 -1.561888e+00 -6.990782e-01 -2.709301e-01 -1.738756e+00 1.122285e+00 -1.687369e-01 2.010993e-02 1.518837e+00 3.082995e-01 -1.481027e-01 6.591078e-01 2.027525e-01 4.173925e-02
<VARIANCE> 25
 1.863491e+01 2.631609e+01 2.439047e+01 4.457505e+01 4.025498e+01 4.029807e+01 4.222383e+01 4.136360e+01 3.885073e+01 4.369653e+01 3.636599e+01 3.412824e+01 1.757876e+00 3.050294e+00 5.259496e+00 4.934079e+00 4.661688e+00 4.742969e+00 4.941682e+00 5.359749e+00 4.245399e+00 4.148045e+00 3.641708e+00 3.370818e+00 1.459618e-03
<GCONST> 9.870589e+01
<MIXTURE> 72 8.134747e-03
<MEAN> 25
 3.667645e+00 -3.732465e+00 5.069170e+00 -2.153466e+00 -1.013475e+01 -9.294936e+00 -2.365448e+00 1.688512e+00 -4.723283e+00 -2.245114e+00 -1.852766e+00 7.616361e-01 9.289385e-01 -7.829458e-01 -2.472158e+00 5.091437e-01 2.153121e+00 -5.192835e-01 -1.187805e+00 1.576189e+00 1.784679e+00 -6.654440e-01 -1.214632e+00 4.227628e-01 -9.029113e-03
<VARIANCE> 25
 1.041621e+01 1.842377e+01 3.330067e+01 3.775193e+01 3.165039e+01 3.314369e+01 3.882105e+01 3.507835e+01 4.194230e+01 3.904808e+01 3.660727e+01 2.733691e+01 4.082111e-01 9.672522e-01 2.076977e+00 1.420759e+00 2.069293e+00 2.517455e+00 3.148565e+00 2.620950e+00 2.472410e+00 2.889065e+00 2.000175e+00 2.020414e+00 6.472114e-04
<GCONST> 8.675590e+01
<MIXTURE> 73 1.213625e-02
<MEAN> 25
 -5.569602e+00 -8.123467e-01 -1.314447e+00 4.856431e+00 4.174772e+00 2.355424e+00 5.484777e+00 3.490720e+00 4.268284e+00 3.407380e+00 4.282125e+00 3.045867e+00 7.997007e-01 -1.022452e+00 -9.316477e-01 -2.629938e+00 -1.250746e+00 -1.753658e+00 -9.101752e-01 -5.060640e-01 -9.027846e-01 -6.988778e-01 -1.099665e+00 -3.040525e-01 1.538103e-01
<VARIANCE> 25
 1.323369e+01 1.331048e+01 1.518433e+01 2.281257e+01 2.346069e+01 2.465402e+01 2.038538e+01 2.009153e+01 1.851089e+01 1.896044e+01 2.259856e+01 1.569497e+01 4.034301e+00 3.073559e+00 5.917736e+00 4.657130e+00 6.137538e+00 4.549915e+00 4.278124e+00 4.210234e+00 3.883025e+00 4.201502e+00 3.518410e+00 2.686665e+00 4.377375e-03
<GCONST> 9.273479e+01
<MIXTURE> 74 1.756491e-02
<MEAN> 25
 4.475382e+00 -1.602777e+00 4.969744e+00 -1.187078e+00 -8.677357e+00 -8.300728e+00 -2.715663e+00 5.814226e-01 -3.948002e+00 -2.930854e+00 -1.747853e+00 2.851156e-01 2.823144e-01 2.026943e+00 1.685265e-02 1.744424e+00 1.203841e+00 3.743012e-01 -3.901447e-02 -1.250326e+00 1.436117e-01 1.729790e-01 -1.787681e-01 -1.313388e-01 -7.719655e-02
<VARIANCE> 25
 1.143697e+01 2.147448e+01 4.050722e+01 3.790845e+01 3.665228e+01 3.883396e+01 5.065285e+01 4.689055e+01 4.779403e+01 4.421664e+01 4.046224e+01 3.371196e+01 2.199138e+00 2.136107e+00 3.838045e+00 2.557498e+00 3.905428e+00 3.836243e+00 5.012326e+00 4.406886e+00 4.140894e+00 3.990675e+00 3.726190e+00 3.168045e+00 1.818496e-03
<GCONST> 9.729169e+01
<MIXTURE> 75 9.711651e-03
<MEAN> 25
 2.671273e+00 -1.251190e+00 1.081476e+01 1.667116e+00 -1.164925e+01 -7.481057e+00 -4.526752e+00 -3.580886e-01 -4.485633e+00 -4.531491e+00 3.270620e+00 2.745961e-01 1.745698e+00 -1.731395e+00 2.464262e-01 -2.603126e-01 -2.320050e+00 -5.458798e-01 -1.485097e+00 9.305460e-01 -1.350819e-01 -3.353697e-01 1.032437e+00 -6.643744e-01 3.901520e-02
<VARIANCE> 25
 1.083730e+01 1.734689e+01 3.129407e+01 2.720403e+01 2.748755e+01 3.316903e+01 3.072820e+01 3.085947e+01 3.282674e+01 3.107681e+01 1.989687e+01 2.163424e+01 2.319654e+00 1.897151e+00 4.248233e+00 2.424330e+00 4.016714e+00 4.253784e+00 4.057476e+00 3.469462e+00 3.854321e+00 3.301825e+00 3.111775e+00 2.484052e+00 1.508292e-03
<GCONST> 9.198128e+01
<MIXTURE> 76 1.052359e-02
<MEAN> 25
 -4.155166e+00 -1.244274e+00 -1.412593e+00 2.823239e+00 3.099339e+00 2.168223e+00 2.920252e+00 2.520942e+00 1.036435e+00 3.273655e-01 1.422166e+00 2.121708e+00 -1.660476e-01 -4.048286e-01 -1.792531e-01 -8.689871e-01 -5.626549e-01 -9.232392e-01 -6.370247e-01 -4.811494e-01 -3.568822e-01 -2.187055e-01 -1.720819e-01 -4.480730e-01 2.410396e-02
<VARIANCE> 25
 4.343049e+01 2.839978e+01 2.873400e+01 2.747719e+01 2.336825e+01 2.725782e+01 2.550132e+01 2.551869e+01 2.098774e+01 1.832470e+01 2.205819e+01 2.224195e+01 1.048890e+00 8.780203e-01 1.227180e+00 9.079456e-01 1.535779e+00 1.514122e+00 1.492905e+00 1.574992e+00 1.157446e+00 1.479129e+00 1.233787e+00 1.455542e+00 1.266810e-03
<GCONST> 8.099515e+01
<MIXTURE> 77 1.244626e-02
<MEAN> 25
 3.636771e-01 7.351469e+00 1.110727e+01 -1.220095e+01 -7.026880e+00 -2.101266e+00 -1.206300e+01 -9.453147e+00 -3.168025e+00 2.771843e-01 -5.197913e+00 1.301770e+00 1.453314e-01 -1.572419e-01 4.931869e-02 5.714397e-02 -3.226104e-01 1.580184e-01 -6.627657e-01 -1.693492e-01 -2.486239e-01 -2.938175e-01 -1.504642e-01 1.723015e-01 -7.472293e-03
<VARIANCE> 25
 6.994642e+00 1.383643e+01 1.772967e+01 2.532036e+01 2.348927e+01 2.811117e+01 3.482437e+01 2.444205e+01 2.533999e+01 2.004310e+01 2.393655e+01 2.841038e+01 2.318783e-01 5.317695e-01 4.104458e-01 7.233676e-01 1.103552e+00 7.541416e-01 1.256009e+00 8.069284e-01 9.682835e-01 9.975802e-01 7.633763e-01 7.763631e-01 3.340278e-04
<GCONST> 7.057824e+01
<MIXTURE> 78 9.702551e-03
<MEAN> 25
 -1.195079e+01 1.500345e+00 -1.124825e+00 9.308725e-01 3.698255e+00 -2.525752e+00 3.894655e+00 1.561913e+00 1.862526e+00 1.512891e+00 -5.052765e-01 2.255296e+00 2.275607e+00 -4.796581e-01 3.437494e-01 2.994606e-01 -2.082499e-01 3.876249e-02 -5.784885e-01 -1.954709e-02 2.364950e-01 1.024577e-01 -4.181513e-01 -3.150742e-01 -6.195754e-02
<VARIANCE> 25
 3.783875e+01 3.067146e+01 3.021497e+01 4.103704e+01 3.698322e+01 3.395238e+01 3.630468e+01 3.579151e+01 2.733732e+01 2.799014e+01 2.354544e+01 2.073317e+01 4.511928e+00 2.489938e+00 2.736232e+00 3.247502e+00 2.877017e+00 3.197331e+00 3.460234e+00 2.531626e+00 2.127611e+00 2.176348e+00 1.953612e+00 2.075420e+00 4.277334e-03
<GCONST> 9.373305e+01
<MIXTURE> 79 1.156824e-02
<MEAN> 25
 2.303438e+00 1.505793e+00 8.612270e+00 -6.088212e+00 -1.210861e+01 -3.001019e+00 -2.452825e+00 -7.468282e+00 -5.743436e+00 1.121195e+00 -3.110205e+00 -3.341103e+00 1.361953e+00 -5.541134e-01 -1.590784e+00 2.305662e+00 4.271224e-01 -1.148658e+00 3.801606e-01 9.939851e-01 -3.356612e-01 -7.192805e-01 3.601616e-01 1.239326e-01 -4.327731e-02
<VARIANCE> 25
 1.210355e+01 2.055041e+01 3.384276e+01 4.356704e+01 2.866939e+01 4.323378e+01 3.912681e+01 3.700565e+01 3.581804e+01 3.812699e+01 3.920704e+01 2.872635e+01 1.062340e+00 1.936026e+00 1.877900e+00 1.770383e+00 2.191315e+00 2.969852e+00 2.930416e+00 3.130743e+00 2.181599e+00 2.483048e+00 1.983067e+00 2.020800e+00 1.254959e-03
<GCONST> 8.981462e+01
<MIXTURE> 80 7.550998e-03
<MEAN> 25
 -1.397330e+01 4.254182e+00 1.133945e+00 1.579284e+00 2.204299e+00 7.756140e-01 6.819494e+00 9.471407e-01 1.212323e+00 2.974391e+00 3.463785e+00 8.392097e-01 4.047819e+00 -1.980017e-01 1.448995e+00 -1.237516e+00 -2.918425e+00 -2.511522e+00 -2.577427e+00 -1.936111e+00 -1.629433e+00 -1.476500e+00 -1.807881e+00 -6.537728e-01 -4.975979e-02
<VARIANCE> 25
 1.763415e+01 1.857391e+01 2.777388e+01 3.246020e+01 2.486678e+01 2.487574e+01 2.301189e+01 3.010723e+01 2.845897e+01 2.372541e+01 2.640632e+01 1.650151e+01 2.251315e+00 2.200001e+00 2.265535e+00 3.811050e+00 2.915822e+00 2.357953e+00 2.805565e+00 2.625705e+00 2.942815e+00 2.338101e+00 2.405810e+00 2.061329e+00 1.382691e-03
<GCONST> 8.872971e+01
<MIXTURE> 81 8.025434e-03
<MEAN> 25
 -9.272999e-01 4.434202e+00 1.004174e+01 -1.461377e+01 -8.789278e+00 -2.141667e+00 -7.292439e+00 -8.645313e+00 -4.071380e+00 2.245663e-01 -7.238019e+00 -1.580262e+00 2.169475e-01 -5.716408e-01 7.047760e-02 -5.905901e-01 -4.493985e-01 2.691769e-01 1.330049e-02 1.044271e-01 -1.576483e-01 -7.242449e-03 -3.600461e-01 1.428323e-01 9.339444e-03
<VARIANCE> 25
 9.379354e+00 3.069095e+01 2.374534e+01 2.645965e+01 3.121891e+01 3.107656e+01 4.863214e+01 2.574493e+01 3.465982e+01 3.351199e+01 2.403160e+01 3.135994e+01 8.135645e-01 2.032653e+00 1.490122e+00 2.591421e+00 2.500017e+00 1.957742e+00 3.698490e+00 2.057626e+00 2.232431e+00 2.422550e+00 2.278734e+00 2.792859e+00 1.090499e-03
<GCONST> 8.793391e+01
<MIXTURE> 82 8.213053e-03
<MEAN> 25
 -9.826487e+00 -3.896729e+00 1.632490e+00 -2.972350e+00 3.095239e+00 6.831052e-01 1.943994e+00 9.839713e-01 2.887586e+00 1.707538e+00 1.753835e+00 3.034957e+00 -1.306777e+00 -1.284799e-01 2.893876e-01 -2.583003e+00 -1.068616e+00 -1.244825e+00 -1.023828e+00 -8.486178e-01 -3.169201e-01 -4.793400e-01 -3.183991e-01 -1.164142e-01 1.774731e-01
<VARIANCE> 25
 1.945433e+01 2.475644e+01 3.201571e+01 3.062053e+01 3.268177e+01 3.201319e+01 3.188359e+01 3.324385e+01 3.109677e+01 2.487436e+01 3.058665e+01 1.759944e+01 3.715387e+00 3.019202e+00 3.276001e+00 3.264889e+00 3.645904e+00 3.298241e+00 2.916646e+00 3.025022e+00 2.760195e+00 2.465093e+00 2.422025e+00 1.879463e+00 3.476877e-03
<GCONST> 9.309345e+01
<MIXTURE> 83 1.167529e-02
<MEAN> 25
 -1.907735e+01 6.289823e+00 -8.566827e-01 -2.553083e-02 7.464967e+00 -1.220006e+00 6.449773e+00 1.227478e+00 6.797028e-01 2.876367e+00 7.693003e-01 2.402135e+00 2.718572e-02 -6.377621e-01 3.009845e-01 -6.008047e-01 -5.215535e-01 -2.938707e-01 -1.378264e-01 -1.936405e-01 -3.027781e-01 2.011050e-01 -2.529041e-01 -7.729510e-02 -5.022867e-04
<VARIANCE> 25
 1.047981e+01 1.665754e+01 2.884498e+01 2.092916e+01 2.073382e+01 2.067344e+01 2.238415e+01 3.217869e+01 1.828952e+01 2.112047e+01 1.952279e+01 1.316016e+01 9.902634e-01 9.970182e-01 1.623347e+00 1.202002e+00 1.286573e+00 1.287410e+00 1.435943e+00 1.481509e+00 1.484488e+00 1.496629e+00 1.240262e+00 9.636837e-01 9.810859e-04
<GCONST> 7.762291e+01
<MIXTURE> 84 1.066614e-02
<MEAN> 25
 1.221968e+00 8.435346e+00 6.840943e+00 7.833250e+00 2.717730e+00 -9.241470e-01 -1.334803e+00 -4.357952e+00 -4.021174e+00 -2.892473e+00 -2.506401e+00 -1.565985e+00 -1.680045e+00 -1.175790e+00 -1.234265e+00 1.345300e+00 2.302322e+00 1.498522e+00 1.471017e+00 1.419869e+00 1.101554e+00 2.076461e-01 3.845583e-01 4.556125e-01 -7.168765e-02
<VARIANCE> 25
 2.234035e+01 2.307744e+01 2.318687e+01 2.323871e+01 2.787611e+01 2.682672e+01 2.707792e+01 2.538847e+01 2.411966e+01 2.390091e+01 2.251147e+01 2.332166e+01 2.183779e+00 2.406773e+00 3.660969e+00 3.180191e+00 3.142506e+00 3.196831e+00 3.119849e+00 3.508178e+00 3.374933e+00 3.732204e+00 3.413867e+00 2.673834e+00 3.340733e-03
<GCONST> 9.210938e+01
<MIXTURE> 85 7.591393e-03
<MEAN> 25
 -3.242817e+00 7.839064e+00 5.667886e+00 1.077942e+00 -3.448011e+00 -5.295594e+00 -2.827581e+00 -6.240143e+00 -3.600163e+00 -2.988755e+00 -7.035035e-01 -2.014126e+00 3.924572e+00 3.149371e-01 1.740723e+00 -2.108873e+00 -3.398410e+00 -2.560588e+00 -2.920529e+00 -2.322489e+00 -2.176139e+00 -1.207008e+00 -2.266092e+00 -5.898598e-01 7.644780e-03
<VARIANCE> 25
 4.209062e+01 2.300333e+01 3.569704e+01 3.874138e+01 3.885838e+01 4.014865e+01 3.258178e+01 2.792409e+01 2.611729e+01 2.668410e+01 2.759364e+01 2.087057e+01 2.665062e+00 4.223266e+00 3.956350e+00 5.112686e+00 4.301013e+00 3.790170e+00 3.809953e+00 3.894441e+00 3.926106e+00 4.046074e+00 3.892083e+00 3.440379e+00 5.380528e-03
<GCONST> 9.817397e+01
<MIXTURE> 86 1.273941e-02
<MEAN> 25
 -3.474269e+00 -1.401992e+00 -8.611391e-01 6.103049e+00 4.593438e+00 4.697339e+00 4.855436e+00 4.436231e+00 4.624790e+00 3.663335e+00 4.834694e+00 1.945889e+00 3.422786e-02 -2.026758e-03 -3.290112e-02 -1.079499e-01 -2.269379e-01 -2.075899e-01 -2.210730e-01 -3.197599e-01 -4.366383e-01 -3.739396e-01 -2.020016e-01 -1.966019e-01 -3.163872e-04
<VARIANCE> 25
 1.618974e+01 5.293222e+00 9.209410e+00 1.213100e+01 1.476619e+01 1.263226e+01 1.435699e+01 1.254747e+01 1.394080e+01 1.243090e+01 1.487452e+01 1.669757e+01 1.026958e-01 1.740889e-01 3.121179e-01 5.687421e-01 7.436359e-01 7.604358e-01 7.094014e-01 7.725906e-01 7.804077e-01 8.135664e-01 8.896049e-01 9.177404e-01 5.624000e-05
<GCONST> 5.883874e+01
<MIXTURE> 87 1.100681e-02
<MEAN> 25
 -3.183700e+00 4.421265e+00 3.357794e+00 6.923108e+00 5.422078e+00 8.419913e-01 1.608582e+00 -1.002281e+00 -5.825957e-01 -8.475669e-01 -8.039683e-01 -7.304010e-02 -2.109454e+00 -2.753110e+00 -2.090925e+00 -2.161859e+00 -1.790824e-02 -2.288278e-01 5.408061e-01 1.288523e+00 1.378235e+00 1.059015e+00 8.968099e-01 1.032832e+00 1.042513e-01
<VARIANCE> 25
 3.915252e+01 3.012218e+01 2.843218e+01 3.347734e+01 2.902204e+01 3.142268e+01 2.811243e+01 2.700915e+01 2.546247e+01 2.431997e+01 2.430768e+01 2.325545e+01 3.850648e+00 2.732163e+00 3.867223e+00 3.781822e+00 4.713935e+00 4.337872e+00 4.339470e+00 3.827581e+00 3.484573e+00 3.392508e+00 3.440559e+00 2.775415e+00 4.886425e-03
<GCONST> 9.636089e+01
<MIXTURE> 88 1.256585e-02
<MEAN> 25
 -3.277210e+00 -1.144580e+00 -1.181411e+00 4.988439e+00 4.277740e+00 3.421246e+00 4.205459e+00 3.076504e+00 3.169847e+00 2.069966e+00 2.863140e+00 2.446572e+00 -4.996446e-02 1.988726e-01 1.876842e-01 3.576677e-01 2.279061e-01 1.560093e-01 -1.415885e-03 -2.692017e-01 -1.714680e-01 -7.429121e-02 -1.452371e-01 -1.503870e-01 -2.562943e-03
<VARIANCE> 25
 1.436865e+01 9.158617e+00 1.494233e+01 1.678049e+01 1.931841e+01 1.932491e+01 1.959135e+01 1.859130e+01 1.713673e+01 1.698713e+01 1.913637e+01 1.494348e+01 1.439910e+00 1.548221e+00 1.907905e+00 2.111693e+00 2.443798e+00 2.537275e+00 2.654878e+00 2.381442e+00 2.225143e+00 2.589725e+00 2.016118e+00 2.218780e+00 1.525683e-03
<GCONST> 8.212899e+01
<MIXTURE> 89 9.333527e-03
<MEAN> 25
 6.067574e+00 -6.820901e+00 -3.548992e+00 -3.139116e+00 -1.599035e+00 -5.567599e+00 -6.098502e+00 4.099232e+00 3.469669e+00 -2.787314e+00 -6.017984e+00 -3.268228e+00 -5.677105e-01 1.563269e-01 1.978211e+00 8.971180e-01 -1.862029e+00 -1.647563e+00 8.797279e-01 1.261831e+00 -7.845937e-01 -1.309630e+00 4.035734e-01 1.531290e+00 -4.808898e-03
<VARIANCE> 25
 8.984643e+00 2.663724e+01 3.109937e+01 3.031737e+01 3.596260e+01 4.167258e+01 5.950610e+01 4.194892e+01 3.891277e+01 4.240163e+01 3.575969e+01 3.236943e+01 3.552919e-01 8.401333e-01 1.490581e+00 1.321416e+00 1.925291e+00 2.121210e+00 2.571849e+00 2.036258e+00 2.243376e+00 2.130416e+00 2.330709e+00 1.470671e+00 3.708625e-04
<GCONST> 8.529922e+01
<MIXTURE> 90 7.114505e-03
<MEAN> 25
 2.585980e+00 -8.933288e+00 -4.396484e+00 -3.446000e+00 -3.164797e+00 -1.408528e+00 3.140762e+00 1.099515e+00 -7.029218e+00 -9.846354e+00 -3.363395e+00 -7.580353e-01 -1.382022e-01 8.067806e-01 1.063656e+00 -8.852447e-01 -1.617196e+00 -2.965830e-01 5.789406e-01 -1.845545e-01 -1.330176e-01 6.285216e-01 8.769140e-02 -6.564542e-01 -1.153342e-02
<VARIANCE> 25
 7.881026e+00 2.105974e+01 1.955593e+01 2.859345e+01 3.395046e+01 3.294489e+01 3.548997e+01 3.300228e+01 3.408590e+01 2.726079e+01 2.535477e+01 2.462737e+01 2.094265e-01 6.652121e-01 8.036759e-01 1.018307e+00 1.360005e+00 1.534587e+00 1.691609e+00 1.601948e+00 1.703082e+00 1.613248e+00 1.502982e+00 1.327974e+00 1.983851e-04
<GCONST> 7.747961e+01
<MIXTURE> 91 7.852945e-03
<MEAN> 25
 6.325884e+00 -7.549417e+00 -8.481709e+00 -5.101997e+00 3.854377e+00 -2.159665e-01 -2.132699e+00 6.997035e-01 7.925802e-01 -2.997259e+00 -4.937161e+00 -5.033388e+00 2.476568e-01 1.007923e+00 1.756640e-01 4.658192e-01 -8.651687e-02 -5.473423e-01 -3.979053e-01 -9.200257e-02 -1.120133e-01 4.545728e-01 -8.060654e-02 1.994689e-01 -3.451946e-02
<VARIANCE> 25
 1.009782e+01 2.251222e+01 2.037130e+01 4.005934e+01 3.510995e+01 5.565297e+01 5.349395e+01 3.906697e+01 5.091840e+01 6.323364e+01 3.787305e+01 4.193754e+01 4.507342e-01 9.159705e-01 1.116001e+00 1.406459e+00 2.177758e+00 2.341770e+00 2.394112e+00 2.354074e+00 2.233298e+00 2.182472e+00 2.087209e+00 1.805504e+00 5.854783e-04
<GCONST> 8.713979e+01
<MIXTURE> 92 7.852945e-03
<MEAN> 25
 6.325884e+00 -7.549417e+00 -8.481709e+00 -5.101997e+00 3.854377e+00 -2.159665e-01 -2.132699e+00 6.997035e-01 7.925802e-01 -2.997259e+00 -4.937161e+00 -5.033388e+00 2.476568e-01 1.007923e+00 1.756640e-01 4.658192e-01 -8.651687e-02 -5.473423e-01 -3.979053e-01 -9.200257e-02 -1.120133e-01 4.545728e-01 -8.060654e-02 1.994689e-01 -3.451946e-02
<VARIANCE> 25
 1.009782e+01 2.251222e+01 2.037130e+01 4.005934e+01 3.510995e+01 5.565297e+01 5.349395e+01 3.906697e+01 5.091840e+01 6.323364e+01 3.787305e+01 4.193754e+01 4.507342e-01 9.159705e-01 1.116001e+00 1.406459e+00 2.177758e+00 2.341770e+00 2.394112e+00 2.354074e+00 2.233298e+00 2.182472e+00 2.087209e+00 1.805504e+00 5.854783e-04
<GCONST> 8.713979e+01
<MIXTURE> 93 6.122769e-03
<MEAN> 25
 -6.822267e+00 -9.618984e-01 -2.401100e+00 5.796759e+00 5.907781e+00 3.922706e+00 6.120861e+00 3.610502e+00 4.118417e+00 2.508360e+00 1.818703e+00 3.705077e+00 -6.161026e-02 -1.544031e-01 -2.573671e-01 -3.315481e-01 -3.338355e-01 -2.845630e-01 -2.176224e-01 -1.742541e-01 -1.665882e-01 -1.504825e-01 -1.044494e-01 -3.556392e-02 -3.985193e-06
<VARIANCE> 25
 9.127121e+00 6.027735e+00 8.194242e+00 1.137204e+01 1.149344e+01 1.598157e+01 1.529263e+01 1.645069e+01 1.476158e+01 1.453954e+01 1.678455e+01 1.345006e+01 8.276959e-02 1.534369e-01 2.638096e-01 3.806792e-01 4.978938e-01 6.424653e-01 7.793596e-01 8.872983e-01 9.164611e-01 8.761473e-01 8.924353e-01 9.176779e-01 1.000684e-06
<GCONST> 5.361129e+01
<MIXTURE> 94 6.122769e-03
<MEAN> 25
 -6.822267e+00 -9.618984e-01 -2.401100e+00 5.796759e+00 5.907781e+00 3.922706e+00 6.120861e+00 3.610502e+00 4.118417e+00 2.508360e+00 1.818703e+00 3.705077e+00 -6.161026e-02 -1.544031e-01 -2.573671e-01 -3.315481e-01 -3.338355e-01 -2.845630e-01 -2.176224e-01 -1.742541e-01 -1.665882e-01 -1.504825e-01 -1.044494e-01 -3.556392e-02 -3.985193e-06
<VARIANCE> 25
 9.127121e+00 6.027735e+00 8.194242e+00 1.137204e+01 1.149344e+01 1.598157e+01 1.529263e+01 1.645069e+01 1.476158e+01 1.453954e+01 1.678455e+01 1.345006e+01 8.276959e-02 1.534369e-01 2.638096e-01 3.806792e-01 4.978938e-01 6.424653e-01 7.793596e-01 8.872983e-01 9.164611e-01 8.761473e-01 8.924353e-01 9.176779e-01 1.000684e-06
<GCONST> 5.361129e+01
<MIXTURE> 95 5.258835e-03
<MEAN> 25
 -3.082278e+00 -1.220857e+00 -1.713929e+00 4.361530e+00 3.639516e+00 3.032118e+00 3.749450e+00 1.406921e+00 1.657065e+00 7.056981e-01 1.521237e+00 1.931628e+00 1.476612e-01 1.497184e-01 1.221557e-01 -5.692073e-02 -5.328351e-01 -7.167311e-01 -8.666404e-01 -1.183579e+00 -1.232265e+00 -1.054518e+00 -6.993167e-01 -2.883606e-01 -1.495421e-03
<VARIANCE> 25
 2.543955e+01 5.851262e+00 1.113466e+01 1.205067e+01 1.266418e+01 1.553588e+01 1.441273e+01 1.477450e+01 1.359049e+01 1.252850e+01 1.709383e+01 1.371973e+01 1.649198e-01 2.362644e-01 4.464599e-01 6.656935e-01 9.302440e-01 8.397551e-01 1.087627e+00 8.764327e-01 7.925968e-01 9.056436e-01 9.620827e-01 1.059652e+00 4.579093e-05
<GCONST> 6.202997e+01
<MIXTURE> 96 7.034694e-03
<MEAN> 25
 -3.672016e+00 -6.739235e-01 -2.233996e+00 4.852231e+00 3.696544e+00 1.807272e+00 3.246778e+00 2.020422e+00 2.378463e+00 1.096126e+00 1.213804e+00 2.564422e+00 6.013155e-03 9.799614e-02 2.960468e-01 4.553530e-01 6.058051e-01 5.929464e-01 2.565914e-01 -2.322535e-01 -4.619868e-01 -6.521602e-01 -6.018837e-01 -3.200837e-01 1.387199e-04
<VARIANCE> 25
 1.947787e+01 8.706531e+00 1.112140e+01 1.549017e+01 1.399468e+01 1.823411e+01 1.619368e+01 1.751390e+01 1.803496e+01 1.640089e+01 1.781344e+01 1.369576e+01 1.144914e-01 1.930177e-01 3.212853e-01 4.061992e-01 5.911639e-01 6.940682e-01 7.893224e-01 1.006034e+00 8.403547e-01 9.084831e-01 8.796657e-01 9.143401e-01 1.131009e-06
<GCONST> 5.745555e+01
<MIXTURE> 97 7.034694e-03
<MEAN> 25
 -3.672016e+00 -6.739235e-01 -2.233996e+00 4.852231e+00 3.696544e+00 1.807272e+00 3.246778e+00 2.020422e+00 2.378463e+00 1.096126e+00 1.213804e+00 2.564422e+00 6.013155e-03 9.799614e-02 2.960468e-01 4.553530e-01 6.058051e-01 5.929464e-01 2.565914e-01 -2.322535e-01 -4.619868e-01 -6.521602e-01 -6.018837e-01 -3.200837e-01 1.387199e-04
<VARIANCE> 25
 1.947787e+01 8.706531e+00 1.112140e+01 1.549017e+01 1.399468e+01 1.823411e+01 1.619368e+01 1.751390e+01 1.803496e+01 1.640089e+01 1.781344e+01 1.369576e+01 1.144914e-01 1.930177e-01 3.212853e-01 4.061992e-01 5.911639e-01 6.940682e-01 7.893224e-01 1.006034e+00 8.403547e-01 9.084831e-01 8.796657e-01 9.143401e-01 1.131009e-06
<GCONST> 5.745555e+01
<MIXTURE> 98 9.917808e-03
<MEAN> 25
 -6.390077e-01 7.986115e-01 6.134537e-02 4.078351e+00 2.388003e+00 3.360004e+00 3.250105e+00 1.710054e+00 9.636443e-01 7.619812e-01 1.115634e+00 1.185637e+00 -1.706414e+00 -1.328693e+00 -1.023601e+00 3.813898e-01 9.514652e-01 8.444524e-01 1.195047e+00 1.515867e+00 1.386235e+00 1.042474e+00 1.168022e+00 9.964924e-01 -2.964349e-02
<VARIANCE> 25
 1.599955e+01 1.843576e+01 2.680905e+01 2.906343e+01 4.799699e+01 3.701292e+01 2.810491e+01 2.542434e+01 2.545479e+01 2.551806e+01 2.543592e+01 2.200236e+01 1.334618e+00 1.475302e+00 1.990125e+00 2.245543e+00 3.622190e+00 2.466614e+00 2.497841e+00 2.644179e+00 2.732626e+00 3.011511e+00 2.432173e+00 2.066301e+00 2.219941e-03
<GCONST> 8.901399e+01
<MIXTURE> 99 6.696178e-03
<MEAN> 25
 -8.352048e+00 9.919000e+00 3.605295e+00 3.942540e+00 7.137570e-02 -4.818275e+00 9.746264e-02 -4.736290e+00 -3.062006e+00 -2.686570e+00 -1.485212e+00 -8.117017e-01 3.147717e-01 -7.092803e-01 3.549496e-01 -8.309672e-01 -9.515635e-01 -3.600675e-01 -2.415983e-01 -2.764014e-01 -4.582320e-02 7.128520e-02 3.370272e-01 6.035579e-02 9.775108e-03
<VARIANCE> 25
 3.606847e+01 2.197052e+01 6.744382e+01 3.024792e+01 3.270221e+01 2.863445e+01 3.449347e+01 2.723637e+01 2.295794e+01 2.684900e+01 1.675774e+01 2.671362e+01 1.840258e+00 1.754086e+00 1.370800e+00 2.107960e+00 2.631248e+00 1.821294e+00 1.790483e+00 1.551127e+00 1.303568e+00 1.415246e+00 1.419517e+00 1.445858e+00 1.362529e-03
<GCONST> 8.601255e+01
<MIXTURE> 100 4.498084e-03
<MEAN> 25
 -1.929099e+00 6.644218e+00 9.536748e+00 -7.728283e+00 -1.003605e+01 -5.507733e+00 -4.828176e+00 -1.017818e+01 -4.108068e+00 3.767722e-01 -3.855496e+00 -3.077247e+00 2.929822e+00 -9.950606e-01 1.384221e+00 -2.232702e+00 -3.239407e+00 -9.628100e-01 -1.773526e+00 -9.491664e-01 -1.053679e+00 3.652153e-01 -1.375150e+00 6.907127e-02 -3.229236e-03
<VARIANCE> 25
 1.276930e+01 1.830008e+01 2.180382e+01 2.291979e+01 2.335110e+01 2.171137e+01 2.664012e+01 1.845553e+01 2.805488e+01 2.681589e+01 2.485477e+01 2.022683e+01 1.550291e+00 3.594939e+00 2.490094e+00 3.705023e+00 3.754503e+00 3.946187e+00 4.678276e+00 3.730902e+00 4.272548e+00 3.314660e+00 3.674989e+00 3.400457e+00 1.529623e-03
<GCONST> 9.107301e+01
<MIXTURE> 101 6.007792e-03
<MEAN> 25
 8.079026e+00 -3.486625e+00 -6.289922e+00 -6.821206e+00 8.425525e-01 -1.242585e+00 -1.052787e+01 -2.045179e+00 1.630514e+00 2.696469e+00 -2.373262e+00 -5.138393e+00 6.739714e-01 6.465597e-01 -1.454868e+00 -1.604267e+00 1.030528e+00 2.311766e+00 1.940932e-01 -1.455476e+00 -1.056671e+00 1.038339e+00 1.368291e+00 -4.179007e-01 -4.799814e-03
<VARIANCE> 25
 9.286127e+00 1.664334e+01 2.982525e+01 4.305135e+01 3.606329e+01 3.571587e+01 3.762981e+01 3.611140e+01 3.770639e+01 4.391528e+01 5.158390e+01 2.416688e+01 2.928084e-01 6.717564e-01 1.168889e+00 1.552867e+00 1.682346e+00 2.097822e+00 2.081431e+00 1.988954e+00 2.351998e+00 2.210863e+00 1.785168e+00 1.943027e+00 3.444872e-04
<GCONST> 8.363153e+01
<MIXTURE> 102 6.007792e-03
<MEAN> 25
 8.079026e+00 -3.486625e+00 -6.289922e+00 -6.821206e+00 8.425525e-01 -1.242585e+00 -1.052787e+01 -2.045179e+00 1.630514e+00 2.696469e+00 -2.373262e+00 -5.138393e+00 6.739714e-01 6.465597e-01 -1.454868e+00 -1.604267e+00 1.030528e+00 2.311766e+00 1.940932e-01 -1.455476e+00 -1.056671e+00 1.038339e+00 1.368291e+00 -4.179007e-01 -4.799814e-03
<VARIANCE> 25
 9.286127e+00 1.664334e+01 2.982525e+01 4.305135e+01 3.606329e+01 3.571587e+01 3.762981e+01 3.611140e+01 3.770639e+01 4.391528e+01 5.158390e+01 2.416688e+01 2.928084e-01 6.717564e-01 1.168889e+00 1.552867e+00 1.682346e+00 2.097822e+00 2.081431e+00 1.988954e+00 2.351998e+00 2.210863e+00 1.785168e+00 1.943027e+00 3.444872e-04
<GCONST> 8.363153e+01
<MIXTURE> 103 5.694618e-03
<MEAN> 25
 3.348858e+00 -9.266661e+00 -5.971154e+00 -3.047639e+00 -1.190650e+00 -1.937575e+00 2.171053e+00 2.492564e+00 -4.402202e+00 -9.103477e+00 -4.933877e+00 2.513691e-01 -1.477095e-01 -1.441904e+00 -9.633711e-01 3.430352e-01 1.194178e+00 1.005397e+00 1.408195e-01 -2.559173e-01 -7.502685e-01 -8.931150e-01 -4.940256e-02 1.177727e-01 2.742914e-02
<VARIANCE> 25
 1.013941e+01 2.046265e+01 2.326838e+01 3.092554e+01 4.690678e+01 3.465232e+01 4.695995e+01 3.709602e+01 4.196403e+01 2.880559e+01 2.992468e+01 2.639751e+01 6.356156e-01 1.259770e+00 1.524684e+00 1.925209e+00 2.838539e+00 2.333635e+00 2.859577e+00 2.509274e+00 2.493084e+00 2.639785e+00 2.029473e+00 1.968189e+00 8.265845e-04
<GCONST> 8.737319e+01
<MIXTURE> 104 5.694618e-03
<MEAN> 25
 3.348858e+00 -9.266661e+00 -5.971154e+00 -3.047639e+00 -1.190650e+00 -1.937575e+00 2.171053e+00 2.492564e+00 -4.402202e+00 -9.103477e+00 -4.933877e+00 2.513691e-01 -1.477095e-01 -1.441904e+00 -9.633711e-01 3.430352e-01 1.194178e+00 1.005397e+00 1.408195e-01 -2.559173e-01 -7.502685e-01 -8.931150e-01 -4.940256e-02 1.177727e-01 2.742914e-02
<VARIANCE> 25
 1.013941e+01 2.046265e+01 2.326838e+01 3.092554e+01 4.690678e+01 3.465232e+01 4.695995e+01 3.709602e+01 4.196403e+01 2.880559e+01 2.992468e+01 2.639751e+01 6.356156e-01 1.259770e+00 1.524684e+00 1.925209e+00 2.838539e+00 2.333635e+00 2.859577e+00 2.509274e+00 2.493084e+00 2.639785e+00 2.029473e+00 1.968189e+00 8.265845e-04
<GCONST> 8.737319e+01
<MIXTURE> 105 4.710235e-03
<MEAN> 25
 2.411924e+00 -1.539035e+00 8.353800e+00 -2.566356e+00 -1.054560e+01 -4.494324e+00 -4.021374e+00 -5.680964e-01 -3.330091e+00 -3.010548e+00 1.373706e+00 -1.233252e+00 3.345168e-02 2.264630e-02 4.950598e-02 -5.307487e-02 -1.986348e-02 3.456881e-02 -3.422718e-02 5.918980e-02 -1.424903e-02 8.586739e-03 2.187562e-02 -3.267717e-02 -1.895264e-03
<VARIANCE> 25
 1.301152e+01 2.626428e+01 4.335390e+01 4.246068e+01 4.376878e+01 5.156777e+01 3.904776e+01 4.171399e+01 3.823951e+01 3.820053e+01 3.829287e+01 2.870352e+01 9.269639e-02 1.771507e-01 3.267855e-01 3.066844e-01 3.692700e-01 4.489835e-01 4.842998e-01 5.269292e-01 4.869227e-01 4.119600e-01 4.063277e-01 3.889370e-01 9.082998e-05
<GCONST> 6.637516e+01
<MIXTURE> 106 4.710235e-03
<MEAN> 25
 2.411924e+00 -1.539035e+00 8.353800e+00 -2.566356e+00 -1.054560e+01 -4.494324e+00 -4.021374e+00 -5.680964e-01 -3.330091e+00 -3.010548e+00 1.373706e+00 -1.233252e+00 3.345168e-02 2.264630e-02 4.950598e-02 -5.307487e-02 -1.986348e-02 3.456881e-02 -3.422718e-02 5.918980e-02 -1.424903e-02 8.586739e-03 2.187562e-02 -3.267717e-02 -1.895264e-03
<VARIANCE> 25
 1.301152e+01 2.626428e+01 4.335390e+01 4.246068e+01 4.376878e+01 5.156777e+01 3.904776e+01 4.171399e+01 3.823951e+01 3.820053e+01 3.829287e+01 2.870352e+01 9.269639e-02 1.771507e-01 3.267855e-01 3.066844e-01 3.692700e-01 4.489835e-01 4.842998e-01 5.269292e-01 4.869227e-01 4.119600e-01 4.063277e-01 3.889370e-01 9.082998e-05
<GCONST> 6.637516e+01
<MIXTURE> 107 5.452374e-03
<MEAN> 25
 8.634038e+00 -2.327535e+00 -8.032502e+00 -9.508283e+00 1.971463e+00 2.937533e+00 -8.630151e+00 -4.538493e+00 -8.705655e-01 3.394330e+00 8.465252e-01 -5.043223e+00 -6.115710e-01 -7.706094e-01 8.296524e-01 1.773691e+00 2.278433e-01 -2.016252e+00 -9.282144e-01 8.536330e-01 1.765753e+00 6.255521e-02 -1.659618e+00 -8.073857e-01 -1.442813e-03
<VARIANCE> 25
 9.226841e+00 2.046457e+01 2.827028e+01 4.336326e+01 3.564070e+01 3.844828e+01 5.103069e+01 3.619312e+01 4.567095e+01 4.159933e+01 5.119514e+01 3.050349e+01 3.554762e-01 9.668350e-01 1.466431e+00 2.405691e+00 2.279886e+00 2.820039e+00 2.620946e+00 2.540558e+00 2.289501e+00 3.084138e+00 1.939802e+00 2.244380e+00 7.333833e-04
<GCONST> 8.810350e+01
<MIXTURE> 108 5.452374e-03
<MEAN> 25
 8.634038e+00 -2.327535e+00 -8.032502e+00 -9.508283e+00 1.971463e+00 2.937533e+00 -8.630151e+00 -4.538493e+00 -8.705655e-01 3.394330e+00 8.465252e-01 -5.043223e+00 -6.115710e-01 -7.706094e-01 8.296524e-01 1.773691e+00 2.278433e-01 -2.016252e+00 -9.282144e-01 8.536330e-01 1.765753e+00 6.255521e-02 -1.659618e+00 -8.073857e-01 -1.442813e-03
<VARIANCE> 25
 9.226841e+00 2.046457e+01 2.827028e+01 4.336326e+01 3.564070e+01 3.844828e+01 5.103069e+01 3.619312e+01 4.567095e+01 4.159933e+01 5.119514e+01 3.050349e+01 3.554762e-01 9.668350e-01 1.466431e+00 2.405691e+00 2.279886e+00 2.820039e+00 2.620946e+00 2.540558e+00 2.289501e+00 3.084138e+00 1.939802e+00 2.244380e+00 7.333833e-04
<GCONST> 8.810350e+01
<MIXTURE> 109 6.661064e-03
<MEAN> 25
 4.093337e+00 -9.193852e+00 -7.025033e+00 -1.404611e+00 2.249897e+00 -1.852231e-01 -2.477907e-01 1.180959e+00 -1.872558e+00 -7.665017e+00 -5.000616e+00 3.593589e-02 -4.518271e-02 -9.555814e-02 -8.360166e-02 2.667919e-01 2.346824e-01 1.472010e-01 -3.265461e-02 -1.128999e-02 4.769252e-02 -6.907036e-02 2.348018e-01 6.754298e-03 -2.796716e-03
<VARIANCE> 25
 8.039066e+00 2.007972e+01 2.383521e+01 2.817484e+01 3.456987e+01 3.843131e+01 3.851653e+01 2.950821e+01 3.983241e+01 3.186755e+01 2.768297e+01 2.599349e+01 1.848516e-01 4.100601e-01 4.817093e-01 5.824887e-01 1.369031e+00 9.623949e-01 1.325697e+00 1.046548e+00 1.150498e+00 8.682373e-01 8.410402e-01 8.206748e-01 1.999907e-04
<GCONST> 7.335669e+01
<MIXTURE> 110 6.661064e-03
<MEAN> 25
 4.093337e+00 -9.193852e+00 -7.025033e+00 -1.404611e+00 2.249897e+00 -1.852231e-01 -2.477907e-01 1.180959e+00 -1.872558e+00 -7.665017e+00 -5.000616e+00 3.593589e-02 -4.518271e-02 -9.555814e-02 -8.360166e-02 2.667919e-01 2.346824e-01 1.472010e-01 -3.265461e-02 -1.128999e-02 4.769252e-02 -6.907036e-02 2.348018e-01 6.754298e-03 -2.796716e-03
<VARIANCE> 25
 8.039066e+00 2.007972e+01 2.383521e+01 2.817484e+01 3.456987e+01 3.843131e+01 3.851653e+01 2.950821e+01 3.983241e+01 3.186755e+01 2.768297e+01 2.599349e+01 1.848516e-01 4.100601e-01 4.817093e-01 5.824887e-01 1.369031e+00 9.623949e-01 1.325697e+00 1.046548e+00 1.150498e+00 8.682373e-01 8.410402e-01 8.206748e-01 1.999907e-04
<GCONST> 7.335669e+01
<MIXTURE> 111 4.337247e-03
<MEAN> 25
 -2.138807e+00 -1.352162e+00 -1.357662e+00 1.365884e+00 7.090368e-01 1.069131e+00 1.734634e-01 2.780133e-01 9.204154e-02 -7.618299e-01 -2.145088e-01 1.218017e+00 -1.252299e-03 -6.286062e-02 -4.779929e-02 1.141810e-03 -5.344524e-02 -4.265295e-02 -7.660712e-03 -5.059301e-02 -7.013399e-02 -1.896374e-01 -2.305828e-01 -1.987589e-01 -8.581991e-04
<VARIANCE> 25
 1.626582e+01 4.669501e+00 8.786134e+00 9.326167e+00 1.231233e+01 2.042622e+01 1.284077e+01 1.168919e+01 1.025418e+01 9.822153e+00 1.193111e+01 1.097915e+01 9.234102e-02 1.571350e-01 2.581315e-01 5.020564e-01 6.780419e-01 8.085033e-01 7.266426e-01 9.939634e-01 8.049020e-01 7.486264e-01 7.606168e-01 8.643126e-01 2.885851e-05
<GCONST> 5.612738e+01
<MIXTURE> 112 4.337247e-03
<MEAN> 25
 -2.138807e+00 -1.352162e+00 -1.357662e+00 1.365884e+00 7.090368e-01 1.069131e+00 1.734634e-01 2.780133e-01 9.204154e-02 -7.618299e-01 -2.145088e-01 1.218017e+00 -1.252299e-03 -6.286062e-02 -4.779929e-02 1.141810e-03 -5.344524e-02 -4.265295e-02 -7.660712e-03 -5.059301e-02 -7.013399e-02 -1.896374e-01 -2.305828e-01 -1.987589e-01 -8.581991e-04
<VARIANCE> 25
 1.626582e+01 4.669501e+00 8.786134e+00 9.326167e+00 1.231233e+01 2.042622e+01 1.284077e+01 1.168919e+01 1.025418e+01 9.822153e+00 1.193111e+01 1.097915e+01 9.234102e-02 1.571350e-01 2.581315e-01 5.020564e-01 6.780419e-01 8.085033e-01 7.266426e-01 9.939634e-01 8.049020e-01 7.486264e-01 7.606168e-01 8.643126e-01 2.885851e-05
<GCONST> 5.612738e+01
<MIXTURE> 113 5.938666e-03
<MEAN> 25
 9.962431e+00 1.743437e+00 -8.751744e+00 -1.699285e+01 -1.036603e+00 5.648544e+00 -5.263467e+00 -1.457505e+00 -5.681334e+00 -4.983597e-01 3.025452e-01 -2.008700e-01 5.399396e-03 1.331891e-02 -6.050799e-02 -1.130463e-01 1.035586e-01 1.501896e-01 5.821132e-02 3.478517e-02 -5.709604e-02 -5.354182e-02 1.790357e-01 3.640063e-02 -1.402389e-03
<VARIANCE> 25
 8.926236e+00 1.638185e+01 2.983267e+01 3.497562e+01 5.258595e+01 3.380884e+01 3.968008e+01 3.905538e+01 3.734242e+01 4.626468e+01 3.618984e+01 2.836555e+01 1.218437e-01 3.200953e-01 3.163087e-01 6.314355e-01 6.123614e-01 6.533248e-01 7.777694e-01 8.454974e-01 9.582911e-01 9.063561e-01 7.234688e-01 7.134666e-01 1.245552e-04
<GCONST> 7.111658e+01
<MIXTURE> 114 5.938666e-03
<MEAN> 25
 9.962431e+00 1.743437e+00 -8.751744e+00 -1.699285e+01 -1.036603e+00 5.648544e+00 -5.263467e+00 -1.457505e+00 -5.681334e+00 -4.983597e-01 3.025452e-01 -2.008700e-01 5.399396e-03 1.331891e-02 -6.050799e-02 -1.130463e-01 1.035586e-01 1.501896e-01 5.821132e-02 3.478517e-02 -5.709604e-02 -5.354182e-02 1.790357e-01 3.640063e-02 -1.402389e-03
<VARIANCE> 25
 8.926236e+00 1.638185e+01 2.983267e+01 3.497562e+01 5.258595e+01 3.380884e+01 3.968008e+01 3.905538e+01 3.734242e+01 4.626468e+01 3.618984e+01 2.836555e+01 1.218437e-01 3.200953e-01 3.163087e-01 6.314355e-01 6.123614e-01 6.533248e-01 7.777694e-01 8.454974e-01 9.582911e-01 9.063561e-01 7.234688e-01 7.134666e-01 1.245552e-04
<GCONST> 7.111658e+01
<MIXTURE> 115 2.935202e-03
<MEAN> 25
 -3.654874e+00 -7.789560e-01 -3.092597e+00 3.648219e+00 2.308025e+00 -3.636332e-01 2.015590e+00 6.472602e-01 1.366445e+00 -2.076030e-02 1.315810e-01 2.561036e+00 1.331505e-02 -6.811763e-02 -2.446231e-01 -3.997005e-01 -6.137889e-01 -7.104509e-01 -5.892978e-01 -4.954820e-01 -4.593903e-01 -4.237964e-01 -3.262569e-01 -1.414179e-01 1.203145e-05
<VARIANCE> 25
 1.157370e+01 9.492848e+00 1.385378e+01 1.242177e+01 1.330592e+01 1.700969e+01 1.737354e+01 2.161258e+01 1.748427e+01 1.655230e+01 1.865738e+01 1.489870e+01 2.170868e-01 3.336112e-01 4.847350e-01 5.822348e-01 6.371562e-01 8.293827e-01 9.727526e-01 1.112110e+00 1.049685e+00 1.024880e+00 1.005691e+00 1.032256e+00 1.128199e-06
<GCONST> 6.040592e+01
<MIXTURE> 116 2.935202e-03
<MEAN> 25
 -3.654874e+00 -7.789560e-01 -3.092597e+00 3.648219e+00 2.308025e+00 -3.636332e-01 2.015590e+00 6.472602e-01 1.366445e+00 -2.076030e-02 1.315810e-01 2.561036e+00 1.331505e-02 -6.811763e-02 -2.446231e-01 -3.997005e-01 -6.137889e-01 -7.104509e-01 -5.892978e-01 -4.954820e-01 -4.593903e-01 -4.237964e-01 -3.262569e-01 -1.414179e-01 1.203145e-05
<VARIANCE> 25
 1.157370e+01 9.492848e+00 1.385378e+01 1.242177e+01 1.330592e+01 1.700969e+01 1.737354e+01 2.161258e+01 1.748427e+01 1.655230e+01 1.865738e+01 1.489870e+01 2.170868e-01 3.336112e-01 4.847350e-01 5.822348e-01 6.371562e-01 8.293827e-01 9.727526e-01 1.112110e+00 1.049685e+00 1.024880e+00 1.005691e+00 1.032256e+00 1.128199e-06
<GCONST> 6.040592e+01
<MIXTURE> 117 6.506003e-03
<MEAN> 25
 -4.640113e+00 1.102603e+00 1.050038e+00 9.728630e+00 6.254866e+00 6.278815e+00 6.458078e+00 5.066092e+00 6.339478e+00 4.915343e+00 6.367138e+00 2.728454e+00 -7.485136e-02 -2.386397e-01 -3.637120e-01 -4.214453e-01 -3.654629e-01 -3.046618e-01 -2.853617e-01 -3.281328e-01 -3.895653e-01 -3.705152e-01 -2.649148e-01 -1.187711e-01 -1.042184e-05
<VARIANCE> 25
 7.235438e+00 8.783692e+00 9.844681e+00 1.447821e+01 1.557109e+01 1.552843e+01 1.772027e+01 1.802392e+01 1.696763e+01 1.636016e+01 1.668809e+01 1.487679e+01 2.162078e-01 3.132445e-01 4.335832e-01 6.157115e-01 8.577032e-01 1.054831e+00 1.176146e+00 1.233072e+00 1.221628e+00 1.196583e+00 1.165222e+00 1.111433e+00 9.980879e-07
<GCONST> 6.053303e+01
<MIXTURE> 118 6.506003e-03
<MEAN> 25
 -4.640113e+00 1.102603e+00 1.050038e+00 9.728630e+00 6.254866e+00 6.278815e+00 6.458078e+00 5.066092e+00 6.339478e+00 4.915343e+00 6.367138e+00 2.728454e+00 -7.485136e-02 -2.386397e-01 -3.637120e-01 -4.214453e-01 -3.654629e-01 -3.046618e-01 -2.853617e-01 -3.281328e-01 -3.895653e-01 -3.705152e-01 -2.649148e-01 -1.187711e-01 -1.042184e-05
<VARIANCE> 25
 7.235438e+00 8.783692e+00 9.844681e+00 1.447821e+01 1.557109e+01 1.552843e+01 1.772027e+01 1.802392e+01 1.696763e+01 1.636016e+01 1.668809e+01 1.487679e+01 2.162078e-01 3.132445e-01 4.335832e-01 6.157115e-01 8.577032e-01 1.054831e+00 1.176146e+00 1.233072e+00 1.221628e+00 1.196583e+00 1.165222e+00 1.111433e+00 9.980879e-07
<GCONST> 6.053303e+01
<MIXTURE> 119 4.297961e-03
<MEAN> 25
 -3.464249e+00 -6.846944e+00 2.852433e+00 5.942169e-01 2.567640e+00 1.013601e+00 3.755829e+00 5.664033e+00 1.069659e+00 3.982750e-01 5.487334e+00 1.142320e+00 -4.193699e-02 -5.817762e-02 2.954698e-02 -1.386863e-01 -2.167975e-01 -8.675759e-02 4.631411e-02 -1.593109e-01 -1.516006e-02 -1.905307e-01 -1.274488e-01 -7.279433e-02 7.471032e-04
<VARIANCE> 25
 1.181895e+01 8.842592e+00 1.377906e+01 2.013102e+01 1.861979e+01 2.117894e+01 2.510887e+01 2.594350e+01 2.285265e+01 2.447015e+01 1.873983e+01 1.707553e+01 1.597629e-01 2.740391e-01 4.406658e-01 5.984830e-01 7.990087e-01 8.840519e-01 1.022940e+00 1.460297e+00 1.214735e+00 1.208931e+00 1.109108e+00 1.226080e+00 2.381080e-04
<GCONST> 6.871398e+01
<MIXTURE> 120 4.297961e-03
<MEAN> 25
 -3.464249e+00 -6.846944e+00 2.852433e+00 5.942169e-01 2.567640e+00 1.013601e+00 3.755829e+00 5.664033e+00 1.069659e+00 3.982750e-01 5.487334e+00 1.142320e+00 -4.193699e-02 -5.817762e-02 2.954698e-02 -1.386863e-01 -2.167975e-01 -8.675759e-02 4.631411e-02 -1.593109e-01 -1.516006e-02 -1.905307e-01 -1.274488e-01 -7.279433e-02 7.471032e-04
<VARIANCE> 25
 1.181895e+01 8.842592e+00 1.377906e+01 2.013102e+01 1.861979e+01 2.117894e+01 2.510887e+01 2.594350e+01 2.285265e+01 2.447015e+01 1.873983e+01 1.707553e+01 1.597629e-01 2.740391e-01 4.406658e-01 5.984830e-01 7.990087e-01 8.840519e-01 1.022940e+00 1.460297e+00 1.214735e+00 1.208931e+00 1.109108e+00 1.226080e+00 2.381080e-04
<GCONST> 6.871398e+01
<MIXTURE> 121 4.567511e-03
<MEAN> 25
 2.103070e-01 -2.514223e+00 5.138606e+00 -1.273476e+01 -1.234637e+01 -1.611662e+00 9.281083e-01 -4.959033e+00 -4.066215e+00 -4.742423e-01 -5.404426e+00 -4.272253e+00 3.054046e-02 1.415200e-01 -4.184194e-02 8.001154e-02 1.394299e-01 6.544433e-02 -7.222767e-02 -1.716648e-01 -2.555932e-01 -2.573412e-01 -1.093441e-01 7.259120e-03 -7.666792e-03
<VARIANCE> 25
 7.641484e+00 1.538379e+01 1.718381e+01 2.103016e+01 2.732572e+01 2.871587e+01 2.922436e+01 2.528778e+01 3.527887e+01 2.774354e+01 1.975225e+01 2.092595e+01 1.551442e-01 6.346835e-01 6.162923e-01 6.989999e-01 7.746180e-01 1.138332e+00 1.119279e+00 1.143622e+00 1.210848e+00 1.167870e+00 9.289057e-01 8.823970e-01 2.091774e-04
<GCONST> 7.142113e+01
<MIXTURE> 122 4.567511e-03
<MEAN> 25
 2.103070e-01 -2.514223e+00 5.138606e+00 -1.273476e+01 -1.234637e+01 -1.611662e+00 9.281083e-01 -4.959033e+00 -4.066215e+00 -4.742423e-01 -5.404426e+00 -4.272253e+00 3.054046e-02 1.415200e-01 -4.184194e-02 8.001154e-02 1.394299e-01 6.544433e-02 -7.222767e-02 -1.716648e-01 -2.555932e-01 -2.573412e-01 -1.093441e-01 7.259120e-03 -7.666792e-03
<VARIANCE> 25
 7.641484e+00 1.538379e+01 1.718381e+01 2.103016e+01 2.732572e+01 2.871587e+01 2.922436e+01 2.528778e+01 3.527887e+01 2.774354e+01 1.975225e+01 2.092595e+01 1.551442e-01 6.346835e-01 6.162923e-01 6.989999e-01 7.746180e-01 1.138332e+00 1.119279e+00 1.143622e+00 1.210848e+00 1.167870e+00 9.289057e-01 8.823970e-01 2.091774e-04
<GCONST> 7.142113e+01
<MIXTURE> 123 4.393044e-03
<MEAN> 25
 -3.548448e+00 5.242033e-01 3.912620e-01 5.549307e+00 4.801511e+00 3.130647e+00 2.844726e+00 3.276049e-01 7.337894e-02 -6.195161e-01 1.485633e-01 6.449824e-01 -4.667933e-01 -7.251777e-01 -8.357269e-01 -5.705026e-01 -2.961765e-01 3.695688e-02 3.269996e-01 5.920318e-01 7.891913e-01 8.074920e-01 7.684422e-01 4.745277e-01 -2.005310e-03
<VARIANCE> 25
 1.457129e+01 1.038168e+01 1.591465e+01 1.868466e+01 2.212362e+01 2.681576e+01 2.130992e+01 2.131882e+01 1.853037e+01 1.606742e+01 2.033560e+01 1.910867e+01 3.792400e-01 3.603546e-01 4.871144e-01 7.393116e-01 9.653239e-01 1.109031e+00 1.149238e+00 1.247270e+00 1.082408e+00 1.157326e+00 1.185351e+00 1.296552e+00 1.082316e-04
<GCONST> 6.976460e+01
<MIXTURE> 124 4.069876e-03
<MEAN> 25
 -6.422752e+00 -1.240385e+00 -2.884559e+00 5.075872e+00 4.957418e+00 3.384411e+00 5.312128e+00 2.570287e+00 3.179538e+00 1.253601e+00 1.141005e+00 2.995485e+00 -2.027007e-01 -3.216812e-01 -3.588090e-01 -2.111541e-01 1.333416e-01 5.304881e-01 8.094687e-01 8.509654e-01 6.522611e-01 3.315258e-01 6.663018e-02 -2.639884e-02 1.950808e-05
<VARIANCE> 25
 1.247797e+01 6.976585e+00 1.120030e+01 1.239054e+01 1.208718e+01 1.962687e+01 1.589778e+01 1.698528e+01 1.529955e+01 1.599479e+01 1.904262e+01 1.459004e+01 1.059216e-01 1.673470e-01 2.690706e-01 4.205432e-01 5.997385e-01 7.184701e-01 7.431099e-01 8.228845e-01 9.025051e-01 9.739793e-01 1.010093e+00 9.921352e-01 1.839032e-05
<GCONST> 5.896502e+01
<MIXTURE> 125 4.069876e-03
<MEAN> 25
 -6.422752e+00 -1.240385e+00 -2.884559e+00 5.075872e+00 4.957418e+00 3.384411e+00 5.312128e+00 2.570287e+00 3.179538e+00 1.253601e+00 1.141005e+00 2.995485e+00 -2.027007e-01 -3.216812e-01 -3.588090e-01 -2.111541e-01 1.333416e-01 5.304881e-01 8.094687e-01 8.509654e-01 6.522611e-01 3.315258e-01 6.663018e-02 -2.639884e-02 1.950808e-05
<VARIANCE> 25
 1.247797e+01 6.976585e+00 1.120030e+01 1.239054e+01 1.208718e+01 1.962687e+01 1.589778e+01 1.698528e+01 1.529955e+01 1.599479e+01 1.904262e+01 1.459004e+01 1.059216e-01 1.673470e-01 2.690706e-01 4.205432e-01 5.997385e-01 7.184701e-01 7.431099e-01 8.228845e-01 9.025051e-01 9.739793e-01 1.010093e+00 9.921352e-01 1.839032e-05
<GCONST> 5.896502e+01
<MIXTURE> 126 2.402244e-03
<MEAN> 25
 -3.597072e+00 -6.826441e+00 -5.033481e+00 2.180707e+00 4.166418e+00 -3.077918e+00 2.106317e-02 3.513738e+00 3.268790e+00 -2.639332e+00 -1.357136e+00 2.886309e+00 3.638951e-03 -7.883370e-03 -4.415196e-02 -1.683792e-01 -3.361388e-01 -3.918500e-01 -2.554862e-01 -1.542222e-01 -1.152782e-01 -1.157927e-01 -1.037000e-01 -4.154633e-02 -1.659607e-03
<VARIANCE> 25
 8.347270e+00 1.254096e+01 1.537517e+01 1.543343e+01 2.433548e+01 2.375410e+01 2.236843e+01 2.787708e+01 3.074562e+01 2.574570e+01 2.134483e+01 1.955027e+01 1.709994e-01 3.468882e-01 4.762517e-01 5.670041e-01 7.698799e-01 9.849870e-01 1.114373e+00 1.264833e+00 1.313595e+00 1.287843e+00 1.191440e+00 1.170603e+00 2.103827e-04
<GCONST> 6.989447e+01
<MIXTURE> 127 2.402244e-03
<MEAN> 25
 -3.597072e+00 -6.826441e+00 -5.033481e+00 2.180707e+00 4.166418e+00 -3.077918e+00 2.106317e-02 3.513738e+00 3.268790e+00 -2.639332e+00 -1.357136e+00 2.886309e+00 3.638951e-03 -7.883370e-03 -4.415196e-02 -1.683792e-01 -3.361388e-01 -3.918500e-01 -2.554862e-01 -1.542222e-01 -1.152782e-01 -1.157927e-01 -1.037000e-01 -4.154633e-02 -1.659607e-03
<VARIANCE> 25
 8.347270e+00 1.254096e+01 1.537517e+01 1.543343e+01 2.433548e+01 2.375410e+01 2.236843e+01 2.787708e+01 3.074562e+01 2.574570e+01 2.134483e+01 1.955027e+01 1.709994e-01 3.468882e-01 4.762517e-01 5.670041e-01 7.698799e-01 9.849870e-01 1.114373e+00 1.264833e+00 1.313595e+00 1.287843e+00 1.191440e+00 1.170603e+00 2.103827e-04
<GCONST> 6.989447e+01
<MIXTURE> 128 3.790457e-03
<MEAN> 25
 -3.914843e+00 1.486153e+00 -1.634398e-01 6.389060e+00 3.710134e+00 3.041310e+00 3.895246e+00 2.940750e+00 2.924668e+00 3.722491e+00 4.298990e+00 4.405650e+00 -4.705197e-01 -3.413681e-01 -1.033416e-01 6.549834e-01 1.306970e+00 9.818184e-01 6.236205e-01 2.139855e-01 -4.720347e-01 -7.406127e-01 -6.558233e-01 -2.829278e-01 -2.617914e-05
<VARIANCE> 25
 1.026439e+01 1.104641e+01 1.458529e+01 1.839809e+01 1.940194e+01 3.225191e+01 2.298220e+01 2.516879e+01 3.412132e+01 2.183365e+01 2.692894e+01 2.473450e+01 9.152141e-01 1.244894e+00 1.632273e+00 1.439907e+00 1.659446e+00 1.936641e+00 2.109537e+00 2.190765e+00 1.960207e+00 1.751887e+00 1.629597e+00 1.789682e+00 9.082046e-07
<GCONST> 7.425951e+01
<TRANSP> 3
 0.000000e+00 1.000000e+00 0.000000e+00
 0.000000e+00 9.999990e-01 9.999998e-07
 0.000000e+00 0.000000e+00 0.000000e+00
<ENDHMM>
