~o
<STREAMINFO> 1 25
<VECSIZE> 25<NULLD><MFCC_E_D_N><DIAGC>
~h "jmodel"
<BEGINHMM>
<NUMSTATES> 3
<STATE> 2
<NUMMIXES> 128
<MIXTURE> 1 5.748963e-03
<MEAN> 25
 -2.583154e+00 3.180118e+00 2.310602e+00 8.755652e+00 4.372897e+00 3.449619e+00 4.061641e+00 3.937552e+00 5.830275e+00 5.250906e+00 5.882938e+00 3.078623e+00 -2.004144e+00 -1.634430e+00 -8.640468e-01 1.075930e+00 1.560508e+00 2.232483e+00 2.154620e+00 2.084532e+00 1.693541e+00 1.269529e+00 1.567974e+00 6.133366e-01 -4.691825e-02
<VARIANCE> 25
 1.006625e+01 1.176593e+01 1.495213e+01 1.868192e+01 2.318788e+01 2.214489e+01 2.189441e+01 2.199539e+01 2.100700e+01 2.255090e+01 2.095463e+01 1.708895e+01 1.789945e+00 2.111909e+00 3.026010e+00 3.209514e+00 3.739162e+00 3.356007e+00 3.318120e+00 3.380680e+00 3.522257e+00 3.726580e+00 3.513505e+00 2.833533e+00 3.121027e-03
<GCONST> 8.846684e+01
<MIXTURE> 2 4.549242e-03
<MEAN> 25
 -4.876471e+00 1.312361e+00 9.933868e-01 9.900001e+00 6.692123e+00 7.424954e+00 7.847139e+00 6.957776e+00 8.372622e+00 6.372312e+00 7.623315e+00 3.074098e+00 -6.203403e-02 4.163637e-02 1.427130e-01 2.257325e-01 2.652219e-01 2.814867e-01 2.954793e-01 3.195454e-01 3.497822e-01 3.089254e-01 1.970949e-01 8.019427e-02 1.203705e-06
<VARIANCE> 25
 6.957470e+00 8.904742e+00 1.065872e+01 1.590958e+01 1.723416e+01 1.556225e+01 1.689718e+01 1.848454e+01 1.658876e+01 1.738895e+01 1.811929e+01 1.434179e+01 1.252461e-01 2.266061e-01 3.367447e-01 4.672232e-01 6.492510e-01 8.149360e-01 9.298007e-01 1.003069e+00 1.051554e+00 1.077659e+00 1.075604e+00 1.013978e+00 9.998977e-07
<GCONST> 5.804568e+01
<MIXTURE> 3 4.549242e-03
<MEAN> 25
 -4.876471e+00 1.312361e+00 9.933868e-01 9.900001e+00 6.692123e+00 7.424954e+00 7.847139e+00 6.957776e+00 8.372622e+00 6.372312e+00 7.623315e+00 3.074098e+00 -6.203403e-02 4.163637e-02 1.427130e-01 2.257325e-01 2.652219e-01 2.814867e-01 2.954793e-01 3.195454e-01 3.497822e-01 3.089254e-01 1.970949e-01 8.019427e-02 1.203705e-06
<VARIANCE> 25
 6.957470e+00 8.904742e+00 1.065872e+01 1.590958e+01 1.723416e+01 1.556225e+01 1.689718e+01 1.848454e+01 1.658876e+01 1.738895e+01 1.811929e+01 1.434179e+01 1.252461e-01 2.266061e-01 3.367447e-01 4.672232e-01 6.492510e-01 8.149360e-01 9.298007e-01 1.003069e+00 1.051554e+00 1.077659e+00 1.075604e+00 1.013978e+00 9.998977e-07
<GCONST> 5.804568e+01
<MIXTURE> 4 1.671429e-02
<MEAN> 25
 3.396404e+00 2.454341e+00 -3.774946e+00 9.558190e-01 4.343798e+00 -2.479888e-01 -9.651553e-02 8.178751e-02 1.467668e+00 1.199350e+00 -1.996622e+00 3.529447e-02 -2.724821e+00 1.160191e+00 1.724496e+00 3.027906e+00 8.704258e-01 4.904679e-01 1.498547e+00 1.025616e+00 9.406250e-01 4.442511e-01 1.233308e+00 8.242286e-01 -1.004879e-01
<VARIANCE> 25
 2.066454e+01 2.906948e+01 2.894514e+01 3.865765e+01 4.461742e+01 6.672701e+01 6.458235e+01 5.255054e+01 5.443749e+01 6.104037e+01 4.987946e+01 3.610270e+01 2.374181e+00 5.033307e+00 3.733517e+00 4.975171e+00 5.025589e+00 6.068126e+00 5.951998e+00 5.472341e+00 5.828437e+00 6.472460e+00 6.058750e+00 4.549555e+00 6.259916e-03
<GCONST> 1.052750e+02
<MIXTURE> 5 3.206198e-03
<MEAN> 25
 -3.447752e+00 2.188854e+00 5.668356e-01 9.421285e+00 6.691947e+00 6.338505e+00 7.115439e+00 4.729385e+00 5.473250e+00 3.806934e+00 4.614601e+00 2.567113e+00 -3.231953e-01 7.518162e-01 1.228244e+00 1.023799e+00 3.060622e-01 -9.233537e-02 -7.712174e-02 3.695608e-02 4.553160e-01 6.821860e-01 4.015654e-01 9.257878e-02 -2.442780e-05
<VARIANCE> 25
 1.060656e+01 1.408403e+01 2.366685e+01 2.559756e+01 2.008976e+01 1.936868e+01 1.998465e+01 2.025451e+01 2.134117e+01 2.140721e+01 2.420433e+01 1.646121e+01 1.202458e+00 1.237979e+00 1.349323e+00 1.680344e+00 2.271634e+00 2.370203e+00 2.291399e+00 2.261867e+00 2.303639e+00 2.222960e+00 2.077254e+00 1.868076e+00 1.000559e-06
<GCONST> 7.515874e+01
<MIXTURE> 6 5.475854e-03
<MEAN> 25
 9.618713e+00 -3.080029e-01 -6.485819e+00 -1.069953e+01 -2.018503e+00 6.459492e+00 -6.001728e+00 -5.103688e+00 -3.551453e+00 1.734632e+00 4.665960e+00 -1.258476e+00 4.899231e-01 8.745496e-01 -3.902995e-01 -1.445378e+00 -6.096431e-01 1.308420e+00 1.524267e+00 2.432581e-01 -1.230146e+00 -1.183509e+00 3.475208e-01 1.274181e+00 -7.165513e-03
<VARIANCE> 25
 8.841615e+00 1.681211e+01 2.427418e+01 4.094094e+01 3.577895e+01 3.161522e+01 4.290053e+01 3.793551e+01 3.975351e+01 3.835302e+01 4.065821e+01 2.763690e+01 3.023429e-01 8.401266e-01 9.538887e-01 1.927712e+00 1.572407e+00 1.959711e+00 1.861779e+00 1.985627e+00 2.322314e+00 1.935012e+00 2.196035e+00 1.444942e+00 5.929621e-04
<GCONST> 8.352832e+01
<MIXTURE> 7 5.475854e-03
<MEAN> 25
 9.618713e+00 -3.080029e-01 -6.485819e+00 -1.069953e+01 -2.018503e+00 6.459492e+00 -6.001728e+00 -5.103688e+00 -3.551453e+00 1.734632e+00 4.665960e+00 -1.258476e+00 4.899231e-01 8.745496e-01 -3.902995e-01 -1.445378e+00 -6.096431e-01 1.308420e+00 1.524267e+00 2.432581e-01 -1.230146e+00 -1.183509e+00 3.475208e-01 1.274181e+00 -7.165513e-03
<VARIANCE> 25
 8.841615e+00 1.681211e+01 2.427418e+01 4.094094e+01 3.577895e+01 3.161522e+01 4.290053e+01 3.793551e+01 3.975351e+01 3.835302e+01 4.065821e+01 2.763690e+01 3.023429e-01 8.401266e-01 9.538887e-01 1.927712e+00 1.572407e+00 1.959711e+00 1.861779e+00 1.985627e+00 2.322314e+00 1.935012e+00 2.196035e+00 1.444942e+00 5.929621e-04
<GCONST> 8.352832e+01
<MIXTURE> 8 1.165917e-02
<MEAN> 25
 -4.633509e+00 1.307467e+00 1.241118e+00 9.408467e+00 6.548517e+00 6.268027e+00 6.588255e+00 5.757222e+00 6.547071e+00 5.475495e+00 6.505223e+00 2.972429e+00 -6.389194e-01 -1.409342e+00 -1.071986e+00 -1.730084e+00 -2.693338e-01 -9.540541e-01 -1.923212e-01 -3.388016e-01 -2.500240e-01 -1.196588e-01 -2.150379e-01 9.697673e-02 9.762057e-02
<VARIANCE> 25
 9.766335e+00 9.810026e+00 1.148048e+01 1.681232e+01 1.651829e+01 1.540225e+01 1.847046e+01 1.768636e+01 1.718416e+01 1.834273e+01 1.872124e+01 1.516275e+01 2.820986e+00 2.776703e+00 3.834800e+00 3.712260e+00 3.458464e+00 3.284987e+00 3.085277e+00 3.138648e+00 2.820354e+00 2.874119e+00 2.396937e+00 1.883273e+00 6.614948e-03
<GCONST> 8.649781e+01
<MIXTURE> 9 1.199672e-02
<MEAN> 25
 9.282260e+00 3.380852e+00 -6.179424e+00 -1.062720e+01 -2.207054e+00 4.938866e+00 -2.226061e+00 -2.297649e+00 -5.371766e+00 -1.257936e+00 5.693231e-01 -6.362780e-03 1.434252e+00 -1.278689e-01 -4.950282e-01 -2.702836e+00 -1.642528e+00 8.549336e-01 -9.759155e-01 -2.335674e-01 -1.825748e-01 -5.619914e-01 6.073328e-01 -1.499268e-01 7.323843e-02
<VARIANCE> 25
 1.227749e+01 2.135427e+01 3.363605e+01 5.378595e+01 5.006243e+01 3.234112e+01 4.317415e+01 5.201194e+01 4.202444e+01 4.143953e+01 3.596653e+01 2.684211e+01 2.090567e+00 2.441679e+00 4.564791e+00 4.859841e+00 5.004203e+00 4.084327e+00 4.226718e+00 6.017919e+00 5.020152e+00 4.115866e+00 4.022666e+00 2.804015e+00 2.206349e-03
<GCONST> 9.877591e+01
<MIXTURE> 10 6.596976e-03
<MEAN> 25
 8.267711e-01 7.620420e+00 5.370616e+00 7.126038e+00 1.585100e+00 -2.117239e+00 -5.283258e-01 -1.689042e+00 8.909127e-01 8.550087e-01 8.396649e-01 6.610242e-01 -1.918429e+00 -6.699924e-01 -4.611208e-01 3.025121e+00 2.464232e+00 2.706491e+00 2.366289e+00 2.279364e+00 1.853909e+00 1.538812e+00 2.331070e+00 5.189403e-01 -1.379073e-01
<VARIANCE> 25
 1.954246e+01 2.072175e+01 2.227040e+01 2.920501e+01 3.822069e+01 3.486353e+01 3.511847e+01 3.376363e+01 2.771058e+01 2.900548e+01 2.689745e+01 2.500595e+01 2.249938e+00 3.423352e+00 5.529038e+00 5.165738e+00 5.540007e+00 4.466086e+00 4.710557e+00 4.834136e+00 4.402582e+00 5.026609e+00 4.446308e+00 3.206977e+00 2.711532e-03
<GCONST> 9.747338e+01
<MIXTURE> 11 1.633820e-02
<MEAN> 25
 7.078248e+00 3.793948e+00 2.954911e+00 4.038955e+00 -2.739127e+00 -2.028817e+00 -3.385520e+00 -5.232246e+00 -2.592883e+00 3.625848e-01 -1.928097e+00 -1.747780e+00 -1.679015e-01 5.072621e-01 2.008686e-02 2.803056e-01 5.505628e-01 -1.892361e-01 3.640282e-01 1.245718e-01 -2.043049e-01 -4.239490e-02 6.446763e-02 -1.430171e-01 -1.455541e-02
<VARIANCE> 25
 9.975608e+00 1.971605e+01 1.908962e+01 2.834057e+01 3.398474e+01 3.235513e+01 4.306884e+01 4.111322e+01 3.768956e+01 2.982799e+01 3.149584e+01 2.751061e+01 8.825042e-01 1.003288e+00 1.513347e+00 2.000738e+00 1.809745e+00 2.274361e+00 2.196069e+00 2.835892e+00 1.958715e+00 1.877688e+00 1.958312e+00 2.228865e+00 9.312197e-04
<GCONST> 8.581995e+01
<MIXTURE> 12 5.904134e-03
<MEAN> 25
 1.075724e+01 3.741346e+00 -4.493719e+00 -1.595606e+01 -8.670244e+00 8.618322e+00 -9.089912e-01 -1.917391e+00 -1.728037e+00 -4.877792e+00 1.785149e+00 7.246524e-01 6.734340e-02 2.934983e-01 7.495586e-02 -3.667931e-01 -3.083801e-01 2.864741e-02 3.054478e-01 4.472471e-01 1.404338e-01 -3.802226e-01 -3.861131e-01 5.868706e-02 -6.260074e-03
<VARIANCE> 25
 8.884405e+00 2.094546e+01 2.331809e+01 3.541837e+01 4.217699e+01 3.107593e+01 4.172784e+01 4.889088e+01 4.394901e+01 3.730925e+01 3.793371e+01 2.886916e+01 2.465312e-01 6.864398e-01 6.919762e-01 1.167605e+00 1.184849e+00 1.051285e+00 1.168393e+00 1.382601e+00 1.238969e+00 1.227398e+00 1.218477e+00 9.624229e-01 5.776255e-04
<GCONST> 7.892093e+01
<MIXTURE> 13 5.904134e-03
<MEAN> 25
 1.075724e+01 3.741346e+00 -4.493719e+00 -1.595606e+01 -8.670244e+00 8.618322e+00 -9.089912e-01 -1.917391e+00 -1.728037e+00 -4.877792e+00 1.785149e+00 7.246524e-01 6.734340e-02 2.934983e-01 7.495586e-02 -3.667931e-01 -3.083801e-01 2.864741e-02 3.054478e-01 4.472471e-01 1.404338e-01 -3.802226e-01 -3.861131e-01 5.868706e-02 -6.260074e-03
<VARIANCE> 25
 8.884405e+00 2.094546e+01 2.331809e+01 3.541837e+01 4.217699e+01 3.107593e+01 4.172784e+01 4.889088e+01 4.394901e+01 3.730925e+01 3.793371e+01 2.886916e+01 2.465312e-01 6.864398e-01 6.919762e-01 1.167605e+00 1.184849e+00 1.051285e+00 1.168393e+00 1.382601e+00 1.238969e+00 1.227398e+00 1.218477e+00 9.624229e-01 5.776255e-04
<GCONST> 7.892093e+01
<MIXTURE> 14 6.488954e-03
<MEAN> 25
 -4.214583e+00 -4.320103e-01 -3.568670e-01 8.850327e+00 7.487936e+00 7.354404e+00 7.779448e+00 7.367076e+00 7.168460e+00 5.124667e+00 6.787323e+00 3.982474e+00 -2.703964e-01 1.909047e-01 3.671392e-01 2.991537e-01 3.302475e-03 5.897161e-02 1.098907e-01 1.628434e-01 3.006212e-01 5.336237e-01 5.096442e-01 7.689639e-02 -9.108726e-03
<VARIANCE> 25
 9.725836e+00 1.378437e+01 1.851166e+01 1.784783e+01 2.059016e+01 1.934225e+01 2.152737e+01 2.054264e+01 2.010542e+01 2.428431e+01 2.154168e+01 1.646173e+01 9.613019e-01 1.617793e+00 1.763031e+00 1.920541e+00 2.218115e+00 2.243637e+00 2.244065e+00 2.242484e+00 2.273431e+00 2.556459e+00 2.187421e+00 1.815606e+00 1.024656e-03
<GCONST> 8.192384e+01
<MIXTURE> 15 2.475190e-03
<MEAN> 25
 -5.381676e+00 -6.784484e-01 -2.359887e-01 7.335592e+00 5.724322e+00 5.726147e+00 6.060295e+00 5.018103e+00 5.163944e+00 4.122246e+00 5.480163e+00 2.521271e+00 -1.173774e-01 -2.453461e-02 7.563503e-02 2.521833e-01 4.921643e-01 7.953510e-01 1.076372e+00 1.186845e+00 1.056847e+00 7.578763e-01 4.218807e-01 1.510314e-01 -9.360346e-06
<VARIANCE> 25
 7.191591e+00 5.736615e+00 9.168802e+00 1.287981e+01 1.398637e+01 1.429654e+01 1.482065e+01 1.500864e+01 1.400421e+01 1.423246e+01 1.507808e+01 1.247948e+01 1.263170e-01 2.084723e-01 3.178561e-01 5.117071e-01 6.962226e-01 8.025791e-01 7.603223e-01 7.913879e-01 9.051002e-01 1.018774e+00 1.065130e+00 1.035204e+00 2.863826e-05
<GCONST> 5.868589e+01
<MIXTURE> 16 2.475190e-03
<MEAN> 25
 -5.381676e+00 -6.784484e-01 -2.359887e-01 7.335592e+00 5.724322e+00 5.726147e+00 6.060295e+00 5.018103e+00 5.163944e+00 4.122246e+00 5.480163e+00 2.521271e+00 -1.173774e-01 -2.453461e-02 7.563503e-02 2.521833e-01 4.921643e-01 7.953510e-01 1.076372e+00 1.186845e+00 1.056847e+00 7.578763e-01 4.218807e-01 1.510314e-01 -9.360346e-06
<VARIANCE> 25
 7.191591e+00 5.736615e+00 9.168802e+00 1.287981e+01 1.398637e+01 1.429654e+01 1.482065e+01 1.500864e+01 1.400421e+01 1.423246e+01 1.507808e+01 1.247948e+01 1.263170e-01 2.084723e-01 3.178561e-01 5.117071e-01 6.962226e-01 8.025791e-01 7.603223e-01 7.913879e-01 9.051002e-01 1.018774e+00 1.065130e+00 1.035204e+00 2.863826e-05
<GCONST> 5.868589e+01
<MIXTURE> 17 9.518312e-03
<MEAN> 25
 3.268348e+00 -8.184712e-01 5.821356e+00 1.851813e+00 -5.656940e+00 -5.913748e+00 -2.458797e+00 -6.160194e-02 -2.553324e+00 -2.651778e+00 5.332134e-01 -3.582432e-02 -5.690401e-01 -9.600164e-01 1.178619e+00 -2.094633e+00 -2.422526e+00 -2.568259e-01 1.079208e-01 4.326226e-01 -4.132361e-01 1.968649e-01 9.486927e-01 3.371071e-01 7.664297e-02
<VARIANCE> 25
 1.616827e+01 2.670378e+01 2.864543e+01 3.584475e+01 4.170755e+01 4.310276e+01 3.817093e+01 3.216422e+01 3.208646e+01 2.920657e+01 2.742832e+01 2.591429e+01 1.763516e+00 2.627419e+00 3.469025e+00 2.652504e+00 4.502520e+00 5.148477e+00 4.330266e+00 4.574927e+00 3.662555e+00 4.389611e+00 2.863435e+00 2.774507e+00 1.945312e-03
<GCONST> 9.545518e+01
<MIXTURE> 18 1.221018e-02
<MEAN> 25
 3.600294e+00 3.934894e+00 5.955291e+00 3.547099e+00 -3.678390e+00 -8.329471e+00 -1.299393e+00 -1.222586e+00 -2.221106e+00 -2.689141e+00 -2.586934e-01 1.399127e+00 -5.989786e-01 1.602559e+00 5.239464e-02 1.605968e+00 3.151303e+00 1.597288e+00 4.931980e-01 4.012385e-01 1.925775e-02 3.632997e-01 -6.734086e-01 -6.674343e-01 -1.056450e-01
<VARIANCE> 25
 1.475015e+01 2.241160e+01 3.044591e+01 2.405240e+01 3.411607e+01 2.858806e+01 3.539327e+01 2.871004e+01 4.096782e+01 2.739605e+01 2.879609e+01 3.103545e+01 2.346451e+00 3.438246e+00 4.361674e+00 4.243508e+00 3.637598e+00 3.875677e+00 3.961393e+00 4.529313e+00 4.769948e+00 3.941159e+00 4.575128e+00 4.344741e+00 4.058997e-03
<GCONST> 9.692492e+01
<MIXTURE> 19 9.912824e-03
<MEAN> 25
 -9.284731e+00 1.556840e+00 7.097986e-02 1.334990e+00 3.759561e+00 1.152279e+00 3.350069e+00 1.138206e+00 1.986066e+00 3.011769e-01 1.025969e+00 2.380738e+00 2.031695e+00 1.619429e+00 2.158506e+00 6.824721e-01 -1.030276e+00 -9.851202e-01 -9.138578e-01 -1.257544e+00 -1.420245e+00 -1.382724e+00 -8.869501e-01 -7.769504e-01 -1.149876e-04
<VARIANCE> 25
 5.588493e+01 3.055632e+01 4.618111e+01 5.034051e+01 3.340219e+01 3.552371e+01 2.865427e+01 2.861244e+01 2.670231e+01 3.367118e+01 3.132013e+01 1.948720e+01 2.236537e+00 2.171041e+00 2.000720e+00 2.206842e+00 2.375276e+00 2.064463e+00 2.596085e+00 2.423275e+00 1.972831e+00 2.557497e+00 2.153687e+00 1.760396e+00 2.293965e-03
<GCONST> 9.151259e+01
<MIXTURE> 20 6.308331e-03
<MEAN> 25
 -1.371373e+01 7.257341e+00 -2.607096e-01 6.300825e+00 4.153362e+00 1.989846e+00 5.099349e+00 7.281296e-01 -2.881631e-01 6.037474e-01 2.246030e+00 -6.045192e-01 -3.205271e+00 -6.767145e-01 -1.766968e+00 6.280557e-01 1.456445e+00 1.986670e+00 1.970067e+00 2.085192e+00 1.995738e+00 1.756518e+00 1.429971e+00 8.885100e-01 4.718685e-02
<VARIANCE> 25
 1.790734e+01 2.009603e+01 3.266925e+01 3.180674e+01 2.853789e+01 2.473030e+01 2.559893e+01 2.707697e+01 3.265016e+01 2.422421e+01 2.244940e+01 1.826982e+01 1.848918e+00 2.069766e+00 1.943409e+00 2.598072e+00 2.332587e+00 2.088314e+00 2.053990e+00 1.996645e+00 2.201098e+00 2.727446e+00 2.253838e+00 1.612990e+00 1.609539e-03
<GCONST> 8.717607e+01
<MIXTURE> 21 7.928653e-03
<MEAN> 25
 4.032616e+00 -4.272792e+00 5.946782e+00 -1.801174e+00 -1.024655e+01 -8.260049e+00 -2.592056e+00 4.017420e+00 -2.047968e+00 -3.173990e+00 6.549145e-01 1.272657e-01 -7.143766e-01 1.277560e+00 2.501924e+00 -9.977976e-02 -1.506425e+00 4.123254e-01 5.944062e-01 -1.602766e+00 -1.941959e+00 4.517264e-01 1.224642e+00 3.417045e-01 -9.305214e-03
<VARIANCE> 25
 8.552643e+00 1.838234e+01 2.873897e+01 2.751321e+01 2.796228e+01 3.385040e+01 4.036565e+01 3.715483e+01 4.041058e+01 3.066807e+01 3.366312e+01 2.257817e+01 3.803558e-01 9.352561e-01 1.854772e+00 1.245220e+00 2.137182e+00 2.178298e+00 3.420109e+00 2.560697e+00 2.068278e+00 2.795750e+00 2.012665e+00 2.398856e+00 5.599600e-04
<GCONST> 8.495217e+01
<MIXTURE> 22 8.827789e-03
<MEAN> 25
 -1.630003e+01 7.311458e+00 -4.732352e+00 8.556244e+00 3.364770e+00 3.878036e+00 8.512301e+00 2.685904e+00 3.738076e+00 2.319955e+00 4.207500e+00 -1.142117e-01 -2.286254e-01 -3.631024e-01 1.597623e-01 1.195924e-01 2.795485e-02 1.619983e-01 3.210571e-01 2.359476e-01 3.013146e-01 1.257705e-01 3.006383e-01 2.708386e-01 2.938977e-03
<VARIANCE> 25
 8.844865e+00 1.281211e+01 1.384697e+01 1.919224e+01 1.768899e+01 1.789941e+01 1.379256e+01 1.475279e+01 1.812552e+01 1.631122e+01 1.955892e+01 1.278590e+01 8.466017e-01 1.088305e+00 1.309955e+00 1.372927e+00 1.194030e+00 1.534709e+00 1.133090e+00 1.411828e+00 1.839677e+00 1.148827e+00 1.621495e+00 1.084914e+00 1.439070e-03
<GCONST> 7.489391e+01
<MIXTURE> 23 6.455497e-03
<MEAN> 25
 6.926353e+00 2.779324e+00 2.812851e+00 1.622225e+00 -3.896827e+00 -2.239566e+00 -5.032754e+00 -4.749830e+00 -2.230161e+00 -4.913146e-01 -3.378424e+00 -1.491572e+00 2.681385e-02 1.552580e-01 -2.904806e-05 -2.247845e-02 -4.680876e-02 3.962487e-02 2.522016e-03 -3.839144e-02 -1.840992e-02 7.299091e-02 -1.433444e-02 9.664509e-02 -2.202558e-03
<VARIANCE> 25
 1.040076e+01 1.718498e+01 1.906247e+01 3.306998e+01 3.107242e+01 4.365037e+01 5.387488e+01 4.753616e+01 3.924319e+01 3.872032e+01 4.209843e+01 3.631744e+01 1.062046e-01 2.612615e-01 4.020561e-01 4.303361e-01 5.650806e-01 6.478061e-01 9.806833e-01 9.427457e-01 8.310691e-01 7.511641e-01 7.423297e-01 9.302676e-01 8.624803e-05
<GCONST> 7.067624e+01
<MIXTURE> 24 6.455497e-03
<MEAN> 25
 6.926353e+00 2.779324e+00 2.812851e+00 1.622225e+00 -3.896827e+00 -2.239566e+00 -5.032754e+00 -4.749830e+00 -2.230161e+00 -4.913146e-01 -3.378424e+00 -1.491572e+00 2.681385e-02 1.552580e-01 -2.904806e-05 -2.247845e-02 -4.680876e-02 3.962487e-02 2.522016e-03 -3.839144e-02 -1.840992e-02 7.299091e-02 -1.433444e-02 9.664509e-02 -2.202558e-03
<VARIANCE> 25
 1.040076e+01 1.718498e+01 1.906247e+01 3.306998e+01 3.107242e+01 4.365037e+01 5.387488e+01 4.753616e+01 3.924319e+01 3.872032e+01 4.209843e+01 3.631744e+01 1.062046e-01 2.612615e-01 4.020561e-01 4.303361e-01 5.650806e-01 6.478061e-01 9.806833e-01 9.427457e-01 8.310691e-01 7.511641e-01 7.423297e-01 9.302676e-01 8.624803e-05
<GCONST> 7.067624e+01
<MIXTURE> 25 1.118642e-02
<MEAN> 25
 3.219867e-01 3.348833e+00 1.657502e+01 -1.138371e+00 -1.117048e+01 -1.839849e+00 -4.845463e+00 -2.914466e+00 -6.909712e+00 -5.265943e+00 4.052631e+00 -1.589864e+00 -1.299831e-01 4.344738e-01 1.691145e-01 1.411949e-01 1.956372e-01 1.166380e-01 1.988054e-01 -1.976611e-01 -2.436804e-01 6.316645e-02 -8.151437e-02 -7.870838e-02 -1.256981e-02
<VARIANCE> 25
 8.819566e+00 2.255361e+01 2.220476e+01 2.854125e+01 3.201384e+01 4.057637e+01 2.782688e+01 2.963493e+01 2.857306e+01 3.730885e+01 2.066684e+01 2.758840e+01 5.930929e-01 1.418151e+00 1.416327e+00 1.370968e+00 2.332371e+00 2.015923e+00 1.741273e+00 1.691302e+00 1.526433e+00 1.703264e+00 1.336829e+00 1.365850e+00 1.269287e-03
<GCONST> 8.290026e+01
<MIXTURE> 26 7.727677e-03
<MEAN> 25
 2.210642e+00 -6.158499e+00 -1.024529e+01 -2.694208e-01 8.541431e+00 5.305519e+00 2.556740e+00 6.154864e-01 1.603916e+00 -7.545910e-01 -3.338643e+00 -3.825736e-01 -6.482497e-01 5.692044e-01 4.111903e-01 8.659161e-01 -4.523816e-02 1.365882e-01 3.715198e-01 4.710411e-01 2.869188e-01 -4.093324e-02 3.614127e-01 2.667396e-01 -4.951963e-02
<VARIANCE> 25
 2.161639e+01 3.017858e+01 2.318012e+01 5.687584e+01 3.813825e+01 3.742332e+01 5.049603e+01 4.499826e+01 3.595667e+01 4.766652e+01 3.629742e+01 4.293953e+01 1.481016e+00 1.705185e+00 1.770259e+00 2.033800e+00 2.412175e+00 2.384158e+00 2.244026e+00 2.529753e+00 2.111633e+00 2.442068e+00 2.148928e+00 1.994851e+00 2.905962e-03
<GCONST> 9.234985e+01
<MIXTURE> 27 7.727677e-03
<MEAN> 25
 2.210642e+00 -6.158499e+00 -1.024529e+01 -2.694208e-01 8.541431e+00 5.305519e+00 2.556740e+00 6.154864e-01 1.603916e+00 -7.545910e-01 -3.338643e+00 -3.825736e-01 -6.482497e-01 5.692044e-01 4.111903e-01 8.659161e-01 -4.523816e-02 1.365882e-01 3.715198e-01 4.710411e-01 2.869188e-01 -4.093324e-02 3.614127e-01 2.667396e-01 -4.951963e-02
<VARIANCE> 25
 2.161639e+01 3.017858e+01 2.318012e+01 5.687584e+01 3.813825e+01 3.742332e+01 5.049603e+01 4.499826e+01 3.595667e+01 4.766652e+01 3.629742e+01 4.293953e+01 1.481016e+00 1.705185e+00 1.770259e+00 2.033800e+00 2.412175e+00 2.384158e+00 2.244026e+00 2.529753e+00 2.111633e+00 2.442068e+00 2.148928e+00 1.994851e+00 2.905962e-03
<GCONST> 9.234985e+01
<MIXTURE> 28 5.036674e-03
<MEAN> 25
 -5.321803e+00 -5.055584e-02 -1.604722e+00 6.531850e+00 5.287720e+00 3.710675e+00 5.458895e+00 3.290588e+00 3.862390e+00 2.150094e+00 2.524610e+00 2.970004e+00 -1.045970e-01 2.568417e-01 5.666773e-01 7.818272e-01 8.148841e-01 6.939753e-01 5.403485e-01 4.102164e-01 4.089090e-01 4.831303e-01 3.891830e-01 1.857149e-01 3.395800e-05
<VARIANCE> 25
 1.182017e+01 9.237145e+00 1.212396e+01 1.515972e+01 1.429605e+01 1.800702e+01 1.751512e+01 1.913517e+01 1.662420e+01 1.773771e+01 2.018851e+01 1.598750e+01 2.529472e-01 3.617997e-01 4.292443e-01 4.841069e-01 6.122777e-01 8.288722e-01 1.024221e+00 1.118561e+00 1.111354e+00 9.911948e-01 1.033163e+00 1.044775e+00 1.042223e-06
<GCONST> 6.057692e+01
<MIXTURE> 29 5.036674e-03
<MEAN> 25
 -5.321803e+00 -5.055584e-02 -1.604722e+00 6.531850e+00 5.287720e+00 3.710675e+00 5.458895e+00 3.290588e+00 3.862390e+00 2.150094e+00 2.524610e+00 2.970004e+00 -1.045970e-01 2.568417e-01 5.666773e-01 7.818272e-01 8.148841e-01 6.939753e-01 5.403485e-01 4.102164e-01 4.089090e-01 4.831303e-01 3.891830e-01 1.857149e-01 3.395800e-05
<VARIANCE> 25
 1.182017e+01 9.237145e+00 1.212396e+01 1.515972e+01 1.429605e+01 1.800702e+01 1.751512e+01 1.913517e+01 1.662420e+01 1.773771e+01 2.018851e+01 1.598750e+01 2.529472e-01 3.617997e-01 4.292443e-01 4.841069e-01 6.122777e-01 8.288722e-01 1.024221e+00 1.118561e+00 1.111354e+00 9.911948e-01 1.033163e+00 1.044775e+00 1.042223e-06
<GCONST> 6.057692e+01
<MIXTURE> 30 8.917812e-03
<MEAN> 25
 -4.276250e+00 -2.282672e-01 6.648735e-01 9.017694e+00 7.775584e+00 7.500635e+00 7.566829e+00 6.988144e+00 6.470769e+00 4.733399e+00 7.021974e+00 3.332993e+00 -2.106182e-02 6.235342e-02 8.169117e-02 8.547685e-02 8.168472e-02 2.133641e-02 4.205407e-02 -1.023239e-02 -2.158055e-03 6.255898e-02 9.038458e-02 9.066324e-03 -6.170222e-04
<VARIANCE> 25
 8.213612e+00 9.632811e+00 1.010032e+01 1.351238e+01 1.527732e+01 1.601690e+01 1.868593e+01 1.804662e+01 1.594116e+01 1.866778e+01 2.064041e+01 1.483662e+01 1.019125e-01 2.289649e-01 3.495305e-01 4.698770e-01 6.052584e-01 7.219439e-01 7.790642e-01 7.980016e-01 8.627379e-01 9.273071e-01 9.294142e-01 8.613069e-01 5.031524e-05
<GCONST> 6.076454e+01
<MIXTURE> 31 4.136493e-03
<MEAN> 25
 -2.848841e+00 -5.527869e+00 -2.324756e-01 4.851868e+00 3.825909e+00 2.055574e+00 5.212946e+00 6.893909e+00 2.694112e+00 7.490388e-01 6.017104e+00 2.681895e+00 2.482831e-01 4.692818e-01 -1.142790e-01 2.479264e-01 9.272660e-02 4.496290e-01 2.744607e-01 -3.128378e-02 4.791823e-01 3.948947e-01 2.017535e-01 5.417344e-02 -1.785474e-02
<VARIANCE> 25
 8.084851e+00 1.406113e+01 1.759188e+01 1.985296e+01 2.360231e+01 2.523501e+01 2.309557e+01 2.642820e+01 2.381434e+01 2.739186e+01 2.152897e+01 1.870369e+01 1.843637e-01 4.836145e-01 6.438372e-01 8.320312e-01 9.264591e-01 1.127573e+00 1.277078e+00 1.422156e+00 1.451602e+00 1.218244e+00 1.315163e+00 1.112228e+00 2.507007e-04
<GCONST> 7.207652e+01
<MIXTURE> 32 4.136493e-03
<MEAN> 25
 -2.848841e+00 -5.527869e+00 -2.324756e-01 4.851868e+00 3.825909e+00 2.055574e+00 5.212946e+00 6.893909e+00 2.694112e+00 7.490388e-01 6.017104e+00 2.681895e+00 2.482831e-01 4.692818e-01 -1.142790e-01 2.479264e-01 9.272660e-02 4.496290e-01 2.744607e-01 -3.128378e-02 4.791823e-01 3.948947e-01 2.017535e-01 5.417344e-02 -1.785474e-02
<VARIANCE> 25
 8.084851e+00 1.406113e+01 1.759188e+01 1.985296e+01 2.360231e+01 2.523501e+01 2.309557e+01 2.642820e+01 2.381434e+01 2.739186e+01 2.152897e+01 1.870369e+01 1.843637e-01 4.836145e-01 6.438372e-01 8.320312e-01 9.264591e-01 1.127573e+00 1.277078e+00 1.422156e+00 1.451602e+00 1.218244e+00 1.315163e+00 1.112228e+00 2.507007e-04
<GCONST> 7.207652e+01
<MIXTURE> 33 1.508826e-02
<MEAN> 25
 6.467842e+00 -3.111110e+00 -2.299236e+00 -2.550165e+00 -1.297951e+00 -4.188543e+00 -7.825608e+00 1.129000e+00 1.722533e+00 -6.961762e-02 -4.272882e+00 -2.366948e+00 4.717717e-01 -1.132899e+00 -2.462289e+00 -1.978734e+00 1.448308e+00 1.473865e+00 -8.818154e-01 3.942202e-01 7.162094e-01 1.039827e+00 -7.768838e-01 -1.009587e+00 4.097147e-02
<VARIANCE> 25
 8.387930e+00 1.939555e+01 2.560076e+01 3.022198e+01 3.555336e+01 4.214770e+01 3.664518e+01 3.961320e+01 3.352242e+01 3.913688e+01 3.018847e+01 2.455801e+01 1.045966e+00 1.720720e+00 2.024435e+00 2.003174e+00 3.751951e+00 2.750699e+00 3.790483e+00 4.702301e+00 3.296501e+00 4.321255e+00 3.579438e+00 2.673711e+00 1.315583e-03
<GCONST> 9.155437e+01
<MIXTURE> 34 1.588179e-02
<MEAN> 25
 8.663576e+00 8.639294e-02 1.343907e-01 1.196229e+00 -2.507776e+00 -1.739589e+00 -6.283955e+00 -4.384216e+00 -1.232100e+00 -8.261282e-02 -2.461771e+00 -3.283946e+00 6.985493e-02 1.273095e+00 1.310855e+00 2.338449e+00 1.562835e-01 2.611138e-02 7.155927e-01 -1.304196e+00 -7.752448e-01 1.630872e-01 -4.779382e-01 -9.543873e-02 -6.253685e-02
<VARIANCE> 25
 7.700587e+00 2.883183e+01 2.743932e+01 4.575700e+01 4.086933e+01 4.572018e+01 5.149902e+01 5.283966e+01 5.225074e+01 4.065569e+01 4.510111e+01 3.100359e+01 1.243496e+00 1.971755e+00 4.331228e+00 3.836631e+00 5.581952e+00 5.741924e+00 5.160257e+00 6.784698e+00 5.023710e+00 4.696785e+00 5.064969e+00 4.657886e+00 1.077173e-03
<GCONST> 9.904980e+01
<MIXTURE> 35 1.467755e-02
<MEAN> 25
 -2.089490e+00 -4.974570e+00 -9.457216e+00 6.337920e-02 9.729158e+00 7.349967e-01 1.578841e+00 2.665516e+00 1.170093e+00 4.402377e+00 1.437277e-01 1.593112e+00 5.015653e-01 -1.073582e+00 -1.338503e+00 -1.382456e+00 3.646609e-01 -7.510387e-01 -6.777484e-01 -1.215741e-01 -1.891534e-01 2.951614e-01 -5.988173e-01 -5.787542e-01 1.036262e-01
<VARIANCE> 25
 1.901583e+01 2.992605e+01 4.774680e+01 6.053859e+01 4.116648e+01 5.573903e+01 5.041655e+01 4.253748e+01 5.107291e+01 3.811515e+01 3.543001e+01 3.187416e+01 3.397231e+00 3.461904e+00 6.692299e+00 5.338873e+00 5.151845e+00 5.456836e+00 4.740156e+00 4.669481e+00 4.858505e+00 4.834458e+00 3.995771e+00 3.952466e+00 5.435092e-03
<GCONST> 1.034476e+02
<MIXTURE> 36 1.093293e-02
<MEAN> 25
 4.879743e+00 -3.101448e+00 6.457567e+00 1.847724e+00 -8.982659e+00 -7.991103e+00 -5.818307e+00 2.623239e+00 -1.677485e+00 -4.011243e+00 2.489739e+00 -4.394158e-01 4.328581e-01 2.276475e-01 -5.934502e-01 -3.701504e-02 8.318108e-01 -1.021910e-01 -5.988646e-01 5.891314e-02 4.056424e-01 5.528750e-01 -2.598873e-01 -4.749776e-01 -1.525804e-02
<VARIANCE> 25
 8.658382e+00 1.527501e+01 2.057108e+01 2.640137e+01 3.193615e+01 3.153594e+01 4.082817e+01 3.110149e+01 3.410962e+01 2.864801e+01 2.525370e+01 2.717621e+01 4.536495e-01 6.467657e-01 1.923216e+00 1.212886e+00 1.571981e+00 1.687427e+00 1.998130e+00 1.659832e+00 1.966553e+00 1.560376e+00 1.354986e+00 1.600447e+00 7.559875e-04
<GCONST> 8.110952e+01
<MIXTURE> 37 1.246826e-02
<MEAN> 25
 1.888217e-01 7.278448e+00 1.118908e+01 -5.785208e+00 -8.093491e+00 -1.188602e+00 -4.978244e+00 -8.390828e+00 -6.952181e-01 -1.441920e+00 -3.704846e+00 1.108246e-01 2.464144e-01 5.928048e-01 -1.188314e+00 2.945012e+00 2.381796e+00 -2.459128e-01 8.337118e-01 7.536485e-01 4.274802e-01 -5.645597e-01 6.221443e-01 1.977890e-01 -8.589326e-02
<VARIANCE> 25
 1.396375e+01 2.435922e+01 2.785197e+01 4.194956e+01 3.234509e+01 2.721791e+01 3.680078e+01 2.980510e+01 6.695196e+01 3.148237e+01 3.294198e+01 3.315352e+01 2.519452e+00 2.814765e+00 2.686036e+00 4.961662e+00 4.447085e+00 3.104525e+00 3.880383e+00 3.537629e+00 3.204577e+00 3.294111e+00 3.417817e+00 2.995160e+00 3.479567e-03
<GCONST> 9.608461e+01
<MIXTURE> 38 1.154525e-02
<MEAN> 25
 -4.458775e+00 8.609635e+00 4.227882e+00 3.295537e+00 6.697797e-01 -4.711339e+00 -5.861181e-01 -2.884979e+00 -3.021834e+00 -2.637067e+00 -1.202965e+00 -8.830265e-01 -4.371219e+00 1.292312e+00 -6.119846e-01 1.621175e+00 2.428798e+00 1.520101e+00 1.785550e+00 1.046696e+00 4.970901e-01 7.078214e-01 8.077335e-01 3.807270e-01 4.587419e-02
<VARIANCE> 25
 2.940874e+01 2.814954e+01 3.741922e+01 3.025981e+01 4.482295e+01 3.509323e+01 3.355848e+01 3.847253e+01 3.313382e+01 3.175810e+01 2.318237e+01 2.763562e+01 2.337001e+00 3.636841e+00 4.440972e+00 5.019070e+00 4.055543e+00 4.713863e+00 5.058632e+00 4.306716e+00 4.884549e+00 4.533528e+00 4.354552e+00 3.040669e+00 1.942177e-03
<GCONST> 9.835580e+01
<MIXTURE> 39 9.501865e-03
<MEAN> 25
 8.832230e-01 2.408495e+00 9.052164e+00 -7.752656e+00 -1.118973e+01 -6.309499e-01 -2.241833e+00 -6.840743e+00 -2.370995e+00 2.475075e+00 -2.260937e+00 -1.226895e+00 -7.587124e-01 1.334297e+00 1.309291e+00 -1.099321e+00 -3.364305e-01 1.339682e+00 -1.133916e+00 -1.380632e+00 9.822398e-01 3.273327e-01 -1.317834e+00 9.678617e-01 8.612269e-03
<VARIANCE> 25
 7.333449e+00 2.049714e+01 2.451906e+01 2.442325e+01 3.348905e+01 2.985038e+01 3.045722e+01 2.665134e+01 4.020167e+01 2.661670e+01 2.837036e+01 2.207449e+01 5.773172e-01 1.314281e+00 1.865990e+00 2.210554e+00 2.506068e+00 1.982467e+00 2.866336e+00 2.374890e+00 3.436846e+00 3.663677e+00 2.395040e+00 2.205697e+00 9.362861e-04
<GCONST> 8.626232e+01
<MIXTURE> 40 1.030800e-02
<MEAN> 25
 -9.873436e+00 4.108446e+00 -2.970906e+00 8.976353e+00 2.888765e+00 5.644741e+00 6.060019e+00 4.680335e+00 2.771241e+00 2.858434e+00 4.111272e+00 -4.558293e-01 -1.015388e-01 -3.135508e-01 3.275733e-01 2.205170e-03 2.564220e-02 -2.672556e-02 1.345008e-01 1.492410e-01 -2.275858e-02 -1.894446e-02 -1.832001e-02 1.220470e-01 -1.140791e-03
<VARIANCE> 25
 3.627468e+01 2.527060e+01 2.500218e+01 2.040234e+01 2.043155e+01 1.408761e+01 1.445295e+01 1.439186e+01 1.660690e+01 1.566197e+01 1.871428e+01 1.640489e+01 5.557836e-01 6.575398e-01 8.954166e-01 9.817749e-01 9.650906e-01 1.186542e+00 9.511632e-01 1.213154e+00 1.188268e+00 1.056487e+00 1.366092e+00 1.033879e+00 7.061142e-04
<GCONST> 7.375031e+01
<MIXTURE> 41 6.713375e-03
<MEAN> 25
 1.104742e+00 1.278870e+00 9.231023e+00 -6.265812e+00 -9.820014e+00 -4.627235e+00 -1.782011e+00 -4.687665e+00 -4.363851e+00 3.374881e+00 -4.713492e-01 -1.352566e+00 1.558918e-01 -5.190504e-01 1.554783e+00 -3.087904e+00 -2.628811e+00 -3.043197e-01 -3.717238e-01 -7.489087e-01 -6.963375e-01 8.627353e-01 -1.040708e+00 4.824779e-01 7.592922e-02
<VARIANCE> 25
 1.032470e+01 2.451453e+01 3.598271e+01 3.430730e+01 3.699691e+01 3.490068e+01 3.163388e+01 2.791209e+01 3.106104e+01 2.729155e+01 3.140430e+01 2.301692e+01 2.612178e+00 3.242318e+00 3.099955e+00 3.683488e+00 5.063866e+00 5.373716e+00 3.895222e+00 4.202882e+00 3.760464e+00 4.069858e+00 3.304904e+00 3.181262e+00 2.575282e-03
<GCONST> 9.566138e+01
<MIXTURE> 42 1.106211e-02
<MEAN> 25
 -1.874534e+00 4.464718e+00 4.601110e+00 2.843610e+00 8.197178e-02 -6.231633e+00 -9.535481e-01 -1.850418e+00 -1.390278e+00 -1.266239e+00 -2.159722e+00 1.250670e+00 4.113236e+00 -3.421629e-01 1.519915e+00 1.246013e-01 -2.923894e+00 -1.172211e+00 -2.223581e+00 -8.324628e-01 -7.752306e-01 -7.188466e-01 5.056565e-01 -1.041584e+00 9.804463e-03
<VARIANCE> 25
 3.552718e+01 2.112055e+01 4.604248e+01 2.590564e+01 3.994596e+01 3.860831e+01 3.646778e+01 2.710006e+01 2.931283e+01 2.715828e+01 2.031145e+01 1.788565e+01 3.662836e+00 4.773291e+00 5.990714e+00 4.901599e+00 4.658592e+00 6.003208e+00 5.041548e+00 5.224914e+00 4.875151e+00 4.883192e+00 4.190664e+00 3.425655e+00 4.388475e-03
<GCONST> 9.971188e+01
<MIXTURE> 43 7.108249e-03
<MEAN> 25
 2.735734e+00 -5.995871e+00 -1.581208e+00 -5.282757e+00 -6.933982e+00 -3.563613e+00 4.634380e+00 7.704279e-01 -4.582490e+00 -6.873755e+00 -3.308418e+00 -1.638365e+00 2.333986e-01 2.100918e+00 1.769146e+00 1.170798e-02 -1.326746e+00 -6.865333e-01 -1.067426e+00 -7.411370e-01 8.053663e-01 1.435183e+00 2.976377e-01 -5.302035e-02 -4.285313e-02
<VARIANCE> 25
 1.026924e+01 1.861917e+01 2.760107e+01 3.176839e+01 3.626475e+01 3.335456e+01 3.425358e+01 3.845109e+01 3.751590e+01 3.564373e+01 3.111801e+01 2.802568e+01 6.402914e-01 1.175485e+00 1.591776e+00 2.517918e+00 2.249875e+00 2.346971e+00 2.583901e+00 2.723619e+00 2.384496e+00 2.391639e+00 2.159933e+00 1.818441e+00 8.967905e-04
<GCONST> 8.703880e+01
<MIXTURE> 44 7.328289e-03
<MEAN> 25
 -1.473446e+01 1.657760e+00 3.698484e+00 -3.332542e+00 3.301141e+00 1.846987e+00 -4.490044e-03 2.351760e+00 1.441841e+00 -7.114285e-01 1.762321e+00 1.892409e+00 -1.458500e-01 -1.987348e-02 1.713109e-01 2.579808e-01 -7.683708e-02 1.882726e-01 4.680941e-01 1.192539e-01 1.761575e-01 1.814632e-01 1.152464e-01 9.596964e-02 3.819268e-03
<VARIANCE> 25
 4.723895e+01 2.783866e+01 3.502509e+01 3.007932e+01 2.898288e+01 2.991391e+01 2.485319e+01 3.177264e+01 3.082777e+01 2.737317e+01 2.592400e+01 2.159351e+01 1.182251e+00 1.490168e+00 1.374255e+00 1.333503e+00 2.522442e+00 1.597627e+00 1.471182e+00 1.731719e+00 1.634749e+00 1.594869e+00 1.400632e+00 1.269526e+00 1.315205e-03
<GCONST> 8.499167e+01
<MIXTURE> 45 1.364932e-02
<MEAN> 25
 -1.231620e+01 3.418319e+00 -1.298004e+00 2.845094e+00 5.707318e+00 1.373708e-01 4.729861e+00 2.866855e+00 3.266647e+00 2.180900e+00 2.358811e+00 2.553545e+00 -2.928323e+00 5.865923e-01 -4.959920e-01 -5.230239e-01 1.833145e-01 -2.361126e-02 4.633033e-01 5.640091e-02 -6.079028e-02 -5.754167e-02 2.473652e-01 1.006322e-01 1.180841e-01
<VARIANCE> 25
 3.505671e+01 3.009196e+01 3.072515e+01 3.475533e+01 3.119562e+01 2.907398e+01 3.067705e+01 2.654787e+01 2.492154e+01 2.328936e+01 2.776868e+01 1.587261e+01 2.414253e+00 3.035355e+00 2.842425e+00 2.683736e+00 2.499773e+00 2.630994e+00 2.313431e+00 2.296023e+00 2.136400e+00 2.154523e+00 1.958039e+00 1.629860e+00 4.119975e-03
<GCONST> 9.061866e+01
<MIXTURE> 46 9.336259e-03
<MEAN> 25
 -9.593951e+00 2.384943e+00 1.108013e+00 7.729815e+00 5.708694e+00 3.292072e+00 7.238639e+00 4.426843e+00 5.302784e+00 4.486660e+00 4.978784e+00 2.931630e+00 1.108991e+00 -3.146349e-01 6.542763e-02 9.590032e-01 5.661120e-01 8.642376e-01 3.401588e-01 6.427821e-01 4.567238e-01 4.815807e-01 6.923880e-01 5.321507e-01 -1.048023e-01
<VARIANCE> 25
 3.377631e+01 4.246456e+01 3.747047e+01 4.931525e+01 5.042122e+01 3.950276e+01 3.681478e+01 3.435144e+01 3.656635e+01 3.096611e+01 2.737395e+01 1.966014e+01 3.858307e+00 4.154130e+00 3.764061e+00 4.046491e+00 4.082345e+00 3.736433e+00 3.330461e+00 3.038995e+00 2.894073e+00 2.787880e+00 2.305261e+00 1.726106e+00 7.701506e-03
<GCONST> 9.793646e+01
<MIXTURE> 47 7.116147e-03
<MEAN> 25
 7.084077e+00 -7.207096e+00 -8.008497e+00 -6.371284e+00 2.488253e+00 1.365239e+00 -3.100035e+00 7.517268e-01 2.631661e+00 8.205272e-01 -4.989985e+00 -5.984491e+00 -2.446408e-01 -1.356671e+00 -7.627130e-01 -4.236210e-01 8.346626e-01 7.624678e-01 8.509702e-01 1.255126e-01 1.083023e-01 -8.996153e-01 -6.243681e-01 -4.019346e-01 3.084959e-02
<VARIANCE> 25
 1.001840e+01 1.927570e+01 1.887541e+01 2.956446e+01 3.959432e+01 4.878749e+01 4.494651e+01 3.823088e+01 3.933790e+01 4.562097e+01 4.747555e+01 3.345528e+01 4.877789e-01 7.933007e-01 1.111286e+00 1.482786e+00 2.176161e+00 2.052583e+00 2.077381e+00 2.423030e+00 1.941084e+00 2.153554e+00 2.202037e+00 1.814400e+00 5.080878e-04
<GCONST> 8.530631e+01
<MIXTURE> 48 7.116147e-03
<MEAN> 25
 7.084077e+00 -7.207096e+00 -8.008497e+00 -6.371284e+00 2.488253e+00 1.365239e+00 -3.100035e+00 7.517268e-01 2.631661e+00 8.205272e-01 -4.989985e+00 -5.984491e+00 -2.446408e-01 -1.356671e+00 -7.627130e-01 -4.236210e-01 8.346626e-01 7.624678e-01 8.509702e-01 1.255126e-01 1.083023e-01 -8.996153e-01 -6.243681e-01 -4.019346e-01 3.084959e-02
<VARIANCE> 25
 1.001840e+01 1.927570e+01 1.887541e+01 2.956446e+01 3.959432e+01 4.878749e+01 4.494651e+01 3.823088e+01 3.933790e+01 4.562097e+01 4.747555e+01 3.345528e+01 4.877789e-01 7.933007e-01 1.111286e+00 1.482786e+00 2.176161e+00 2.052583e+00 2.077381e+00 2.423030e+00 1.941084e+00 2.153554e+00 2.202037e+00 1.814400e+00 5.080878e-04
<GCONST> 8.530631e+01
<MIXTURE> 49 5.548473e-03
<MEAN> 25
 -4.692813e+00 2.901482e-01 2.110419e-01 8.388858e+00 6.231058e+00 5.740476e+00 6.160719e+00 4.810436e+00 5.019420e+00 3.494653e+00 5.038046e+00 2.605201e+00 3.624001e-01 6.840879e-01 7.284778e-01 3.402122e-01 -1.745895e-01 -6.782475e-01 -9.045362e-01 -1.066564e+00 -9.420280e-01 -6.393940e-01 -4.042715e-01 -3.038508e-01 -2.491316e-04
<VARIANCE> 25
 1.194697e+01 9.617861e+00 1.357941e+01 1.516425e+01 1.522430e+01 1.655004e+01 1.863064e+01 2.033977e+01 1.732411e+01 1.800405e+01 1.980584e+01 1.477548e+01 2.674703e-01 2.646221e-01 3.551326e-01 5.845042e-01 8.352244e-01 9.275787e-01 1.140589e+00 1.055749e+00 1.082294e+00 1.191512e+00 1.360257e+00 1.167595e+00 1.467069e-05
<GCONST> 6.420419e+01
<MIXTURE> 50 6.234641e-03
<MEAN> 25
 -4.626543e+00 1.468277e-01 -1.428187e+00 6.127709e+00 4.176488e+00 2.288727e+00 3.642687e+00 1.954413e+00 2.738544e+00 1.392904e+00 2.119823e+00 2.842733e+00 5.677227e-02 1.810804e-01 9.614353e-02 -1.783157e-01 -4.986486e-01 -6.122268e-01 -4.194084e-01 -1.981245e-02 4.517101e-01 7.620696e-01 7.268377e-01 4.378019e-01 -1.179909e-05
<VARIANCE> 25
 1.085189e+01 1.132679e+01 1.440008e+01 1.602277e+01 1.540452e+01 1.849909e+01 1.894067e+01 1.943130e+01 1.850704e+01 1.734130e+01 2.152529e+01 1.513008e+01 1.437345e-01 2.395307e-01 3.812184e-01 5.126737e-01 6.099930e-01 7.357982e-01 9.517013e-01 1.213826e+00 1.061321e+00 9.127368e-01 9.204854e-01 9.880274e-01 9.936481e-07
<GCONST> 5.971063e+01
<MIXTURE> 51 6.234641e-03
<MEAN> 25
 -4.626543e+00 1.468277e-01 -1.428187e+00 6.127709e+00 4.176488e+00 2.288727e+00 3.642687e+00 1.954413e+00 2.738544e+00 1.392904e+00 2.119823e+00 2.842733e+00 5.677227e-02 1.810804e-01 9.614353e-02 -1.783157e-01 -4.986486e-01 -6.122268e-01 -4.194084e-01 -1.981245e-02 4.517101e-01 7.620696e-01 7.268377e-01 4.378019e-01 -1.179909e-05
<VARIANCE> 25
 1.085189e+01 1.132679e+01 1.440008e+01 1.602277e+01 1.540452e+01 1.849909e+01 1.894067e+01 1.943130e+01 1.850704e+01 1.734130e+01 2.152529e+01 1.513008e+01 1.437345e-01 2.395307e-01 3.812184e-01 5.126737e-01 6.099930e-01 7.357982e-01 9.517013e-01 1.213826e+00 1.061321e+00 9.127368e-01 9.204854e-01 9.880274e-01 9.936481e-07
<GCONST> 5.971063e+01
<MIXTURE> 52 6.367945e-03
<MEAN> 25
 1.010862e+01 2.051700e+00 -6.178072e+00 -1.421316e+01 -4.185892e+00 8.482172e+00 -2.772901e+00 -3.033200e+00 -4.392480e+00 -2.117800e+00 3.360860e+00 7.650922e-01 -3.879674e-01 -4.758520e-01 -7.901943e-02 1.137242e+00 1.335969e+00 -4.744272e-01 -6.023152e-01 -6.554564e-01 4.989512e-02 1.250127e+00 3.790017e-01 -5.352341e-01 -1.368154e-02
<VARIANCE> 25
 9.279405e+00 2.037167e+01 2.528526e+01 3.925965e+01 4.568656e+01 3.104730e+01 4.636052e+01 4.882119e+01 4.286643e+01 4.588316e+01 3.973632e+01 2.989121e+01 4.500369e-01 1.475296e+00 1.317703e+00 2.743888e+00 2.318404e+00 2.188149e+00 2.971163e+00 2.787591e+00 3.001638e+00 2.654975e+00 2.518342e+00 2.285407e+00 1.540398e-03
<GCONST> 8.969901e+01
<MIXTURE> 53 6.367945e-03
<MEAN> 25
 1.010862e+01 2.051700e+00 -6.178072e+00 -1.421316e+01 -4.185892e+00 8.482172e+00 -2.772901e+00 -3.033200e+00 -4.392480e+00 -2.117800e+00 3.360860e+00 7.650922e-01 -3.879674e-01 -4.758520e-01 -7.901943e-02 1.137242e+00 1.335969e+00 -4.744272e-01 -6.023152e-01 -6.554564e-01 4.989512e-02 1.250127e+00 3.790017e-01 -5.352341e-01 -1.368154e-02
<VARIANCE> 25
 9.279405e+00 2.037167e+01 2.528526e+01 3.925965e+01 4.568656e+01 3.104730e+01 4.636052e+01 4.882119e+01 4.286643e+01 4.588316e+01 3.973632e+01 2.989121e+01 4.500369e-01 1.475296e+00 1.317703e+00 2.743888e+00 2.318404e+00 2.188149e+00 2.971163e+00 2.787591e+00 3.001638e+00 2.654975e+00 2.518342e+00 2.285407e+00 1.540398e-03
<GCONST> 8.969901e+01
<MIXTURE> 54 7.368620e-03
<MEAN> 25
 -3.616728e+00 2.798473e-02 -6.884394e-01 8.013777e+00 6.473983e+00 4.617040e+00 4.654485e+00 4.594622e+00 4.063034e+00 3.577355e+00 4.458815e+00 2.315726e+00 -3.009808e-03 2.727881e-02 3.318148e-02 4.690265e-02 5.073061e-02 5.261534e-02 3.763415e-02 2.800707e-02 3.275603e-02 2.490999e-02 1.123026e-02 -7.928468e-04 -3.491614e-06
<VARIANCE> 25
 9.197962e+00 1.047122e+01 9.274533e+00 1.828636e+01 1.330922e+01 1.351164e+01 1.206667e+01 1.125830e+01 1.133716e+01 1.359021e+01 1.774632e+01 1.252921e+01 4.098122e-02 8.723388e-02 1.538890e-01 2.259546e-01 3.070695e-01 4.051640e-01 4.598570e-01 5.201582e-01 5.416069e-01 5.194728e-01 5.161520e-01 5.168138e-01 1.020101e-06
<GCONST> 4.730066e+01
<MIXTURE> 55 7.368620e-03
<MEAN> 25
 -3.616728e+00 2.798473e-02 -6.884394e-01 8.013777e+00 6.473983e+00 4.617040e+00 4.654485e+00 4.594622e+00 4.063034e+00 3.577355e+00 4.458815e+00 2.315726e+00 -3.009808e-03 2.727881e-02 3.318148e-02 4.690265e-02 5.073061e-02 5.261534e-02 3.763415e-02 2.800707e-02 3.275603e-02 2.490999e-02 1.123026e-02 -7.928468e-04 -3.491614e-06
<VARIANCE> 25
 9.197962e+00 1.047122e+01 9.274533e+00 1.828636e+01 1.330922e+01 1.351164e+01 1.206667e+01 1.125830e+01 1.133716e+01 1.359021e+01 1.774632e+01 1.252921e+01 4.098122e-02 8.723388e-02 1.538890e-01 2.259546e-01 3.070695e-01 4.051640e-01 4.598570e-01 5.201582e-01 5.416069e-01 5.194728e-01 5.161520e-01 5.168138e-01 1.020101e-06
<GCONST> 4.730066e+01
<MIXTURE> 56 6.132464e-03
<MEAN> 25
 7.215828e+00 -6.684108e+00 -9.151088e+00 -8.077966e+00 4.779674e+00 4.153605e+00 -2.685930e+00 -1.275586e+00 1.604651e+00 9.243797e-01 -2.978803e+00 -6.360569e+00 -2.387902e-02 3.194043e-02 -9.881489e-02 3.078064e-02 2.580950e-01 6.102118e-02 1.598721e-01 -2.016587e-02 -6.450164e-02 -8.462526e-02 3.407698e-03 6.027821e-02 -7.929042e-03
<VARIANCE> 25
 9.607923e+00 2.196532e+01 1.867048e+01 4.187254e+01 3.702767e+01 4.749854e+01 5.917091e+01 3.580326e+01 3.666147e+01 3.627486e+01 4.020897e+01 3.433715e+01 1.964522e-01 4.138166e-01 4.563965e-01 7.654945e-01 8.124757e-01 1.020273e+00 8.845902e-01 9.928484e-01 8.384354e-01 9.893965e-01 1.046843e+00 7.647426e-01 2.499185e-04
<GCONST> 7.493217e+01
<MIXTURE> 57 6.132464e-03
<MEAN> 25
 7.215828e+00 -6.684108e+00 -9.151088e+00 -8.077966e+00 4.779674e+00 4.153605e+00 -2.685930e+00 -1.275586e+00 1.604651e+00 9.243797e-01 -2.978803e+00 -6.360569e+00 -2.387902e-02 3.194043e-02 -9.881489e-02 3.078064e-02 2.580950e-01 6.102118e-02 1.598721e-01 -2.016587e-02 -6.450164e-02 -8.462526e-02 3.407698e-03 6.027821e-02 -7.929042e-03
<VARIANCE> 25
 9.607923e+00 2.196532e+01 1.867048e+01 4.187254e+01 3.702767e+01 4.749854e+01 5.917091e+01 3.580326e+01 3.666147e+01 3.627486e+01 4.020897e+01 3.433715e+01 1.964522e-01 4.138166e-01 4.563965e-01 7.654945e-01 8.124757e-01 1.020273e+00 8.845902e-01 9.928484e-01 8.384354e-01 9.893965e-01 1.046843e+00 7.647426e-01 2.499185e-04
<GCONST> 7.493217e+01
<MIXTURE> 58 6.172147e-03
<MEAN> 25
 2.239476e+00 -2.468351e+00 6.875491e+00 -5.058697e+00 -1.182928e+01 -4.904845e+00 1.543223e+00 8.092681e-02 -2.680873e+00 1.746681e+00 5.648350e-01 -6.918570e-01 -4.664364e-02 -1.104606e-01 -6.122491e-03 -2.108222e-01 -1.421475e-01 2.357388e-01 2.458088e-01 -2.933018e-03 1.085043e-01 3.922221e-02 -1.299037e-01 -7.510789e-02 -1.793566e-03
<VARIANCE> 25
 7.188384e+00 1.461443e+01 1.814508e+01 2.224369e+01 2.634109e+01 4.073387e+01 3.073183e+01 3.169498e+01 2.834144e+01 2.759315e+01 1.952685e+01 1.928307e+01 3.309933e-01 7.118508e-01 9.618824e-01 1.147921e+00 8.417463e-01 1.134063e+00 1.241153e+00 1.351155e+00 8.984413e-01 1.151472e+00 8.211380e-01 1.088917e+00 6.650139e-04
<GCONST> 7.478485e+01
<MIXTURE> 59 6.172147e-03
<MEAN> 25
 2.239476e+00 -2.468351e+00 6.875491e+00 -5.058697e+00 -1.182928e+01 -4.904845e+00 1.543223e+00 8.092681e-02 -2.680873e+00 1.746681e+00 5.648350e-01 -6.918570e-01 -4.664364e-02 -1.104606e-01 -6.122491e-03 -2.108222e-01 -1.421475e-01 2.357388e-01 2.458088e-01 -2.933018e-03 1.085043e-01 3.922221e-02 -1.299037e-01 -7.510789e-02 -1.793566e-03
<VARIANCE> 25
 7.188384e+00 1.461443e+01 1.814508e+01 2.224369e+01 2.634109e+01 4.073387e+01 3.073183e+01 3.169498e+01 2.834144e+01 2.759315e+01 1.952685e+01 1.928307e+01 3.309933e-01 7.118508e-01 9.618824e-01 1.147921e+00 8.417463e-01 1.134063e+00 1.241153e+00 1.351155e+00 8.984413e-01 1.151472e+00 8.211380e-01 1.088917e+00 6.650139e-04
<GCONST> 7.478485e+01
<MIXTURE> 60 4.479129e-03
<MEAN> 25
 -4.145209e+00 -6.778302e-01 -1.051247e+00 3.606109e+00 1.743211e+00 2.105418e+00 1.575923e+00 1.525886e+00 2.144963e+00 1.191224e+00 2.374174e+00 1.882328e+00 -3.017437e-02 6.428587e-02 9.168451e-02 1.230186e-01 1.286866e-01 1.358247e-01 1.680573e-01 3.325327e-01 5.572677e-01 6.507685e-01 5.325277e-01 2.894839e-01 -3.407031e-04
<VARIANCE> 25
 7.431701e+00 4.961922e+00 1.019505e+01 1.152136e+01 1.344660e+01 1.667452e+01 1.406644e+01 1.178692e+01 1.281879e+01 1.343771e+01 1.576369e+01 1.228356e+01 8.694486e-02 1.691926e-01 2.790385e-01 4.252242e-01 5.846873e-01 7.406132e-01 8.230279e-01 9.845658e-01 8.981329e-01 8.320905e-01 8.498396e-01 8.594398e-01 2.268297e-05
<GCONST> 5.656157e+01
<MIXTURE> 61 4.479129e-03
<MEAN> 25
 -4.145209e+00 -6.778302e-01 -1.051247e+00 3.606109e+00 1.743211e+00 2.105418e+00 1.575923e+00 1.525886e+00 2.144963e+00 1.191224e+00 2.374174e+00 1.882328e+00 -3.017437e-02 6.428587e-02 9.168451e-02 1.230186e-01 1.286866e-01 1.358247e-01 1.680573e-01 3.325327e-01 5.572677e-01 6.507685e-01 5.325277e-01 2.894839e-01 -3.407031e-04
<VARIANCE> 25
 7.431701e+00 4.961922e+00 1.019505e+01 1.152136e+01 1.344660e+01 1.667452e+01 1.406644e+01 1.178692e+01 1.281879e+01 1.343771e+01 1.576369e+01 1.228356e+01 8.694486e-02 1.691926e-01 2.790385e-01 4.252242e-01 5.846873e-01 7.406132e-01 8.230279e-01 9.845658e-01 8.981329e-01 8.320905e-01 8.498396e-01 8.594398e-01 2.268297e-05
<GCONST> 5.656157e+01
<MIXTURE> 62 3.278034e-03
<MEAN> 25
 -5.087501e+00 1.239920e+00 1.026607e+00 8.817554e+00 6.132288e+00 5.049846e+00 5.498980e+00 4.035141e+00 4.984571e+00 3.914884e+00 4.963649e+00 2.946208e+00 -1.002622e+00 -1.166627e+00 -9.524295e-01 -2.768864e-01 4.279983e-01 1.004553e+00 1.384909e+00 1.552186e+00 1.477379e+00 1.242181e+00 1.067626e+00 7.263030e-01 -1.268120e-03
<VARIANCE> 25
 9.906985e+00 9.969279e+00 1.311310e+01 1.672749e+01 1.741411e+01 1.751674e+01 1.969159e+01 1.910511e+01 1.885641e+01 1.873338e+01 2.156576e+01 1.483131e+01 4.024107e-01 4.318331e-01 5.550256e-01 7.790261e-01 1.034795e+00 1.192500e+00 1.252008e+00 1.279054e+00 1.332679e+00 1.366394e+00 1.399727e+00 1.370663e+00 1.633481e-05
<GCONST> 6.753733e+01
<MIXTURE> 63 4.351215e-03
<MEAN> 25
 -3.671911e+00 -2.556410e+00 -4.572459e+00 3.078100e+00 3.584597e+00 2.648955e-01 2.852480e+00 2.229810e+00 2.455685e+00 -1.001250e+00 -9.995288e-01 2.031034e+00 -5.863464e-02 3.431008e-01 4.717282e-01 4.791036e-01 3.969089e-01 4.278424e-01 4.873725e-01 1.996389e-01 1.909241e-01 2.515426e-01 3.234242e-01 6.108639e-02 -5.044119e-03
<VARIANCE> 25
 1.046075e+01 1.410321e+01 1.602373e+01 1.713498e+01 1.718530e+01 2.842346e+01 2.215698e+01 2.845411e+01 2.350892e+01 2.089635e+01 1.884824e+01 1.780186e+01 2.619796e-01 4.372355e-01 6.368257e-01 7.875895e-01 8.893064e-01 1.215618e+00 1.263483e+00 1.403672e+00 1.435870e+00 1.347397e+00 1.372582e+00 1.213161e+00 1.855210e-04
<GCONST> 7.157816e+01
<MIXTURE> 64 4.351215e-03
<MEAN> 25
 -3.671911e+00 -2.556410e+00 -4.572459e+00 3.078100e+00 3.584597e+00 2.648955e-01 2.852480e+00 2.229810e+00 2.455685e+00 -1.001250e+00 -9.995288e-01 2.031034e+00 -5.863464e-02 3.431008e-01 4.717282e-01 4.791036e-01 3.969089e-01 4.278424e-01 4.873725e-01 1.996389e-01 1.909241e-01 2.515426e-01 3.234242e-01 6.108639e-02 -5.044119e-03
<VARIANCE> 25
 1.046075e+01 1.410321e+01 1.602373e+01 1.713498e+01 1.718530e+01 2.842346e+01 2.215698e+01 2.845411e+01 2.350892e+01 2.089635e+01 1.884824e+01 1.780186e+01 2.619796e-01 4.372355e-01 6.368257e-01 7.875895e-01 8.893064e-01 1.215618e+00 1.263483e+00 1.403672e+00 1.435870e+00 1.347397e+00 1.372582e+00 1.213161e+00 1.855210e-04
<GCONST> 7.157816e+01
<MIXTURE> 65 1.721197e-02
<MEAN> 25
 6.707154e+00 2.111784e+00 2.095620e+00 2.124039e-01 -4.713894e+00 -3.103295e+00 -6.187339e+00 -5.557800e+00 -2.486000e+00 -9.783601e-01 -4.487506e+00 -1.121196e+00 2.018825e-01 1.094919e-01 -1.078151e-01 1.800456e-01 -2.467275e-02 -1.033213e-01 2.348199e-01 -4.601857e-02 1.962864e-02 -1.278688e-02 2.471179e-01 -5.214363e-01 -5.202864e-03
<VARIANCE> 25
 1.078944e+01 1.434633e+01 2.053503e+01 2.733437e+01 3.260191e+01 4.821653e+01 4.455632e+01 5.055961e+01 4.521519e+01 4.685049e+01 4.675084e+01 4.353341e+01 4.763081e-01 7.581532e-01 1.368575e+00 1.482204e+00 1.819477e+00 2.398239e+00 2.507795e+00 2.652929e+00 2.037287e+00 2.231285e+00 2.318294e+00 2.831910e+00 4.094028e-04
<GCONST> 8.632825e+01
<MIXTURE> 66 1.191532e-02
<MEAN> 25
 6.256342e+00 -4.062147e+00 -5.738096e+00 -4.287310e+00 1.431399e+00 -4.834851e+00 -6.953446e+00 1.455652e+00 3.163147e-01 -1.986107e+00 -6.547944e+00 -3.452168e+00 -9.486104e-02 1.609315e+00 2.194728e+00 2.402607e+00 -1.261612e+00 -1.202787e+00 9.545066e-02 -3.614649e-01 -1.104124e-01 -2.540495e-01 -1.568155e-01 8.682916e-01 -6.261844e-02
<VARIANCE> 25
 1.108795e+01 2.108226e+01 2.574870e+01 3.513137e+01 3.666967e+01 5.113037e+01 5.261050e+01 4.381525e+01 5.300650e+01 6.263403e+01 3.844595e+01 3.465146e+01 1.257471e+00 2.338431e+00 2.269154e+00 2.465765e+00 3.990354e+00 4.114690e+00 4.121028e+00 5.026106e+00 4.010787e+00 4.737540e+00 3.695959e+00 3.511523e+00 1.399849e-03
<GCONST> 9.635632e+01
<MIXTURE> 67 1.559142e-02
<MEAN> 25
 8.970290e+00 2.027935e+00 -5.959673e+00 -8.234694e+00 9.110547e-01 3.051792e+00 -3.346084e+00 -2.235237e+00 -3.737108e+00 7.681879e-01 -5.607323e-02 -1.713188e+00 -1.065910e+00 1.826742e+00 1.054958e+00 3.067862e+00 1.394222e+00 -5.013614e-01 1.296118e+00 1.278602e-01 1.604466e-01 2.465234e-01 -2.734576e-01 6.081579e-01 -1.296540e-01
<VARIANCE> 25
 1.147379e+01 3.873315e+01 3.078329e+01 5.594394e+01 4.897537e+01 5.406107e+01 6.200884e+01 5.259209e+01 6.485972e+01 5.693313e+01 5.559567e+01 4.728435e+01 2.189796e+00 3.459470e+00 3.297703e+00 4.508585e+00 4.510536e+00 4.557778e+00 4.697011e+00 5.070960e+00 5.461578e+00 4.769364e+00 5.129130e+00 3.803688e+00 3.057125e-03
<GCONST> 1.029131e+02
<MIXTURE> 68 1.485092e-02
<MEAN> 25
 -2.070400e+00 -2.418530e+00 -3.724853e+00 1.577424e+00 4.943835e+00 -5.415053e-01 2.224780e+00 1.838723e+00 1.927792e+00 1.199455e+00 5.616515e-01 1.913040e+00 2.727857e+00 5.071892e-01 9.860626e-02 -2.553580e+00 -2.413863e+00 -1.599284e+00 -2.287602e+00 -1.754855e+00 -1.517543e+00 -1.506823e+00 -1.888880e+00 -9.744465e-01 9.714376e-02
<VARIANCE> 25
 2.450731e+01 3.041523e+01 5.664851e+01 5.091445e+01 4.659519e+01 5.290328e+01 4.248124e+01 4.053313e+01 3.849904e+01 4.793945e+01 3.799573e+01 2.501520e+01 1.917733e+00 3.580581e+00 5.629986e+00 5.653819e+00 4.695424e+00 5.351592e+00 5.575330e+00 4.815951e+00 5.002550e+00 5.385763e+00 4.935320e+00 3.349517e+00 6.243066e-03
<GCONST> 1.030906e+02
<MIXTURE> 69 1.204884e-02
<MEAN> 25
 4.059629e+00 -4.119618e+00 -3.729141e+00 -3.503095e+00 -3.089451e+00 -8.156220e+00 -2.893874e-01 2.126753e+00 -2.156059e-01 -5.875540e+00 -4.076091e+00 1.461889e+00 1.707352e+00 -2.251688e+00 -1.066812e+00 -2.461824e+00 -4.180140e-01 -8.429250e-01 -4.549298e-02 2.541409e-01 -6.461775e-01 -1.600194e+00 -1.713235e+00 -3.496813e-02 6.092246e-02
<VARIANCE> 25
 9.224240e+00 1.856282e+01 2.344399e+01 2.200144e+01 3.715214e+01 3.073168e+01 4.635123e+01 2.769830e+01 3.352068e+01 3.853428e+01 3.751318e+01 2.196640e+01 3.152574e+00 2.542876e+00 3.139164e+00 3.363549e+00 5.062177e+00 5.430298e+00 6.853993e+00 5.717963e+00 4.994744e+00 5.197222e+00 4.752014e+00 3.292391e+00 2.122001e-03
<GCONST> 9.668350e+01
<MIXTURE> 70 1.329190e-02
<MEAN> 25
 7.475263e+00 -1.980955e+00 -3.812272e+00 -3.557815e+00 -3.701177e-01 -6.828864e-01 -7.673257e+00 -3.973277e+00 5.665778e-01 2.819554e+00 -1.326332e-01 -4.825838e+00 1.894970e+00 -1.120753e+00 -8.290331e-01 -2.191272e+00 -1.483760e+00 1.173567e+00 -1.335091e+00 -8.929285e-02 3.207948e-01 1.720094e-02 6.608161e-01 -1.434379e+00 5.810854e-02
<VARIANCE> 25
 1.001386e+01 2.232082e+01 2.826179e+01 4.633129e+01 3.552057e+01 4.373004e+01 4.927142e+01 4.368847e+01 4.652069e+01 3.263690e+01 4.429537e+01 2.738246e+01 3.534892e+00 3.180701e+00 4.702302e+00 4.945187e+00 5.221966e+00 6.361775e+00 6.711437e+00 7.448123e+00 6.084408e+00 5.453162e+00 5.879241e+00 4.333170e+00 2.543442e-03
<GCONST> 1.017291e+02
<MIXTURE> 71 1.406903e-02
<MEAN> 25
 6.008803e+00 4.751513e+00 4.175756e+00 2.785955e+00 -3.047565e+00 -3.480153e+00 -3.207230e+00 -6.162530e+00 -4.504284e+00 -2.595082e+00 -5.007273e+00 -3.033752e+00 -1.527928e+00 -7.005853e-01 -1.982963e-01 -1.698393e+00 1.212036e+00 -6.438186e-02 6.383868e-02 1.504047e+00 1.360458e-01 -2.012472e-02 6.182926e-01 4.683152e-02 3.735543e-02
<VARIANCE> 25
 1.931163e+01 2.585220e+01 2.314049e+01 4.286642e+01 4.286560e+01 4.027650e+01 4.056667e+01 4.191763e+01 3.716249e+01 4.234738e+01 3.634866e+01 3.639093e+01 1.724694e+00 2.925029e+00 4.972956e+00 4.658489e+00 4.812808e+00 4.740524e+00 4.576499e+00 5.183123e+00 4.480346e+00 4.196390e+00 3.496237e+00 3.553427e+00 1.491989e-03
<GCONST> 9.850159e+01
<MIXTURE> 72 8.134747e-03
<MEAN> 25
 3.176788e+00 -3.689798e+00 4.936482e+00 -2.253184e+00 -9.244095e+00 -8.501249e+00 -1.741484e+00 7.332708e-01 -5.158867e+00 -1.851731e+00 -1.640457e+00 2.207941e+00 1.024732e+00 -7.159718e-01 -2.203795e+00 5.545919e-01 2.123325e+00 -7.308699e-01 -1.672640e+00 1.451473e+00 1.735785e+00 -8.123965e-01 -1.180413e+00 4.151643e-01 -1.009810e-02
<VARIANCE> 25
 9.208829e+00 1.504747e+01 2.558450e+01 3.015134e+01 2.787452e+01 2.918674e+01 3.386701e+01 3.291946e+01 3.438762e+01 3.326738e+01 3.109437e+01 2.774901e+01 3.627225e-01 8.712789e-01 1.805375e+00 1.198269e+00 1.779965e+00 1.837672e+00 2.771935e+00 2.209118e+00 2.162967e+00 2.392429e+00 1.807064e+00 1.884185e+00 4.917033e-04
<GCONST> 8.291525e+01
<MIXTURE> 73 1.213625e-02
<MEAN> 25
 -5.559055e+00 -1.038146e+00 -1.092085e+00 4.991034e+00 3.464413e+00 2.434494e+00 5.597516e+00 2.987092e+00 3.890467e+00 3.602469e+00 4.453291e+00 1.877484e+00 8.253771e-01 -9.537399e-01 -7.679631e-01 -2.554762e+00 -1.753215e+00 -2.015532e+00 -7.711834e-01 -7.966159e-01 -7.295994e-01 -4.362787e-01 -5.931041e-01 -8.723289e-02 1.349656e-01
<VARIANCE> 25
 1.118361e+01 1.278194e+01 1.303980e+01 2.007317e+01 2.267270e+01 2.251961e+01 1.877439e+01 2.232302e+01 1.593092e+01 2.113937e+01 2.149555e+01 1.949516e+01 4.612803e+00 2.972174e+00 5.053553e+00 4.448075e+00 7.113883e+00 4.259392e+00 4.103713e+00 4.083970e+00 3.556699e+00 5.702164e+00 4.663144e+00 2.545170e+00 5.442860e-03
<GCONST> 9.283884e+01
<MIXTURE> 74 1.756491e-02
<MEAN> 25
 4.012112e+00 -1.386491e+00 4.719097e+00 -1.304021e+00 -7.037907e+00 -7.895795e+00 -2.429375e+00 -2.493854e-01 -2.578804e+00 -2.837952e+00 -1.016448e+00 6.489186e-01 3.356360e-01 1.806151e+00 -1.355183e-01 1.755397e+00 1.368777e+00 5.692499e-01 -3.045405e-01 -7.016357e-01 1.145022e-01 7.145436e-02 -2.003866e-01 -4.764379e-01 -7.114163e-02
<VARIANCE> 25
 1.179754e+01 1.890992e+01 3.350765e+01 3.182042e+01 3.809418e+01 3.307661e+01 5.343791e+01 4.002759e+01 4.833472e+01 3.564540e+01 3.731545e+01 3.348429e+01 1.965349e+00 1.952721e+00 3.515025e+00 2.553028e+00 3.730119e+00 3.396609e+00 4.708922e+00 4.856731e+00 4.196853e+00 3.651118e+00 3.402712e+00 3.586133e+00 1.605634e-03
<GCONST> 9.572066e+01
<MIXTURE> 75 9.711651e-03
<MEAN> 25
 2.611289e+00 -1.241475e+00 1.079029e+01 1.517168e+00 -1.158108e+01 -7.566625e+00 -4.384026e+00 -4.667440e-01 -4.421910e+00 -4.303163e+00 3.240616e+00 1.508013e-01 1.712494e+00 -1.697446e+00 2.291818e-01 -3.222800e-01 -2.422944e+00 -5.586087e-01 -1.404549e+00 8.423077e-01 -1.877860e-01 -2.982096e-01 1.036479e+00 -5.566429e-01 3.866090e-02
<VARIANCE> 25
 1.072678e+01 1.712784e+01 3.101771e+01 2.806939e+01 2.713579e+01 3.226158e+01 3.095315e+01 3.037013e+01 3.371896e+01 3.413150e+01 1.983921e+01 2.107902e+01 2.317505e+00 1.945172e+00 4.124468e+00 2.506960e+00 3.886707e+00 4.304144e+00 4.090309e+00 3.733583e+00 3.843632e+00 3.444054e+00 3.056094e+00 2.692675e+00 1.485131e-03
<GCONST> 9.219796e+01
<MIXTURE> 76 1.052359e-02
<MEAN> 25
 -4.854611e+00 -1.548629e+00 -2.590108e+00 3.500895e+00 4.225146e+00 2.195847e+00 3.655281e+00 2.792747e+00 2.495248e+00 7.655065e-02 1.857104e+00 2.322444e+00 -1.983638e-01 -4.360839e-01 -2.138271e-01 -8.130517e-01 -8.448794e-01 -8.549311e-01 -5.759562e-01 -5.314699e-01 -3.926380e-01 -3.230093e-01 -2.280417e-01 -1.402293e-02 2.362084e-02
<VARIANCE> 25
 3.883271e+01 2.565072e+01 2.618918e+01 2.328933e+01 2.634613e+01 2.774137e+01 3.574882e+01 2.759734e+01 1.982559e+01 3.303625e+01 2.270291e+01 2.180703e+01 1.250649e+00 9.235708e-01 1.400272e+00 1.355176e+00 1.695975e+00 1.390574e+00 1.772103e+00 1.628521e+00 1.417989e+00 2.344443e+00 1.328499e+00 1.417259e+00 1.200728e-03
<GCONST> 8.325369e+01
<MIXTURE> 77 1.244626e-02
<MEAN> 25
 -4.448415e-02 7.586287e+00 1.075998e+01 -9.574104e+00 -7.069434e+00 2.034864e+00 -9.671529e+00 -6.653859e+00 -2.191768e+00 1.119886e+00 -5.184065e+00 2.376103e-01 1.422332e-01 6.566396e-02 -1.606459e-01 3.830036e-01 1.682314e-01 5.496780e-02 -2.151368e-01 -1.549010e-01 6.642646e-02 -5.102614e-02 -2.171818e-02 7.386954e-02 -9.837681e-03
<VARIANCE> 25
 8.568336e+00 1.721286e+01 2.732687e+01 4.029557e+01 2.826059e+01 2.949914e+01 3.134097e+01 2.692459e+01 3.033747e+01 3.040814e+01 2.921420e+01 3.390636e+01 3.118688e-01 6.581817e-01 6.897950e-01 1.007634e+00 1.423510e+00 9.110422e-01 2.051206e+00 9.920426e-01 1.055939e+00 8.689472e-01 1.081935e+00 9.803218e-01 4.360132e-04
<GCONST> 7.639211e+01
<MIXTURE> 78 9.702551e-03
<MEAN> 25
 -1.128062e+01 1.378486e+00 -1.691698e+00 2.788152e+00 4.006633e+00 -2.187112e+00 4.162870e+00 2.558860e+00 2.067367e+00 5.191893e-01 -7.121451e-02 3.057002e+00 2.354488e+00 -3.846520e-01 2.781419e-01 5.118338e-01 -5.421834e-02 -5.755991e-02 -3.095641e-01 -7.435824e-02 1.833575e-01 6.487337e-02 -2.506211e-01 -4.580872e-01 -6.225342e-02
<VARIANCE> 25
 4.309953e+01 3.094224e+01 3.073885e+01 3.618623e+01 3.925766e+01 3.641568e+01 3.727337e+01 3.082702e+01 3.068065e+01 2.613985e+01 2.656003e+01 1.965233e+01 4.618650e+00 2.607575e+00 2.729349e+00 2.907624e+00 2.683337e+00 3.365832e+00 3.136811e+00 2.645986e+00 2.185580e+00 2.516319e+00 2.442744e+00 2.193122e+00 4.377947e-03
<GCONST> 9.424213e+01
<MIXTURE> 79 1.156824e-02
<MEAN> 25
 2.188705e+00 1.383273e+00 8.569272e+00 -6.222194e+00 -1.108999e+01 -1.819539e+00 -2.403978e+00 -6.883045e+00 -5.165806e+00 7.993116e-01 -3.556902e+00 -2.203916e+00 1.212763e+00 -4.715644e-01 -1.361413e+00 2.149325e+00 6.965896e-01 -1.395023e+00 3.825213e-01 9.069892e-01 -3.079558e-01 -7.812783e-01 5.970751e-01 1.245063e-01 -3.531010e-02
<VARIANCE> 25
 1.223589e+01 2.116004e+01 3.318141e+01 4.318853e+01 3.186979e+01 4.020461e+01 4.193288e+01 3.238897e+01 4.234462e+01 3.549160e+01 3.770260e+01 3.143689e+01 8.643543e-01 1.921675e+00 1.620926e+00 1.979251e+00 2.827929e+00 2.581266e+00 3.408456e+00 3.250453e+00 2.476837e+00 2.699718e+00 2.265990e+00 2.351660e+00 1.106303e-03
<GCONST> 9.036590e+01
<MIXTURE> 80 7.550998e-03
<MEAN> 25
 -1.355690e+01 3.823030e+00 1.803008e-01 4.484603e+00 1.775318e+00 2.001086e+00 6.813630e+00 3.065312e+00 2.255297e+00 2.359549e+00 4.615231e+00 4.249398e-01 4.173865e+00 -4.944761e-01 1.442842e+00 -1.547956e+00 -2.544280e+00 -2.923432e+00 -2.266794e+00 -1.875216e+00 -1.284478e+00 -1.757488e+00 -1.322127e+00 -3.967541e-01 -4.615899e-02
<VARIANCE> 25
 2.118856e+01 1.775315e+01 2.849808e+01 3.518220e+01 2.508059e+01 2.421702e+01 2.415504e+01 2.392587e+01 2.221266e+01 2.388008e+01 2.274234e+01 1.865811e+01 1.922915e+00 2.921482e+00 2.350774e+00 3.935272e+00 3.182918e+00 2.346001e+00 2.829982e+00 2.772800e+00 3.756616e+00 2.579243e+00 2.554167e+00 2.017429e+00 1.332313e-03
<GCONST> 8.919115e+01
<MIXTURE> 81 8.025434e-03
<MEAN> 25
 -1.085289e+00 3.970193e+00 9.982097e+00 -1.393053e+01 -9.189946e+00 -1.189857e+00 -6.557652e+00 -8.315136e+00 -3.446004e+00 -2.105128e-02 -7.299381e+00 -1.642773e+00 1.063240e-01 -4.630801e-01 -4.723883e-02 -4.882763e-01 -3.629890e-01 3.533983e-01 1.720237e-01 1.176277e-01 -1.813882e-02 7.778647e-03 -5.461037e-01 3.839042e-02 9.534680e-03
<VARIANCE> 25
 9.398829e+00 3.084839e+01 2.447466e+01 3.292494e+01 3.189931e+01 3.036129e+01 4.341809e+01 2.692749e+01 4.646189e+01 3.254456e+01 2.469492e+01 3.190412e+01 7.293983e-01 2.254167e+00 1.534261e+00 2.693326e+00 3.126744e+00 1.982105e+00 3.523060e+00 2.323147e+00 2.341304e+00 2.599938e+00 2.281438e+00 2.269034e+00 1.159181e-03
<GCONST> 8.877161e+01
<MIXTURE> 82 8.213053e-03
<MEAN> 25
 -9.815574e+00 -3.912864e+00 1.604713e+00 -2.796248e+00 2.892564e+00 4.988703e-01 1.998307e+00 7.715785e-01 2.840398e+00 1.951164e+00 2.022328e+00 2.902880e+00 -1.287513e+00 -8.415943e-02 2.884251e-01 -2.577875e+00 -1.270229e+00 -1.276281e+00 -9.732926e-01 -9.222732e-01 -3.233927e-01 -4.287709e-01 -2.731560e-01 -7.647080e-02 1.757793e-01
<VARIANCE> 25
 1.827948e+01 2.423392e+01 3.159193e+01 3.109038e+01 3.394551e+01 3.257200e+01 3.091649e+01 3.319906e+01 3.072989e+01 2.656369e+01 3.275156e+01 1.824950e+01 3.677250e+00 3.028452e+00 3.224302e+00 3.202538e+00 4.407672e+00 3.206508e+00 2.921388e+00 3.023296e+00 2.717015e+00 2.520029e+00 2.455617e+00 1.827826e+00 3.567953e-03
<GCONST> 9.333150e+01
<MIXTURE> 83 1.167529e-02
<MEAN> 25
 -1.998926e+01 5.530969e+00 -1.809964e+00 -3.197632e-01 7.769023e+00 -1.186210e+00 5.482986e+00 3.060912e+00 1.175522e+00 2.170121e+00 7.036149e-01 2.835277e+00 -2.666265e-02 -4.522663e-01 1.455737e-02 -3.602351e-01 -4.935761e-01 -1.268028e-01 -1.302399e-01 -1.007298e-01 -4.519006e-02 -3.862542e-02 -2.494946e-02 -2.673395e-02 4.247230e-03
<VARIANCE> 25
 9.091031e+00 1.645285e+01 2.837261e+01 2.322426e+01 2.158591e+01 2.426796e+01 2.194595e+01 2.323437e+01 2.035323e+01 2.210521e+01 2.309611e+01 1.468432e+01 1.053639e+00 9.308800e-01 1.247089e+00 1.063426e+00 1.358052e+00 1.296066e+00 1.278102e+00 1.386098e+00 1.349768e+00 1.303134e+00 1.237078e+00 1.079196e+00 8.899567e-04
<GCONST> 7.710575e+01
<MIXTURE> 84 1.066614e-02
<MEAN> 25
 1.213853e+00 8.686330e+00 6.958200e+00 7.638508e+00 2.802743e+00 -9.303835e-01 -1.599877e+00 -4.377369e+00 -3.921539e+00 -2.945657e+00 -2.435931e+00 -1.735984e+00 -1.768897e+00 -1.148087e+00 -1.174289e+00 1.287296e+00 2.253162e+00 1.586644e+00 1.341830e+00 1.294345e+00 1.015993e+00 4.400661e-01 2.985430e-01 2.932941e-01 -6.924664e-02
<VARIANCE> 25
 2.318954e+01 1.936194e+01 2.190213e+01 2.496991e+01 2.834534e+01 2.724247e+01 2.683840e+01 2.565975e+01 2.517264e+01 2.528353e+01 2.360073e+01 2.436935e+01 2.124366e+00 2.640965e+00 3.964890e+00 3.297099e+00 3.170640e+00 3.321553e+00 3.352099e+00 3.244576e+00 3.721689e+00 3.184243e+00 3.774166e+00 3.264540e+00 3.529297e-03
<GCONST> 9.272583e+01
<MIXTURE> 85 7.591393e-03
<MEAN> 25
 -2.890576e+00 7.479885e+00 5.581723e+00 1.287330e+00 -3.947048e+00 -5.373555e+00 -2.777392e+00 -6.089511e+00 -2.911261e+00 -3.080780e+00 -3.387115e-01 -1.871883e+00 3.811326e+00 3.237708e-01 1.734736e+00 -2.178142e+00 -3.341743e+00 -2.631430e+00 -2.805217e+00 -2.352936e+00 -2.121163e+00 -1.251663e+00 -2.239335e+00 -4.889577e-01 1.140155e-02
<VARIANCE> 25
 4.026499e+01 2.407557e+01 3.485335e+01 3.591751e+01 4.014845e+01 3.879917e+01 3.086700e+01 2.622499e+01 3.114723e+01 2.490891e+01 2.478782e+01 1.956649e+01 2.776300e+00 4.148654e+00 3.793433e+00 4.947508e+00 4.356063e+00 3.821501e+00 3.687083e+00 3.733196e+00 3.873459e+00 3.785938e+00 3.763270e+00 3.462199e+00 5.144465e-03
<GCONST> 9.763466e+01
<MIXTURE> 86 1.273941e-02
<MEAN> 25
 -4.573100e+00 -1.292327e+00 -7.098855e-01 6.253765e+00 5.138676e+00 4.635997e+00 5.206191e+00 4.760139e+00 4.582082e+00 3.732879e+00 5.497855e+00 2.479698e+00 -4.616734e-02 2.676520e-02 -5.207789e-02 -8.169584e-02 -1.377873e-01 -1.786085e-01 -2.303740e-01 -3.698207e-01 -3.522001e-01 -2.288677e-01 -2.210213e-01 -1.297688e-01 -2.491753e-04
<VARIANCE> 25
 1.003802e+01 5.649728e+00 9.672355e+00 1.185435e+01 1.531879e+01 1.368220e+01 1.339870e+01 1.324883e+01 1.268358e+01 1.412240e+01 1.415935e+01 1.291614e+01 1.294906e-01 2.129235e-01 3.206916e-01 4.686387e-01 6.173821e-01 7.190194e-01 7.452602e-01 7.598744e-01 7.966251e-01 1.014802e+00 8.832887e-01 8.799354e-01 5.378889e-05
<GCONST> 5.848598e+01
<MIXTURE> 87 1.100681e-02
<MEAN> 25
 -3.051254e+00 4.287455e+00 3.367622e+00 6.770892e+00 5.695846e+00 9.129519e-01 1.560869e+00 -7.851412e-01 -4.445069e-01 -9.805386e-01 -9.009644e-01 -2.557726e-01 -2.176151e+00 -2.735436e+00 -2.038986e+00 -2.120876e+00 -1.295659e-01 -1.877231e-01 6.557010e-01 1.197728e+00 1.325386e+00 1.185393e+00 1.078812e+00 9.535586e-01 1.025627e-01
<VARIANCE> 25
 3.819570e+01 2.980541e+01 2.737458e+01 3.380657e+01 2.811617e+01 3.071239e+01 2.765348e+01 2.699273e+01 2.566361e+01 2.431852e+01 2.461977e+01 2.404856e+01 3.742692e+00 2.684951e+00 3.854031e+00 3.765884e+00 4.852480e+00 4.173879e+00 4.063940e+00 3.991068e+00 3.523147e+00 3.802500e+00 3.771362e+00 2.709941e+00 4.862722e-03
<GCONST> 9.638121e+01
<MIXTURE> 88 1.256585e-02
<MEAN> 25
 -3.610698e+00 -1.435318e+00 -1.891799e+00 5.221229e+00 4.473857e+00 3.615367e+00 4.772374e+00 3.775453e+00 3.444616e+00 2.753185e+00 3.013142e+00 1.885420e+00 4.511249e-02 -1.292696e-02 3.693212e-01 3.271659e-01 1.673172e-01 -5.049685e-02 -6.600291e-02 -2.170255e-01 -1.805266e-01 -6.384710e-01 -2.065355e-01 3.265053e-01 -1.840717e-03
<VARIANCE> 25
 1.003997e+01 8.727245e+00 1.346678e+01 1.396615e+01 1.716579e+01 1.787153e+01 1.878475e+01 1.909104e+01 1.415495e+01 2.585191e+01 2.014340e+01 1.635090e+01 1.265413e+00 1.403767e+00 1.979197e+00 1.959665e+00 2.223494e+00 2.211317e+00 2.307334e+00 2.239149e+00 2.016943e+00 4.680288e+00 2.128834e+00 2.663935e+00 1.325324e-03
<GCONST> 8.148392e+01
<MIXTURE> 89 9.333527e-03
<MEAN> 25
 5.493045e+00 -5.816980e+00 -3.875026e+00 -2.667439e+00 -1.348387e+00 -5.664762e+00 -6.200592e+00 3.252295e+00 3.353988e+00 -2.227283e+00 -5.190616e+00 -2.304865e+00 -5.877228e-01 1.751211e-01 1.864066e+00 8.824930e-01 -1.872808e+00 -1.689480e+00 1.117378e+00 1.081242e+00 -6.292049e-01 -1.460777e+00 4.984768e-01 1.407296e+00 -4.513538e-03
<VARIANCE> 25
 1.074531e+01 3.203771e+01 2.855481e+01 2.913563e+01 3.348124e+01 3.873687e+01 5.401226e+01 4.509781e+01 3.598339e+01 4.068575e+01 3.954058e+01 3.699015e+01 3.541125e-01 7.566487e-01 1.477033e+00 1.263721e+00 1.723771e+00 1.955189e+00 2.783463e+00 2.152164e+00 2.206349e+00 2.090565e+00 2.171802e+00 1.468086e+00 3.632782e-04
<GCONST> 8.513506e+01
<MIXTURE> 90 7.114505e-03
<MEAN> 25
 1.382842e+00 -8.975939e+00 -2.880029e+00 -5.165332e+00 -1.982891e+00 -3.141155e+00 6.294148e+00 3.046092e-01 -6.033823e+00 -9.888406e+00 -7.974941e-01 -1.675630e+00 -1.274337e-01 7.572197e-01 1.094223e+00 -5.935917e-01 -1.485791e+00 2.493857e-02 2.485524e-01 -2.177405e-01 -2.091445e-01 9.048501e-01 3.243315e-01 -5.783926e-01 -1.023265e-02
<VARIANCE> 25
 7.602208e+00 1.417797e+01 1.919378e+01 2.427703e+01 3.253716e+01 2.778824e+01 4.493470e+01 2.806355e+01 2.795357e+01 2.098125e+01 2.900229e+01 1.983798e+01 1.689595e-01 7.037414e-01 5.617181e-01 1.086106e+00 1.168999e+00 1.203042e+00 1.458745e+00 1.207685e+00 1.622325e+00 1.534838e+00 1.099362e+00 1.154479e+00 2.059459e-04
<GCONST> 7.439346e+01
<MIXTURE> 91 7.852945e-03
<MEAN> 25
 6.024438e+00 -7.324388e+00 -8.607019e+00 -4.583515e+00 5.385410e+00 6.761326e-01 -2.964232e+00 7.826583e-01 3.783596e-01 -2.233330e+00 -5.075510e+00 -3.934029e+00 2.158229e-01 9.480683e-01 1.871395e-01 5.316074e-01 -1.285778e-01 -4.493847e-01 -2.807043e-01 1.051809e-01 -1.160276e-01 4.636239e-01 -6.307690e-02 1.432231e-01 -3.479382e-02
<VARIANCE> 25
 9.444679e+00 2.033117e+01 1.784246e+01 3.766150e+01 4.242685e+01 5.182565e+01 5.042543e+01 3.498864e+01 4.555181e+01 5.874910e+01 3.369502e+01 4.395535e+01 4.250485e-01 7.998048e-01 1.002576e+00 1.360460e+00 2.188712e+00 2.278110e+00 2.125037e+00 2.291836e+00 1.960667e+00 2.210481e+00 1.944508e+00 1.847948e+00 5.235138e-04
<GCONST> 8.569047e+01
<MIXTURE> 92 7.852945e-03
<MEAN> 25
 6.024438e+00 -7.324388e+00 -8.607019e+00 -4.583515e+00 5.385410e+00 6.761326e-01 -2.964232e+00 7.826583e-01 3.783596e-01 -2.233330e+00 -5.075510e+00 -3.934029e+00 2.158229e-01 9.480683e-01 1.871395e-01 5.316074e-01 -1.285778e-01 -4.493847e-01 -2.807043e-01 1.051809e-01 -1.160276e-01 4.636239e-01 -6.307690e-02 1.432231e-01 -3.479382e-02
<VARIANCE> 25
 9.444679e+00 2.033117e+01 1.784246e+01 3.766150e+01 4.242685e+01 5.182565e+01 5.042543e+01 3.498864e+01 4.555181e+01 5.874910e+01 3.369502e+01 4.395535e+01 4.250485e-01 7.998048e-01 1.002576e+00 1.360460e+00 2.188712e+00 2.278110e+00 2.125037e+00 2.291836e+00 1.960667e+00 2.210481e+00 1.944508e+00 1.847948e+00 5.235138e-04
<GCONST> 8.569047e+01
<MIXTURE> 93 6.122769e-03
<MEAN> 25
 -6.825105e+00 -9.614894e-01 -2.402339e+00 5.797764e+00 5.908035e+00 3.922759e+00 6.122814e+00 3.608975e+00 4.119720e+00 2.508703e+00 1.818509e+00 3.705174e+00 -6.167415e-02 -1.543338e-01 -2.573299e-01 -3.317098e-01 -3.337518e-01 -2.842174e-01 -2.177859e-01 -1.743020e-01 -1.665938e-01 -1.505993e-01 -1.045195e-01 -3.556140e-02 -3.541913e-06
<VARIANCE> 25
 9.100965e+00 6.032089e+00 8.185188e+00 1.137113e+01 1.149155e+01 1.598216e+01 1.528008e+01 1.644161e+01 1.475721e+01 1.454351e+01 1.678632e+01 1.345070e+01 8.272056e-02 1.533684e-01 2.638270e-01 3.805263e-01 4.977004e-01 6.427299e-01 7.793138e-01 8.872412e-01 9.166181e-01 8.760266e-01 8.923054e-01 9.178780e-01 1.000714e-06
<GCONST> 5.360524e+01
<MIXTURE> 94 6.122769e-03
<MEAN> 25
 -6.825105e+00 -9.614894e-01 -2.402339e+00 5.797764e+00 5.908035e+00 3.922759e+00 6.122814e+00 3.608975e+00 4.119720e+00 2.508703e+00 1.818509e+00 3.705174e+00 -6.167415e-02 -1.543338e-01 -2.573299e-01 -3.317098e-01 -3.337518e-01 -2.842174e-01 -2.177859e-01 -1.743020e-01 -1.665938e-01 -1.505993e-01 -1.045195e-01 -3.556140e-02 -3.541913e-06
<VARIANCE> 25
 9.100965e+00 6.032089e+00 8.185188e+00 1.137113e+01 1.149155e+01 1.598216e+01 1.528008e+01 1.644161e+01 1.475721e+01 1.454351e+01 1.678632e+01 1.345070e+01 8.272056e-02 1.533684e-01 2.638270e-01 3.805263e-01 4.977004e-01 6.427299e-01 7.793138e-01 8.872412e-01 9.166181e-01 8.760266e-01 8.923054e-01 9.178780e-01 1.000714e-06
<GCONST> 5.360524e+01
<MIXTURE> 95 5.258835e-03
<MEAN> 25
 -5.811608e+00 -7.431861e-01 -1.985886e+00 4.893849e+00 4.227260e+00 2.807653e+00 4.171506e+00 1.673600e+00 2.225614e+00 8.635444e-01 1.203804e+00 2.584552e+00 1.443510e-01 1.467998e-01 8.446956e-02 -8.421754e-02 -3.791500e-01 -7.162147e-01 -1.054897e+00 -1.281645e+00 -1.261502e+00 -9.890575e-01 -6.483468e-01 -3.070444e-01 -1.385013e-04
<VARIANCE> 25
 1.035829e+01 6.503412e+00 1.222028e+01 1.277306e+01 1.396548e+01 1.829688e+01 1.791035e+01 1.695932e+01 1.539644e+01 1.546485e+01 1.998600e+01 1.438511e+01 2.099843e-01 2.929514e-01 4.540720e-01 6.292847e-01 7.995919e-01 8.965500e-01 9.124430e-01 9.230188e-01 9.739893e-01 1.080362e+00 1.159276e+00 1.114445e+00 4.195819e-05
<GCONST> 6.328344e+01
<MIXTURE> 96 7.034694e-03
<MEAN> 25
 -5.008955e+00 -4.617840e-01 -2.219451e+00 5.088614e+00 3.834773e+00 1.802909e+00 3.457835e+00 1.790815e+00 2.462666e+00 9.244157e-01 1.157338e+00 2.804318e+00 -3.013324e-02 9.353990e-02 2.095443e-01 3.973633e-01 5.349941e-01 5.016004e-01 2.412347e-01 -1.052504e-01 -4.426341e-01 -6.440766e-01 -6.080531e-01 -3.703085e-01 5.384563e-06
<VARIANCE> 25
 1.151063e+01 1.007630e+01 1.285765e+01 1.460703e+01 1.494039e+01 1.931357e+01 1.839826e+01 1.913379e+01 1.799172e+01 1.645737e+01 1.960915e+01 1.452261e+01 1.195662e-01 2.181868e-01 3.175201e-01 3.975387e-01 4.927257e-01 6.736851e-01 8.584380e-01 1.058389e+00 9.785223e-01 8.559183e-01 8.769698e-01 9.307452e-01 1.040563e-06
<GCONST> 5.773606e+01
<MIXTURE> 97 7.034694e-03
<MEAN> 25
 -5.008955e+00 -4.617840e-01 -2.219451e+00 5.088614e+00 3.834773e+00 1.802909e+00 3.457835e+00 1.790815e+00 2.462666e+00 9.244157e-01 1.157338e+00 2.804318e+00 -3.013324e-02 9.353990e-02 2.095443e-01 3.973633e-01 5.349941e-01 5.016004e-01 2.412347e-01 -1.052504e-01 -4.426341e-01 -6.440766e-01 -6.080531e-01 -3.703085e-01 5.384563e-06
<VARIANCE> 25
 1.151063e+01 1.007630e+01 1.285765e+01 1.460703e+01 1.494039e+01 1.931357e+01 1.839826e+01 1.913379e+01 1.799172e+01 1.645737e+01 1.960915e+01 1.452261e+01 1.195662e-01 2.181868e-01 3.175201e-01 3.975387e-01 4.927257e-01 6.736851e-01 8.584380e-01 1.058389e+00 9.785223e-01 8.559183e-01 8.769698e-01 9.307452e-01 1.040563e-06
<GCONST> 5.773606e+01
<MIXTURE> 98 9.917808e-03
<MEAN> 25
 -1.003455e+00 7.342452e-01 -2.724919e-01 4.363243e+00 4.173387e+00 2.547269e+00 2.706887e+00 2.084745e+00 1.571336e+00 3.729192e-01 2.361921e-01 3.472123e-01 -1.793597e+00 -1.452835e+00 -9.087529e-01 1.531036e-01 4.861466e-01 7.928226e-01 1.299973e+00 1.214021e+00 1.505729e+00 1.339632e+00 1.491297e+00 7.922326e-01 -2.833596e-02
<VARIANCE> 25
 1.453578e+01 1.854909e+01 2.914747e+01 3.227687e+01 4.004925e+01 3.298450e+01 3.228798e+01 2.981212e+01 2.590376e+01 2.995309e+01 2.678270e+01 2.631769e+01 1.455482e+00 1.461210e+00 2.222944e+00 2.198680e+00 3.035423e+00 2.851545e+00 2.662341e+00 2.922734e+00 2.776785e+00 3.539344e+00 3.160327e+00 2.346111e+00 2.514897e-03
<GCONST> 9.051282e+01
<MIXTURE> 99 6.696178e-03
<MEAN> 25
 -6.276462e+00 9.517016e+00 6.810088e+00 3.125260e+00 1.023055e+00 -5.269181e+00 -1.536421e+00 -3.731922e+00 -3.665418e+00 -3.336588e+00 -1.464749e+00 9.681239e-02 5.492023e-01 -7.354203e-01 3.524493e-01 -4.255375e-01 -1.192094e+00 -4.705940e-01 -3.129864e-01 -3.012736e-01 -1.255184e-01 3.605456e-02 2.482162e-01 1.413388e-01 1.135974e-02
<VARIANCE> 25
 3.566729e+01 2.901583e+01 4.684971e+01 3.337236e+01 3.585966e+01 3.382900e+01 2.792291e+01 3.194384e+01 2.792564e+01 3.030798e+01 2.020865e+01 3.026075e+01 2.118173e+00 1.805021e+00 1.413818e+00 1.714621e+00 2.710163e+00 2.068520e+00 1.564164e+00 1.660859e+00 1.518815e+00 1.775172e+00 1.289818e+00 1.279666e+00 1.538735e-03
<GCONST> 8.721621e+01
<MIXTURE> 100 4.498084e-03
<MEAN> 25
 -1.551762e+00 6.215830e+00 1.001296e+01 -7.293546e+00 -1.083861e+01 -5.169734e+00 -4.740123e+00 -9.896716e+00 -4.568400e+00 -7.893184e-01 -2.596276e+00 -2.746102e+00 2.871076e+00 -1.178731e+00 1.306197e+00 -2.201242e+00 -3.436164e+00 -8.005165e-01 -1.221260e+00 -8.586046e-01 -1.416053e+00 2.961246e-01 -1.668741e+00 -2.399343e-01 3.036850e-03
<VARIANCE> 25
 1.333731e+01 2.107966e+01 2.461944e+01 2.684919e+01 2.276225e+01 2.357053e+01 2.989425e+01 2.142445e+01 2.810406e+01 2.242816e+01 2.248972e+01 2.099839e+01 1.838142e+00 4.139943e+00 2.844397e+00 4.189129e+00 4.182357e+00 4.513986e+00 3.915089e+00 4.282677e+00 4.227816e+00 3.890041e+00 3.830512e+00 3.214662e+00 1.665747e-03
<GCONST> 9.260871e+01
<MIXTURE> 101 6.007792e-03
<MEAN> 25
 7.989104e+00 -3.166674e+00 -5.813164e+00 -6.472108e+00 9.321690e-01 -1.239294e+00 -1.054004e+01 -2.051566e+00 1.645529e+00 2.626322e+00 -1.938346e+00 -5.008161e+00 6.750481e-01 6.488660e-01 -1.426656e+00 -1.579520e+00 9.638450e-01 2.243683e+00 1.930511e-01 -1.433394e+00 -1.095605e+00 1.022400e+00 1.389075e+00 -2.422062e-01 -2.700743e-03
<VARIANCE> 25
 8.908280e+00 1.718317e+01 3.173303e+01 4.241059e+01 3.422145e+01 3.366014e+01 3.483037e+01 3.438230e+01 3.569424e+01 4.155796e+01 5.152901e+01 2.301731e+01 2.762322e-01 6.318082e-01 1.123928e+00 1.474537e+00 1.654616e+00 2.053925e+00 2.002349e+00 1.922972e+00 2.221423e+00 2.128604e+00 1.687732e+00 2.281523e+00 3.916699e-04
<GCONST> 8.308802e+01
<MIXTURE> 102 6.007792e-03
<MEAN> 25
 7.989104e+00 -3.166674e+00 -5.813164e+00 -6.472108e+00 9.321690e-01 -1.239294e+00 -1.054004e+01 -2.051566e+00 1.645529e+00 2.626322e+00 -1.938346e+00 -5.008161e+00 6.750481e-01 6.488660e-01 -1.426656e+00 -1.579520e+00 9.638450e-01 2.243683e+00 1.930511e-01 -1.433394e+00 -1.095605e+00 1.022400e+00 1.389075e+00 -2.422062e-01 -2.700743e-03
<VARIANCE> 25
 8.908280e+00 1.718317e+01 3.173303e+01 4.241059e+01 3.422145e+01 3.366014e+01 3.483037e+01 3.438230e+01 3.569424e+01 4.155796e+01 5.152901e+01 2.301731e+01 2.762322e-01 6.318082e-01 1.123928e+00 1.474537e+00 1.654616e+00 2.053925e+00 2.002349e+00 1.922972e+00 2.221423e+00 2.128604e+00 1.687732e+00 2.281523e+00 3.916699e-04
<GCONST> 8.308802e+01
<MIXTURE> 103 5.694618e-03
<MEAN> 25
 3.092361e+00 -9.180084e+00 -5.877576e+00 -3.155155e+00 -1.200429e+00 -2.298528e+00 3.185602e+00 2.337928e+00 -4.443818e+00 -9.127714e+00 -4.561469e+00 2.008135e-01 -1.776694e-01 -1.464040e+00 -8.820045e-01 2.854092e-01 1.230470e+00 9.752409e-01 2.877175e-01 -2.951752e-01 -7.535465e-01 -8.838482e-01 -3.659820e-02 5.028795e-02 2.656072e-02
<VARIANCE> 25
 1.097352e+01 2.050032e+01 2.258469e+01 3.021515e+01 4.658818e+01 3.546663e+01 5.397775e+01 3.503886e+01 4.012043e+01 2.852559e+01 3.306923e+01 2.582941e+01 6.399196e-01 1.202729e+00 1.589676e+00 1.959376e+00 2.768032e+00 2.365262e+00 3.106324e+00 2.459958e+00 2.422412e+00 2.512679e+00 1.976273e+00 2.001647e+00 7.959507e-04
<GCONST> 8.746851e+01
<MIXTURE> 104 5.694618e-03
<MEAN> 25
 3.092361e+00 -9.180084e+00 -5.877576e+00 -3.155155e+00 -1.200429e+00 -2.298528e+00 3.185602e+00 2.337928e+00 -4.443818e+00 -9.127714e+00 -4.561469e+00 2.008135e-01 -1.776694e-01 -1.464040e+00 -8.820045e-01 2.854092e-01 1.230470e+00 9.752409e-01 2.877175e-01 -2.951752e-01 -7.535465e-01 -8.838482e-01 -3.659820e-02 5.028795e-02 2.656072e-02
<VARIANCE> 25
 1.097352e+01 2.050032e+01 2.258469e+01 3.021515e+01 4.658818e+01 3.546663e+01 5.397775e+01 3.503886e+01 4.012043e+01 2.852559e+01 3.306923e+01 2.582941e+01 6.399196e-01 1.202729e+00 1.589676e+00 1.959376e+00 2.768032e+00 2.365262e+00 3.106324e+00 2.459958e+00 2.422412e+00 2.512679e+00 1.976273e+00 2.001647e+00 7.959507e-04
<GCONST> 8.746851e+01
<MIXTURE> 105 4.710235e-03
<MEAN> 25
 2.300131e+00 -1.173864e+00 8.835792e+00 -2.588243e+00 -1.102276e+01 -4.806455e+00 -4.293844e+00 -7.784942e-01 -3.520251e+00 -2.916841e+00 1.321803e+00 -1.126595e+00 1.776992e-03 3.132460e-02 6.150762e-02 -6.758037e-02 -1.323511e-02 5.347776e-02 -4.038957e-02 4.699218e-02 -3.405416e-02 1.829317e-02 2.339038e-02 -1.136803e-02 -1.911720e-03
<VARIANCE> 25
 1.274210e+01 2.893882e+01 4.089231e+01 4.287093e+01 4.063573e+01 5.207345e+01 4.247013e+01 4.099982e+01 3.882713e+01 4.164873e+01 4.081520e+01 2.989783e+01 8.283179e-02 1.833072e-01 3.314694e-01 2.923298e-01 3.711815e-01 4.206578e-01 5.030282e-01 5.011282e-01 5.133203e-01 4.366595e-01 4.213043e-01 4.285214e-01 8.728453e-05
<GCONST> 6.663082e+01
<MIXTURE> 106 4.710235e-03
<MEAN> 25
 2.300131e+00 -1.173864e+00 8.835792e+00 -2.588243e+00 -1.102276e+01 -4.806455e+00 -4.293844e+00 -7.784942e-01 -3.520251e+00 -2.916841e+00 1.321803e+00 -1.126595e+00 1.776992e-03 3.132460e-02 6.150762e-02 -6.758037e-02 -1.323511e-02 5.347776e-02 -4.038957e-02 4.699218e-02 -3.405416e-02 1.829317e-02 2.339038e-02 -1.136803e-02 -1.911720e-03
<VARIANCE> 25
 1.274210e+01 2.893882e+01 4.089231e+01 4.287093e+01 4.063573e+01 5.207345e+01 4.247013e+01 4.099982e+01 3.882713e+01 4.164873e+01 4.081520e+01 2.989783e+01 8.283179e-02 1.833072e-01 3.314694e-01 2.923298e-01 3.711815e-01 4.206578e-01 5.030282e-01 5.011282e-01 5.133203e-01 4.366595e-01 4.213043e-01 4.285214e-01 8.728453e-05
<GCONST> 6.663082e+01
<MIXTURE> 107 5.452374e-03
<MEAN> 25
 8.567715e+00 -2.139868e+00 -7.931803e+00 -9.196633e+00 2.008709e+00 2.793359e+00 -8.632274e+00 -4.438144e+00 -8.498935e-01 3.448025e+00 9.373915e-01 -4.724102e+00 -6.387054e-01 -7.296571e-01 7.478488e-01 1.739796e+00 2.421977e-01 -1.972399e+00 -9.356193e-01 8.185558e-01 1.785787e+00 1.087060e-01 -1.648882e+00 -7.613164e-01 -1.330442e-03
<VARIANCE> 25
 9.065331e+00 2.058828e+01 2.774292e+01 4.453247e+01 3.468669e+01 3.784500e+01 4.932108e+01 3.538650e+01 4.414446e+01 4.028839e+01 4.981409e+01 3.227237e+01 3.663255e-01 9.704950e-01 1.603715e+00 2.353008e+00 2.236064e+00 2.769491e+00 2.540111e+00 2.493751e+00 2.253243e+00 3.072624e+00 1.880863e+00 2.220595e+00 6.904020e-04
<GCONST> 8.785526e+01
<MIXTURE> 108 5.452374e-03
<MEAN> 25
 8.567715e+00 -2.139868e+00 -7.931803e+00 -9.196633e+00 2.008709e+00 2.793359e+00 -8.632274e+00 -4.438144e+00 -8.498935e-01 3.448025e+00 9.373915e-01 -4.724102e+00 -6.387054e-01 -7.296571e-01 7.478488e-01 1.739796e+00 2.421977e-01 -1.972399e+00 -9.356193e-01 8.185558e-01 1.785787e+00 1.087060e-01 -1.648882e+00 -7.613164e-01 -1.330442e-03
<VARIANCE> 25
 9.065331e+00 2.058828e+01 2.774292e+01 4.453247e+01 3.468669e+01 3.784500e+01 4.932108e+01 3.538650e+01 4.414446e+01 4.028839e+01 4.981409e+01 3.227237e+01 3.663255e-01 9.704950e-01 1.603715e+00 2.353008e+00 2.236064e+00 2.769491e+00 2.540111e+00 2.493751e+00 2.253243e+00 3.072624e+00 1.880863e+00 2.220595e+00 6.904020e-04
<GCONST> 8.785526e+01
<MIXTURE> 109 6.661064e-03
<MEAN> 25
 3.705278e+00 -9.992165e+00 -8.090225e+00 -1.999087e+00 3.876623e+00 -1.003356e-01 1.704966e-02 9.893126e-01 -2.305807e+00 -7.572754e+00 -5.222116e+00 1.271701e-01 -4.300115e-02 -1.490896e-01 2.489162e-02 1.997558e-01 3.292971e-01 1.248535e-01 -6.680485e-02 -5.685406e-02 -1.027020e-01 -2.164788e-01 2.987002e-01 3.643732e-02 -4.161908e-03
<VARIANCE> 25
 9.030374e+00 1.718051e+01 1.968567e+01 2.994640e+01 4.327746e+01 4.007043e+01 6.043929e+01 3.179094e+01 3.915538e+01 3.849085e+01 3.347340e+01 2.455275e+01 1.707336e-01 4.484235e-01 5.042807e-01 7.375434e-01 1.252620e+00 8.541102e-01 1.149257e+00 1.143476e+00 9.747649e-01 1.007975e+00 8.882701e-01 9.104874e-01 1.771495e-04
<GCONST> 7.433283e+01
<MIXTURE> 110 6.661064e-03
<MEAN> 25
 3.705278e+00 -9.992165e+00 -8.090225e+00 -1.999087e+00 3.876623e+00 -1.003356e-01 1.704966e-02 9.893126e-01 -2.305807e+00 -7.572754e+00 -5.222116e+00 1.271701e-01 -4.300115e-02 -1.490896e-01 2.489162e-02 1.997558e-01 3.292971e-01 1.248535e-01 -6.680485e-02 -5.685406e-02 -1.027020e-01 -2.164788e-01 2.987002e-01 3.643732e-02 -4.161908e-03
<VARIANCE> 25
 9.030374e+00 1.718051e+01 1.968567e+01 2.994640e+01 4.327746e+01 4.007043e+01 6.043929e+01 3.179094e+01 3.915538e+01 3.849085e+01 3.347340e+01 2.455275e+01 1.707336e-01 4.484235e-01 5.042807e-01 7.375434e-01 1.252620e+00 8.541102e-01 1.149257e+00 1.143476e+00 9.747649e-01 1.007975e+00 8.882701e-01 9.104874e-01 1.771495e-04
<GCONST> 7.433283e+01
<MIXTURE> 111 4.337247e-03
<MEAN> 25
 -4.137578e+00 -9.620123e-01 -1.584209e+00 1.572268e+00 1.088086e+00 9.400641e-01 2.951685e-01 3.333304e-01 1.150162e-01 -7.838381e-01 -5.182951e-01 1.774170e+00 -3.098687e-02 -1.598229e-02 -9.242772e-02 -8.492391e-02 -5.116326e-02 3.390880e-02 -4.485994e-02 -7.141344e-02 -7.546835e-02 -1.767080e-01 -2.074822e-01 -1.025961e-01 -6.197696e-05
<VARIANCE> 25
 8.419106e+00 5.668792e+00 1.005541e+01 9.206740e+00 1.295552e+01 2.257687e+01 1.466696e+01 1.299406e+01 1.163861e+01 1.311081e+01 1.328525e+01 1.204977e+01 7.907253e-02 1.622932e-01 2.745207e-01 3.995028e-01 5.646533e-01 7.170223e-01 8.029495e-01 1.033708e+00 9.524513e-01 8.294988e-01 8.242688e-01 8.315716e-01 2.151362e-05
<GCONST> 5.635577e+01
<MIXTURE> 112 4.337247e-03
<MEAN> 25
 -4.137578e+00 -9.620123e-01 -1.584209e+00 1.572268e+00 1.088086e+00 9.400641e-01 2.951685e-01 3.333304e-01 1.150162e-01 -7.838381e-01 -5.182951e-01 1.774170e+00 -3.098687e-02 -1.598229e-02 -9.242772e-02 -8.492391e-02 -5.116326e-02 3.390880e-02 -4.485994e-02 -7.141344e-02 -7.546835e-02 -1.767080e-01 -2.074822e-01 -1.025961e-01 -6.197696e-05
<VARIANCE> 25
 8.419106e+00 5.668792e+00 1.005541e+01 9.206740e+00 1.295552e+01 2.257687e+01 1.466696e+01 1.299406e+01 1.163861e+01 1.311081e+01 1.328525e+01 1.204977e+01 7.907253e-02 1.622932e-01 2.745207e-01 3.995028e-01 5.646533e-01 7.170223e-01 8.029495e-01 1.033708e+00 9.524513e-01 8.294988e-01 8.242688e-01 8.315716e-01 2.151362e-05
<GCONST> 5.635577e+01
<MIXTURE> 113 5.938666e-03
<MEAN> 25
 9.955362e+00 1.766333e+00 -8.708798e+00 -1.690081e+01 -1.017046e+00 5.606558e+00 -5.281582e+00 -1.461166e+00 -5.673468e+00 -5.047752e-01 3.474439e-01 -1.596931e-01 4.683273e-03 1.565864e-02 -7.416947e-02 -1.111236e-01 1.061466e-01 1.466621e-01 6.259989e-02 3.890448e-02 -5.882982e-02 -4.098091e-02 1.732154e-01 5.282153e-02 -1.312713e-03
<VARIANCE> 25
 8.844534e+00 1.626528e+01 2.989897e+01 3.589789e+01 5.229747e+01 3.380281e+01 3.931057e+01 3.889755e+01 3.705381e+01 4.596113e+01 3.624062e+01 2.829526e+01 1.217924e-01 3.177398e-01 3.349779e-01 6.263801e-01 6.086506e-01 6.488487e-01 7.723608e-01 8.383843e-01 9.561936e-01 9.132357e-01 7.231344e-01 7.384251e-01 1.247935e-04
<GCONST> 7.114833e+01
<MIXTURE> 114 5.938666e-03
<MEAN> 25
 9.955362e+00 1.766333e+00 -8.708798e+00 -1.690081e+01 -1.017046e+00 5.606558e+00 -5.281582e+00 -1.461166e+00 -5.673468e+00 -5.047752e-01 3.474439e-01 -1.596931e-01 4.683273e-03 1.565864e-02 -7.416947e-02 -1.111236e-01 1.061466e-01 1.466621e-01 6.259989e-02 3.890448e-02 -5.882982e-02 -4.098091e-02 1.732154e-01 5.282153e-02 -1.312713e-03
<VARIANCE> 25
 8.844534e+00 1.626528e+01 2.989897e+01 3.589789e+01 5.229747e+01 3.380281e+01 3.931057e+01 3.889755e+01 3.705381e+01 4.596113e+01 3.624062e+01 2.829526e+01 1.217924e-01 3.177398e-01 3.349779e-01 6.263801e-01 6.086506e-01 6.488487e-01 7.723608e-01 8.383843e-01 9.561936e-01 9.132357e-01 7.231344e-01 7.384251e-01 1.247935e-04
<GCONST> 7.114833e+01
<MIXTURE> 115 2.935202e-03
<MEAN> 25
 -3.989513e+00 -7.386044e-01 -3.083147e+00 3.635021e+00 2.404779e+00 -4.250245e-01 2.202944e+00 4.153159e-01 1.383036e+00 -4.132878e-02 3.993563e-02 2.661252e+00 3.159741e-02 -6.950674e-02 -2.292365e-01 -4.370891e-01 -6.288935e-01 -6.672588e-01 -5.918801e-01 -4.996479e-01 -4.826752e-01 -4.543145e-01 -3.419815e-01 -1.681931e-01 4.604697e-06
<VARIANCE> 25
 9.519464e+00 9.919958e+00 1.356207e+01 1.274290e+01 1.344414e+01 1.748229e+01 1.717845e+01 2.072570e+01 1.786136e+01 1.730191e+01 1.908877e+01 1.484459e+01 2.027280e-01 3.452694e-01 4.838670e-01 5.586727e-01 6.365571e-01 7.972710e-01 1.004266e+00 1.164730e+00 1.085342e+00 9.900582e-01 1.020712e+00 1.062002e+00 1.013807e-06
<GCONST> 6.022381e+01
<MIXTURE> 116 2.935202e-03
<MEAN> 25
 -3.989513e+00 -7.386044e-01 -3.083147e+00 3.635021e+00 2.404779e+00 -4.250245e-01 2.202944e+00 4.153159e-01 1.383036e+00 -4.132878e-02 3.993563e-02 2.661252e+00 3.159741e-02 -6.950674e-02 -2.292365e-01 -4.370891e-01 -6.288935e-01 -6.672588e-01 -5.918801e-01 -4.996479e-01 -4.826752e-01 -4.543145e-01 -3.419815e-01 -1.681931e-01 4.604697e-06
<VARIANCE> 25
 9.519464e+00 9.919958e+00 1.356207e+01 1.274290e+01 1.344414e+01 1.748229e+01 1.717845e+01 2.072570e+01 1.786136e+01 1.730191e+01 1.908877e+01 1.484459e+01 2.027280e-01 3.452694e-01 4.838670e-01 5.586727e-01 6.365571e-01 7.972710e-01 1.004266e+00 1.164730e+00 1.085342e+00 9.900582e-01 1.020712e+00 1.062002e+00 1.013807e-06
<GCONST> 6.022381e+01
<MIXTURE> 117 6.506003e-03
<MEAN> 25
 -4.644772e+00 1.117938e+00 1.054287e+00 9.758492e+00 6.260098e+00 6.256571e+00 6.463126e+00 5.044472e+00 6.385580e+00 4.929052e+00 6.367000e+00 2.709807e+00 -7.503670e-02 -2.341233e-01 -3.582956e-01 -4.199719e-01 -3.675186e-01 -3.026796e-01 -2.873028e-01 -3.314461e-01 -3.917604e-01 -3.689557e-01 -2.631150e-01 -1.159457e-01 -9.058096e-06
<VARIANCE> 25
 7.188468e+00 8.753778e+00 9.811102e+00 1.430798e+01 1.561746e+01 1.534935e+01 1.772604e+01 1.796068e+01 1.640260e+01 1.637175e+01 1.674220e+01 1.475361e+01 2.166053e-01 3.075014e-01 4.262387e-01 6.171103e-01 8.536484e-01 1.055408e+00 1.177560e+00 1.232889e+00 1.223969e+00 1.194841e+00 1.167187e+00 1.113702e+00 9.999775e-07
<GCONST> 6.042926e+01
<MIXTURE> 118 6.506003e-03
<MEAN> 25
 -4.644772e+00 1.117938e+00 1.054287e+00 9.758492e+00 6.260098e+00 6.256571e+00 6.463126e+00 5.044472e+00 6.385580e+00 4.929052e+00 6.367000e+00 2.709807e+00 -7.503670e-02 -2.341233e-01 -3.582956e-01 -4.199719e-01 -3.675186e-01 -3.026796e-01 -2.873028e-01 -3.314461e-01 -3.917604e-01 -3.689557e-01 -2.631150e-01 -1.159457e-01 -9.058096e-06
<VARIANCE> 25
 7.188468e+00 8.753778e+00 9.811102e+00 1.430798e+01 1.561746e+01 1.534935e+01 1.772604e+01 1.796068e+01 1.640260e+01 1.637175e+01 1.674220e+01 1.475361e+01 2.166053e-01 3.075014e-01 4.262387e-01 6.171103e-01 8.536484e-01 1.055408e+00 1.177560e+00 1.232889e+00 1.223969e+00 1.194841e+00 1.167187e+00 1.113702e+00 9.999775e-07
<GCONST> 6.042926e+01
<MIXTURE> 119 4.297961e-03
<MEAN> 25
 -4.391593e+00 -7.381502e+00 1.967974e+00 1.690806e+00 2.479347e+00 1.709031e-01 5.753095e+00 5.954208e+00 1.104709e+00 3.943353e-01 6.489696e+00 1.202273e+00 -7.511609e-02 -7.989914e-02 4.710461e-02 -1.617629e-01 -1.442094e-01 -1.881357e-01 -8.499666e-02 -1.109089e-01 -9.202685e-02 -1.069134e-01 -2.592895e-02 -1.229341e-02 1.090053e-04
<VARIANCE> 25
 1.043973e+01 9.575191e+00 1.611048e+01 2.131302e+01 2.253686e+01 2.403487e+01 2.612408e+01 2.974081e+01 2.271714e+01 2.880124e+01 1.877276e+01 1.979209e+01 1.551628e-01 3.478807e-01 4.520997e-01 7.110497e-01 8.054044e-01 9.314063e-01 1.102558e+00 1.241460e+00 1.286332e+00 1.204072e+00 1.138988e+00 1.125250e+00 2.233618e-04
<GCONST> 6.999311e+01
<MIXTURE> 120 4.297961e-03
<MEAN> 25
 -4.391593e+00 -7.381502e+00 1.967974e+00 1.690806e+00 2.479347e+00 1.709031e-01 5.753095e+00 5.954208e+00 1.104709e+00 3.943353e-01 6.489696e+00 1.202273e+00 -7.511609e-02 -7.989914e-02 4.710461e-02 -1.617629e-01 -1.442094e-01 -1.881357e-01 -8.499666e-02 -1.109089e-01 -9.202685e-02 -1.069134e-01 -2.592895e-02 -1.229341e-02 1.090053e-04
<VARIANCE> 25
 1.043973e+01 9.575191e+00 1.611048e+01 2.131302e+01 2.253686e+01 2.403487e+01 2.612408e+01 2.974081e+01 2.271714e+01 2.880124e+01 1.877276e+01 1.979209e+01 1.551628e-01 3.478807e-01 4.520997e-01 7.110497e-01 8.054044e-01 9.314063e-01 1.102558e+00 1.241460e+00 1.286332e+00 1.204072e+00 1.138988e+00 1.125250e+00 2.233618e-04
<GCONST> 6.999311e+01
<MIXTURE> 121 4.567511e-03
<MEAN> 25
 3.314805e-02 -2.330132e+00 5.325466e+00 -1.224632e+01 -1.200257e+01 -1.960865e+00 1.403498e+00 -5.272758e+00 -3.957157e+00 -5.000392e-02 -4.972624e+00 -3.727517e+00 2.912239e-02 1.117343e-01 -7.933082e-02 1.409721e-01 1.415748e-01 7.292380e-02 -1.313801e-01 -2.601268e-01 -1.522640e-01 -3.783776e-01 -8.851519e-02 7.890351e-02 -7.328440e-03
<VARIANCE> 25
 7.160216e+00 1.472609e+01 1.596092e+01 2.120354e+01 2.568325e+01 2.718612e+01 2.898927e+01 2.246421e+01 3.514156e+01 2.992164e+01 2.079563e+01 2.259030e+01 1.522210e-01 7.126227e-01 7.086026e-01 7.730033e-01 8.023585e-01 1.134026e+00 1.103384e+00 1.122840e+00 1.207123e+00 1.413456e+00 8.785577e-01 8.832578e-01 2.002534e-04
<GCONST> 7.162843e+01
<MIXTURE> 122 4.567511e-03
<MEAN> 25
 3.314805e-02 -2.330132e+00 5.325466e+00 -1.224632e+01 -1.200257e+01 -1.960865e+00 1.403498e+00 -5.272758e+00 -3.957157e+00 -5.000392e-02 -4.972624e+00 -3.727517e+00 2.912239e-02 1.117343e-01 -7.933082e-02 1.409721e-01 1.415748e-01 7.292380e-02 -1.313801e-01 -2.601268e-01 -1.522640e-01 -3.783776e-01 -8.851519e-02 7.890351e-02 -7.328440e-03
<VARIANCE> 25
 7.160216e+00 1.472609e+01 1.596092e+01 2.120354e+01 2.568325e+01 2.718612e+01 2.898927e+01 2.246421e+01 3.514156e+01 2.992164e+01 2.079563e+01 2.259030e+01 1.522210e-01 7.126227e-01 7.086026e-01 7.730033e-01 8.023585e-01 1.134026e+00 1.103384e+00 1.122840e+00 1.207123e+00 1.413456e+00 8.785577e-01 8.832578e-01 2.002534e-04
<GCONST> 7.162843e+01
<MIXTURE> 123 4.393044e-03
<MEAN> 25
 -4.004522e+00 8.444948e-01 1.686247e-01 6.186285e+00 5.414582e+00 3.503716e+00 3.331925e+00 7.467859e-01 3.599940e-01 -5.918140e-01 1.301487e-02 5.162433e-01 -4.483801e-01 -7.810077e-01 -8.025026e-01 -6.162418e-01 -1.980199e-01 6.111251e-02 4.363478e-01 6.719133e-01 7.224019e-01 6.910290e-01 7.717088e-01 5.513932e-01 -3.088778e-03
<VARIANCE> 25
 1.268638e+01 1.106677e+01 1.537484e+01 1.679603e+01 2.193487e+01 2.610127e+01 2.107952e+01 1.985149e+01 1.870164e+01 1.697564e+01 2.140392e+01 2.063661e+01 3.791342e-01 3.520705e-01 5.634015e-01 6.993776e-01 1.014530e+00 1.124544e+00 1.251052e+00 1.231485e+00 1.271941e+00 1.279466e+00 1.228271e+00 1.170001e+00 9.534191e-05
<GCONST> 6.989341e+01
<MIXTURE> 124 4.069876e-03
<MEAN> 25
 -6.525690e+00 -1.231195e+00 -2.915439e+00 5.091963e+00 4.971095e+00 3.385858e+00 5.363892e+00 2.570746e+00 3.205498e+00 1.265226e+00 1.140858e+00 3.019950e+00 -2.047469e-01 -3.213558e-01 -3.610604e-01 -2.167963e-01 1.277413e-01 5.232995e-01 8.069966e-01 8.563136e-01 6.532272e-01 3.249886e-01 6.987409e-02 -2.653590e-02 4.699582e-05
<VARIANCE> 25
 1.129793e+01 7.065387e+00 1.112520e+01 1.244418e+01 1.208102e+01 1.973649e+01 1.562485e+01 1.700872e+01 1.542871e+01 1.604577e+01 1.917204e+01 1.450791e+01 1.046679e-01 1.691537e-01 2.700008e-01 4.161343e-01 5.917883e-01 7.096061e-01 7.513064e-01 8.176575e-01 9.076720e-01 9.794309e-01 1.010574e+00 9.913257e-01 1.799007e-05
<GCONST> 5.883730e+01
<MIXTURE> 125 4.069876e-03
<MEAN> 25
 -6.525690e+00 -1.231195e+00 -2.915439e+00 5.091963e+00 4.971095e+00 3.385858e+00 5.363892e+00 2.570746e+00 3.205498e+00 1.265226e+00 1.140858e+00 3.019950e+00 -2.047469e-01 -3.213558e-01 -3.610604e-01 -2.167963e-01 1.277413e-01 5.232995e-01 8.069966e-01 8.563136e-01 6.532272e-01 3.249886e-01 6.987409e-02 -2.653590e-02 4.699582e-05
<VARIANCE> 25
 1.129793e+01 7.065387e+00 1.112520e+01 1.244418e+01 1.208102e+01 1.973649e+01 1.562485e+01 1.700872e+01 1.542871e+01 1.604577e+01 1.917204e+01 1.450791e+01 1.046679e-01 1.691537e-01 2.700008e-01 4.161343e-01 5.917883e-01 7.096061e-01 7.513064e-01 8.176575e-01 9.076720e-01 9.794309e-01 1.010574e+00 9.913257e-01 1.799007e-05
<GCONST> 5.883730e+01
<MIXTURE> 126 2.402244e-03
<MEAN> 25
 -3.696544e+00 -6.904185e+00 -5.216399e+00 2.311869e+00 4.293532e+00 -3.148551e+00 1.445805e-01 3.610801e+00 3.322018e+00 -2.733763e+00 -1.355656e+00 2.969398e+00 -4.771103e-03 -9.093859e-03 -3.432940e-02 -1.705875e-01 -3.172212e-01 -3.775270e-01 -2.724463e-01 -1.709949e-01 -1.029122e-01 -1.138255e-01 -9.495802e-02 -3.213529e-02 -1.563451e-03
<VARIANCE> 25
 7.776342e+00 1.250525e+01 1.389911e+01 1.517610e+01 2.433996e+01 2.411693e+01 2.312668e+01 2.852340e+01 3.094358e+01 2.612471e+01 2.179994e+01 1.934717e+01 1.698773e-01 3.499593e-01 4.879846e-01 5.708781e-01 7.557627e-01 1.002288e+00 1.121984e+00 1.263593e+00 1.332353e+00 1.294914e+00 1.204939e+00 1.146122e+00 2.096435e-04
<GCONST> 6.985072e+01
<MIXTURE> 127 2.402244e-03
<MEAN> 25
 -3.696544e+00 -6.904185e+00 -5.216399e+00 2.311869e+00 4.293532e+00 -3.148551e+00 1.445805e-01 3.610801e+00 3.322018e+00 -2.733763e+00 -1.355656e+00 2.969398e+00 -4.771103e-03 -9.093859e-03 -3.432940e-02 -1.705875e-01 -3.172212e-01 -3.775270e-01 -2.724463e-01 -1.709949e-01 -1.029122e-01 -1.138255e-01 -9.495802e-02 -3.213529e-02 -1.563451e-03
<VARIANCE> 25
 7.776342e+00 1.250525e+01 1.389911e+01 1.517610e+01 2.433996e+01 2.411693e+01 2.312668e+01 2.852340e+01 3.094358e+01 2.612471e+01 2.179994e+01 1.934717e+01 1.698773e-01 3.499593e-01 4.879846e-01 5.708781e-01 7.557627e-01 1.002288e+00 1.121984e+00 1.263593e+00 1.332353e+00 1.294914e+00 1.204939e+00 1.146122e+00 2.096435e-04
<GCONST> 6.985072e+01
<MIXTURE> 128 3.790457e-03
<MEAN> 25
 -3.902231e+00 1.562350e+00 -3.239958e-01 6.516045e+00 3.593835e+00 1.862474e+00 3.531441e+00 2.343860e+00 3.926789e+00 3.681060e+00 3.739278e+00 3.526051e+00 -3.919992e-01 -1.909685e-01 9.740385e-02 7.208936e-01 1.182557e+00 1.123387e+00 7.142968e-01 1.520308e-01 -4.261481e-01 -7.852014e-01 -6.993310e-01 -3.942810e-01 -3.580017e-05
<VARIANCE> 25
 1.031565e+01 1.169614e+01 1.495219e+01 1.974104e+01 2.004533e+01 2.106065e+01 2.451065e+01 2.464412e+01 2.643921e+01 2.377332e+01 2.676804e+01 1.810441e+01 8.889358e-01 1.144610e+00 1.358324e+00 1.498110e+00 1.570982e+00 1.873889e+00 2.236099e+00 2.377616e+00 2.159818e+00 1.847682e+00 1.734385e+00 1.738215e+00 9.943659e-07
<GCONST> 7.364787e+01
<TRANSP> 3
 0.000000e+00 1.000000e+00 0.000000e+00
 0.000000e+00 9.999990e-01 9.999998e-07
 0.000000e+00 0.000000e+00 0.000000e+00
<ENDHMM>
