~o
<STREAMINFO> 1 25
<VECSIZE> 25<NULLD><MFCC_E_D_N><DIAGC>
~h "jmodel"
<BEGINHMM>
<NUMSTATES> 3
<STATE> 2
<NUMMIXES> 128
<MIXTURE> 1 5.748963e-03
<MEAN> 25
 -2.567782e+00 3.185014e+00 2.305921e+00 8.733309e+00 4.320107e+00 3.467606e+00 4.033151e+00 3.918166e+00 5.790029e+00 5.179875e+00 5.827005e+00 3.067841e+00 -2.004264e+00 -1.617149e+00 -8.638306e-01 1.082528e+00 1.554525e+00 2.247384e+00 2.138211e+00 2.069215e+00 1.672971e+00 1.255245e+00 1.560473e+00 5.942724e-01 -4.681278e-02
<VARIANCE> 25
 1.005833e+01 1.175587e+01 1.486063e+01 1.860662e+01 2.337891e+01 2.211615e+01 2.181060e+01 2.188161e+01 2.114192e+01 2.304243e+01 2.131939e+01 1.699015e+01 1.786403e+00 2.140562e+00 3.002449e+00 3.198807e+00 3.725129e+00 3.402495e+00 3.323245e+00 3.383552e+00 3.541165e+00 3.723824e+00 3.493356e+00 2.856137e+00 3.114127e-03
<GCONST> 8.850964e+01
<MIXTURE> 2 4.549242e-03
<MEAN> 25
 -4.874774e+00 1.311537e+00 9.945958e-01 9.899426e+00 6.691533e+00 7.424450e+00 7.846237e+00 6.957714e+00 8.372750e+00 6.372411e+00 7.623804e+00 3.074666e+00 -6.205477e-02 4.155936e-02 1.425157e-01 2.258559e-01 2.652020e-01 2.813890e-01 2.954467e-01 3.194439e-01 3.496628e-01 3.089194e-01 1.971086e-01 7.999074e-02 9.566384e-07
<VARIANCE> 25
 6.957083e+00 8.901130e+00 1.065051e+01 1.591009e+01 1.723731e+01 1.556196e+01 1.690202e+01 1.848487e+01 1.658628e+01 1.738681e+01 1.811304e+01 1.433851e+01 1.252669e-01 2.266231e-01 3.364800e-01 4.670894e-01 6.493576e-01 8.148037e-01 9.299177e-01 1.003168e+00 1.051702e+00 1.077730e+00 1.075562e+00 1.013835e+00 1.000852e-06
<GCONST> 5.804447e+01
<MIXTURE> 3 4.549242e-03
<MEAN> 25
 -4.874774e+00 1.311537e+00 9.945958e-01 9.899426e+00 6.691533e+00 7.424450e+00 7.846237e+00 6.957714e+00 8.372750e+00 6.372411e+00 7.623804e+00 3.074666e+00 -6.205477e-02 4.155936e-02 1.425157e-01 2.258559e-01 2.652020e-01 2.813890e-01 2.954467e-01 3.194439e-01 3.496628e-01 3.089194e-01 1.971086e-01 7.999074e-02 9.566384e-07
<VARIANCE> 25
 6.957083e+00 8.901130e+00 1.065051e+01 1.591009e+01 1.723731e+01 1.556196e+01 1.690202e+01 1.848487e+01 1.658628e+01 1.738681e+01 1.811304e+01 1.433851e+01 1.252669e-01 2.266231e-01 3.364800e-01 4.670894e-01 6.493576e-01 8.148037e-01 9.299177e-01 1.003168e+00 1.051702e+00 1.077730e+00 1.075562e+00 1.013835e+00 1.000852e-06
<GCONST> 5.804447e+01
<MIXTURE> 4 1.671429e-02
<MEAN> 25
 3.397498e+00 2.578448e+00 -3.730007e+00 9.884642e-01 4.276119e+00 -1.714998e-01 3.829289e-02 3.981787e-02 1.519802e+00 1.229731e+00 -1.907103e+00 1.026663e-01 -2.754472e+00 1.200215e+00 1.753931e+00 3.065398e+00 8.975824e-01 5.206283e-01 1.511121e+00 1.017624e+00 9.468261e-01 4.292982e-01 1.251765e+00 8.541597e-01 -1.026644e-01
<VARIANCE> 25
 2.100481e+01 2.931100e+01 2.920335e+01 3.945215e+01 4.530759e+01 6.816443e+01 6.459103e+01 5.313577e+01 5.482434e+01 6.170652e+01 4.927972e+01 3.548041e+01 2.348630e+00 5.014282e+00 3.735531e+00 4.935435e+00 5.055148e+00 6.303831e+00 6.051252e+00 5.558438e+00 5.944156e+00 6.356613e+00 6.060505e+00 4.544270e+00 6.185602e-03
<GCONST> 1.054080e+02
<MIXTURE> 5 3.206198e-03
<MEAN> 25
 -3.415705e+00 2.182562e+00 6.105092e-01 9.426236e+00 6.694424e+00 6.313492e+00 7.106396e+00 4.722960e+00 5.493455e+00 3.846668e+00 4.656035e+00 2.604986e+00 -3.249471e-01 7.524995e-01 1.224820e+00 1.032771e+00 3.073249e-01 -9.974150e-02 -8.288381e-02 3.336578e-02 4.575226e-01 6.837955e-01 4.043987e-01 8.744082e-02 -2.810468e-05
<VARIANCE> 25
 1.025130e+01 1.394268e+01 2.347808e+01 2.562328e+01 2.023006e+01 1.943688e+01 2.020094e+01 2.035159e+01 2.142703e+01 2.127999e+01 2.410524e+01 1.636192e+01 1.209848e+00 1.244264e+00 1.356751e+00 1.673006e+00 2.284167e+00 2.375842e+00 2.303030e+00 2.274530e+00 2.315329e+00 2.237302e+00 2.085562e+00 1.874082e+00 1.000092e-06
<GCONST> 7.517056e+01
<MIXTURE> 6 5.475854e-03
<MEAN> 25
 9.642323e+00 -3.820189e-01 -6.681161e+00 -1.102421e+01 -2.066242e+00 6.623399e+00 -5.793104e+00 -5.239089e+00 -3.620646e+00 1.832903e+00 4.634940e+00 -1.344801e+00 4.883494e-01 8.814342e-01 -3.395265e-01 -1.445900e+00 -6.285375e-01 1.318313e+00 1.507877e+00 2.485293e-01 -1.230293e+00 -1.203247e+00 3.044012e-01 1.221475e+00 -8.202051e-03
<VARIANCE> 25
 9.020602e+00 1.686570e+01 2.355618e+01 3.850079e+01 3.630758e+01 3.085763e+01 4.397923e+01 3.764114e+01 4.019091e+01 3.882194e+01 4.144426e+01 2.845820e+01 3.075958e-01 8.571734e-01 9.401094e-01 1.979366e+00 1.585132e+00 1.997385e+00 1.935700e+00 2.021380e+00 2.376406e+00 1.951486e+00 2.234381e+00 1.422715e+00 5.760376e-04
<GCONST> 8.367651e+01
<MIXTURE> 7 5.475854e-03
<MEAN> 25
 9.642323e+00 -3.820189e-01 -6.681161e+00 -1.102421e+01 -2.066242e+00 6.623399e+00 -5.793104e+00 -5.239089e+00 -3.620646e+00 1.832903e+00 4.634940e+00 -1.344801e+00 4.883494e-01 8.814342e-01 -3.395265e-01 -1.445900e+00 -6.285375e-01 1.318313e+00 1.507877e+00 2.485293e-01 -1.230293e+00 -1.203247e+00 3.044012e-01 1.221475e+00 -8.202051e-03
<VARIANCE> 25
 9.020602e+00 1.686570e+01 2.355618e+01 3.850079e+01 3.630758e+01 3.085763e+01 4.397923e+01 3.764114e+01 4.019091e+01 3.882194e+01 4.144426e+01 2.845820e+01 3.075958e-01 8.571734e-01 9.401094e-01 1.979366e+00 1.585132e+00 1.997385e+00 1.935700e+00 2.021380e+00 2.376406e+00 1.951486e+00 2.234381e+00 1.422715e+00 5.760376e-04
<GCONST> 8.367651e+01
<MIXTURE> 8 1.165917e-02
<MEAN> 25
 -4.372443e+00 1.020903e+00 1.176793e+00 9.281643e+00 6.347239e+00 6.261463e+00 6.220157e+00 5.460884e+00 6.355435e+00 5.193220e+00 6.361372e+00 2.921212e+00 -8.117049e-01 -1.365191e+00 -9.801202e-01 -1.558775e+00 -3.128096e-01 -9.400188e-01 -1.268978e-01 -3.719924e-01 -3.971684e-01 -1.780257e-01 -2.522761e-01 2.699352e-02 9.830695e-02
<VARIANCE> 25
 1.003853e+01 1.030704e+01 1.098441e+01 1.589415e+01 1.671265e+01 1.459774e+01 1.741603e+01 1.709803e+01 1.680879e+01 1.942957e+01 1.857400e+01 1.381760e+01 2.913047e+00 2.635049e+00 4.003590e+00 3.904689e+00 3.283448e+00 3.477158e+00 2.958655e+00 3.035723e+00 2.866722e+00 2.489564e+00 2.329490e+00 1.836230e+00 6.235636e-03
<GCONST> 8.603733e+01
<MIXTURE> 9 1.199672e-02
<MEAN> 25
 9.254233e+00 3.389081e+00 -6.207731e+00 -1.064929e+01 -2.140347e+00 4.896526e+00 -2.182785e+00 -2.316339e+00 -5.361682e+00 -1.247750e+00 5.923635e-01 -5.459182e-02 1.422941e+00 -1.371683e-01 -5.094076e-01 -2.698301e+00 -1.591960e+00 8.515410e-01 -9.687697e-01 -2.475685e-01 -1.824238e-01 -5.521992e-01 6.079071e-01 -1.690197e-01 7.275744e-02
<VARIANCE> 25
 1.226019e+01 2.114800e+01 3.324007e+01 5.301235e+01 5.009123e+01 3.257005e+01 4.277267e+01 5.155692e+01 4.186392e+01 4.111762e+01 3.573970e+01 2.678000e+01 2.109171e+00 2.435802e+00 4.553866e+00 4.829437e+00 5.184011e+00 4.059019e+00 4.195223e+00 5.996937e+00 4.983796e+00 4.079478e+00 3.977787e+00 2.789609e+00 2.211904e-03
<GCONST> 9.869359e+01
<MIXTURE> 10 6.596976e-03
<MEAN> 25
 8.235401e-01 7.533290e+00 5.300146e+00 7.097713e+00 1.432402e+00 -2.036005e+00 -4.881285e-01 -1.568462e+00 9.220025e-01 8.040432e-01 7.765852e-01 7.045771e-01 -1.901032e+00 -6.312420e-01 -4.670343e-01 3.001875e+00 2.443709e+00 2.807454e+00 2.302769e+00 2.221365e+00 1.790615e+00 1.466581e+00 2.279678e+00 4.625747e-01 -1.366035e-01
<VARIANCE> 25
 1.901961e+01 2.067101e+01 2.191643e+01 2.836008e+01 3.825726e+01 3.447837e+01 3.432172e+01 3.384860e+01 2.717431e+01 2.860671e+01 2.695683e+01 2.456030e+01 2.201206e+00 3.425302e+00 5.385614e+00 5.108853e+00 5.416621e+00 4.670532e+00 4.740493e+00 4.820653e+00 4.437370e+00 5.096495e+00 4.445140e+00 3.242554e+00 2.709197e-03
<GCONST> 9.731734e+01
<MIXTURE> 11 1.633820e-02
<MEAN> 25
 6.892299e+00 4.148534e+00 3.118593e+00 4.675633e+00 -3.082880e+00 -1.995103e+00 -3.462820e+00 -5.726000e+00 -3.841190e+00 -1.433952e-01 -1.672870e+00 -2.306791e+00 -2.862748e-01 3.619398e-01 3.701781e-01 1.185038e-01 4.231761e-01 1.352675e-01 1.790390e-01 -2.627416e-01 -2.462550e-01 1.661709e-01 -1.082052e-01 1.164405e-01 -1.737020e-02
<VARIANCE> 25
 1.196533e+01 2.061964e+01 1.816759e+01 2.584860e+01 3.175171e+01 3.449946e+01 4.804852e+01 3.960892e+01 3.719823e+01 2.895267e+01 3.117512e+01 2.420513e+01 8.980575e-01 1.188926e+00 1.884953e+00 2.155287e+00 1.756064e+00 2.448796e+00 2.010254e+00 2.290168e+00 1.769725e+00 1.933664e+00 1.658716e+00 1.770687e+00 8.840485e-04
<GCONST> 8.549491e+01
<MIXTURE> 12 5.904134e-03
<MEAN> 25
 1.073225e+01 3.736748e+00 -4.511783e+00 -1.593926e+01 -8.611422e+00 8.566780e+00 -8.917478e-01 -1.919076e+00 -1.741761e+00 -4.845573e+00 1.771415e+00 6.768824e-01 6.949560e-02 2.950448e-01 8.488446e-02 -3.580673e-01 -3.066929e-01 3.040358e-02 3.084356e-01 4.503103e-01 1.323911e-01 -3.890897e-01 -3.859168e-01 6.517527e-02 -6.333594e-03
<VARIANCE> 25
 8.930949e+00 2.082907e+01 2.316945e+01 3.507872e+01 4.251455e+01 3.134027e+01 4.145337e+01 4.857300e+01 4.372722e+01 3.729461e+01 3.769217e+01 2.892143e+01 2.454590e-01 6.830701e-01 6.845415e-01 1.173930e+00 1.178256e+00 1.048747e+00 1.165181e+00 1.376579e+00 1.239938e+00 1.215017e+00 1.212450e+00 9.643794e-01 5.737937e-04
<GCONST> 7.884910e+01
<MIXTURE> 13 5.904134e-03
<MEAN> 25
 1.073225e+01 3.736748e+00 -4.511783e+00 -1.593926e+01 -8.611422e+00 8.566780e+00 -8.917478e-01 -1.919076e+00 -1.741761e+00 -4.845573e+00 1.771415e+00 6.768824e-01 6.949560e-02 2.950448e-01 8.488446e-02 -3.580673e-01 -3.066929e-01 3.040358e-02 3.084356e-01 4.503103e-01 1.323911e-01 -3.890897e-01 -3.859168e-01 6.517527e-02 -6.333594e-03
<VARIANCE> 25
 8.930949e+00 2.082907e+01 2.316945e+01 3.507872e+01 4.251455e+01 3.134027e+01 4.145337e+01 4.857300e+01 4.372722e+01 3.729461e+01 3.769217e+01 2.892143e+01 2.454590e-01 6.830701e-01 6.845415e-01 1.173930e+00 1.178256e+00 1.048747e+00 1.165181e+00 1.376579e+00 1.239938e+00 1.215017e+00 1.212450e+00 9.643794e-01 5.737937e-04
<GCONST> 7.884910e+01
<MIXTURE> 14 6.488954e-03
<MEAN> 25
 -4.196175e+00 -4.184929e-01 -2.529528e-01 8.867418e+00 7.396391e+00 7.386388e+00 7.714511e+00 7.262338e+00 7.232496e+00 5.106348e+00 6.721745e+00 4.060068e+00 -2.760428e-01 1.855824e-01 3.710158e-01 3.173580e-01 1.551680e-02 7.665244e-02 1.120499e-01 1.806930e-01 2.863539e-01 5.237133e-01 5.022184e-01 7.082471e-02 -8.946040e-03
<VARIANCE> 25
 9.651381e+00 1.358854e+01 1.844588e+01 1.758879e+01 2.095853e+01 1.978568e+01 2.171551e+01 2.058978e+01 1.979630e+01 2.436863e+01 2.209307e+01 1.588217e+01 9.574766e-01 1.613577e+00 1.741917e+00 1.915779e+00 2.294951e+00 2.226967e+00 2.219316e+00 2.236031e+00 2.280069e+00 2.474535e+00 2.175937e+00 1.792179e+00 1.023470e-03
<GCONST> 8.185488e+01
<MIXTURE> 15 2.475190e-03
<MEAN> 25
 -5.051768e+00 -6.803225e-01 -1.304973e-01 7.294263e+00 5.489021e+00 5.710302e+00 5.956164e+00 5.020424e+00 5.064756e+00 3.806905e+00 5.343587e+00 2.745486e+00 -1.055418e-01 -1.309963e-02 8.408062e-02 2.555439e-01 5.084998e-01 7.732551e-01 1.074321e+00 1.234912e+00 1.085854e+00 7.366344e-01 3.093348e-01 1.541484e-01 8.519812e-05
<VARIANCE> 25
 8.976242e+00 5.397382e+00 8.780232e+00 1.236712e+01 1.433663e+01 1.392697e+01 1.464657e+01 1.435106e+01 1.386666e+01 1.627945e+01 1.513534e+01 1.321783e+01 1.325437e-01 2.060957e-01 3.128735e-01 4.894440e-01 6.849834e-01 7.781552e-01 7.245560e-01 8.812109e-01 9.052051e-01 1.002604e+00 1.272610e+00 1.004302e+00 2.876364e-05
<GCONST> 5.901506e+01
<MIXTURE> 16 2.475190e-03
<MEAN> 25
 -5.051768e+00 -6.803225e-01 -1.304973e-01 7.294263e+00 5.489021e+00 5.710302e+00 5.956164e+00 5.020424e+00 5.064756e+00 3.806905e+00 5.343587e+00 2.745486e+00 -1.055418e-01 -1.309963e-02 8.408062e-02 2.555439e-01 5.084998e-01 7.732551e-01 1.074321e+00 1.234912e+00 1.085854e+00 7.366344e-01 3.093348e-01 1.541484e-01 8.519812e-05
<VARIANCE> 25
 8.976242e+00 5.397382e+00 8.780232e+00 1.236712e+01 1.433663e+01 1.392697e+01 1.464657e+01 1.435106e+01 1.386666e+01 1.627945e+01 1.513534e+01 1.321783e+01 1.325437e-01 2.060957e-01 3.128735e-01 4.894440e-01 6.849834e-01 7.781552e-01 7.245560e-01 8.812109e-01 9.052051e-01 1.002604e+00 1.272610e+00 1.004302e+00 2.876364e-05
<GCONST> 5.901506e+01
<MIXTURE> 17 9.518312e-03
<MEAN> 25
 2.492089e+00 3.595528e-01 5.302124e+00 2.775106e+00 -5.921341e+00 -6.913532e+00 -2.447886e+00 -9.871732e-02 -2.677428e+00 -2.675536e+00 7.387653e-01 2.453969e-01 -5.931410e-01 -8.328183e-01 1.290761e+00 -2.136605e+00 -2.601145e+00 -8.468231e-01 4.069386e-01 1.477225e-01 -3.754772e-01 1.848514e-01 1.033076e+00 9.432944e-02 7.656209e-02
<VARIANCE> 25
 1.746265e+01 2.708259e+01 2.526532e+01 3.411474e+01 3.833626e+01 5.197195e+01 3.422212e+01 2.737359e+01 2.960250e+01 2.192085e+01 2.642117e+01 4.657746e+01 1.946274e+00 2.802746e+00 3.090555e+00 3.486609e+00 3.590698e+00 5.774901e+00 5.109842e+00 4.609701e+00 3.126096e+00 3.390615e+00 2.848368e+00 3.429464e+00 1.736642e-03
<GCONST> 9.544431e+01
<MIXTURE> 18 1.221018e-02
<MEAN> 25
 3.411927e+00 4.305029e+00 5.927842e+00 4.337296e+00 -4.994894e+00 -7.957354e+00 -1.460396e+00 -8.900300e-01 -1.870791e+00 -2.382663e+00 -1.212346e+00 2.111515e+00 -6.633852e-01 1.715431e+00 -1.595505e-01 1.914217e+00 2.852721e+00 2.490708e+00 6.114305e-01 -1.903866e-01 4.887612e-01 8.089361e-02 -3.018179e-01 -4.574299e-01 -1.155273e-01
<VARIANCE> 25
 1.335236e+01 2.067940e+01 2.719111e+01 2.206361e+01 3.182209e+01 3.356389e+01 3.140361e+01 3.124198e+01 3.816987e+01 2.809733e+01 3.033875e+01 3.514305e+01 2.037911e+00 3.209290e+00 3.691633e+00 3.465463e+00 3.356993e+00 6.143228e+00 3.659245e+00 3.682954e+00 3.685821e+00 3.878486e+00 3.682029e+00 3.313739e+00 3.318936e-03
<GCONST> 9.528407e+01
<MIXTURE> 19 9.912824e-03
<MEAN> 25
 -9.825102e+00 1.468885e+00 1.025247e+00 1.445729e+00 3.447895e+00 1.967425e+00 3.845420e+00 1.049762e+00 1.620355e+00 1.032422e+00 1.286423e+00 1.812769e+00 1.816441e+00 1.748553e+00 2.211049e+00 5.378599e-01 -1.096017e+00 -9.358709e-01 -1.245607e+00 -1.517254e+00 -1.443629e+00 -1.216280e+00 -9.458851e-01 -7.737786e-01 6.324670e-03
<VARIANCE> 25
 5.028974e+01 2.931006e+01 5.008927e+01 5.071880e+01 3.422954e+01 3.234060e+01 3.168946e+01 2.747007e+01 2.883254e+01 2.560542e+01 2.852721e+01 1.866687e+01 2.999878e+00 2.039168e+00 2.113974e+00 2.633802e+00 2.391481e+00 2.243116e+00 2.717741e+00 2.332505e+00 1.962265e+00 1.990280e+00 2.249158e+00 1.672576e+00 2.492890e-03
<GCONST> 9.149080e+01
<MIXTURE> 20 6.308331e-03
<MEAN> 25
 -1.416737e+01 7.413016e+00 8.406144e-01 6.159330e+00 4.820390e+00 1.651973e+00 5.201038e+00 8.594449e-01 9.149759e-01 7.915812e-01 2.573116e+00 -3.042438e-01 -3.285453e+00 -8.681546e-01 -1.561891e+00 3.331975e-01 1.536078e+00 2.059281e+00 1.977987e+00 2.050356e+00 2.137980e+00 2.038292e+00 1.683321e+00 9.400897e-01 4.731392e-02
<VARIANCE> 25
 1.973080e+01 2.341121e+01 3.090594e+01 3.712428e+01 3.104937e+01 2.794426e+01 2.990628e+01 3.142614e+01 2.793156e+01 2.818226e+01 2.511876e+01 2.087823e+01 2.088428e+00 2.178756e+00 1.912052e+00 2.536362e+00 2.708776e+00 2.317602e+00 2.306089e+00 2.331453e+00 2.251485e+00 2.649527e+00 2.237726e+00 1.874701e+00 1.882695e-03
<GCONST> 8.922780e+01
<MIXTURE> 21 7.928653e-03
<MEAN> 25
 3.936079e+00 -4.331552e+00 5.583758e+00 -1.465326e+00 -1.035730e+01 -8.723459e+00 -2.680405e+00 4.138680e+00 -1.988365e+00 -3.439199e+00 1.990176e-01 3.793229e-01 -7.053794e-01 1.330271e+00 2.578388e+00 -3.773376e-02 -1.530486e+00 3.735742e-01 5.508535e-01 -1.488663e+00 -1.929666e+00 3.163099e-01 1.326028e+00 2.102383e-01 -1.340612e-02
<VARIANCE> 25
 8.957569e+00 2.017992e+01 3.077879e+01 2.812379e+01 3.033336e+01 3.258467e+01 4.231890e+01 3.870257e+01 4.248236e+01 3.103023e+01 3.324804e+01 2.301559e+01 3.793170e-01 9.393241e-01 1.822987e+00 1.272060e+00 2.189428e+00 2.214807e+00 3.643818e+00 2.454960e+00 2.159167e+00 2.546957e+00 1.981555e+00 2.306649e+00 4.409694e-04
<GCONST> 8.510585e+01
<MIXTURE> 22 8.827789e-03
<MEAN> 25
 -1.788198e+01 7.141870e+00 -4.114462e+00 7.395763e+00 4.518318e+00 2.778582e+00 8.371305e+00 1.764318e+00 5.324347e+00 3.278030e+00 5.713471e+00 1.159323e+00 -3.200293e-01 -2.143362e-01 -1.174929e-01 -1.459133e-01 -1.186726e-02 1.283537e-01 1.894086e-01 1.730846e-01 2.412932e-01 2.193576e-01 1.787947e-01 1.833995e-01 9.083219e-03
<VARIANCE> 25
 8.309982e+00 1.676992e+01 1.732676e+01 2.501882e+01 2.390302e+01 2.075823e+01 1.944583e+01 1.864759e+01 1.851224e+01 2.082651e+01 1.912658e+01 1.380917e+01 1.102939e+00 1.356479e+00 1.366300e+00 1.564199e+00 1.404912e+00 1.529489e+00 1.511776e+00 1.527326e+00 1.612553e+00 1.558796e+00 1.355608e+00 1.174236e+00 1.743349e-03
<GCONST> 7.838595e+01
<MIXTURE> 23 6.455497e-03
<MEAN> 25
 7.529006e+00 2.619452e+00 2.610419e+00 2.194214e+00 -4.577383e+00 -3.112888e+00 -4.241701e+00 -5.688112e+00 -3.080169e+00 -7.464975e-01 -3.317653e+00 -1.775238e+00 3.447616e-02 1.502264e-01 2.393506e-02 1.247634e-01 7.377055e-02 -5.815583e-02 -4.205698e-02 -1.194515e-01 1.508817e-02 -6.317449e-03 -8.373189e-03 4.026537e-02 -4.481735e-03
<VARIANCE> 25
 1.036224e+01 1.965175e+01 2.447857e+01 3.763257e+01 3.458688e+01 5.326866e+01 5.331032e+01 5.001012e+01 4.314654e+01 4.066195e+01 4.600093e+01 4.034170e+01 1.149581e-01 2.698573e-01 4.127248e-01 4.766169e-01 5.597024e-01 8.461382e-01 7.714995e-01 9.330240e-01 8.392118e-01 8.073907e-01 7.698216e-01 7.416683e-01 8.120477e-05
<GCONST> 7.194859e+01
<MIXTURE> 24 6.455497e-03
<MEAN> 25
 7.529006e+00 2.619452e+00 2.610419e+00 2.194214e+00 -4.577383e+00 -3.112888e+00 -4.241701e+00 -5.688112e+00 -3.080169e+00 -7.464975e-01 -3.317653e+00 -1.775238e+00 3.447616e-02 1.502264e-01 2.393506e-02 1.247634e-01 7.377055e-02 -5.815583e-02 -4.205698e-02 -1.194515e-01 1.508817e-02 -6.317449e-03 -8.373189e-03 4.026537e-02 -4.481735e-03
<VARIANCE> 25
 1.036224e+01 1.965175e+01 2.447857e+01 3.763257e+01 3.458688e+01 5.326866e+01 5.331032e+01 5.001012e+01 4.314654e+01 4.066195e+01 4.600093e+01 4.034170e+01 1.149581e-01 2.698573e-01 4.127248e-01 4.766169e-01 5.597024e-01 8.461382e-01 7.714995e-01 9.330240e-01 8.392118e-01 8.073907e-01 7.698216e-01 7.416683e-01 8.120477e-05
<GCONST> 7.194859e+01
<MIXTURE> 25 1.118642e-02
<MEAN> 25
 1.620500e-01 3.400508e+00 1.643435e+01 -1.078889e+00 -1.110300e+01 -1.560014e+00 -4.823993e+00 -3.083448e+00 -6.599537e+00 -5.021171e+00 4.084855e+00 -1.533487e+00 -1.373159e-01 3.897837e-01 1.816769e-01 1.889990e-01 2.075257e-01 1.938835e-01 1.640300e-01 -1.642653e-01 -2.733665e-01 4.738087e-02 -9.476972e-02 -1.170099e-01 -1.367830e-02
<VARIANCE> 25
 9.071750e+00 2.183395e+01 2.285706e+01 2.780753e+01 3.157103e+01 4.067310e+01 2.901802e+01 2.958115e+01 3.019331e+01 3.943145e+01 2.041674e+01 2.689345e+01 6.027403e-01 1.463814e+00 1.379598e+00 1.405547e+00 2.188923e+00 2.218905e+00 1.808358e+00 1.594623e+00 1.499944e+00 1.646412e+00 1.336464e+00 1.266380e+00 1.255014e-03
<GCONST> 8.291948e+01
<MIXTURE> 26 7.727677e-03
<MEAN> 25
 2.095720e+00 -6.238857e+00 -1.025779e+01 -7.398720e-01 8.395529e+00 5.306879e+00 3.221496e+00 5.608319e-02 1.808666e+00 -9.697558e-01 -3.269209e+00 -1.003820e+00 -6.157053e-01 6.022302e-01 4.186375e-01 7.619795e-01 4.069564e-02 2.798954e-01 2.987266e-01 3.442979e-01 3.189549e-01 1.423987e-02 3.231653e-01 4.303868e-01 -5.153783e-02
<VARIANCE> 25
 2.277784e+01 3.146642e+01 2.391235e+01 5.858971e+01 3.800962e+01 3.981480e+01 4.860730e+01 4.098114e+01 3.812241e+01 5.014135e+01 3.874016e+01 4.286370e+01 1.510656e+00 1.838913e+00 1.797652e+00 1.902014e+00 2.439810e+00 2.245949e+00 2.313990e+00 2.543240e+00 2.185422e+00 2.254808e+00 2.089740e+00 1.888866e+00 3.085843e-03
<GCONST> 9.256765e+01
<MIXTURE> 27 7.727677e-03
<MEAN> 25
 2.095720e+00 -6.238857e+00 -1.025779e+01 -7.398720e-01 8.395529e+00 5.306879e+00 3.221496e+00 5.608319e-02 1.808666e+00 -9.697558e-01 -3.269209e+00 -1.003820e+00 -6.157053e-01 6.022302e-01 4.186375e-01 7.619795e-01 4.069564e-02 2.798954e-01 2.987266e-01 3.442979e-01 3.189549e-01 1.423987e-02 3.231653e-01 4.303868e-01 -5.153783e-02
<VARIANCE> 25
 2.277784e+01 3.146642e+01 2.391235e+01 5.858971e+01 3.800962e+01 3.981480e+01 4.860730e+01 4.098114e+01 3.812241e+01 5.014135e+01 3.874016e+01 4.286370e+01 1.510656e+00 1.838913e+00 1.797652e+00 1.902014e+00 2.439810e+00 2.245949e+00 2.313990e+00 2.543240e+00 2.185422e+00 2.254808e+00 2.089740e+00 1.888866e+00 3.085843e-03
<GCONST> 9.256765e+01
<MIXTURE> 28 5.036674e-03
<MEAN> 25
 -5.437732e+00 2.004624e-02 -1.564023e+00 6.608810e+00 5.219085e+00 3.512535e+00 5.389491e+00 3.128018e+00 3.913495e+00 2.387178e+00 2.631850e+00 3.210788e+00 -1.169841e-01 2.222823e-01 5.296665e-01 7.857429e-01 8.196843e-01 7.032986e-01 5.265062e-01 3.911405e-01 4.423617e-01 4.820588e-01 3.726938e-01 1.869454e-01 -1.429569e-05
<VARIANCE> 25
 1.048516e+01 8.391862e+00 1.214557e+01 1.483482e+01 1.475777e+01 1.772669e+01 1.834384e+01 1.898798e+01 1.719991e+01 1.672199e+01 2.060209e+01 1.501612e+01 2.577276e-01 3.361827e-01 4.074706e-01 4.639641e-01 6.235632e-01 8.454355e-01 1.060405e+00 1.143945e+00 1.103537e+00 1.028402e+00 1.038624e+00 1.069905e+00 1.003152e-06
<GCONST> 6.029504e+01
<MIXTURE> 29 5.036674e-03
<MEAN> 25
 -5.437732e+00 2.004624e-02 -1.564023e+00 6.608810e+00 5.219085e+00 3.512535e+00 5.389491e+00 3.128018e+00 3.913495e+00 2.387178e+00 2.631850e+00 3.210788e+00 -1.169841e-01 2.222823e-01 5.296665e-01 7.857429e-01 8.196843e-01 7.032986e-01 5.265062e-01 3.911405e-01 4.423617e-01 4.820588e-01 3.726938e-01 1.869454e-01 -1.429569e-05
<VARIANCE> 25
 1.048516e+01 8.391862e+00 1.214557e+01 1.483482e+01 1.475777e+01 1.772669e+01 1.834384e+01 1.898798e+01 1.719991e+01 1.672199e+01 2.060209e+01 1.501612e+01 2.577276e-01 3.361827e-01 4.074706e-01 4.639641e-01 6.235632e-01 8.454355e-01 1.060405e+00 1.143945e+00 1.103537e+00 1.028402e+00 1.038624e+00 1.069905e+00 1.003152e-06
<GCONST> 6.029504e+01
<MIXTURE> 30 8.917812e-03
<MEAN> 25
 -4.249072e+00 -3.117519e-01 7.966499e-01 9.027834e+00 7.477538e+00 7.440670e+00 7.513704e+00 6.813283e+00 6.490681e+00 4.519082e+00 6.831481e+00 3.471598e+00 -5.744687e-02 4.544136e-02 6.630518e-02 7.255727e-02 7.838131e-02 5.051013e-02 5.232354e-02 -2.128674e-02 3.036726e-02 1.012454e-01 2.831567e-02 1.487790e-02 -1.638430e-04
<VARIANCE> 25
 7.632882e+00 9.794622e+00 1.019654e+01 1.314582e+01 1.635425e+01 1.610223e+01 1.881599e+01 1.745690e+01 1.550161e+01 2.025050e+01 2.101497e+01 1.368665e+01 1.140559e-01 2.152409e-01 3.147898e-01 4.915428e-01 6.224404e-01 7.112021e-01 7.775512e-01 7.972119e-01 8.648508e-01 9.662617e-01 9.130561e-01 8.327537e-01 5.338893e-05
<GCONST> 6.078040e+01
<MIXTURE> 31 4.136493e-03
<MEAN> 25
 -2.828703e+00 -5.275254e+00 2.918725e-01 4.957050e+00 3.282647e+00 2.010482e+00 4.979542e+00 6.132441e+00 2.677345e+00 1.208281e+00 6.402812e+00 3.079355e+00 2.390231e-01 4.790450e-01 -1.895628e-01 3.179677e-01 2.155441e-01 4.489225e-01 1.762837e-01 1.112458e-01 3.833577e-01 3.419478e-01 1.096617e-01 2.356670e-01 -1.815695e-02
<VARIANCE> 25
 7.968532e+00 1.443744e+01 1.648322e+01 1.602163e+01 2.409361e+01 2.267624e+01 2.197722e+01 2.975031e+01 2.607632e+01 2.706128e+01 2.026217e+01 1.989278e+01 2.054597e-01 4.460998e-01 6.857664e-01 7.914836e-01 1.002325e+00 1.132038e+00 1.253392e+00 1.475399e+00 1.236258e+00 1.308308e+00 1.232069e+00 1.442525e+00 2.571041e-04
<GCONST> 7.214310e+01
<MIXTURE> 32 4.136493e-03
<MEAN> 25
 -2.828703e+00 -5.275254e+00 2.918725e-01 4.957050e+00 3.282647e+00 2.010482e+00 4.979542e+00 6.132441e+00 2.677345e+00 1.208281e+00 6.402812e+00 3.079355e+00 2.390231e-01 4.790450e-01 -1.895628e-01 3.179677e-01 2.155441e-01 4.489225e-01 1.762837e-01 1.112458e-01 3.833577e-01 3.419478e-01 1.096617e-01 2.356670e-01 -1.815695e-02
<VARIANCE> 25
 7.968532e+00 1.443744e+01 1.648322e+01 1.602163e+01 2.409361e+01 2.267624e+01 2.197722e+01 2.975031e+01 2.607632e+01 2.706128e+01 2.026217e+01 1.989278e+01 2.054597e-01 4.460998e-01 6.857664e-01 7.914836e-01 1.002325e+00 1.132038e+00 1.253392e+00 1.475399e+00 1.236258e+00 1.308308e+00 1.232069e+00 1.442525e+00 2.571041e-04
<GCONST> 7.214310e+01
<MIXTURE> 33 1.508826e-02
<MEAN> 25
 6.067451e+00 -3.160418e+00 -2.875471e+00 -2.795565e+00 -1.226642e+00 -5.794047e+00 -6.485070e+00 1.781342e+00 2.049906e+00 -7.225494e-01 -4.457099e+00 -2.509401e+00 6.010836e-01 -9.811078e-01 -2.425118e+00 -1.803796e+00 1.509204e+00 1.495117e+00 -8.713877e-01 3.483024e-01 1.003461e+00 6.288327e-01 -3.230039e-01 -1.435052e+00 3.311637e-02
<VARIANCE> 25
 1.034889e+01 2.147371e+01 2.733450e+01 3.712126e+01 3.798066e+01 4.194164e+01 3.977720e+01 4.539706e+01 3.851394e+01 3.795588e+01 3.308661e+01 2.870932e+01 1.182237e+00 1.983463e+00 2.135372e+00 2.089141e+00 3.802211e+00 3.160144e+00 3.994726e+00 5.276483e+00 3.408446e+00 3.807324e+00 3.086836e+00 2.278136e+00 1.427427e-03
<GCONST> 9.313277e+01
<MIXTURE> 34 1.588179e-02
<MEAN> 25
 8.887411e+00 6.367607e-02 1.326860e-01 1.226987e+00 -2.931110e+00 -1.531737e+00 -6.147711e+00 -4.668217e+00 -1.785299e+00 1.313622e-01 -2.661858e+00 -3.683580e+00 -1.813473e-02 1.340655e+00 1.471246e+00 2.384653e+00 -3.793710e-02 -1.325088e-01 7.818063e-01 -1.636149e+00 -9.023570e-01 2.593114e-01 -5.472053e-01 2.327326e-01 -6.234523e-02
<VARIANCE> 25
 7.923748e+00 3.099080e+01 2.937547e+01 4.972332e+01 4.222318e+01 4.939592e+01 5.481273e+01 5.654319e+01 5.258523e+01 4.314246e+01 4.818067e+01 3.146744e+01 1.258759e+00 1.983300e+00 4.256120e+00 4.061340e+00 5.614088e+00 5.901525e+00 5.504535e+00 6.140492e+00 5.176077e+00 4.960539e+00 5.015990e+00 3.889597e+00 1.149899e-03
<GCONST> 9.970387e+01
<MIXTURE> 35 1.467755e-02
<MEAN> 25
 -2.615012e+00 -5.763775e+00 -9.924870e+00 1.122848e+00 9.443258e+00 7.627881e-02 1.720597e+00 2.264064e+00 1.511668e+00 4.168533e+00 -2.436120e-01 2.029830e+00 4.764368e-01 -1.124874e+00 -1.367498e+00 -1.214870e+00 2.112594e-01 -1.200125e+00 -5.388975e-01 -3.158907e-02 -1.912175e-01 1.706100e-01 -6.029038e-01 -3.138578e-01 1.042989e-01
<VARIANCE> 25
 2.056032e+01 3.051702e+01 4.014534e+01 6.643243e+01 3.950837e+01 5.836800e+01 4.695070e+01 4.086191e+01 4.626734e+01 3.700496e+01 3.450775e+01 2.886907e+01 3.267595e+00 3.346933e+00 6.302190e+00 5.536423e+00 5.282099e+00 6.829925e+00 4.729851e+00 4.476585e+00 4.657372e+00 4.152045e+00 3.776876e+00 3.850947e+00 4.978459e-03
<GCONST> 1.028486e+02
<MIXTURE> 36 1.093293e-02
<MEAN> 25
 4.903405e+00 -3.357962e+00 6.879781e+00 2.704241e+00 -9.996549e+00 -8.879881e+00 -6.067231e+00 2.965164e+00 -1.840549e+00 -4.400421e+00 2.713210e+00 -5.778814e-02 3.735651e-01 1.637336e-01 -8.989837e-01 4.242076e-02 8.632427e-01 6.266561e-02 -4.666442e-01 6.453998e-03 4.295699e-01 5.355650e-01 -4.208981e-01 -3.322491e-01 -1.626402e-02
<VARIANCE> 25
 1.010421e+01 1.736080e+01 2.246786e+01 2.729778e+01 3.140207e+01 3.366331e+01 4.670630e+01 3.483585e+01 3.879417e+01 3.266842e+01 2.764406e+01 2.784282e+01 4.621135e-01 7.265258e-01 1.545258e+00 1.247083e+00 1.597191e+00 1.779220e+00 2.133874e+00 1.761205e+00 1.959075e+00 1.690410e+00 1.394614e+00 1.468594e+00 7.300786e-04
<GCONST> 8.230641e+01
<MIXTURE> 37 1.246826e-02
<MEAN> 25
 5.009381e-01 7.680613e+00 1.188919e+01 -5.533892e+00 -7.752247e+00 -8.567357e-01 -5.516109e+00 -7.942178e+00 -3.560582e+00 -7.599401e-01 -3.387085e+00 -1.124587e+00 2.583030e-01 5.990815e-01 -1.347709e+00 3.437955e+00 1.864116e+00 -3.096136e-01 1.093117e+00 4.141717e-01 4.261042e-01 -2.927334e-01 5.441793e-01 -1.063239e-01 -9.002324e-02
<VARIANCE> 25
 1.533747e+01 2.526108e+01 2.966318e+01 4.876839e+01 3.356401e+01 3.142954e+01 4.783971e+01 3.608876e+01 3.761140e+01 3.479951e+01 3.719151e+01 2.973375e+01 2.935879e+00 3.403140e+00 2.884836e+00 4.297806e+00 4.636667e+00 3.933304e+00 4.650213e+00 3.669960e+00 3.473162e+00 3.466110e+00 3.670932e+00 2.668967e+00 4.131120e-03
<GCONST> 9.762466e+01
<MIXTURE> 38 1.154525e-02
<MEAN> 25
 -4.434928e+00 8.934452e+00 4.549284e+00 3.263336e+00 8.472950e-01 -5.063879e+00 -6.087238e-01 -2.693703e+00 -2.833615e+00 -3.124475e+00 -1.487550e+00 -5.210068e-01 -4.496736e+00 1.240249e+00 -3.165722e-01 1.462225e+00 2.520223e+00 1.402631e+00 2.036731e+00 9.387022e-01 7.652277e-01 6.302336e-01 1.008099e+00 2.970390e-01 4.797935e-02
<VARIANCE> 25
 3.117497e+01 2.931487e+01 3.871951e+01 3.270768e+01 4.828907e+01 3.708304e+01 3.596721e+01 4.135306e+01 3.451754e+01 3.214082e+01 2.402271e+01 2.842791e+01 2.362943e+00 3.917989e+00 3.875731e+00 5.105032e+00 4.352955e+00 5.083149e+00 4.748668e+00 4.611760e+00 4.422359e+00 4.889297e+00 4.346697e+00 3.287675e+00 2.071426e-03
<GCONST> 9.918918e+01
<MIXTURE> 39 9.501865e-03
<MEAN> 25
 1.098848e+00 2.426055e+00 1.004579e+01 -8.511851e+00 -1.040764e+01 -8.177581e-01 -3.000595e+00 -6.634585e+00 -4.151227e+00 1.533999e+00 -3.098187e+00 -2.036099e+00 -7.232016e-01 1.277289e+00 1.598424e+00 -1.553441e+00 1.030757e-01 1.176854e+00 -9.878877e-01 -1.107224e+00 4.461965e-01 6.008810e-01 -6.659644e-01 2.329801e-01 2.892111e-03
<VARIANCE> 25
 9.734386e+00 2.716745e+01 2.797607e+01 3.853458e+01 3.678916e+01 4.207594e+01 4.798145e+01 3.042813e+01 3.649513e+01 3.225821e+01 3.417595e+01 2.680649e+01 7.032281e-01 1.961015e+00 1.421023e+00 2.954104e+00 2.140994e+00 2.946179e+00 4.057369e+00 2.502403e+00 2.174598e+00 2.795975e+00 2.118887e+00 2.002036e+00 1.102320e-03
<GCONST> 8.938476e+01
<MIXTURE> 40 1.030800e-02
<MEAN> 25
 -8.740520e+00 1.795360e+00 -3.004348e-01 8.201258e+00 2.350614e+00 5.513925e+00 5.132186e+00 3.709506e+00 3.289350e+00 3.634327e+00 5.336238e+00 1.026184e+00 -1.530915e-01 -2.792932e-01 1.954383e-01 -7.674590e-02 1.071268e-02 -1.861741e-01 2.236400e-01 -7.241416e-02 -1.641715e-01 1.806974e-01 1.347024e-01 -7.463828e-02 5.340040e-03
<VARIANCE> 25
 4.025792e+01 1.879436e+01 2.688590e+01 2.166077e+01 2.968299e+01 1.640041e+01 1.687985e+01 1.730388e+01 2.338144e+01 1.720043e+01 1.663447e+01 1.414177e+01 8.493174e-01 6.600483e-01 1.104203e+00 1.034286e+00 1.229833e+00 1.161064e+00 1.198385e+00 1.194028e+00 1.130589e+00 1.217904e+00 1.054223e+00 9.353103e-01 8.157580e-04
<GCONST> 7.572830e+01
<MIXTURE> 41 6.713375e-03
<MEAN> 25
 3.285122e-01 1.888629e+00 9.348868e+00 -6.181208e+00 -1.065056e+01 -4.798053e+00 -1.698439e+00 -5.252285e+00 -4.416942e+00 2.892775e+00 -5.613987e-01 -2.103559e+00 2.492878e-02 -8.177995e-01 1.666523e+00 -3.795263e+00 -2.210139e+00 -3.771236e-01 6.091432e-02 -6.109346e-01 -4.303668e-01 1.206353e+00 -1.103149e+00 2.437558e-01 7.949632e-02
<VARIANCE> 25
 1.371689e+01 2.423827e+01 3.070228e+01 4.337686e+01 3.422423e+01 4.102072e+01 3.889672e+01 2.512681e+01 2.766061e+01 2.437245e+01 3.450537e+01 3.773422e+01 2.650882e+00 2.960409e+00 3.084581e+00 3.563956e+00 4.614014e+00 5.458800e+00 5.584776e+00 4.071157e+00 3.930900e+00 3.550603e+00 3.410283e+00 3.030860e+00 2.582618e-03
<GCONST> 9.658524e+01
<MIXTURE> 42 1.106211e-02
<MEAN> 25
 -1.628990e+00 4.332569e+00 4.183992e+00 2.624639e+00 -8.858944e-01 -6.320117e+00 -1.840490e+00 -1.687056e+00 -1.077159e+00 -1.800018e+00 -2.230065e+00 1.713918e+00 3.754096e+00 1.212602e-01 1.338555e+00 -3.918604e-01 -2.811159e+00 -1.543751e+00 -2.316005e+00 -7.373002e-01 -5.864401e-01 -5.764658e-01 4.738950e-01 -8.096712e-01 1.402986e-02
<VARIANCE> 25
 3.057643e+01 1.911040e+01 4.616480e+01 2.605015e+01 3.840655e+01 4.332870e+01 3.952636e+01 2.393251e+01 2.483702e+01 2.478609e+01 1.694996e+01 1.993536e+01 3.887523e+00 5.056424e+00 5.579514e+00 5.910725e+00 4.678122e+00 6.177469e+00 5.494815e+00 4.423732e+00 4.585713e+00 4.405447e+00 3.684087e+00 3.576132e+00 3.861758e-03
<GCONST> 9.898063e+01
<MIXTURE> 43 7.108249e-03
<MEAN> 25
 3.149664e+00 -6.243065e+00 -2.259089e+00 -5.135978e+00 -7.345825e+00 -3.428438e+00 4.086751e+00 1.316893e+00 -5.022490e+00 -7.077723e+00 -4.309260e+00 -1.226751e+00 2.368724e-01 2.156810e+00 1.913093e+00 -1.318554e-01 -1.425035e+00 -7.783187e-01 -9.717711e-01 -7.799854e-01 8.138160e-01 1.460486e+00 3.489676e-01 1.346548e-02 -4.507646e-02
<VARIANCE> 25
 9.579590e+00 2.025660e+01 2.719404e+01 3.540333e+01 3.865555e+01 3.667502e+01 3.361367e+01 3.958314e+01 3.970000e+01 3.845142e+01 2.643051e+01 2.953724e+01 6.867877e-01 1.251879e+00 1.564048e+00 2.483636e+00 2.371935e+00 2.418993e+00 2.641063e+00 3.008103e+00 2.603859e+00 2.573821e+00 2.323714e+00 1.923837e+00 9.396598e-04
<GCONST> 8.798124e+01
<MIXTURE> 44 7.328289e-03
<MEAN> 25
 -1.487208e+01 1.556113e+00 3.618157e+00 -2.952592e+00 2.895765e+00 2.209282e+00 5.390228e-02 2.206848e+00 1.435459e+00 -6.178831e-01 1.913741e+00 1.853428e+00 -1.908801e-01 -4.155029e-02 1.917703e-01 3.350904e-01 -1.049498e-01 2.345184e-01 4.557607e-01 8.913975e-02 1.941555e-01 1.478830e-01 7.455273e-02 5.558393e-02 3.706591e-03
<VARIANCE> 25
 4.486730e+01 2.707207e+01 3.414213e+01 3.178535e+01 3.236438e+01 2.940676e+01 2.485609e+01 3.258423e+01 2.714982e+01 2.718620e+01 2.644069e+01 1.917103e+01 1.237262e+00 1.512100e+00 1.395846e+00 1.330814e+00 2.097554e+00 1.760797e+00 1.528340e+00 1.606208e+00 1.546738e+00 1.514840e+00 1.366343e+00 1.214313e+00 1.298135e-03
<GCONST> 8.458750e+01
<MIXTURE> 45 1.364932e-02
<MEAN> 25
 -1.166312e+01 3.350246e+00 -1.235994e+00 3.459391e+00 4.942093e+00 8.995125e-01 4.447628e+00 2.864398e+00 2.886005e+00 1.684560e+00 2.532497e+00 2.263620e+00 -2.950050e+00 4.022941e-01 -4.842713e-01 -3.876390e-01 7.793169e-02 -1.078939e-01 5.102990e-01 -4.686223e-03 -2.041376e-01 3.323866e-02 2.952596e-01 -2.243747e-02 1.140772e-01
<VARIANCE> 25
 3.654880e+01 2.907904e+01 2.767377e+01 3.450026e+01 3.705243e+01 3.140005e+01 2.763208e+01 2.397445e+01 2.423031e+01 2.319756e+01 2.562406e+01 1.501842e+01 2.207002e+00 3.047860e+00 2.694201e+00 2.597321e+00 2.371667e+00 2.717852e+00 2.144356e+00 2.093497e+00 2.082478e+00 2.032083e+00 1.829616e+00 1.631435e+00 3.997931e-03
<GCONST> 8.984760e+01
<MIXTURE> 46 9.336259e-03
<MEAN> 25
 -9.413139e+00 2.287262e+00 1.226919e+00 7.540067e+00 5.859389e+00 3.346148e+00 7.048677e+00 4.454116e+00 5.666260e+00 4.679718e+00 5.036652e+00 2.913741e+00 1.053350e+00 -2.401991e-01 3.385526e-02 1.007662e+00 6.045545e-01 9.407028e-01 3.885778e-01 6.734339e-01 4.668508e-01 5.038928e-01 6.408325e-01 5.144888e-01 -1.050984e-01
<VARIANCE> 25
 3.438285e+01 4.366793e+01 3.844386e+01 4.987893e+01 5.142261e+01 4.069167e+01 3.695412e+01 3.547906e+01 3.325755e+01 3.082505e+01 2.813221e+01 2.014479e+01 3.902869e+00 4.117054e+00 3.872594e+00 4.121883e+00 4.156034e+00 3.719300e+00 3.364295e+00 3.096344e+00 2.968461e+00 2.855080e+00 2.297537e+00 1.789800e+00 7.946648e-03
<GCONST> 9.826180e+01
<MIXTURE> 47 7.116147e-03
<MEAN> 25
 6.916869e+00 -6.700260e+00 -8.254453e+00 -7.119554e+00 3.020226e+00 8.337887e-01 -2.074987e+00 6.575844e-01 2.321466e+00 5.679344e-01 -3.464515e+00 -6.650770e+00 -2.606633e-01 -1.303491e+00 -7.192783e-01 -3.859404e-01 8.520079e-01 6.726221e-01 7.491558e-01 4.025846e-01 3.008128e-01 -7.608486e-01 -5.060325e-01 -4.003673e-01 3.020099e-02
<VARIANCE> 25
 1.055296e+01 2.210695e+01 1.970251e+01 3.165184e+01 4.680347e+01 4.617034e+01 4.002694e+01 3.896082e+01 4.256471e+01 4.224148e+01 4.654178e+01 2.938994e+01 4.910762e-01 7.022175e-01 1.174626e+00 1.550261e+00 2.115465e+00 2.073059e+00 2.150774e+00 2.494652e+00 2.225488e+00 2.228587e+00 2.002521e+00 1.899256e+00 5.023592e-04
<GCONST> 8.561459e+01
<MIXTURE> 48 7.116147e-03
<MEAN> 25
 6.916869e+00 -6.700260e+00 -8.254453e+00 -7.119554e+00 3.020226e+00 8.337887e-01 -2.074987e+00 6.575844e-01 2.321466e+00 5.679344e-01 -3.464515e+00 -6.650770e+00 -2.606633e-01 -1.303491e+00 -7.192783e-01 -3.859404e-01 8.520079e-01 6.726221e-01 7.491558e-01 4.025846e-01 3.008128e-01 -7.608486e-01 -5.060325e-01 -4.003673e-01 3.020099e-02
<VARIANCE> 25
 1.055296e+01 2.210695e+01 1.970251e+01 3.165184e+01 4.680347e+01 4.617034e+01 4.002694e+01 3.896082e+01 4.256471e+01 4.224148e+01 4.654178e+01 2.938994e+01 4.910762e-01 7.022175e-01 1.174626e+00 1.550261e+00 2.115465e+00 2.073059e+00 2.150774e+00 2.494652e+00 2.225488e+00 2.228587e+00 2.002521e+00 1.899256e+00 5.023592e-04
<GCONST> 8.561459e+01
<MIXTURE> 49 5.548473e-03
<MEAN> 25
 -5.084257e+00 3.644613e-01 1.980567e-01 8.448192e+00 6.065351e+00 5.612370e+00 6.044388e+00 4.451284e+00 4.957476e+00 3.705564e+00 4.930254e+00 2.826400e+00 3.652839e-01 6.490518e-01 7.085219e-01 3.534227e-01 -1.899963e-01 -6.644166e-01 -9.978350e-01 -1.120656e+00 -9.535670e-01 -6.729523e-01 -4.842736e-01 -2.712401e-01 -7.379807e-05
<VARIANCE> 25
 9.817325e+00 1.000458e+01 1.430972e+01 1.578172e+01 1.645817e+01 1.700165e+01 1.937525e+01 1.943499e+01 1.878914e+01 1.785668e+01 2.046646e+01 1.435822e+01 2.801844e-01 2.656258e-01 3.634986e-01 6.065721e-01 8.749085e-01 9.681703e-01 9.984037e-01 1.044447e+00 1.126331e+00 1.222662e+00 1.278471e+00 1.198244e+00 1.474303e-05
<GCONST> 6.440567e+01
<MIXTURE> 50 6.234641e-03
<MEAN> 25
 -4.442468e+00 7.033172e-02 -1.298705e+00 6.167841e+00 4.109232e+00 2.482093e+00 3.670603e+00 2.027272e+00 2.798135e+00 1.382241e+00 1.996475e+00 2.916389e+00 5.248440e-02 1.539115e-01 7.508516e-02 -1.869932e-01 -5.226529e-01 -5.971626e-01 -4.538408e-01 -8.923827e-02 4.487211e-01 7.800902e-01 7.070079e-01 4.228629e-01 -4.208431e-05
<VARIANCE> 25
 1.148155e+01 1.082351e+01 1.503079e+01 1.501563e+01 1.525556e+01 1.931953e+01 1.831844e+01 1.891172e+01 1.793645e+01 1.693168e+01 2.177929e+01 1.499992e+01 1.407320e-01 2.460102e-01 3.830860e-01 5.038047e-01 5.824062e-01 7.202749e-01 9.496207e-01 1.124515e+00 1.059559e+00 9.125742e-01 9.334113e-01 9.715052e-01 1.067825e-06
<GCONST> 5.953464e+01
<MIXTURE> 51 6.234641e-03
<MEAN> 25
 -4.442468e+00 7.033172e-02 -1.298705e+00 6.167841e+00 4.109232e+00 2.482093e+00 3.670603e+00 2.027272e+00 2.798135e+00 1.382241e+00 1.996475e+00 2.916389e+00 5.248440e-02 1.539115e-01 7.508516e-02 -1.869932e-01 -5.226529e-01 -5.971626e-01 -4.538408e-01 -8.923827e-02 4.487211e-01 7.800902e-01 7.070079e-01 4.228629e-01 -4.208431e-05
<VARIANCE> 25
 1.148155e+01 1.082351e+01 1.503079e+01 1.501563e+01 1.525556e+01 1.931953e+01 1.831844e+01 1.891172e+01 1.793645e+01 1.693168e+01 2.177929e+01 1.499992e+01 1.407320e-01 2.460102e-01 3.830860e-01 5.038047e-01 5.824062e-01 7.202749e-01 9.496207e-01 1.124515e+00 1.059559e+00 9.125742e-01 9.334113e-01 9.715052e-01 1.067825e-06
<GCONST> 5.953464e+01
<MIXTURE> 52 6.367945e-03
<MEAN> 25
 9.987496e+00 2.071070e+00 -6.196528e+00 -1.411458e+01 -3.900766e+00 8.294868e+00 -2.635400e+00 -3.073495e+00 -4.414965e+00 -2.042221e+00 3.343839e+00 5.987656e-01 -3.908729e-01 -5.041811e-01 -1.507322e-01 1.037005e+00 1.392290e+00 -4.418107e-01 -6.131633e-01 -6.947554e-01 3.057393e-02 1.250894e+00 3.637940e-01 -5.736421e-01 -1.218345e-02
<VARIANCE> 25
 9.449338e+00 1.983935e+01 2.478381e+01 3.820871e+01 4.713573e+01 3.124189e+01 4.530077e+01 4.731193e+01 4.160268e+01 4.468934e+01 3.857869e+01 2.971918e+01 4.355462e-01 1.447962e+00 1.436935e+00 2.949727e+00 2.326782e+00 2.151520e+00 2.885956e+00 2.759354e+00 2.922268e+00 2.573393e+00 2.448893e+00 2.219452e+00 1.563423e-03
<GCONST> 8.948942e+01
<MIXTURE> 53 6.367945e-03
<MEAN> 25
 9.987496e+00 2.071070e+00 -6.196528e+00 -1.411458e+01 -3.900766e+00 8.294868e+00 -2.635400e+00 -3.073495e+00 -4.414965e+00 -2.042221e+00 3.343839e+00 5.987656e-01 -3.908729e-01 -5.041811e-01 -1.507322e-01 1.037005e+00 1.392290e+00 -4.418107e-01 -6.131633e-01 -6.947554e-01 3.057393e-02 1.250894e+00 3.637940e-01 -5.736421e-01 -1.218345e-02
<VARIANCE> 25
 9.449338e+00 1.983935e+01 2.478381e+01 3.820871e+01 4.713573e+01 3.124189e+01 4.530077e+01 4.731193e+01 4.160268e+01 4.468934e+01 3.857869e+01 2.971918e+01 4.355462e-01 1.447962e+00 1.436935e+00 2.949727e+00 2.326782e+00 2.151520e+00 2.885956e+00 2.759354e+00 2.922268e+00 2.573393e+00 2.448893e+00 2.219452e+00 1.563423e-03
<GCONST> 8.948942e+01
<MIXTURE> 54 7.368620e-03
<MEAN> 25
 -3.514621e+00 8.100464e-03 -6.464640e-01 7.961257e+00 6.354571e+00 4.677255e+00 4.574942e+00 4.514076e+00 4.086370e+00 3.514828e+00 4.438381e+00 2.330079e+00 -6.646425e-03 1.588968e-02 2.409470e-02 5.825621e-02 7.758822e-02 4.884600e-02 5.220596e-02 3.054851e-02 1.703941e-02 6.024151e-03 -2.142520e-03 -1.393293e-02 -2.184382e-05
<VARIANCE> 25
 9.364535e+00 1.013341e+01 9.121615e+00 1.787074e+01 1.352222e+01 1.326747e+01 1.201115e+01 1.122813e+01 1.107104e+01 1.339097e+01 1.740366e+01 1.220231e+01 4.045090e-02 8.896670e-02 1.547069e-01 2.255288e-01 3.302433e-01 3.865227e-01 4.621779e-01 5.120910e-01 5.369856e-01 5.267327e-01 5.159637e-01 5.109314e-01 9.934374e-07
<GCONST> 4.714422e+01
<MIXTURE> 55 7.368620e-03
<MEAN> 25
 -3.514621e+00 8.100464e-03 -6.464640e-01 7.961257e+00 6.354571e+00 4.677255e+00 4.574942e+00 4.514076e+00 4.086370e+00 3.514828e+00 4.438381e+00 2.330079e+00 -6.646425e-03 1.588968e-02 2.409470e-02 5.825621e-02 7.758822e-02 4.884600e-02 5.220596e-02 3.054851e-02 1.703941e-02 6.024151e-03 -2.142520e-03 -1.393293e-02 -2.184382e-05
<VARIANCE> 25
 9.364535e+00 1.013341e+01 9.121615e+00 1.787074e+01 1.352222e+01 1.326747e+01 1.201115e+01 1.122813e+01 1.107104e+01 1.339097e+01 1.740366e+01 1.220231e+01 4.045090e-02 8.896670e-02 1.547069e-01 2.255288e-01 3.302433e-01 3.865227e-01 4.621779e-01 5.120910e-01 5.369856e-01 5.267327e-01 5.159637e-01 5.109314e-01 9.934374e-07
<GCONST> 4.714422e+01
<MIXTURE> 56 6.132464e-03
<MEAN> 25
 7.132666e+00 -6.119420e+00 -9.033356e+00 -8.609189e+00 4.445685e+00 3.398376e+00 -1.890723e+00 -1.205149e+00 1.636268e+00 6.287206e-01 -2.203005e+00 -6.752821e+00 2.888900e-03 2.652578e-02 -3.704638e-02 5.839247e-02 2.402655e-01 1.165106e-01 1.002290e-01 -8.109275e-02 -1.522706e-01 -1.095992e-01 -1.716228e-01 1.086201e-01 -6.837728e-03
<VARIANCE> 25
 1.011065e+01 2.582191e+01 1.858291e+01 3.785056e+01 3.935708e+01 4.703570e+01 5.610761e+01 3.379318e+01 3.599403e+01 3.392525e+01 3.792921e+01 2.931892e+01 2.081843e-01 4.113529e-01 4.558879e-01 7.255240e-01 7.450258e-01 1.076211e+00 8.521482e-01 8.895487e-01 9.869336e-01 9.582691e-01 1.015006e+00 8.148125e-01 2.248088e-04
<GCONST> 7.455234e+01
<MIXTURE> 57 6.132464e-03
<MEAN> 25
 7.132666e+00 -6.119420e+00 -9.033356e+00 -8.609189e+00 4.445685e+00 3.398376e+00 -1.890723e+00 -1.205149e+00 1.636268e+00 6.287206e-01 -2.203005e+00 -6.752821e+00 2.888900e-03 2.652578e-02 -3.704638e-02 5.839247e-02 2.402655e-01 1.165106e-01 1.002290e-01 -8.109275e-02 -1.522706e-01 -1.095992e-01 -1.716228e-01 1.086201e-01 -6.837728e-03
<VARIANCE> 25
 1.011065e+01 2.582191e+01 1.858291e+01 3.785056e+01 3.935708e+01 4.703570e+01 5.610761e+01 3.379318e+01 3.599403e+01 3.392525e+01 3.792921e+01 2.931892e+01 2.081843e-01 4.113529e-01 4.558879e-01 7.255240e-01 7.450258e-01 1.076211e+00 8.521482e-01 8.895487e-01 9.869336e-01 9.582691e-01 1.015006e+00 8.148125e-01 2.248088e-04
<GCONST> 7.455234e+01
<MIXTURE> 58 6.172147e-03
<MEAN> 25
 1.729076e+00 -2.672005e+00 7.067528e+00 -5.018234e+00 -1.259793e+01 -5.212523e+00 2.153759e+00 -1.003551e-01 -1.849186e+00 2.076550e+00 7.331448e-01 -7.129651e-01 -5.482038e-02 -1.832606e-01 -1.803002e-02 1.850534e-02 2.685149e-03 5.047109e-01 2.642998e-01 2.607785e-01 1.826734e-02 6.796212e-02 1.342963e-02 -1.390910e-01 -6.575682e-03
<VARIANCE> 25
 9.395051e+00 1.378354e+01 1.924820e+01 2.489953e+01 2.322023e+01 4.821350e+01 2.964217e+01 3.354307e+01 2.912841e+01 2.808729e+01 2.101300e+01 1.794754e+01 2.816097e-01 7.364883e-01 6.687945e-01 1.564986e+00 7.818125e-01 1.409253e+00 1.075070e+00 1.131242e+00 9.309779e-01 1.020638e+00 9.196455e-01 8.657739e-01 7.883899e-04
<GCONST> 7.488578e+01
<MIXTURE> 59 6.172147e-03
<MEAN> 25
 1.729076e+00 -2.672005e+00 7.067528e+00 -5.018234e+00 -1.259793e+01 -5.212523e+00 2.153759e+00 -1.003551e-01 -1.849186e+00 2.076550e+00 7.331448e-01 -7.129651e-01 -5.482038e-02 -1.832606e-01 -1.803002e-02 1.850534e-02 2.685149e-03 5.047109e-01 2.642998e-01 2.607785e-01 1.826734e-02 6.796212e-02 1.342963e-02 -1.390910e-01 -6.575682e-03
<VARIANCE> 25
 9.395051e+00 1.378354e+01 1.924820e+01 2.489953e+01 2.322023e+01 4.821350e+01 2.964217e+01 3.354307e+01 2.912841e+01 2.808729e+01 2.101300e+01 1.794754e+01 2.816097e-01 7.364883e-01 6.687945e-01 1.564986e+00 7.818125e-01 1.409253e+00 1.075070e+00 1.131242e+00 9.309779e-01 1.020638e+00 9.196455e-01 8.657739e-01 7.883899e-04
<GCONST> 7.488578e+01
<MIXTURE> 60 4.479129e-03
<MEAN> 25
 -3.500685e+00 -8.006761e-01 -8.962452e-01 3.740207e+00 1.264663e+00 2.457585e+00 1.531893e+00 1.393450e+00 1.976690e+00 7.038777e-01 2.551974e+00 1.986644e+00 -3.328876e-02 5.579710e-02 1.039589e-01 1.456396e-01 1.898151e-01 1.405202e-01 2.577343e-01 4.860294e-01 6.153924e-01 5.871393e-01 4.561230e-01 3.739699e-01 -3.627549e-04
<VARIANCE> 25
 9.256883e+00 4.299525e+00 1.037367e+01 1.040587e+01 1.431744e+01 1.702188e+01 1.352791e+01 1.294071e+01 1.384306e+01 1.496377e+01 1.604219e+01 1.147153e+01 8.816265e-02 1.617194e-01 2.590883e-01 3.950874e-01 6.830716e-01 7.266504e-01 8.919027e-01 1.206878e+00 9.206664e-01 8.784621e-01 9.526010e-01 1.024533e+00 2.292263e-05
<GCONST> 5.744557e+01
<MIXTURE> 61 4.479129e-03
<MEAN> 25
 -3.500685e+00 -8.006761e-01 -8.962452e-01 3.740207e+00 1.264663e+00 2.457585e+00 1.531893e+00 1.393450e+00 1.976690e+00 7.038777e-01 2.551974e+00 1.986644e+00 -3.328876e-02 5.579710e-02 1.039589e-01 1.456396e-01 1.898151e-01 1.405202e-01 2.577343e-01 4.860294e-01 6.153924e-01 5.871393e-01 4.561230e-01 3.739699e-01 -3.627549e-04
<VARIANCE> 25
 9.256883e+00 4.299525e+00 1.037367e+01 1.040587e+01 1.431744e+01 1.702188e+01 1.352791e+01 1.294071e+01 1.384306e+01 1.496377e+01 1.604219e+01 1.147153e+01 8.816265e-02 1.617194e-01 2.590883e-01 3.950874e-01 6.830716e-01 7.266504e-01 8.919027e-01 1.206878e+00 9.206664e-01 8.784621e-01 9.526010e-01 1.024533e+00 2.292263e-05
<GCONST> 5.744557e+01
<MIXTURE> 62 3.278034e-03
<MEAN> 25
 -5.054785e+00 1.226540e+00 1.020648e+00 8.789238e+00 6.088635e+00 5.037385e+00 5.467719e+00 4.027780e+00 4.981390e+00 3.886964e+00 4.955221e+00 2.954311e+00 -1.001733e+00 -1.163122e+00 -9.518869e-01 -2.712777e-01 4.365341e-01 1.002020e+00 1.384165e+00 1.554013e+00 1.475596e+00 1.243182e+00 1.068494e+00 7.238404e-01 -1.284466e-03
<VARIANCE> 25
 1.008533e+01 9.961769e+00 1.314943e+01 1.684415e+01 1.769763e+01 1.755429e+01 1.980677e+01 1.908088e+01 1.877237e+01 1.892919e+01 2.157715e+01 1.478012e+01 4.017601e-01 4.326620e-01 5.538419e-01 7.848629e-01 1.047005e+00 1.193453e+00 1.249530e+00 1.279394e+00 1.337357e+00 1.358284e+00 1.394557e+00 1.373399e+00 1.633130e-05
<GCONST> 6.760207e+01
<MIXTURE> 63 4.351215e-03
<MEAN> 25
 -2.819399e+00 -1.619406e+00 -4.847228e+00 2.910163e+00 3.292787e+00 -1.420426e-01 1.716826e+00 2.041499e+00 1.860127e+00 -7.595298e-01 -1.620017e+00 2.022136e+00 -8.040846e-02 3.714157e-01 5.189977e-01 5.348801e-01 2.692061e-01 2.011591e-01 4.087534e-01 2.345574e-01 3.216238e-01 2.769468e-01 3.748503e-01 2.075821e-01 -6.827453e-03
<VARIANCE> 25
 1.060474e+01 1.525666e+01 1.645527e+01 1.438923e+01 1.616031e+01 2.769120e+01 2.277478e+01 2.040660e+01 2.146533e+01 1.896343e+01 2.086438e+01 1.540413e+01 2.293164e-01 4.091004e-01 6.705344e-01 6.443096e-01 1.013930e+00 1.218631e+00 1.316949e+00 1.428503e+00 1.349301e+00 1.400908e+00 1.260656e+00 1.208189e+00 2.220871e-04
<GCONST> 7.081001e+01
<MIXTURE> 64 4.351215e-03
<MEAN> 25
 -2.819399e+00 -1.619406e+00 -4.847228e+00 2.910163e+00 3.292787e+00 -1.420426e-01 1.716826e+00 2.041499e+00 1.860127e+00 -7.595298e-01 -1.620017e+00 2.022136e+00 -8.040846e-02 3.714157e-01 5.189977e-01 5.348801e-01 2.692061e-01 2.011591e-01 4.087534e-01 2.345574e-01 3.216238e-01 2.769468e-01 3.748503e-01 2.075821e-01 -6.827453e-03
<VARIANCE> 25
 1.060474e+01 1.525666e+01 1.645527e+01 1.438923e+01 1.616031e+01 2.769120e+01 2.277478e+01 2.040660e+01 2.146533e+01 1.896343e+01 2.086438e+01 1.540413e+01 2.293164e-01 4.091004e-01 6.705344e-01 6.443096e-01 1.013930e+00 1.218631e+00 1.316949e+00 1.428503e+00 1.349301e+00 1.400908e+00 1.260656e+00 1.208189e+00 2.220871e-04
<GCONST> 7.081001e+01
<MIXTURE> 65 1.721197e-02
<MEAN> 25
 7.563269e+00 2.245922e+00 1.834664e+00 8.017102e-01 -5.162484e+00 -4.243637e+00 -5.968079e+00 -6.338608e+00 -3.855103e+00 -2.162346e+00 -4.836432e+00 -1.820394e+00 1.777711e-01 8.531369e-02 5.505635e-02 1.426380e-01 -1.807722e-01 2.462811e-01 -8.105989e-02 -2.447360e-01 1.449906e-01 6.478601e-02 -2.269615e-02 -1.945636e-01 -5.597355e-03
<VARIANCE> 25
 1.096430e+01 1.763520e+01 2.416402e+01 3.292038e+01 3.541794e+01 5.530758e+01 5.394456e+01 5.614157e+01 5.202652e+01 5.264592e+01 5.469022e+01 4.803100e+01 6.009132e-01 9.087047e-01 1.767831e+00 1.801403e+00 1.851460e+00 2.325446e+00 2.248235e+00 2.747511e+00 2.275312e+00 2.352850e+00 2.250854e+00 2.133745e+00 4.342954e-04
<GCONST> 8.861443e+01
<MIXTURE> 66 1.191532e-02
<MEAN> 25
 6.613711e+00 -4.073523e+00 -5.641844e+00 -4.746414e+00 1.369727e+00 -5.002346e+00 -6.916911e+00 1.214809e+00 6.356121e-01 -2.083092e+00 -6.170505e+00 -3.439298e+00 -4.800044e-02 1.656391e+00 2.231686e+00 2.310118e+00 -1.259765e+00 -1.219767e+00 5.343123e-02 -5.408044e-01 -1.362008e-01 -2.034421e-01 -2.045384e-01 1.024910e+00 -6.372627e-02
<VARIANCE> 25
 9.174184e+00 2.229632e+01 2.678630e+01 3.322175e+01 3.891889e+01 5.374803e+01 5.531347e+01 4.489095e+01 5.367693e+01 6.606493e+01 3.670525e+01 3.611686e+01 1.268305e+00 2.425410e+00 2.330015e+00 2.452991e+00 4.161193e+00 4.352950e+00 4.321367e+00 4.790010e+00 4.209976e+00 4.948031e+00 3.860598e+00 3.261790e+00 1.453941e-03
<GCONST> 9.671487e+01
<MIXTURE> 67 1.559142e-02
<MEAN> 25
 8.984927e+00 2.035403e+00 -5.978515e+00 -8.273732e+00 9.033187e-01 3.083014e+00 -3.325342e+00 -2.241780e+00 -3.773276e+00 7.782190e-01 -5.490535e-02 -1.732916e+00 -1.074080e+00 1.831884e+00 1.062775e+00 3.073021e+00 1.392519e+00 -5.096166e-01 1.302670e+00 1.202584e-01 1.569472e-01 2.512199e-01 -2.765767e-01 6.251698e-01 -1.299880e-01
<VARIANCE> 25
 1.146895e+01 3.885841e+01 3.078880e+01 5.585860e+01 4.915239e+01 5.406861e+01 6.209908e+01 5.280584e+01 6.478575e+01 5.711745e+01 5.578334e+01 4.737714e+01 2.179747e+00 3.465640e+00 3.290334e+00 4.517771e+00 4.523225e+00 4.554423e+00 4.706617e+00 5.070834e+00 5.476486e+00 4.779192e+00 5.134827e+00 3.746398e+00 3.042637e-03
<GCONST> 1.029183e+02
<MIXTURE> 68 1.485092e-02
<MEAN> 25
 -2.805123e+00 -2.497892e+00 -3.479587e+00 2.250267e+00 4.067031e+00 -6.181003e-01 1.897849e+00 1.507120e+00 1.927433e+00 1.418068e+00 2.679671e-01 1.999328e+00 2.522112e+00 8.639569e-01 3.372392e-02 -2.764763e+00 -2.415737e+00 -1.939528e+00 -2.411411e+00 -1.648749e+00 -1.313527e+00 -1.349695e+00 -1.709353e+00 -7.470900e-01 9.543672e-02
<VARIANCE> 25
 2.598446e+01 2.940776e+01 6.139166e+01 5.511501e+01 4.726693e+01 6.383432e+01 4.103346e+01 3.680383e+01 3.444370e+01 3.782299e+01 3.273437e+01 2.388303e+01 1.937025e+00 3.593711e+00 5.441225e+00 5.070535e+00 4.472240e+00 5.652613e+00 6.172116e+00 4.365042e+00 4.915250e+00 4.499280e+00 4.763785e+00 3.695804e+00 5.364996e-03
<GCONST> 1.023964e+02
<MIXTURE> 69 1.204884e-02
<MEAN> 25
 4.564731e+00 -3.902648e+00 -3.671671e+00 -3.504537e+00 -3.575208e+00 -8.099638e+00 -1.208062e+00 1.994642e+00 -2.064223e-01 -4.743435e+00 -5.513792e+00 9.761741e-01 1.734805e+00 -2.070551e+00 -1.285819e+00 -2.292476e+00 -4.949284e-01 -4.358201e-01 -4.765014e-01 5.640689e-01 -5.530803e-01 -1.391492e+00 -2.118466e+00 -1.762048e-01 6.087323e-02
<VARIANCE> 25
 8.772407e+00 2.298940e+01 2.710791e+01 2.563807e+01 4.150378e+01 3.535725e+01 4.739563e+01 3.273281e+01 3.955241e+01 3.656433e+01 3.039685e+01 2.563442e+01 3.525494e+00 3.360022e+00 3.266575e+00 3.825171e+00 5.617027e+00 5.158987e+00 6.832660e+00 5.871476e+00 5.836824e+00 5.748919e+00 4.362514e+00 3.751928e+00 2.414995e-03
<GCONST> 9.870876e+01
<MIXTURE> 70 1.329190e-02
<MEAN> 25
 7.191419e+00 -1.624487e+00 -4.345041e+00 -3.770874e+00 -4.129858e-01 -1.675426e+00 -7.194560e+00 -4.263669e+00 1.153270e+00 2.246909e+00 -1.706488e-01 -4.836743e+00 2.033805e+00 -9.539278e-01 -7.436433e-01 -2.379102e+00 -1.247911e+00 1.106780e+00 -1.189683e+00 -1.219575e-01 3.597650e-01 1.316848e-02 7.220125e-01 -1.480830e+00 5.458787e-02
<VARIANCE> 25
 1.036832e+01 2.255555e+01 2.864596e+01 4.408812e+01 3.325389e+01 5.327893e+01 4.885227e+01 4.179285e+01 4.836500e+01 3.502645e+01 4.162147e+01 2.519616e+01 3.437774e+00 3.371415e+00 4.458801e+00 4.967685e+00 5.623808e+00 6.129752e+00 6.520204e+00 6.993862e+00 5.753669e+00 5.043049e+00 5.446192e+00 3.974133e+00 2.514922e-03
<GCONST> 1.013995e+02
<MIXTURE> 71 1.406903e-02
<MEAN> 25
 6.199812e+00 5.143847e+00 4.270445e+00 3.028618e+00 -3.400177e+00 -3.276053e+00 -3.544127e+00 -6.435347e+00 -4.581132e+00 -2.389309e+00 -4.966263e+00 -3.126615e+00 -1.561327e+00 -6.966390e-01 -2.135416e-01 -1.731144e+00 1.055395e+00 -1.822471e-01 9.396705e-02 1.442377e+00 2.696495e-01 -1.075485e-01 6.781499e-01 1.705730e-01 4.064082e-02
<VARIANCE> 25
 1.920079e+01 2.500139e+01 2.373679e+01 4.411773e+01 3.961321e+01 4.043246e+01 4.190025e+01 4.154263e+01 3.875243e+01 4.345129e+01 3.718031e+01 3.377898e+01 1.721971e+00 2.978386e+00 5.250742e+00 4.890861e+00 4.771682e+00 4.816887e+00 4.947461e+00 5.436454e+00 4.187387e+00 4.086968e+00 3.655736e+00 3.310330e+00 1.411286e-03
<GCONST> 9.855735e+01
<MIXTURE> 72 8.134747e-03
<MEAN> 25
 3.239597e+00 -3.221699e+00 4.718317e+00 -1.827425e+00 -8.903196e+00 -9.896594e+00 -1.038473e+00 2.994187e+00 -5.074803e+00 -2.138778e+00 -1.704011e+00 1.539520e+00 8.491693e-01 -5.994489e-01 -2.823895e+00 6.855029e-01 1.995363e+00 -8.354802e-01 -1.503180e+00 1.668680e+00 1.906851e+00 -1.051464e+00 -1.354975e+00 3.659637e-01 -6.165520e-03
<VARIANCE> 25
 1.017158e+01 1.704058e+01 3.065860e+01 3.366226e+01 3.635557e+01 2.910752e+01 4.455281e+01 3.488321e+01 3.807679e+01 3.509949e+01 3.351586e+01 2.734790e+01 3.907281e-01 9.926800e-01 1.999551e+00 1.533112e+00 1.909287e+00 2.535336e+00 2.950072e+00 2.816567e+00 2.213051e+00 3.643929e+00 1.794087e+00 2.069313e+00 4.643956e-04
<GCONST> 8.596480e+01
<MIXTURE> 73 1.213625e-02
<MEAN> 25
 -5.780038e+00 -1.310614e+00 -1.298697e+00 5.927201e+00 3.386972e+00 2.070582e+00 5.045663e+00 2.919611e+00 3.610116e+00 2.833533e+00 3.896503e+00 2.709528e+00 5.586759e-01 -5.643895e-01 -9.009162e-01 -2.411340e+00 -1.637851e+00 -2.156222e+00 -1.045243e+00 -7.433615e-01 -9.559115e-01 -7.001804e-01 -1.017327e+00 -1.640103e-01 1.382952e-01
<VARIANCE> 25
 1.352357e+01 1.242212e+01 1.511789e+01 2.234870e+01 2.215275e+01 2.421041e+01 1.649172e+01 1.647286e+01 1.647964e+01 1.877256e+01 2.025220e+01 1.383003e+01 4.026013e+00 3.138041e+00 5.527527e+00 4.174629e+00 5.260621e+00 5.373590e+00 3.768831e+00 3.682758e+00 3.272614e+00 3.512366e+00 2.935215e+00 2.706841e+00 4.092657e-03
<GCONST> 9.081562e+01
<MIXTURE> 74 1.756491e-02
<MEAN> 25
 3.936450e+00 -1.088999e+00 4.842267e+00 -9.401783e-01 -8.517022e+00 -8.691031e+00 -2.295449e+00 7.145020e-01 -3.302516e+00 -2.579650e+00 -1.425641e+00 1.080823e+00 2.905323e-01 1.856269e+00 9.702662e-02 1.689830e+00 1.299612e+00 9.772071e-01 -3.473961e-02 -1.063032e+00 2.007300e-01 1.092453e-01 -2.483099e-01 -2.937612e-01 -7.831553e-02
<VARIANCE> 25
 1.201821e+01 2.068192e+01 3.382420e+01 3.442405e+01 3.341242e+01 3.664024e+01 4.619481e+01 4.029550e+01 4.614986e+01 3.949418e+01 3.855493e+01 3.600859e+01 1.812040e+00 2.042655e+00 3.425102e+00 2.343346e+00 3.525921e+00 5.491597e+00 4.376397e+00 4.289178e+00 3.698140e+00 3.597302e+00 3.240577e+00 3.040149e+00 1.572509e-03
<GCONST> 9.561329e+01
<MIXTURE> 75 9.711651e-03
<MEAN> 25
 2.644813e+00 -1.115338e+00 1.079697e+01 1.714082e+00 -1.170815e+01 -7.777478e+00 -4.507111e+00 -3.776711e-01 -4.403378e+00 -4.540592e+00 3.152560e+00 4.190936e-01 1.745346e+00 -1.696109e+00 2.022486e-01 -2.729788e-01 -2.378489e+00 -6.302670e-01 -1.459456e+00 9.388579e-01 -1.386197e-01 -3.063717e-01 1.023923e+00 -5.459313e-01 3.907770e-02
<VARIANCE> 25
 1.087786e+01 1.792830e+01 3.156941e+01 2.715952e+01 2.680045e+01 3.301967e+01 3.126205e+01 3.076094e+01 3.332229e+01 3.103474e+01 2.036383e+01 2.361252e+01 2.322206e+00 2.029823e+00 4.184825e+00 2.474779e+00 3.818259e+00 4.737420e+00 4.117991e+00 3.446781e+00 3.861509e+00 3.379424e+00 3.154603e+00 2.727304e+00 1.517455e-03
<GCONST> 9.241139e+01
<MIXTURE> 76 1.052359e-02
<MEAN> 25
 -6.093516e+00 -1.519334e+00 -2.292913e+00 4.431728e+00 3.384436e+00 2.378537e+00 4.187388e+00 1.985526e+00 2.113431e+00 7.351269e-02 1.400715e+00 1.820582e+00 -1.165055e-01 -4.170862e-01 -2.242835e-01 -7.067795e-01 -6.553715e-01 -9.938145e-01 -5.540559e-01 -3.787172e-01 -4.956499e-01 -3.511873e-01 -2.002659e-01 -8.488850e-02 2.064480e-02
<VARIANCE> 25
 3.479648e+01 2.633309e+01 2.880674e+01 2.468839e+01 3.035579e+01 3.026940e+01 2.573714e+01 2.403112e+01 2.186453e+01 2.513457e+01 2.390860e+01 1.857417e+01 1.106308e+00 1.246063e+00 1.384005e+00 1.225542e+00 1.673461e+00 1.915112e+00 1.733980e+00 1.597964e+00 1.384870e+00 1.560109e+00 1.631104e+00 1.341475e+00 1.192363e-03
<GCONST> 8.284451e+01
<MIXTURE> 77 1.244626e-02
<MEAN> 25
 -1.097671e+00 8.161527e+00 1.140496e+01 -1.033893e+01 -6.375606e+00 3.031726e-01 -1.012738e+01 -6.275531e+00 -2.374188e+00 -2.692966e-01 -3.614413e+00 -1.582012e+00 1.613905e-01 4.250041e-02 7.083824e-02 4.118803e-01 4.620614e-02 1.096290e-01 -2.013581e-01 -3.973268e-02 -1.416081e-01 3.157742e-02 5.578576e-02 1.626772e-01 -9.177711e-03
<VARIANCE> 25
 9.394670e+00 1.804411e+01 2.501990e+01 3.904261e+01 2.796303e+01 2.807435e+01 5.133500e+01 2.939249e+01 3.066692e+01 2.716574e+01 3.305105e+01 2.778777e+01 3.394166e-01 6.923977e-01 5.623218e-01 1.044675e+00 1.006766e+00 1.256678e+00 1.246520e+00 8.713785e-01 1.061019e+00 9.216893e-01 8.091945e-01 8.159574e-01 5.237866e-04
<GCONST> 7.584278e+01
<MIXTURE> 78 9.702551e-03
<MEAN> 25
 -1.132901e+01 1.122440e+00 -1.631084e+00 2.305490e+00 4.282653e+00 -2.331747e+00 3.641232e+00 2.617150e+00 2.606969e+00 6.577054e-01 -5.013450e-01 3.032124e+00 2.333085e+00 -2.574879e-01 2.015339e-01 5.864233e-01 -3.842740e-02 5.765442e-02 -3.136485e-01 -9.904304e-02 2.007014e-01 1.446307e-01 -3.390534e-01 -4.804506e-01 -6.105754e-02
<VARIANCE> 25
 4.305373e+01 3.275189e+01 3.265419e+01 3.219328e+01 4.008505e+01 3.796225e+01 3.630888e+01 3.243810e+01 2.774612e+01 2.768724e+01 2.694196e+01 1.996607e+01 4.998567e+00 2.549722e+00 2.863712e+00 3.017689e+00 2.829993e+00 3.757135e+00 3.225969e+00 2.787209e+00 2.313607e+00 2.322250e+00 2.264733e+00 2.134711e+00 4.666093e-03
<GCONST> 9.463849e+01
<MIXTURE> 79 1.156824e-02
<MEAN> 25
 1.412753e+00 1.260629e+00 8.887338e+00 -5.515668e+00 -9.420233e+00 -3.603176e-01 -1.391581e+00 -5.693759e+00 -5.718616e+00 2.063677e+00 -2.035153e+00 -1.889676e+00 1.111826e+00 -5.494348e-01 -1.583418e+00 2.232910e+00 3.221222e-01 -1.286310e+00 1.316862e+00 1.179965e+00 -5.908211e-01 -6.101868e-01 4.496340e-01 1.504643e-01 -2.761283e-02
<VARIANCE> 25
 1.258445e+01 1.889907e+01 2.526994e+01 3.935446e+01 2.980326e+01 3.822781e+01 5.285899e+01 2.854381e+01 2.977604e+01 3.649808e+01 3.245592e+01 2.262062e+01 1.000280e+00 1.512752e+00 1.542348e+00 1.546098e+00 1.704867e+00 3.302030e+00 3.943362e+00 3.749713e+00 1.898841e+00 2.536196e+00 1.525037e+00 1.643435e+00 9.941342e-04
<GCONST> 8.754975e+01
<MIXTURE> 80 7.550998e-03
<MEAN> 25
 -1.460790e+01 3.982509e+00 6.890366e-01 2.866358e+00 2.449106e+00 1.410486e+00 6.396923e+00 2.496608e+00 2.719522e+00 2.373049e+00 4.852482e+00 1.186996e+00 4.286035e+00 -1.586371e-02 1.637817e+00 -1.135642e+00 -2.889446e+00 -2.777614e+00 -2.323254e+00 -2.021400e+00 -1.974928e+00 -1.685085e+00 -1.650795e+00 -6.026019e-01 -4.422370e-02
<VARIANCE> 25
 2.095551e+01 1.984830e+01 3.444458e+01 3.470737e+01 3.018015e+01 2.920966e+01 2.828543e+01 2.855324e+01 2.674528e+01 2.881268e+01 2.685454e+01 1.810605e+01 2.358236e+00 2.666286e+00 2.673310e+00 4.119728e+00 3.393940e+00 2.705194e+00 3.025166e+00 3.203976e+00 2.749108e+00 2.701747e+00 2.782047e+00 2.145999e+00 1.512957e-03
<GCONST> 9.139789e+01
<MIXTURE> 81 8.025434e-03
<MEAN> 25
 -1.193703e+00 3.907893e+00 1.015697e+01 -1.341885e+01 -8.173209e+00 -1.360725e+00 -7.104529e+00 -7.752838e+00 -3.604059e+00 4.967771e-01 -6.274232e+00 -1.567646e+00 1.560337e-01 -5.755276e-01 5.184950e-02 -7.121547e-01 -3.157596e-01 2.869613e-01 5.685689e-01 1.413137e-01 -1.902630e-01 3.268223e-01 -4.928313e-01 1.000754e-01 1.110437e-02
<VARIANCE> 25
 8.766727e+00 2.976097e+01 2.136223e+01 3.050491e+01 3.040696e+01 2.739387e+01 6.401012e+01 2.563340e+01 3.354213e+01 3.052611e+01 2.701031e+01 2.870776e+01 9.659174e-01 2.089239e+00 1.341191e+00 3.067162e+00 2.270506e+00 2.557989e+00 4.154104e+00 1.888863e+00 2.245486e+00 2.330171e+00 2.169306e+00 2.004787e+00 9.878103e-04
<GCONST> 8.784381e+01
<MIXTURE> 82 8.213053e-03
<MEAN> 25
 -9.812972e+00 -3.834955e+00 2.000660e+00 -2.646439e+00 2.774713e+00 1.166683e+00 2.096194e+00 8.157939e-01 2.808506e+00 1.681253e+00 1.631986e+00 2.897449e+00 -1.266587e+00 1.409845e-02 3.562088e-01 -2.610761e+00 -1.108819e+00 -1.251061e+00 -1.213298e+00 -9.145085e-01 -2.954854e-01 -5.250996e-01 -4.007246e-01 -7.271307e-02 1.724315e-01
<VARIANCE> 25
 1.762433e+01 2.378961e+01 3.425769e+01 3.180286e+01 3.342433e+01 3.676381e+01 3.121263e+01 3.164585e+01 3.023651e+01 2.395036e+01 3.042916e+01 1.723652e+01 3.657946e+00 3.292219e+00 3.355619e+00 3.157192e+00 3.413443e+00 3.276338e+00 3.712918e+00 2.943920e+00 2.716068e+00 2.431566e+00 2.457180e+00 1.831138e+00 3.857939e-03
<GCONST> 9.332446e+01
<MIXTURE> 83 1.167529e-02
<MEAN> 25
 -2.004039e+01 5.504039e+00 -1.789595e+00 -4.047129e-01 7.828971e+00 -1.234186e+00 5.460103e+00 3.044452e+00 1.192151e+00 2.190864e+00 7.246509e-01 2.881422e+00 -2.635869e-02 -4.501942e-01 4.950554e-03 -3.655701e-01 -4.974302e-01 -1.259018e-01 -1.342907e-01 -9.946805e-02 -4.148745e-02 -3.911961e-02 -3.055478e-02 -3.469085e-02 4.404416e-03
<VARIANCE> 25
 8.822560e+00 1.645470e+01 2.851179e+01 2.248780e+01 2.128372e+01 2.408032e+01 2.202653e+01 2.336355e+01 2.042986e+01 2.221796e+01 2.319551e+01 1.448892e+01 1.060947e+00 9.361792e-01 1.240868e+00 1.065655e+00 1.359396e+00 1.291383e+00 1.283487e+00 1.388131e+00 1.348991e+00 1.310829e+00 1.220750e+00 1.071636e+00 8.923844e-04
<GCONST> 7.703609e+01
<MIXTURE> 84 1.066614e-02
<MEAN> 25
 1.060163e+00 8.507183e+00 6.756494e+00 7.765143e+00 2.560686e+00 -2.995128e-01 -1.426821e+00 -4.094956e+00 -3.617923e+00 -3.132288e+00 -2.546768e+00 -1.219011e+00 -1.817298e+00 -1.032161e+00 -1.168670e+00 1.310468e+00 2.101678e+00 1.810241e+00 1.331044e+00 1.177756e+00 9.882585e-01 3.052792e-01 4.711445e-01 1.858735e-01 -6.884932e-02
<VARIANCE> 25
 2.157675e+01 1.956688e+01 2.180952e+01 2.231677e+01 2.746667e+01 3.049147e+01 2.588599e+01 2.574776e+01 2.676231e+01 2.337459e+01 2.249364e+01 2.416268e+01 2.065360e+00 2.582000e+00 3.518948e+00 3.116955e+00 3.279387e+00 4.024159e+00 3.111747e+00 3.194633e+00 3.425172e+00 3.059455e+00 3.297827e+00 3.033454e+00 3.341907e-03
<GCONST> 9.204588e+01
<MIXTURE> 85 7.591393e-03
<MEAN> 25
 -2.966362e+00 7.629679e+00 5.391478e+00 1.114360e+00 -3.607743e+00 -5.095928e+00 -3.481650e+00 -5.922270e+00 -3.219642e+00 -3.329477e+00 -6.431217e-01 -1.796053e+00 3.825972e+00 5.126683e-01 1.592489e+00 -2.237532e+00 -3.213869e+00 -2.617052e+00 -2.964888e+00 -2.205905e+00 -1.965548e+00 -1.229280e+00 -2.154249e+00 -6.114905e-01 1.043070e-02
<VARIANCE> 25
 3.981418e+01 2.289881e+01 4.077357e+01 3.685947e+01 3.760365e+01 4.339028e+01 3.414676e+01 2.664182e+01 2.600185e+01 2.494156e+01 2.476814e+01 2.010665e+01 2.836218e+00 4.447199e+00 4.140402e+00 5.181310e+00 4.683951e+00 3.647933e+00 4.341799e+00 3.931014e+00 4.590570e+00 3.789304e+00 3.937438e+00 3.309437e+00 5.070793e-03
<GCONST> 9.838851e+01
<MIXTURE> 86 1.273941e-02
<MEAN> 25
 -3.733847e+00 -1.226729e+00 -2.981788e-01 6.342673e+00 4.283890e+00 5.145802e+00 4.952708e+00 4.597741e+00 4.705263e+00 2.880764e+00 4.690297e+00 2.669365e+00 -8.745774e-02 -2.039273e-02 1.014667e-02 -8.384142e-02 -1.952685e-01 -1.558290e-01 -2.192435e-01 -4.110235e-01 -2.867586e-01 -2.223855e-01 -2.397617e-01 -2.218114e-01 2.502270e-04
<VARIANCE> 25
 1.116944e+01 5.175242e+00 9.960827e+00 1.040081e+01 1.461800e+01 1.368586e+01 1.264916e+01 1.177547e+01 1.067390e+01 1.614337e+01 1.407024e+01 1.018598e+01 1.206081e-01 1.968501e-01 2.975358e-01 4.524634e-01 5.862461e-01 6.702380e-01 7.658620e-01 7.058876e-01 8.465722e-01 1.099744e+00 1.005911e+00 7.996439e-01 5.228998e-05
<GCONST> 5.761830e+01
<MIXTURE> 87 1.100681e-02
<MEAN> 25
 -3.006460e+00 3.959809e+00 2.975624e+00 7.318508e+00 5.174617e+00 1.482864e+00 1.004518e+00 -1.122775e+00 -1.629420e-01 -1.227826e+00 -8.533614e-01 2.936157e-01 -2.182442e+00 -2.772142e+00 -2.273730e+00 -1.504372e+00 2.054640e-01 -7.878278e-01 7.025886e-01 1.165160e+00 1.075291e+00 1.159748e+00 8.763462e-01 8.519948e-01 1.025706e-01
<VARIANCE> 25
 3.313993e+01 2.798888e+01 2.517946e+01 3.367188e+01 2.628898e+01 3.299289e+01 2.580955e+01 2.361612e+01 2.275863e+01 2.200221e+01 2.166878e+01 2.006628e+01 3.260008e+00 2.339592e+00 3.560630e+00 5.448041e+00 4.465914e+00 5.452624e+00 3.593403e+00 3.457885e+00 3.524141e+00 2.940795e+00 2.941329e+00 2.449556e+00 4.204259e-03
<GCONST> 9.454194e+01
<MIXTURE> 88 1.256585e-02
<MEAN> 25
 -2.741816e+00 -1.279058e+00 -3.545585e-01 5.552576e+00 3.143034e+00 4.700675e+00 4.270439e+00 2.906131e+00 3.293859e+00 1.906606e+00 2.411944e+00 1.828780e+00 -1.269132e-01 9.314588e-02 1.341968e-01 3.603155e-01 1.284496e-01 1.709751e-01 1.125552e-01 -2.426885e-01 -3.832873e-01 -2.961165e-01 6.821497e-02 -1.526490e-01 -2.244232e-03
<VARIANCE> 25
 1.031209e+01 7.634387e+00 1.468018e+01 1.181187e+01 1.937058e+01 1.893743e+01 1.835534e+01 1.804612e+01 1.868432e+01 1.902300e+01 1.961135e+01 1.388696e+01 1.551048e+00 1.260423e+00 2.131900e+00 1.968515e+00 2.973516e+00 2.566896e+00 2.283024e+00 2.472327e+00 2.305215e+00 1.868166e+00 2.153977e+00 2.132051e+00 1.478444e-03
<GCONST> 8.099219e+01
<MIXTURE> 89 9.333527e-03
<MEAN> 25
 5.570845e+00 -5.714220e+00 -4.145506e+00 -2.927826e+00 -1.152387e+00 -5.649847e+00 -5.982965e+00 4.173695e+00 2.924156e+00 -2.696279e+00 -6.033031e+00 -3.060200e+00 -5.406215e-01 9.292920e-02 1.917352e+00 8.807091e-01 -1.670230e+00 -1.665503e+00 6.979367e-01 1.241281e+00 -5.486670e-01 -1.406547e+00 3.413530e-01 1.623131e+00 -3.732445e-03
<VARIANCE> 25
 1.000134e+01 3.349433e+01 3.042716e+01 2.757654e+01 3.404051e+01 3.763463e+01 5.376714e+01 3.784761e+01 3.729232e+01 3.848410e+01 3.212681e+01 2.942691e+01 3.236966e-01 7.855751e-01 1.359886e+00 1.185936e+00 2.020619e+00 1.909468e+00 2.574376e+00 1.846173e+00 2.474355e+00 1.992035e+00 2.123028e+00 1.382763e+00 3.403787e-04
<GCONST> 8.409189e+01
<MIXTURE> 90 7.114505e-03
<MEAN> 25
 2.444453e+00 -9.701156e+00 -4.755299e+00 -3.957223e+00 -3.357317e+00 -1.804982e+00 3.350295e+00 1.192237e+00 -7.514990e+00 -1.019107e+01 -3.433026e+00 -7.295994e-01 -1.623706e-01 9.078647e-01 1.168367e+00 -8.512459e-01 -1.612016e+00 -2.109765e-01 6.440301e-01 -2.100046e-01 -1.651665e-01 7.378429e-01 1.871886e-01 -5.485578e-01 -1.119890e-02
<VARIANCE> 25
 8.475442e+00 1.794485e+01 1.977147e+01 2.812319e+01 3.705326e+01 3.217690e+01 3.853132e+01 3.635293e+01 3.525114e+01 2.787707e+01 2.695911e+01 2.611425e+01 2.238715e-01 6.119238e-01 7.860609e-01 1.045211e+00 1.468214e+00 1.591393e+00 1.778824e+00 1.651429e+00 1.814161e+00 1.675660e+00 1.499913e+00 1.307612e+00 2.157402e-04
<GCONST> 7.815362e+01
<MIXTURE> 91 7.852945e-03
<MEAN> 25
 5.717820e+00 -7.245823e+00 -8.646796e+00 -4.632238e+00 5.105284e+00 1.086782e-01 -2.712641e+00 1.149795e+00 2.460494e-01 -2.623639e+00 -5.257039e+00 -4.544616e+00 2.150082e-01 9.243644e-01 2.508219e-01 5.416983e-01 -2.633106e-01 -3.235543e-01 -3.399268e-01 -1.099231e-01 -7.514191e-02 3.309216e-01 -1.377852e-01 1.769232e-01 -3.658949e-02
<VARIANCE> 25
 1.133824e+01 2.128585e+01 1.797225e+01 3.791754e+01 4.034235e+01 4.994185e+01 4.964495e+01 3.560614e+01 4.693904e+01 5.717661e+01 3.471270e+01 3.861528e+01 4.032709e-01 8.269350e-01 1.038806e+00 1.305141e+00 2.223137e+00 2.471228e+00 2.181710e+00 2.107334e+00 2.010078e+00 2.202582e+00 1.820116e+00 1.676286e+00 5.482491e-04
<GCONST> 8.566868e+01
<MIXTURE> 92 7.852945e-03
<MEAN> 25
 5.717820e+00 -7.245823e+00 -8.646796e+00 -4.632238e+00 5.105284e+00 1.086782e-01 -2.712641e+00 1.149795e+00 2.460494e-01 -2.623639e+00 -5.257039e+00 -4.544616e+00 2.150082e-01 9.243644e-01 2.508219e-01 5.416983e-01 -2.633106e-01 -3.235543e-01 -3.399268e-01 -1.099231e-01 -7.514191e-02 3.309216e-01 -1.377852e-01 1.769232e-01 -3.658949e-02
<VARIANCE> 25
 1.133824e+01 2.128585e+01 1.797225e+01 3.791754e+01 4.034235e+01 4.994185e+01 4.964495e+01 3.560614e+01 4.693904e+01 5.717661e+01 3.471270e+01 3.861528e+01 4.032709e-01 8.269350e-01 1.038806e+00 1.305141e+00 2.223137e+00 2.471228e+00 2.181710e+00 2.107334e+00 2.010078e+00 2.202582e+00 1.820116e+00 1.676286e+00 5.482491e-04
<GCONST> 8.566868e+01
<MIXTURE> 93 6.122769e-03
<MEAN> 25
 -6.734449e+00 -9.612171e-01 -2.332143e+00 5.798583e+00 5.860994e+00 3.979426e+00 6.096751e+00 3.604759e+00 4.118344e+00 2.491619e+00 1.764893e+00 3.725014e+00 -6.186038e-02 -1.584098e-01 -2.613188e-01 -3.324475e-01 -3.378506e-01 -2.816573e-01 -2.297826e-01 -1.863577e-01 -1.543287e-01 -1.367653e-01 -1.080926e-01 -3.791955e-02 -1.493509e-05
<VARIANCE> 25
 9.699822e+00 5.963141e+00 8.575758e+00 1.125498e+01 1.157171e+01 1.610350e+01 1.518817e+01 1.626948e+01 1.459336e+01 1.441344e+01 1.688721e+01 1.334636e+01 8.186341e-02 1.531546e-01 2.631595e-01 3.772036e-01 4.955662e-01 6.359301e-01 7.861423e-01 8.919604e-01 9.241427e-01 8.945735e-01 8.859206e-01 9.086580e-01 1.023350e-06
<GCONST> 5.368003e+01
<MIXTURE> 94 6.122769e-03
<MEAN> 25
 -6.734449e+00 -9.612171e-01 -2.332143e+00 5.798583e+00 5.860994e+00 3.979426e+00 6.096751e+00 3.604759e+00 4.118344e+00 2.491619e+00 1.764893e+00 3.725014e+00 -6.186038e-02 -1.584098e-01 -2.613188e-01 -3.324475e-01 -3.378506e-01 -2.816573e-01 -2.297826e-01 -1.863577e-01 -1.543287e-01 -1.367653e-01 -1.080926e-01 -3.791955e-02 -1.493509e-05
<VARIANCE> 25
 9.699822e+00 5.963141e+00 8.575758e+00 1.125498e+01 1.157171e+01 1.610350e+01 1.518817e+01 1.626948e+01 1.459336e+01 1.441344e+01 1.688721e+01 1.334636e+01 8.186341e-02 1.531546e-01 2.631595e-01 3.772036e-01 4.955662e-01 6.359301e-01 7.861423e-01 8.919604e-01 9.241427e-01 8.945735e-01 8.859206e-01 9.086580e-01 1.023350e-06
<GCONST> 5.368003e+01
<MIXTURE> 95 5.258835e-03
<MEAN> 25
 -4.963951e+00 -9.343671e-01 -2.036900e+00 4.684206e+00 3.551198e+00 2.959295e+00 3.697981e+00 1.619691e+00 2.338977e+00 1.016322e+00 1.324894e+00 2.636479e+00 1.393673e-01 1.052140e-01 1.218877e-01 -7.402474e-02 -4.346937e-01 -6.819896e-01 -1.027547e+00 -1.326779e+00 -1.224990e+00 -9.742656e-01 -4.783948e-01 -3.170607e-01 2.414193e-04
<VARIANCE> 25
 1.488803e+01 6.346884e+00 1.178184e+01 1.214183e+01 1.592326e+01 1.730013e+01 1.833443e+01 1.606530e+01 1.429663e+01 1.544489e+01 1.915288e+01 1.295132e+01 1.938043e-01 2.811296e-01 4.405180e-01 5.912582e-01 7.754954e-01 8.269719e-01 8.546017e-01 9.092594e-01 9.232861e-01 1.003570e+00 1.313911e+00 1.018821e+00 4.060025e-05
<GCONST> 6.282559e+01
<MIXTURE> 96 7.034694e-03
<MEAN> 25
 -4.785066e+00 -4.668485e-01 -2.169239e+00 5.134661e+00 3.718836e+00 1.976116e+00 3.348329e+00 1.673150e+00 2.497909e+00 7.898039e-01 1.117655e+00 2.723670e+00 -4.034222e-02 7.865833e-02 2.159408e-01 4.030809e-01 5.142647e-01 4.685898e-01 2.537824e-01 -1.288863e-01 -4.656897e-01 -6.726745e-01 -5.941358e-01 -3.793021e-01 7.953292e-06
<VARIANCE> 25
 1.211532e+01 9.546846e+00 1.363345e+01 1.374705e+01 1.483253e+01 1.973574e+01 1.796928e+01 1.885633e+01 1.731516e+01 1.690501e+01 1.934264e+01 1.429535e+01 1.165747e-01 2.127474e-01 3.218511e-01 3.787737e-01 5.263334e-01 6.542727e-01 8.456578e-01 9.778474e-01 9.144562e-01 8.632402e-01 8.593183e-01 8.995191e-01 1.026430e-06
<GCONST> 5.739628e+01
<MIXTURE> 97 7.034694e-03
<MEAN> 25
 -4.785066e+00 -4.668485e-01 -2.169239e+00 5.134661e+00 3.718836e+00 1.976116e+00 3.348329e+00 1.673150e+00 2.497909e+00 7.898039e-01 1.117655e+00 2.723670e+00 -4.034222e-02 7.865833e-02 2.159408e-01 4.030809e-01 5.142647e-01 4.685898e-01 2.537824e-01 -1.288863e-01 -4.656897e-01 -6.726745e-01 -5.941358e-01 -3.793021e-01 7.953292e-06
<VARIANCE> 25
 1.211532e+01 9.546846e+00 1.363345e+01 1.374705e+01 1.483253e+01 1.973574e+01 1.796928e+01 1.885633e+01 1.731516e+01 1.690501e+01 1.934264e+01 1.429535e+01 1.165747e-01 2.127474e-01 3.218511e-01 3.787737e-01 5.263334e-01 6.542727e-01 8.456578e-01 9.778474e-01 9.144562e-01 8.632402e-01 8.593183e-01 8.995191e-01 1.026430e-06
<GCONST> 5.739628e+01
<MIXTURE> 98 9.917808e-03
<MEAN> 25
 -1.272582e+00 9.332588e-01 9.397889e-02 4.670287e+00 2.962729e+00 3.069656e+00 2.671616e+00 1.556800e+00 1.771001e+00 2.347414e-01 5.787480e-01 1.219846e+00 -1.757153e+00 -1.366619e+00 -9.947291e-01 2.865845e-01 7.372622e-01 9.272392e-01 1.177275e+00 1.326248e+00 1.395717e+00 1.063234e+00 1.325279e+00 6.979104e-01 -3.080558e-02
<VARIANCE> 25
 1.372274e+01 1.869953e+01 2.934643e+01 2.952306e+01 4.054930e+01 3.436563e+01 2.961831e+01 2.638776e+01 2.553642e+01 3.024891e+01 2.692995e+01 2.223030e+01 1.378556e+00 1.474213e+00 2.149787e+00 2.316910e+00 2.795060e+00 3.440146e+00 2.609653e+00 2.664388e+00 2.894489e+00 2.698586e+00 2.411774e+00 2.479656e+00 2.364347e-03
<GCONST> 8.951802e+01
<MIXTURE> 99 6.696178e-03
<MEAN> 25
 -6.169409e+00 9.800954e+00 6.488862e+00 3.426328e+00 7.826458e-01 -5.313147e+00 -1.891466e+00 -3.880650e+00 -3.346768e+00 -3.686535e+00 -1.567325e+00 4.434644e-01 5.473847e-01 -6.807623e-01 3.562308e-01 -3.633808e-01 -1.116879e+00 -4.792179e-01 -3.431542e-01 -2.629497e-01 -1.231589e-01 -1.896742e-02 2.494801e-01 1.404296e-01 9.631230e-03
<VARIANCE> 25
 3.658346e+01 2.522073e+01 4.813554e+01 3.097788e+01 3.609695e+01 3.603606e+01 2.870988e+01 3.027406e+01 2.647853e+01 2.718842e+01 2.012567e+01 2.924836e+01 2.173942e+00 1.889027e+00 1.453402e+00 1.714213e+00 2.594215e+00 2.407902e+00 1.646156e+00 1.609416e+00 1.533516e+00 1.560462e+00 1.326173e+00 1.374217e+00 1.599486e-03
<GCONST> 8.714317e+01
<MIXTURE> 100 4.498084e-03
<MEAN> 25
 -1.605298e+00 6.345051e+00 1.026312e+01 -7.461636e+00 -1.074993e+01 -5.050401e+00 -4.977495e+00 -9.925604e+00 -4.681149e+00 -8.470082e-01 -2.711771e+00 -2.696617e+00 2.905519e+00 -1.244495e+00 1.290663e+00 -2.187879e+00 -3.399010e+00 -7.956698e-01 -1.227721e+00 -8.159757e-01 -1.462562e+00 3.458796e-01 -1.646246e+00 -2.822122e-01 2.172813e-03
<VARIANCE> 25
 1.355578e+01 2.099908e+01 2.240308e+01 2.631917e+01 2.317270e+01 2.387146e+01 2.976016e+01 2.192172e+01 2.756766e+01 2.258334e+01 2.238910e+01 2.136564e+01 1.815008e+00 3.996070e+00 2.921295e+00 4.291483e+00 4.227909e+00 4.559496e+00 4.096207e+00 4.319428e+00 4.182974e+00 3.876697e+00 3.914155e+00 3.216249e+00 1.670419e-03
<GCONST> 9.264455e+01
<MIXTURE> 101 6.007792e-03
<MEAN> 25
 7.302920e+00 -2.619497e+00 -6.489435e+00 -6.545857e+00 8.135194e-01 -1.647388e+00 -9.087906e+00 -1.669637e+00 1.435200e+00 2.375527e+00 -2.077202e+00 -5.030225e+00 6.697721e-01 6.099087e-01 -1.304234e+00 -1.553523e+00 9.751730e-01 2.431072e+00 2.784981e-01 -1.337362e+00 -1.093160e+00 1.176890e+00 1.382331e+00 -5.732029e-01 -4.175934e-03
<VARIANCE> 25
 1.120510e+01 1.791661e+01 2.569266e+01 3.938240e+01 3.105627e+01 3.211341e+01 4.191969e+01 3.296627e+01 3.335856e+01 3.766618e+01 4.876054e+01 2.143572e+01 2.739152e-01 6.898787e-01 1.350097e+00 1.411227e+00 1.541625e+00 1.948642e+00 1.945765e+00 2.151975e+00 2.298750e+00 1.990911e+00 1.595547e+00 1.817629e+00 3.099956e-04
<GCONST> 8.241016e+01
<MIXTURE> 102 6.007792e-03
<MEAN> 25
 7.302920e+00 -2.619497e+00 -6.489435e+00 -6.545857e+00 8.135194e-01 -1.647388e+00 -9.087906e+00 -1.669637e+00 1.435200e+00 2.375527e+00 -2.077202e+00 -5.030225e+00 6.697721e-01 6.099087e-01 -1.304234e+00 -1.553523e+00 9.751730e-01 2.431072e+00 2.784981e-01 -1.337362e+00 -1.093160e+00 1.176890e+00 1.382331e+00 -5.732029e-01 -4.175934e-03
<VARIANCE> 25
 1.120510e+01 1.791661e+01 2.569266e+01 3.938240e+01 3.105627e+01 3.211341e+01 4.191969e+01 3.296627e+01 3.335856e+01 3.766618e+01 4.876054e+01 2.143572e+01 2.739152e-01 6.898787e-01 1.350097e+00 1.411227e+00 1.541625e+00 1.948642e+00 1.945765e+00 2.151975e+00 2.298750e+00 1.990911e+00 1.595547e+00 1.817629e+00 3.099956e-04
<GCONST> 8.241016e+01
<MIXTURE> 103 5.694618e-03
<MEAN> 25
 3.366960e+00 -9.458796e+00 -6.132682e+00 -3.097359e+00 -1.309001e+00 -1.964557e+00 2.432452e+00 2.508011e+00 -4.604811e+00 -9.238724e+00 -5.052128e+00 3.561587e-01 -1.587555e-01 -1.486576e+00 -9.811225e-01 3.736269e-01 1.215646e+00 1.019461e+00 1.565814e-01 -2.674572e-01 -7.795135e-01 -9.439229e-01 -3.512467e-02 1.190965e-01 2.689519e-02
<VARIANCE> 25
 1.032473e+01 2.048347e+01 2.293696e+01 3.176678e+01 4.826609e+01 3.497601e+01 4.632967e+01 3.665407e+01 4.208209e+01 2.941564e+01 3.006146e+01 2.640817e+01 6.429927e-01 1.252016e+00 1.538880e+00 1.941035e+00 2.925714e+00 2.408300e+00 2.887581e+00 2.575428e+00 2.559837e+00 2.525645e+00 2.095232e+00 2.018115e+00 8.084981e-04
<GCONST> 8.758326e+01
<MIXTURE> 104 5.694618e-03
<MEAN> 25
 3.366960e+00 -9.458796e+00 -6.132682e+00 -3.097359e+00 -1.309001e+00 -1.964557e+00 2.432452e+00 2.508011e+00 -4.604811e+00 -9.238724e+00 -5.052128e+00 3.561587e-01 -1.587555e-01 -1.486576e+00 -9.811225e-01 3.736269e-01 1.215646e+00 1.019461e+00 1.565814e-01 -2.674572e-01 -7.795135e-01 -9.439229e-01 -3.512467e-02 1.190965e-01 2.689519e-02
<VARIANCE> 25
 1.032473e+01 2.048347e+01 2.293696e+01 3.176678e+01 4.826609e+01 3.497601e+01 4.632967e+01 3.665407e+01 4.208209e+01 2.941564e+01 3.006146e+01 2.640817e+01 6.429927e-01 1.252016e+00 1.538880e+00 1.941035e+00 2.925714e+00 2.408300e+00 2.887581e+00 2.575428e+00 2.559837e+00 2.525645e+00 2.095232e+00 2.018115e+00 8.084981e-04
<GCONST> 8.758326e+01
<MIXTURE> 105 4.710235e-03
<MEAN> 25
 1.839916e+00 -1.278600e+00 9.053049e+00 -3.405486e+00 -1.112079e+01 -4.791339e+00 -3.326251e+00 -1.181751e+00 -3.454837e+00 -2.509882e+00 1.565720e+00 -1.494324e+00 6.500457e-03 3.751617e-02 6.913956e-02 -6.259120e-02 2.568747e-02 7.438812e-02 9.074391e-03 8.050020e-02 -1.952755e-02 -8.606227e-03 1.104904e-02 -4.855662e-02 -2.127392e-03
<VARIANCE> 25
 1.473485e+01 2.667185e+01 3.997193e+01 5.007164e+01 3.627932e+01 5.019053e+01 4.856955e+01 4.099605e+01 3.712471e+01 4.242999e+01 3.836856e+01 2.961255e+01 7.767035e-02 1.762653e-01 3.340212e-01 2.903215e-01 3.583505e-01 4.531419e-01 4.613847e-01 4.873189e-01 4.799252e-01 4.255399e-01 3.981530e-01 3.936233e-01 8.213300e-05
<GCONST> 6.624003e+01
<MIXTURE> 106 4.710235e-03
<MEAN> 25
 1.839916e+00 -1.278600e+00 9.053049e+00 -3.405486e+00 -1.112079e+01 -4.791339e+00 -3.326251e+00 -1.181751e+00 -3.454837e+00 -2.509882e+00 1.565720e+00 -1.494324e+00 6.500457e-03 3.751617e-02 6.913956e-02 -6.259120e-02 2.568747e-02 7.438812e-02 9.074391e-03 8.050020e-02 -1.952755e-02 -8.606227e-03 1.104904e-02 -4.855662e-02 -2.127392e-03
<VARIANCE> 25
 1.473485e+01 2.667185e+01 3.997193e+01 5.007164e+01 3.627932e+01 5.019053e+01 4.856955e+01 4.099605e+01 3.712471e+01 4.242999e+01 3.836856e+01 2.961255e+01 7.767035e-02 1.762653e-01 3.340212e-01 2.903215e-01 3.583505e-01 4.531419e-01 4.613847e-01 4.873189e-01 4.799252e-01 4.255399e-01 3.981530e-01 3.936233e-01 8.213300e-05
<GCONST> 6.624003e+01
<MIXTURE> 107 5.452374e-03
<MEAN> 25
 8.391953e+00 -2.338975e+00 -8.260752e+00 -9.625939e+00 2.557579e+00 2.815459e+00 -8.229087e+00 -4.424405e+00 -8.785912e-01 3.428138e+00 9.388657e-01 -5.117748e+00 -6.242788e-01 -8.177779e-01 7.804435e-01 1.706602e+00 3.131568e-01 -1.950704e+00 -8.782509e-01 9.132771e-01 1.789494e+00 1.748703e-02 -1.638583e+00 -7.533348e-01 -3.246177e-04
<VARIANCE> 25
 9.968288e+00 1.966633e+01 2.788930e+01 4.097050e+01 4.079187e+01 3.710959e+01 5.182961e+01 3.520946e+01 4.388136e+01 3.974233e+01 4.913643e+01 2.894834e+01 3.430184e-01 9.698102e-01 1.470673e+00 2.383272e+00 2.331688e+00 2.771623e+00 2.529536e+00 2.512396e+00 2.208684e+00 2.956031e+00 1.881273e+00 2.196366e+00 7.123789e-04
<GCONST> 8.773896e+01
<MIXTURE> 108 5.452374e-03
<MEAN> 25
 8.391953e+00 -2.338975e+00 -8.260752e+00 -9.625939e+00 2.557579e+00 2.815459e+00 -8.229087e+00 -4.424405e+00 -8.785912e-01 3.428138e+00 9.388657e-01 -5.117748e+00 -6.242788e-01 -8.177779e-01 7.804435e-01 1.706602e+00 3.131568e-01 -1.950704e+00 -8.782509e-01 9.132771e-01 1.789494e+00 1.748703e-02 -1.638583e+00 -7.533348e-01 -3.246177e-04
<VARIANCE> 25
 9.968288e+00 1.966633e+01 2.788930e+01 4.097050e+01 4.079187e+01 3.710959e+01 5.182961e+01 3.520946e+01 4.388136e+01 3.974233e+01 4.913643e+01 2.894834e+01 3.430184e-01 9.698102e-01 1.470673e+00 2.383272e+00 2.331688e+00 2.771623e+00 2.529536e+00 2.512396e+00 2.208684e+00 2.956031e+00 1.881273e+00 2.196366e+00 7.123789e-04
<GCONST> 8.773896e+01
<MIXTURE> 109 6.661064e-03
<MEAN> 25
 3.314036e+00 -9.355746e+00 -8.717654e+00 -2.708952e+00 6.583437e+00 -3.238344e-01 -4.633604e-01 2.143355e+00 -2.557269e+00 -6.730252e+00 -5.534807e+00 -9.371638e-02 -4.596720e-02 -6.545556e-02 6.678453e-03 4.400639e-01 8.947594e-02 9.716716e-02 -3.220144e-01 -1.154311e-02 -2.145731e-01 -7.022611e-02 1.219787e-02 1.266090e-01 -6.473371e-03
<VARIANCE> 25
 7.895127e+00 1.658620e+01 1.539296e+01 2.918221e+01 6.092641e+01 2.754532e+01 3.714883e+01 2.645780e+01 3.634050e+01 3.205818e+01 2.280954e+01 2.116921e+01 1.507866e-01 3.359827e-01 4.432855e-01 5.532015e-01 1.055503e+00 7.812438e-01 1.206217e+00 8.746701e-01 1.218558e+00 9.821376e-01 8.470963e-01 7.406145e-01 1.877296e-04
<GCONST> 7.109091e+01
<MIXTURE> 110 6.661064e-03
<MEAN> 25
 3.314036e+00 -9.355746e+00 -8.717654e+00 -2.708952e+00 6.583437e+00 -3.238344e-01 -4.633604e-01 2.143355e+00 -2.557269e+00 -6.730252e+00 -5.534807e+00 -9.371638e-02 -4.596720e-02 -6.545556e-02 6.678453e-03 4.400639e-01 8.947594e-02 9.716716e-02 -3.220144e-01 -1.154311e-02 -2.145731e-01 -7.022611e-02 1.219787e-02 1.266090e-01 -6.473371e-03
<VARIANCE> 25
 7.895127e+00 1.658620e+01 1.539296e+01 2.918221e+01 6.092641e+01 2.754532e+01 3.714883e+01 2.645780e+01 3.634050e+01 3.205818e+01 2.280954e+01 2.116921e+01 1.507866e-01 3.359827e-01 4.432855e-01 5.532015e-01 1.055503e+00 7.812438e-01 1.206217e+00 8.746701e-01 1.218558e+00 9.821376e-01 8.470963e-01 7.406145e-01 1.877296e-04
<GCONST> 7.109091e+01
<MIXTURE> 111 4.337247e-03
<MEAN> 25
 -3.425905e+00 -7.883959e-01 -1.784695e+00 1.920419e+00 5.272365e-01 1.326079e+00 9.474416e-02 1.914061e-01 3.441796e-01 -5.109556e-01 -4.230913e-01 1.674256e+00 -4.064281e-02 -4.173644e-02 -9.658953e-03 -5.697276e-02 -8.888759e-02 -3.766700e-02 -3.362390e-02 -5.683689e-02 -1.304720e-01 -2.939254e-01 -1.482029e-01 -1.446429e-01 6.322334e-05
<VARIANCE> 25
 1.043738e+01 6.031372e+00 1.257822e+01 8.830583e+00 1.319786e+01 2.282047e+01 1.437317e+01 1.199092e+01 1.134406e+01 1.247697e+01 1.317171e+01 1.140397e+01 7.471999e-02 1.583576e-01 2.813588e-01 3.772749e-01 5.846754e-01 6.940651e-01 9.274214e-01 1.016036e+00 8.250404e-01 8.467200e-01 8.483096e-01 7.920508e-01 2.035307e-05
<GCONST> 5.642155e+01
<MIXTURE> 112 4.337247e-03
<MEAN> 25
 -3.425905e+00 -7.883959e-01 -1.784695e+00 1.920419e+00 5.272365e-01 1.326079e+00 9.474416e-02 1.914061e-01 3.441796e-01 -5.109556e-01 -4.230913e-01 1.674256e+00 -4.064281e-02 -4.173644e-02 -9.658953e-03 -5.697276e-02 -8.888759e-02 -3.766700e-02 -3.362390e-02 -5.683689e-02 -1.304720e-01 -2.939254e-01 -1.482029e-01 -1.446429e-01 6.322334e-05
<VARIANCE> 25
 1.043738e+01 6.031372e+00 1.257822e+01 8.830583e+00 1.319786e+01 2.282047e+01 1.437317e+01 1.199092e+01 1.134406e+01 1.247697e+01 1.317171e+01 1.140397e+01 7.471999e-02 1.583576e-01 2.813588e-01 3.772749e-01 5.846754e-01 6.940651e-01 9.274214e-01 1.016036e+00 8.250404e-01 8.467200e-01 8.483096e-01 7.920508e-01 2.035307e-05
<GCONST> 5.642155e+01
<MIXTURE> 113 5.938666e-03
<MEAN> 25
 9.661485e+00 1.891337e+00 -8.379016e+00 -1.615965e+01 -8.168209e-01 5.045318e+00 -4.638390e+00 -1.392911e+00 -5.511534e+00 -5.019025e-01 4.910694e-01 -5.141224e-01 1.578148e-02 3.883245e-02 -1.392789e-02 -4.359130e-02 1.309070e-01 1.529353e-01 1.141834e-01 6.907430e-02 -1.180955e-01 -1.010112e-01 1.446692e-01 1.270035e-01 -1.922374e-03
<VARIANCE> 25
 8.780931e+00 1.491188e+01 2.810338e+01 3.741706e+01 4.782646e+01 3.339360e+01 3.961996e+01 3.542019e+01 3.391879e+01 4.203217e+01 3.323850e+01 2.694706e+01 1.192607e-01 3.067496e-01 3.448330e-01 6.516107e-01 5.796692e-01 6.208450e-01 7.618486e-01 8.239760e-01 9.193354e-01 8.736880e-01 6.888646e-01 7.858900e-01 1.180495e-04
<GCONST> 7.029628e+01
<MIXTURE> 114 5.938666e-03
<MEAN> 25
 9.661485e+00 1.891337e+00 -8.379016e+00 -1.615965e+01 -8.168209e-01 5.045318e+00 -4.638390e+00 -1.392911e+00 -5.511534e+00 -5.019025e-01 4.910694e-01 -5.141224e-01 1.578148e-02 3.883245e-02 -1.392789e-02 -4.359130e-02 1.309070e-01 1.529353e-01 1.141834e-01 6.907430e-02 -1.180955e-01 -1.010112e-01 1.446692e-01 1.270035e-01 -1.922374e-03
<VARIANCE> 25
 8.780931e+00 1.491188e+01 2.810338e+01 3.741706e+01 4.782646e+01 3.339360e+01 3.961996e+01 3.542019e+01 3.391879e+01 4.203217e+01 3.323850e+01 2.694706e+01 1.192607e-01 3.067496e-01 3.448330e-01 6.516107e-01 5.796692e-01 6.208450e-01 7.618486e-01 8.239760e-01 9.193354e-01 8.736880e-01 6.888646e-01 7.858900e-01 1.180495e-04
<GCONST> 7.029628e+01
<MIXTURE> 115 2.935202e-03
<MEAN> 25
 -3.544835e+00 -6.717884e-01 -3.211925e+00 3.550887e+00 2.139966e+00 -1.466157e-01 2.012414e+00 4.496395e-01 1.487139e+00 -3.645343e-03 -1.115183e-01 2.484447e+00 2.141511e-02 -6.835029e-02 -1.983038e-01 -4.024108e-01 -6.324799e-01 -6.520944e-01 -6.056651e-01 -5.404007e-01 -4.943778e-01 -4.867222e-01 -3.035965e-01 -1.887325e-01 1.218815e-04
<VARIANCE> 25
 1.092896e+01 1.005848e+01 1.512045e+01 1.204943e+01 1.336831e+01 1.806078e+01 1.657932e+01 1.972714e+01 1.689888e+01 1.676595e+01 1.852085e+01 1.477841e+01 1.920922e-01 3.277992e-01 4.761958e-01 5.417200e-01 5.953195e-01 7.391832e-01 9.770085e-01 1.156130e+00 1.015191e+00 9.756855e-01 1.019313e+00 9.958024e-01 1.161406e-06
<GCONST> 5.990766e+01
<MIXTURE> 116 2.935202e-03
<MEAN> 25
 -3.544835e+00 -6.717884e-01 -3.211925e+00 3.550887e+00 2.139966e+00 -1.466157e-01 2.012414e+00 4.496395e-01 1.487139e+00 -3.645343e-03 -1.115183e-01 2.484447e+00 2.141511e-02 -6.835029e-02 -1.983038e-01 -4.024108e-01 -6.324799e-01 -6.520944e-01 -6.056651e-01 -5.404007e-01 -4.943778e-01 -4.867222e-01 -3.035965e-01 -1.887325e-01 1.218815e-04
<VARIANCE> 25
 1.092896e+01 1.005848e+01 1.512045e+01 1.204943e+01 1.336831e+01 1.806078e+01 1.657932e+01 1.972714e+01 1.689888e+01 1.676595e+01 1.852085e+01 1.477841e+01 1.920922e-01 3.277992e-01 4.761958e-01 5.417200e-01 5.953195e-01 7.391832e-01 9.770085e-01 1.156130e+00 1.015191e+00 9.756855e-01 1.019313e+00 9.958024e-01 1.161406e-06
<GCONST> 5.990766e+01
<MIXTURE> 117 6.506003e-03
<MEAN> 25
 -4.620381e+00 1.110241e+00 1.068342e+00 9.744222e+00 6.242518e+00 6.267694e+00 6.452552e+00 5.037567e+00 6.375414e+00 4.912484e+00 6.330411e+00 2.721057e+00 -7.531447e-02 -2.352741e-01 -3.591293e-01 -4.198262e-01 -3.691532e-01 -3.012103e-01 -2.905127e-01 -3.345696e-01 -3.862645e-01 -3.623789e-01 -2.640643e-01 -1.163673e-01 -1.451717e-05
<VARIANCE> 25
 7.296291e+00 8.731371e+00 9.820419e+00 1.429853e+01 1.562708e+01 1.532479e+01 1.768437e+01 1.790370e+01 1.635948e+01 1.637494e+01 1.702897e+01 1.473057e+01 2.158558e-01 3.065931e-01 4.253730e-01 6.149098e-01 8.513902e-01 1.051692e+00 1.178167e+00 1.230949e+00 1.227990e+00 1.202807e+00 1.162898e+00 1.109205e+00 1.010128e-06
<GCONST> 6.044139e+01
<MIXTURE> 118 6.506003e-03
<MEAN> 25
 -4.620381e+00 1.110241e+00 1.068342e+00 9.744222e+00 6.242518e+00 6.267694e+00 6.452552e+00 5.037567e+00 6.375414e+00 4.912484e+00 6.330411e+00 2.721057e+00 -7.531447e-02 -2.352741e-01 -3.591293e-01 -4.198262e-01 -3.691532e-01 -3.012103e-01 -2.905127e-01 -3.345696e-01 -3.862645e-01 -3.623789e-01 -2.640643e-01 -1.163673e-01 -1.451717e-05
<VARIANCE> 25
 7.296291e+00 8.731371e+00 9.820419e+00 1.429853e+01 1.562708e+01 1.532479e+01 1.768437e+01 1.790370e+01 1.635948e+01 1.637494e+01 1.702897e+01 1.473057e+01 2.158558e-01 3.065931e-01 4.253730e-01 6.149098e-01 8.513902e-01 1.051692e+00 1.178167e+00 1.230949e+00 1.227990e+00 1.202807e+00 1.162898e+00 1.109205e+00 1.010128e-06
<GCONST> 6.044139e+01
<MIXTURE> 119 4.297961e-03
<MEAN> 25
 -4.562814e+00 -7.265266e+00 2.381017e+00 2.699337e+00 2.147906e+00 7.472993e-01 5.275567e+00 5.776764e+00 1.277240e+00 -2.856836e-02 6.089612e+00 1.577607e+00 -7.654586e-02 -5.649663e-02 5.736594e-02 -5.090187e-02 -1.195530e-01 -3.185638e-01 -2.981927e-02 3.339734e-02 -1.011233e-01 -9.091815e-02 3.315606e-02 -5.031322e-02 2.564257e-03
<VARIANCE> 25
 9.121956e+00 1.014404e+01 1.518238e+01 2.205236e+01 2.100069e+01 2.372694e+01 2.283143e+01 2.430154e+01 2.330846e+01 3.453941e+01 2.102249e+01 1.845441e+01 1.577292e-01 2.844623e-01 4.281574e-01 5.832631e-01 7.355004e-01 1.144717e+00 1.032054e+00 1.254323e+00 1.223465e+00 1.213737e+00 1.286481e+00 1.013159e+00 2.274136e-04
<GCONST> 6.933601e+01
<MIXTURE> 120 4.297961e-03
<MEAN> 25
 -4.562814e+00 -7.265266e+00 2.381017e+00 2.699337e+00 2.147906e+00 7.472993e-01 5.275567e+00 5.776764e+00 1.277240e+00 -2.856836e-02 6.089612e+00 1.577607e+00 -7.654586e-02 -5.649663e-02 5.736594e-02 -5.090187e-02 -1.195530e-01 -3.185638e-01 -2.981927e-02 3.339734e-02 -1.011233e-01 -9.091815e-02 3.315606e-02 -5.031322e-02 2.564257e-03
<VARIANCE> 25
 9.121956e+00 1.014404e+01 1.518238e+01 2.205236e+01 2.100069e+01 2.372694e+01 2.283143e+01 2.430154e+01 2.330846e+01 3.453941e+01 2.102249e+01 1.845441e+01 1.577292e-01 2.844623e-01 4.281574e-01 5.832631e-01 7.355004e-01 1.144717e+00 1.032054e+00 1.254323e+00 1.223465e+00 1.213737e+00 1.286481e+00 1.013159e+00 2.274136e-04
<GCONST> 6.933601e+01
<MIXTURE> 121 4.567511e-03
<MEAN> 25
 -9.090078e-01 -1.883824e+00 6.291079e+00 -1.291539e+01 -1.152244e+01 -2.200278e+00 2.857207e+00 -5.550612e+00 -2.793637e+00 5.874655e-01 -4.062244e+00 -4.352541e+00 3.391188e-02 1.163765e-01 -2.899751e-03 1.204603e-01 1.990962e-01 2.655176e-01 -1.293005e-01 -1.647635e-01 -1.745104e-01 -2.788995e-01 -2.894546e-02 1.624527e-01 -8.528368e-03
<VARIANCE> 25
 8.444715e+00 1.274960e+01 1.606371e+01 1.749169e+01 2.103000e+01 2.563063e+01 3.138330e+01 1.963412e+01 3.118326e+01 2.444397e+01 1.974546e+01 1.674444e+01 1.304294e-01 5.204146e-01 5.699117e-01 7.691993e-01 6.225429e-01 1.027168e+00 9.323667e-01 9.666291e-01 9.735100e-01 9.690390e-01 8.115576e-01 8.348269e-01 2.142093e-04
<GCONST> 6.845277e+01
<MIXTURE> 122 4.567511e-03
<MEAN> 25
 -9.090078e-01 -1.883824e+00 6.291079e+00 -1.291539e+01 -1.152244e+01 -2.200278e+00 2.857207e+00 -5.550612e+00 -2.793637e+00 5.874655e-01 -4.062244e+00 -4.352541e+00 3.391188e-02 1.163765e-01 -2.899751e-03 1.204603e-01 1.990962e-01 2.655176e-01 -1.293005e-01 -1.647635e-01 -1.745104e-01 -2.788995e-01 -2.894546e-02 1.624527e-01 -8.528368e-03
<VARIANCE> 25
 8.444715e+00 1.274960e+01 1.606371e+01 1.749169e+01 2.103000e+01 2.563063e+01 3.138330e+01 1.963412e+01 3.118326e+01 2.444397e+01 1.974546e+01 1.674444e+01 1.304294e-01 5.204146e-01 5.699117e-01 7.691993e-01 6.225429e-01 1.027168e+00 9.323667e-01 9.666291e-01 9.735100e-01 9.690390e-01 8.115576e-01 8.348269e-01 2.142093e-04
<GCONST> 6.845277e+01
<MIXTURE> 123 4.393044e-03
<MEAN> 25
 -3.921824e+00 8.204052e-01 1.582984e-01 6.053583e+00 4.975859e+00 3.685336e+00 3.007650e+00 6.007234e-01 4.274791e-01 -6.429889e-01 6.666597e-03 9.938207e-01 -4.627572e-01 -7.507260e-01 -8.397623e-01 -5.873223e-01 -2.709572e-01 8.851257e-02 3.574431e-01 5.991605e-01 7.508122e-01 7.649727e-01 7.893499e-01 5.053465e-01 -3.085214e-03
<VARIANCE> 25
 1.164569e+01 9.886613e+00 1.552498e+01 1.685336e+01 2.227254e+01 2.643203e+01 2.270119e+01 1.879535e+01 1.861640e+01 1.815043e+01 2.140304e+01 1.944003e+01 3.938829e-01 3.563590e-01 5.184923e-01 8.065376e-01 1.243626e+00 1.140766e+00 1.161342e+00 1.254465e+00 1.163404e+00 1.126406e+00 1.317410e+00 1.204243e+00 9.791124e-05
<GCONST> 6.993872e+01
<MIXTURE> 124 4.069876e-03
<MEAN> 25
 -6.109124e+00 -1.186878e+00 -2.627233e+00 5.156108e+00 4.684173e+00 3.672895e+00 5.372468e+00 2.680002e+00 3.244143e+00 8.389784e-01 1.063236e+00 3.108625e+00 -1.969985e-01 -3.130808e-01 -3.312438e-01 -1.784312e-01 1.572185e-01 5.536517e-01 8.233107e-01 8.773583e-01 6.860155e-01 3.219288e-01 -9.919751e-03 -2.246876e-02 3.568341e-04
<VARIANCE> 25
 1.336711e+01 6.594756e+00 1.190584e+01 1.176919e+01 1.280160e+01 2.022968e+01 1.471069e+01 1.636196e+01 1.491502e+01 1.837951e+01 1.833730e+01 1.389750e+01 1.065431e-01 1.664418e-01 2.730220e-01 4.222667e-01 5.895948e-01 7.201813e-01 7.227991e-01 8.441692e-01 9.036424e-01 9.546906e-01 1.094448e+00 9.534391e-01 1.853680e-05
<GCONST> 5.901891e+01
<MIXTURE> 125 4.069876e-03
<MEAN> 25
 -6.109124e+00 -1.186878e+00 -2.627233e+00 5.156108e+00 4.684173e+00 3.672895e+00 5.372468e+00 2.680002e+00 3.244143e+00 8.389784e-01 1.063236e+00 3.108625e+00 -1.969985e-01 -3.130808e-01 -3.312438e-01 -1.784312e-01 1.572185e-01 5.536517e-01 8.233107e-01 8.773583e-01 6.860155e-01 3.219288e-01 -9.919751e-03 -2.246876e-02 3.568341e-04
<VARIANCE> 25
 1.336711e+01 6.594756e+00 1.190584e+01 1.176919e+01 1.280160e+01 2.022968e+01 1.471069e+01 1.636196e+01 1.491502e+01 1.837951e+01 1.833730e+01 1.389750e+01 1.065431e-01 1.664418e-01 2.730220e-01 4.222667e-01 5.895948e-01 7.201813e-01 7.227991e-01 8.441692e-01 9.036424e-01 9.546906e-01 1.094448e+00 9.534391e-01 1.853680e-05
<GCONST> 5.901891e+01
<MIXTURE> 126 2.402244e-03
<MEAN> 25
 -3.660565e+00 -6.792844e+00 -5.267198e+00 2.337545e+00 4.319862e+00 -3.139135e+00 3.173471e-02 3.582456e+00 3.248182e+00 -2.679817e+00 -1.509710e+00 3.002369e+00 -9.981797e-04 -4.016331e-03 -1.653611e-02 -1.440018e-01 -3.302836e-01 -3.971972e-01 -2.739964e-01 -1.510506e-01 -1.013510e-01 -1.139905e-01 -7.292741e-02 -2.115345e-02 -1.734836e-03
<VARIANCE> 25
 7.792077e+00 1.338605e+01 1.406796e+01 1.538272e+01 2.531198e+01 2.421058e+01 2.257199e+01 2.774450e+01 3.091044e+01 2.614865e+01 2.178981e+01 1.887062e+01 1.683815e-01 3.462240e-01 4.942660e-01 5.703436e-01 7.543080e-01 1.001157e+00 1.118659e+00 1.252803e+00 1.330645e+00 1.317134e+00 1.241707e+00 1.129650e+00 2.172281e-04
<GCONST> 6.995644e+01
<MIXTURE> 127 2.402244e-03
<MEAN> 25
 -3.660565e+00 -6.792844e+00 -5.267198e+00 2.337545e+00 4.319862e+00 -3.139135e+00 3.173471e-02 3.582456e+00 3.248182e+00 -2.679817e+00 -1.509710e+00 3.002369e+00 -9.981797e-04 -4.016331e-03 -1.653611e-02 -1.440018e-01 -3.302836e-01 -3.971972e-01 -2.739964e-01 -1.510506e-01 -1.013510e-01 -1.139905e-01 -7.292741e-02 -2.115345e-02 -1.734836e-03
<VARIANCE> 25
 7.792077e+00 1.338605e+01 1.406796e+01 1.538272e+01 2.531198e+01 2.421058e+01 2.257199e+01 2.774450e+01 3.091044e+01 2.614865e+01 2.178981e+01 1.887062e+01 1.683815e-01 3.462240e-01 4.942660e-01 5.703436e-01 7.543080e-01 1.001157e+00 1.118659e+00 1.252803e+00 1.330645e+00 1.317134e+00 1.241707e+00 1.129650e+00 2.172281e-04
<GCONST> 6.995644e+01
<MIXTURE> 128 3.790457e-03
<MEAN> 25
 -3.700100e+00 1.817198e+00 -2.948216e-01 6.340351e+00 3.399770e+00 1.685329e+00 2.792713e+00 2.441364e+00 3.639119e+00 3.476635e+00 3.429775e+00 3.175603e+00 -4.435275e-01 -1.967159e-01 1.797097e-01 7.749370e-01 1.079120e+00 1.127995e+00 8.261173e-01 1.045436e-01 -4.677176e-01 -6.941077e-01 -5.410934e-01 -4.615941e-01 -8.677554e-05
<VARIANCE> 25
 1.033033e+01 1.204458e+01 1.409449e+01 1.888462e+01 1.947834e+01 2.028960e+01 3.148104e+01 2.320561e+01 2.624220e+01 2.309004e+01 2.676797e+01 1.879100e+01 8.689949e-01 1.075169e+00 1.374345e+00 1.442413e+00 1.638642e+00 1.747455e+00 2.273882e+00 2.190707e+00 2.025224e+00 1.866426e+00 2.002091e+00 1.704600e+00 9.752202e-07
<GCONST> 7.354602e+01
<TRANSP> 3
 0.000000e+00 1.000000e+00 0.000000e+00
 0.000000e+00 9.999990e-01 9.999998e-07
 0.000000e+00 0.000000e+00 0.000000e+00
<ENDHMM>
