~o
<STREAMINFO> 1 25
<VECSIZE> 25<NULLD><MFCC_E_D_N><DIAGC>
~h "jmodel"
<BEGINHMM>
<NUMSTATES> 3
<STATE> 2
<NUMMIXES> 128
<MIXTURE> 1 5.748963e-03
<MEAN> 25
 -2.583771e+00 3.181065e+00 2.311510e+00 8.754965e+00 4.371530e+00 3.449347e+00 4.061609e+00 3.935194e+00 5.830077e+00 5.252328e+00 5.884189e+00 3.079255e+00 -2.004568e+00 -1.634975e+00 -8.639959e-01 1.075681e+00 1.561033e+00 2.232428e+00 2.154629e+00 2.085220e+00 1.693186e+00 1.269961e+00 1.567312e+00 6.133021e-01 -4.693090e-02
<VARIANCE> 25
 1.006282e+01 1.176153e+01 1.494608e+01 1.868301e+01 2.319084e+01 2.214817e+01 2.190020e+01 2.197560e+01 2.102151e+01 2.254621e+01 2.094806e+01 1.708684e+01 1.788848e+00 2.111193e+00 3.026324e+00 3.210809e+00 3.738934e+00 3.356548e+00 3.318222e+00 3.379853e+00 3.522051e+00 3.726700e+00 3.513607e+00 2.833878e+00 3.121061e-03
<GCONST> 8.846504e+01
<MIXTURE> 2 4.549242e-03
<MEAN> 25
 -4.873569e+00 1.310115e+00 9.938842e-01 9.896020e+00 6.689769e+00 7.423906e+00 7.845089e+00 6.956944e+00 8.372190e+00 6.372540e+00 7.622524e+00 3.075351e+00 -6.201280e-02 4.168814e-02 1.424905e-01 2.257187e-01 2.653468e-01 2.815673e-01 2.957540e-01 3.198266e-01 3.497856e-01 3.088900e-01 1.970580e-01 8.001357e-02 1.506933e-06
<VARIANCE> 25
 6.960585e+00 8.904989e+00 1.064760e+01 1.593800e+01 1.724321e+01 1.555811e+01 1.690157e+01 1.848174e+01 1.658347e+01 1.738263e+01 1.811325e+01 1.433589e+01 1.252030e-01 2.265779e-01 3.363610e-01 4.670504e-01 6.491498e-01 8.148499e-01 9.299783e-01 1.003383e+00 1.051460e+00 1.077635e+00 1.075295e+00 1.013595e+00 9.999624e-07
<GCONST> 5.804339e+01
<MIXTURE> 3 4.549242e-03
<MEAN> 25
 -4.873569e+00 1.310115e+00 9.938842e-01 9.896020e+00 6.689769e+00 7.423906e+00 7.845089e+00 6.956944e+00 8.372190e+00 6.372540e+00 7.622524e+00 3.075351e+00 -6.201280e-02 4.168814e-02 1.424905e-01 2.257187e-01 2.653468e-01 2.815673e-01 2.957540e-01 3.198266e-01 3.497856e-01 3.088900e-01 1.970580e-01 8.001357e-02 1.506933e-06
<VARIANCE> 25
 6.960585e+00 8.904989e+00 1.064760e+01 1.593800e+01 1.724321e+01 1.555811e+01 1.690157e+01 1.848174e+01 1.658347e+01 1.738263e+01 1.811325e+01 1.433589e+01 1.252030e-01 2.265779e-01 3.363610e-01 4.670504e-01 6.491498e-01 8.148499e-01 9.299783e-01 1.003383e+00 1.051460e+00 1.077635e+00 1.075295e+00 1.013595e+00 9.999624e-07
<GCONST> 5.804339e+01
<MIXTURE> 4 1.671429e-02
<MEAN> 25
 3.439156e+00 2.552479e+00 -3.789343e+00 9.451020e-01 4.305496e+00 -2.349216e-01 5.191284e-02 -8.977069e-03 1.481744e+00 1.296924e+00 -1.883855e+00 9.026074e-02 -2.772019e+00 1.212269e+00 1.773399e+00 3.085509e+00 9.243621e-01 5.075164e-01 1.511478e+00 1.043143e+00 9.735055e-01 4.336324e-01 1.238291e+00 8.993065e-01 -1.038326e-01
<VARIANCE> 25
 2.113041e+01 2.943652e+01 2.919368e+01 3.974482e+01 4.576147e+01 6.881133e+01 6.529803e+01 5.373874e+01 5.549163e+01 6.209185e+01 4.966930e+01 3.589311e+01 2.352732e+00 5.052152e+00 3.734709e+00 4.957945e+00 5.015453e+00 6.157149e+00 6.101387e+00 5.571201e+00 5.957101e+00 6.421651e+00 6.107214e+00 4.453421e+00 6.098452e-03
<GCONST> 1.054830e+02
<MIXTURE> 5 3.206198e-03
<MEAN> 25
 -3.416132e+00 2.179476e+00 6.108007e-01 9.427126e+00 6.695675e+00 6.315863e+00 7.111676e+00 4.723450e+00 5.495702e+00 3.846573e+00 4.656200e+00 2.607503e+00 -3.244717e-01 7.526567e-01 1.224643e+00 1.032588e+00 3.072163e-01 -1.005427e-01 -8.393578e-02 3.305859e-02 4.581326e-01 6.836480e-01 4.035358e-01 8.754326e-02 -2.790720e-05
<VARIANCE> 25
 1.025124e+01 1.394943e+01 2.347993e+01 2.561728e+01 2.022020e+01 1.941884e+01 2.010907e+01 2.035360e+01 2.141447e+01 2.128354e+01 2.410702e+01 1.635715e+01 1.209765e+00 1.244130e+00 1.356793e+00 1.672997e+00 2.284928e+00 2.375949e+00 2.300859e+00 2.275349e+00 2.315301e+00 2.237678e+00 2.085436e+00 1.874130e+00 9.999825e-07
<GCONST> 7.516402e+01
<MIXTURE> 6 5.475854e-03
<MEAN> 25
 9.702606e+00 -4.177658e-01 -6.691873e+00 -1.104589e+01 -2.117127e+00 6.735064e+00 -5.899947e+00 -5.296991e+00 -3.657416e+00 1.829368e+00 4.644430e+00 -1.252230e+00 4.850909e-01 8.962448e-01 -3.510964e-01 -1.468812e+00 -6.383728e-01 1.314980e+00 1.536711e+00 2.475964e-01 -1.218786e+00 -1.218182e+00 3.231166e-01 1.228784e+00 -8.164363e-03
<VARIANCE> 25
 8.962031e+00 1.707970e+01 2.395621e+01 3.911866e+01 3.678299e+01 3.065029e+01 4.407671e+01 3.807335e+01 4.075585e+01 3.947648e+01 4.210553e+01 2.841946e+01 3.116097e-01 8.573365e-01 9.455658e-01 1.978134e+00 1.605818e+00 2.015913e+00 1.919488e+00 2.051845e+00 2.398890e+00 1.963925e+00 2.246077e+00 1.438096e+00 5.859985e-04
<GCONST> 8.387636e+01
<MIXTURE> 7 5.475854e-03
<MEAN> 25
 9.702606e+00 -4.177658e-01 -6.691873e+00 -1.104589e+01 -2.117127e+00 6.735064e+00 -5.899947e+00 -5.296991e+00 -3.657416e+00 1.829368e+00 4.644430e+00 -1.252230e+00 4.850909e-01 8.962448e-01 -3.510964e-01 -1.468812e+00 -6.383728e-01 1.314980e+00 1.536711e+00 2.475964e-01 -1.218786e+00 -1.218182e+00 3.231166e-01 1.228784e+00 -8.164363e-03
<VARIANCE> 25
 8.962031e+00 1.707970e+01 2.395621e+01 3.911866e+01 3.678299e+01 3.065029e+01 4.407671e+01 3.807335e+01 4.075585e+01 3.947648e+01 4.210553e+01 2.841946e+01 3.116097e-01 8.573365e-01 9.455658e-01 1.978134e+00 1.605818e+00 2.015913e+00 1.919488e+00 2.051845e+00 2.398890e+00 1.963925e+00 2.246077e+00 1.438096e+00 5.859985e-04
<GCONST> 8.387636e+01
<MIXTURE> 8 1.165917e-02
<MEAN> 25
 -4.728633e+00 1.360698e+00 1.290335e+00 9.554216e+00 6.570346e+00 6.253246e+00 6.478968e+00 5.686983e+00 6.653504e+00 5.624338e+00 6.566099e+00 3.152512e+00 -6.297258e-01 -1.423348e+00 -1.070074e+00 -1.730769e+00 -2.315597e-01 -9.464065e-01 -1.778916e-01 -2.912183e-01 -2.534938e-01 -1.734446e-01 -2.137720e-01 8.088883e-02 9.883580e-02
<VARIANCE> 25
 9.344593e+00 9.843915e+00 1.160684e+01 1.606731e+01 1.664803e+01 1.569778e+01 1.813599e+01 1.750285e+01 1.705766e+01 1.742333e+01 1.891178e+01 1.398626e+01 2.756796e+00 2.818707e+00 3.904519e+00 3.759345e+00 3.453306e+00 3.318922e+00 3.127216e+00 3.081580e+00 2.869876e+00 2.654895e+00 2.432521e+00 1.900495e+00 6.679872e-03
<GCONST> 8.628966e+01
<MIXTURE> 9 1.199672e-02
<MEAN> 25
 9.298295e+00 3.393345e+00 -6.206854e+00 -1.067161e+01 -2.212713e+00 4.964428e+00 -2.210376e+00 -2.305179e+00 -5.393804e+00 -1.257469e+00 5.678753e-01 -1.144323e-02 1.440553e+00 -1.277169e-01 -4.910040e-01 -2.704950e+00 -1.646178e+00 8.530701e-01 -9.732395e-01 -2.315753e-01 -1.806027e-01 -5.766749e-01 6.150556e-01 -1.526250e-01 7.334197e-02
<VARIANCE> 25
 1.224080e+01 2.140713e+01 3.355875e+01 5.353180e+01 5.015672e+01 3.233192e+01 4.318972e+01 5.214651e+01 4.206401e+01 4.157847e+01 3.611547e+01 2.692104e+01 2.088479e+00 2.453255e+00 4.571890e+00 4.876848e+00 5.009274e+00 4.108459e+00 4.237283e+00 6.042015e+00 5.037662e+00 4.078531e+00 4.014476e+00 2.803624e+00 2.212413e-03
<GCONST> 9.880138e+01
<MIXTURE> 10 6.596976e-03
<MEAN> 25
 8.215731e-01 7.629014e+00 5.362781e+00 7.150191e+00 1.577441e+00 -2.112921e+00 -5.278414e-01 -1.690708e+00 8.673429e-01 8.520114e-01 8.387887e-01 6.498992e-01 -1.924098e+00 -6.736156e-01 -4.583499e-01 3.025663e+00 2.461423e+00 2.710297e+00 2.371260e+00 2.278852e+00 1.857915e+00 1.544683e+00 2.331984e+00 5.240172e-01 -1.380317e-01
<VARIANCE> 25
 1.951796e+01 2.067802e+01 2.239837e+01 2.903366e+01 3.833960e+01 3.492456e+01 3.517085e+01 3.382253e+01 2.761424e+01 2.906240e+01 2.692098e+01 2.502370e+01 2.232428e+00 3.421618e+00 5.528288e+00 5.170112e+00 5.547661e+00 4.463439e+00 4.698990e+00 4.837951e+00 4.392201e+00 5.015323e+00 4.446737e+00 3.187396e+00 2.701843e-03
<GCONST> 9.745530e+01
<MIXTURE> 11 1.633820e-02
<MEAN> 25
 7.205072e+00 4.097072e+00 2.596035e+00 4.192440e+00 -3.679013e+00 -3.271707e+00 -3.233104e+00 -6.558759e+00 -3.634779e+00 1.297484e-01 -1.903019e+00 -2.966028e+00 -4.048091e-01 3.449142e-01 1.210398e-01 5.961234e-01 6.742375e-01 2.207794e-01 1.716275e-01 2.149445e-01 -6.667079e-01 1.796720e-01 -2.158767e-01 3.654883e-01 -2.231229e-02
<VARIANCE> 25
 9.615607e+00 1.825549e+01 1.789332e+01 2.801988e+01 2.980897e+01 3.378713e+01 3.904885e+01 3.358438e+01 3.589765e+01 3.126307e+01 2.741327e+01 2.371242e+01 9.194978e-01 1.025642e+00 1.433454e+00 2.354964e+00 2.331861e+00 2.294424e+00 1.857978e+00 2.608166e+00 2.944760e+00 1.974171e+00 1.593408e+00 1.384002e+00 8.305367e-04
<GCONST> 8.479689e+01
<MIXTURE> 12 5.904134e-03
<MEAN> 25
 1.076539e+01 3.743731e+00 -4.502432e+00 -1.599344e+01 -8.696203e+00 8.642328e+00 -8.969770e-01 -1.922305e+00 -1.722977e+00 -4.886537e+00 1.774733e+00 7.165294e-01 6.775657e-02 2.937557e-01 7.958919e-02 -3.682102e-01 -3.103316e-01 2.958173e-02 3.054594e-01 4.477925e-01 1.410472e-01 -3.846977e-01 -3.855884e-01 5.394579e-02 -6.303411e-03
<VARIANCE> 25
 8.883952e+00 2.100145e+01 2.335678e+01 3.503476e+01 4.206003e+01 3.096437e+01 4.179703e+01 4.898291e+01 4.406277e+01 3.738841e+01 3.799719e+01 2.892793e+01 2.468183e-01 6.883513e-01 6.860588e-01 1.170048e+00 1.186467e+00 1.053890e+00 1.171168e+00 1.386199e+00 1.240553e+00 1.222240e+00 1.221470e+00 9.564514e-01 5.786303e-04
<GCONST> 7.892117e+01
<MIXTURE> 13 5.904134e-03
<MEAN> 25
 1.076539e+01 3.743731e+00 -4.502432e+00 -1.599344e+01 -8.696203e+00 8.642328e+00 -8.969770e-01 -1.922305e+00 -1.722977e+00 -4.886537e+00 1.774733e+00 7.165294e-01 6.775657e-02 2.937557e-01 7.958919e-02 -3.682102e-01 -3.103316e-01 2.958173e-02 3.054594e-01 4.477925e-01 1.410472e-01 -3.846977e-01 -3.855884e-01 5.394579e-02 -6.303411e-03
<VARIANCE> 25
 8.883952e+00 2.100145e+01 2.335678e+01 3.503476e+01 4.206003e+01 3.096437e+01 4.179703e+01 4.898291e+01 4.406277e+01 3.738841e+01 3.799719e+01 2.892793e+01 2.468183e-01 6.883513e-01 6.860588e-01 1.170048e+00 1.186467e+00 1.053890e+00 1.171168e+00 1.386199e+00 1.240553e+00 1.222240e+00 1.221470e+00 9.564514e-01 5.786303e-04
<GCONST> 7.892117e+01
<MIXTURE> 14 6.488954e-03
<MEAN> 25
 -4.333621e+00 -3.747867e-01 -3.208572e-01 8.888667e+00 7.505487e+00 7.373895e+00 7.849495e+00 7.323260e+00 7.226636e+00 5.196518e+00 6.844844e+00 4.105713e+00 -2.783215e-01 1.949287e-01 3.642485e-01 3.066013e-01 5.873152e-03 6.068916e-02 9.764688e-02 1.702648e-01 2.967898e-01 5.429259e-01 5.023607e-01 7.600559e-02 -9.165058e-03
<VARIANCE> 25
 9.307104e+00 1.381353e+01 1.857702e+01 1.789191e+01 2.084904e+01 1.951824e+01 2.154166e+01 2.055313e+01 2.018130e+01 2.405025e+01 2.141908e+01 1.591881e+01 9.644987e-01 1.634898e+00 1.767208e+00 1.931424e+00 2.237127e+00 2.249462e+00 2.247497e+00 2.247987e+00 2.277639e+00 2.501269e+00 2.192198e+00 1.805525e+00 1.034258e-03
<GCONST> 8.188842e+01
<MIXTURE> 15 2.475190e-03
<MEAN> 25
 -5.136941e+00 -7.310363e-01 -1.567324e-01 7.174147e+00 5.425352e+00 5.616694e+00 5.998210e+00 4.988119e+00 5.060875e+00 4.346094e+00 5.437365e+00 2.510495e+00 -1.150834e-01 -2.012466e-02 6.272914e-02 2.173282e-01 4.688396e-01 8.028468e-01 1.109662e+00 1.174416e+00 1.087985e+00 7.206879e-01 3.797607e-01 1.096328e-01 -3.737891e-04
<VARIANCE> 25
 8.301458e+00 5.487676e+00 8.716979e+00 1.297642e+01 1.511378e+01 1.384245e+01 1.439046e+01 1.431108e+01 1.371672e+01 1.475894e+01 1.456155e+01 1.207730e+01 1.213288e-01 2.005470e-01 3.084925e-01 4.932829e-01 6.775251e-01 7.649229e-01 7.732801e-01 7.576647e-01 8.945721e-01 1.015509e+00 1.062171e+00 1.051267e+00 2.902118e-05
<GCONST> 5.842159e+01
<MIXTURE> 16 2.475190e-03
<MEAN> 25
 -5.136941e+00 -7.310363e-01 -1.567324e-01 7.174147e+00 5.425352e+00 5.616694e+00 5.998210e+00 4.988119e+00 5.060875e+00 4.346094e+00 5.437365e+00 2.510495e+00 -1.150834e-01 -2.012466e-02 6.272914e-02 2.173282e-01 4.688396e-01 8.028468e-01 1.109662e+00 1.174416e+00 1.087985e+00 7.206879e-01 3.797607e-01 1.096328e-01 -3.737891e-04
<VARIANCE> 25
 8.301458e+00 5.487676e+00 8.716979e+00 1.297642e+01 1.511378e+01 1.384245e+01 1.439046e+01 1.431108e+01 1.371672e+01 1.475894e+01 1.456155e+01 1.207730e+01 1.213288e-01 2.005470e-01 3.084925e-01 4.932829e-01 6.775251e-01 7.649229e-01 7.732801e-01 7.576647e-01 8.945721e-01 1.015509e+00 1.062171e+00 1.051267e+00 2.902118e-05
<GCONST> 5.842159e+01
<MIXTURE> 17 9.518312e-03
<MEAN> 25
 3.578567e+00 -6.063208e-01 5.978657e+00 2.117215e+00 -5.649115e+00 -6.425890e+00 -3.334343e+00 -4.300800e-01 -2.707774e+00 -3.174325e+00 -1.645010e-01 -4.565516e-03 -7.570132e-01 -9.581742e-01 1.288704e+00 -2.279999e+00 -2.169297e+00 -4.624010e-01 -1.280099e-03 5.902404e-01 -2.984751e-01 -1.301368e-01 1.035782e+00 3.694953e-01 8.221231e-02
<VARIANCE> 25
 1.593328e+01 3.091003e+01 3.057870e+01 3.942046e+01 4.371566e+01 4.796872e+01 4.008842e+01 3.321619e+01 3.325341e+01 2.540577e+01 2.762844e+01 2.643002e+01 1.727538e+00 3.408415e+00 3.784243e+00 3.144157e+00 4.364536e+00 6.445704e+00 5.153048e+00 4.915956e+00 3.847194e+00 3.795198e+00 2.856623e+00 2.578142e+00 1.988135e-03
<GCONST> 9.669143e+01
<MIXTURE> 18 1.221018e-02
<MEAN> 25
 3.953091e+00 4.588600e+00 6.628469e+00 4.712204e+00 -4.597039e+00 -8.357203e+00 -1.821483e+00 -1.260150e+00 -3.389646e+00 -2.451838e+00 -8.631978e-01 4.993117e-01 -7.737926e-01 2.124315e+00 -2.015858e-01 2.040654e+00 3.081359e+00 1.500398e+00 7.865365e-01 -1.842205e-01 5.974239e-01 5.145432e-01 -2.857016e-01 -4.861389e-02 -1.225723e-01
<VARIANCE> 25
 1.587781e+01 2.502362e+01 3.332298e+01 2.592572e+01 3.956309e+01 3.336050e+01 3.853045e+01 3.510081e+01 3.874858e+01 3.428532e+01 3.206186e+01 3.089456e+01 2.558008e+00 3.074722e+00 4.675722e+00 4.045018e+00 4.150178e+00 4.638305e+00 4.608908e+00 4.459934e+00 4.465009e+00 4.270444e+00 4.510763e+00 3.588368e+00 4.159122e-03
<GCONST> 9.841079e+01
<MIXTURE> 19 9.912824e-03
<MEAN> 25
 -1.007181e+01 2.043282e+00 4.271860e-01 1.042515e+00 3.832744e+00 1.646911e+00 3.107097e+00 9.729455e-01 2.077557e+00 9.559408e-01 1.023915e+00 2.131791e+00 2.111227e+00 1.714386e+00 2.020912e+00 6.044628e-01 -1.071992e+00 -1.047101e+00 -9.791723e-01 -1.312649e+00 -1.439082e+00 -1.216868e+00 -8.424956e-01 -7.204956e-01 -1.563556e-03
<VARIANCE> 25
 5.142553e+01 2.957946e+01 4.547881e+01 5.089439e+01 3.211530e+01 3.091148e+01 3.087431e+01 2.818381e+01 2.733661e+01 2.705491e+01 2.835372e+01 1.871175e+01 2.270855e+00 2.135793e+00 2.311710e+00 2.692218e+00 2.405055e+00 2.217988e+00 2.620320e+00 2.556063e+00 2.042478e+00 2.204077e+00 2.108817e+00 1.826620e+00 2.428453e-03
<GCONST> 9.138612e+01
<MIXTURE> 20 6.308331e-03
<MEAN> 25
 -1.417717e+01 7.357418e+00 8.802230e-01 6.079457e+00 4.834764e+00 1.634466e+00 5.062536e+00 7.607186e-01 9.169307e-01 8.804942e-01 2.589079e+00 -3.254905e-01 -3.294679e+00 -8.505071e-01 -1.551666e+00 3.195524e-01 1.524218e+00 2.067345e+00 1.962577e+00 2.043408e+00 2.143270e+00 2.003782e+00 1.683421e+00 9.468220e-01 4.739956e-02
<VARIANCE> 25
 1.953259e+01 2.366412e+01 3.088892e+01 3.751378e+01 3.067257e+01 2.766161e+01 3.220769e+01 3.222747e+01 2.775677e+01 2.885582e+01 2.499843e+01 2.082774e+01 2.095676e+00 2.196694e+00 1.917139e+00 2.540336e+00 2.713631e+00 2.297470e+00 2.331029e+00 2.327058e+00 2.222908e+00 2.790176e+00 2.223133e+00 1.850364e+00 1.874692e-03
<GCONST> 8.935829e+01
<MIXTURE> 21 7.928653e-03
<MEAN> 25
 4.006338e+00 -4.529905e+00 5.774350e+00 -1.546599e+00 -1.058306e+01 -8.727784e+00 -2.616305e+00 4.174636e+00 -2.071443e+00 -3.409704e+00 2.437486e-01 3.398230e-01 -7.193918e-01 1.341510e+00 2.589326e+00 -4.462678e-02 -1.551694e+00 3.357964e-01 5.889892e-01 -1.497843e+00 -1.958597e+00 3.138652e-01 1.326369e+00 2.466938e-01 -1.278453e-02
<VARIANCE> 25
 8.901142e+00 1.873760e+01 2.966168e+01 2.840623e+01 2.855826e+01 3.319492e+01 4.294551e+01 3.937537e+01 4.293000e+01 3.159775e+01 3.382685e+01 2.324177e+01 3.763179e-01 9.498734e-01 1.854988e+00 1.290538e+00 2.213048e+00 2.187601e+00 3.641330e+00 2.501670e+00 2.161598e+00 2.595689e+00 2.017844e+00 2.284966e+00 4.286388e-04
<GCONST> 8.509624e+01
<MIXTURE> 22 8.827789e-03
<MEAN> 25
 -1.790801e+01 7.135862e+00 -4.125113e+00 7.378486e+00 4.597404e+00 2.761709e+00 8.393807e+00 1.743928e+00 5.380018e+00 3.311083e+00 5.702677e+00 1.181336e+00 -3.084857e-01 -2.059984e-01 -1.257659e-01 -1.490818e-01 -7.903851e-03 1.384893e-01 1.786339e-01 1.724937e-01 2.500282e-01 2.103605e-01 1.716045e-01 1.910976e-01 8.812138e-03
<VARIANCE> 25
 8.175620e+00 1.694648e+01 1.736161e+01 2.520221e+01 2.285917e+01 2.079217e+01 1.941917e+01 1.869003e+01 1.810753e+01 2.089265e+01 1.928220e+01 1.377095e+01 1.089552e+00 1.355414e+00 1.360920e+00 1.568596e+00 1.405846e+00 1.524630e+00 1.507806e+00 1.542436e+00 1.611665e+00 1.545371e+00 1.354861e+00 1.166249e+00 1.743198e-03
<GCONST> 7.830759e+01
<MIXTURE> 23 6.455497e-03
<MEAN> 25
 7.311521e+00 2.743072e+00 2.410315e+00 1.438870e+00 -4.620560e+00 -4.650002e+00 -4.590014e+00 -6.834373e+00 -2.724992e+00 -1.336369e+00 -3.088335e+00 -3.376633e+00 1.131766e-01 1.345389e-01 4.218902e-03 2.035957e-01 -7.265444e-02 1.219627e-01 -1.420939e-02 -8.126393e-02 -1.605405e-02 7.486691e-02 -3.276403e-03 1.487221e-01 -4.319199e-03
<VARIANCE> 25
 1.078417e+01 1.861242e+01 2.100824e+01 3.759404e+01 3.294728e+01 4.971146e+01 4.808770e+01 4.554059e+01 4.176555e+01 3.791856e+01 4.251302e+01 3.653126e+01 1.253764e-01 2.634577e-01 3.214196e-01 4.921796e-01 5.341837e-01 6.887307e-01 7.415221e-01 8.394473e-01 1.039465e+00 9.728794e-01 7.396809e-01 6.915646e-01 7.437646e-05
<GCONST> 7.083517e+01
<MIXTURE> 24 6.455497e-03
<MEAN> 25
 7.311521e+00 2.743072e+00 2.410315e+00 1.438870e+00 -4.620560e+00 -4.650002e+00 -4.590014e+00 -6.834373e+00 -2.724992e+00 -1.336369e+00 -3.088335e+00 -3.376633e+00 1.131766e-01 1.345389e-01 4.218902e-03 2.035957e-01 -7.265444e-02 1.219627e-01 -1.420939e-02 -8.126393e-02 -1.605405e-02 7.486691e-02 -3.276403e-03 1.487221e-01 -4.319199e-03
<VARIANCE> 25
 1.078417e+01 1.861242e+01 2.100824e+01 3.759404e+01 3.294728e+01 4.971146e+01 4.808770e+01 4.554059e+01 4.176555e+01 3.791856e+01 4.251302e+01 3.653126e+01 1.253764e-01 2.634577e-01 3.214196e-01 4.921796e-01 5.341837e-01 6.887307e-01 7.415221e-01 8.394473e-01 1.039465e+00 9.728794e-01 7.396809e-01 6.915646e-01 7.437646e-05
<GCONST> 7.083517e+01
<MIXTURE> 25 1.118642e-02
<MEAN> 25
 2.943012e-01 3.484023e+00 1.678484e+01 -1.041809e+00 -1.132488e+01 -1.766508e+00 -4.994904e+00 -2.947799e+00 -6.937628e+00 -5.446340e+00 4.102560e+00 -1.646547e+00 -1.350099e-01 4.403695e-01 1.689118e-01 1.513018e-01 2.173735e-01 1.103447e-01 1.933525e-01 -1.685057e-01 -2.487319e-01 7.483198e-02 -7.316596e-02 -1.082481e-01 -1.291954e-02
<VARIANCE> 25
 8.852333e+00 2.222699e+01 2.089521e+01 2.874348e+01 3.174291e+01 4.113783e+01 2.734863e+01 2.998169e+01 2.838427e+01 3.661311e+01 2.094692e+01 2.759726e+01 5.961805e-01 1.445005e+00 1.405255e+00 1.385250e+00 2.277372e+00 2.036860e+00 1.747476e+00 1.630327e+00 1.535708e+00 1.649425e+00 1.348425e+00 1.298385e+00 1.282510e-03
<GCONST> 8.274557e+01
<MIXTURE> 26 7.727677e-03
<MEAN> 25
 2.178258e+00 -6.452048e+00 -1.040210e+01 -6.991191e-01 8.011176e+00 5.495045e+00 4.064546e+00 -2.782096e-01 2.274729e+00 -9.616846e-01 -2.899146e+00 -9.930408e-01 -6.546105e-01 6.279969e-01 3.664806e-01 6.964158e-01 1.755728e-01 2.425379e-01 2.884721e-01 3.362185e-01 2.879584e-01 8.429459e-02 3.872242e-01 4.281891e-01 -5.285332e-02
<VARIANCE> 25
 2.512524e+01 3.404752e+01 2.563016e+01 6.243960e+01 3.898188e+01 4.245592e+01 4.616169e+01 4.403711e+01 3.936837e+01 5.445836e+01 4.010797e+01 4.677200e+01 1.652922e+00 1.960635e+00 1.929771e+00 2.004982e+00 2.321562e+00 2.368694e+00 2.521256e+00 2.740495e+00 2.334643e+00 2.339620e+00 2.164130e+00 2.001237e+00 3.319509e-03
<GCONST> 9.393456e+01
<MIXTURE> 27 7.727677e-03
<MEAN> 25
 2.178258e+00 -6.452048e+00 -1.040210e+01 -6.991191e-01 8.011176e+00 5.495045e+00 4.064546e+00 -2.782096e-01 2.274729e+00 -9.616846e-01 -2.899146e+00 -9.930408e-01 -6.546105e-01 6.279969e-01 3.664806e-01 6.964158e-01 1.755728e-01 2.425379e-01 2.884721e-01 3.362185e-01 2.879584e-01 8.429459e-02 3.872242e-01 4.281891e-01 -5.285332e-02
<VARIANCE> 25
 2.512524e+01 3.404752e+01 2.563016e+01 6.243960e+01 3.898188e+01 4.245592e+01 4.616169e+01 4.403711e+01 3.936837e+01 5.445836e+01 4.010797e+01 4.677200e+01 1.652922e+00 1.960635e+00 1.929771e+00 2.004982e+00 2.321562e+00 2.368694e+00 2.521256e+00 2.740495e+00 2.334643e+00 2.339620e+00 2.164130e+00 2.001237e+00 3.319509e-03
<GCONST> 9.393456e+01
<MIXTURE> 28 5.036674e-03
<MEAN> 25
 -5.309988e+00 -6.629629e-02 -1.556610e+00 6.481177e+00 5.099773e+00 3.521637e+00 5.320771e+00 3.103854e+00 3.874932e+00 2.372463e+00 2.618119e+00 3.263583e+00 -1.112761e-01 2.264942e-01 5.243652e-01 7.771127e-01 8.176851e-01 7.068104e-01 5.220575e-01 4.037068e-01 4.592137e-01 4.656063e-01 3.602116e-01 1.932849e-01 -1.309689e-05
<VARIANCE> 25
 1.100507e+01 8.428843e+00 1.192927e+01 1.546089e+01 1.509105e+01 1.734935e+01 1.806485e+01 1.887723e+01 1.706431e+01 1.650812e+01 2.034134e+01 1.499871e+01 2.514032e-01 3.333811e-01 4.035695e-01 4.619974e-01 6.162083e-01 8.365692e-01 1.055522e+00 1.136186e+00 1.099964e+00 1.041565e+00 1.025435e+00 1.057222e+00 1.017514e-06
<GCONST> 6.023423e+01
<MIXTURE> 29 5.036674e-03
<MEAN> 25
 -5.309988e+00 -6.629629e-02 -1.556610e+00 6.481177e+00 5.099773e+00 3.521637e+00 5.320771e+00 3.103854e+00 3.874932e+00 2.372463e+00 2.618119e+00 3.263583e+00 -1.112761e-01 2.264942e-01 5.243652e-01 7.771127e-01 8.176851e-01 7.068104e-01 5.220575e-01 4.037068e-01 4.592137e-01 4.656063e-01 3.602116e-01 1.932849e-01 -1.309689e-05
<VARIANCE> 25
 1.100507e+01 8.428843e+00 1.192927e+01 1.546089e+01 1.509105e+01 1.734935e+01 1.806485e+01 1.887723e+01 1.706431e+01 1.650812e+01 2.034134e+01 1.499871e+01 2.514032e-01 3.333811e-01 4.035695e-01 4.619974e-01 6.162083e-01 8.365692e-01 1.055522e+00 1.136186e+00 1.099964e+00 1.041565e+00 1.025435e+00 1.057222e+00 1.017514e-06
<GCONST> 6.023423e+01
<MIXTURE> 30 8.917812e-03
<MEAN> 25
 -4.452368e+00 -2.159314e-01 6.467006e-01 9.030381e+00 7.708645e+00 7.489619e+00 7.556518e+00 6.853546e+00 6.502250e+00 4.859584e+00 6.944145e+00 3.482431e+00 -2.245402e-02 2.934822e-02 5.245166e-02 8.522751e-02 7.978518e-02 4.458142e-02 1.144436e-02 -1.870489e-03 1.951749e-02 5.206726e-02 6.170502e-02 3.201065e-02 -5.873690e-04
<VARIANCE> 25
 7.096289e+00 9.804164e+00 1.034650e+01 1.393456e+01 1.604620e+01 1.632059e+01 1.909166e+01 1.809034e+01 1.625995e+01 1.839458e+01 2.157791e+01 1.440174e+01 9.833893e-02 1.994205e-01 3.266153e-01 4.799384e-01 6.186184e-01 7.202153e-01 7.724453e-01 8.165246e-01 8.799220e-01 9.347562e-01 9.141509e-01 8.588445e-01 5.140120e-05
<GCONST> 6.064536e+01
<MIXTURE> 31 4.136493e-03
<MEAN> 25
 -3.247333e+00 -5.590433e+00 2.404359e-02 4.819214e+00 3.590085e+00 1.761722e+00 5.191011e+00 6.534475e+00 2.738479e+00 1.233399e+00 6.366982e+00 3.148458e+00 2.562945e-01 4.574725e-01 -2.055931e-01 3.025610e-01 1.115782e-01 4.192144e-01 1.853339e-01 2.623100e-02 3.885598e-01 3.809161e-01 1.000680e-01 1.047278e-01 -1.792190e-02
<VARIANCE> 25
 7.385765e+00 1.513045e+01 1.712473e+01 1.767669e+01 2.498615e+01 2.353760e+01 2.334095e+01 2.512425e+01 2.549311e+01 2.767867e+01 2.062982e+01 1.834615e+01 1.899404e-01 4.937733e-01 5.964490e-01 7.612699e-01 9.635509e-01 1.076027e+00 1.211488e+00 1.380456e+00 1.333568e+00 1.305439e+00 1.220916e+00 1.115496e+00 2.594830e-04
<GCONST> 7.162278e+01
<MIXTURE> 32 4.136493e-03
<MEAN> 25
 -3.247333e+00 -5.590433e+00 2.404359e-02 4.819214e+00 3.590085e+00 1.761722e+00 5.191011e+00 6.534475e+00 2.738479e+00 1.233399e+00 6.366982e+00 3.148458e+00 2.562945e-01 4.574725e-01 -2.055931e-01 3.025610e-01 1.115782e-01 4.192144e-01 1.853339e-01 2.623100e-02 3.885598e-01 3.809161e-01 1.000680e-01 1.047278e-01 -1.792190e-02
<VARIANCE> 25
 7.385765e+00 1.513045e+01 1.712473e+01 1.767669e+01 2.498615e+01 2.353760e+01 2.334095e+01 2.512425e+01 2.549311e+01 2.767867e+01 2.062982e+01 1.834615e+01 1.899404e-01 4.937733e-01 5.964490e-01 7.612699e-01 9.635509e-01 1.076027e+00 1.211488e+00 1.380456e+00 1.333568e+00 1.305439e+00 1.220916e+00 1.115496e+00 2.594830e-04
<GCONST> 7.162278e+01
<MIXTURE> 33 1.508826e-02
<MEAN> 25
 6.591141e+00 -4.010035e+00 -2.216625e+00 -2.639511e+00 -1.960581e+00 -5.630115e+00 -7.276124e+00 1.736785e+00 2.313407e+00 -4.644941e-01 -4.706707e+00 -3.014019e+00 6.541987e-01 -1.173690e+00 -2.441059e+00 -1.867038e+00 1.459328e+00 1.419981e+00 -7.543464e-01 6.570413e-01 1.024114e+00 5.588776e-01 -3.069336e-01 -1.334628e+00 3.765818e-02
<VARIANCE> 25
 9.908061e+00 2.123683e+01 2.902147e+01 3.614384e+01 4.063918e+01 4.406777e+01 4.309136e+01 4.670951e+01 4.052514e+01 4.385090e+01 3.498462e+01 2.843791e+01 1.160945e+00 1.942853e+00 2.204157e+00 2.202758e+00 4.222124e+00 3.436985e+00 4.320151e+00 5.623848e+00 3.780654e+00 4.404646e+00 3.379745e+00 2.603887e+00 1.477102e-03
<GCONST> 9.446298e+01
<MIXTURE> 34 1.588179e-02
<MEAN> 25
 8.843616e+00 9.636477e-02 1.314875e-01 1.228146e+00 -2.963444e+00 -1.687754e+00 -6.154353e+00 -4.736474e+00 -1.860434e+00 1.131201e-01 -2.590997e+00 -3.714704e+00 -3.929348e-02 1.317511e+00 1.435032e+00 2.403316e+00 -2.570151e-02 -1.045199e-01 7.716781e-01 -1.574096e+00 -9.176204e-01 2.561394e-01 -5.475335e-01 2.624042e-01 -6.187719e-02
<VARIANCE> 25
 7.848361e+00 3.049814e+01 2.884054e+01 4.889935e+01 4.150339e+01 4.967818e+01 5.387991e+01 5.562199e+01 5.186004e+01 4.294186e+01 4.747053e+01 3.089562e+01 1.264032e+00 1.978865e+00 4.257598e+00 4.040271e+00 5.584811e+00 5.873584e+00 5.417989e+00 6.242696e+00 5.145235e+00 4.904391e+00 4.932542e+00 3.812882e+00 1.140911e-03
<GCONST> 9.947226e+01
<MIXTURE> 35 1.467755e-02
<MEAN> 25
 -2.151467e+00 -5.245127e+00 -9.973754e+00 2.198722e-01 9.697405e+00 7.953218e-01 1.597122e+00 2.531756e+00 1.465808e+00 4.571087e+00 4.070064e-02 1.879051e+00 5.464689e-01 -1.111631e+00 -1.425764e+00 -1.391679e+00 4.073114e-01 -8.055852e-01 -6.844041e-01 -1.359095e-01 -1.614785e-01 1.647841e-01 -6.497539e-01 -4.967303e-01 1.076807e-01
<VARIANCE> 25
 1.957903e+01 2.945653e+01 4.345479e+01 6.233815e+01 4.220105e+01 5.745474e+01 5.103928e+01 4.361124e+01 5.036871e+01 3.855515e+01 3.656989e+01 3.093197e+01 3.462703e+00 3.592217e+00 6.779980e+00 5.560920e+00 5.216982e+00 5.607228e+00 4.925376e+00 4.752494e+00 5.049295e+00 4.512594e+00 4.076896e+00 3.792738e+00 5.296537e-03
<GCONST> 1.036159e+02
<MIXTURE> 36 1.093293e-02
<MEAN> 25
 5.041575e+00 -3.481644e+00 7.019053e+00 2.672763e+00 -1.012247e+01 -8.970870e+00 -6.282576e+00 3.032995e+00 -1.897548e+00 -4.562307e+00 2.803037e+00 -2.372471e-01 3.664084e-01 1.504463e-01 -9.078957e-01 3.289119e-02 8.634775e-01 4.675729e-02 -4.753799e-01 2.100279e-02 4.267108e-01 5.693459e-01 -4.273186e-01 -3.117985e-01 -1.583338e-02
<VARIANCE> 25
 9.777498e+00 1.704922e+01 2.224319e+01 2.794605e+01 3.147998e+01 3.185672e+01 4.589295e+01 3.562385e+01 3.911857e+01 3.264759e+01 2.759047e+01 2.711279e+01 4.648489e-01 7.394891e-01 1.517208e+00 1.258272e+00 1.644827e+00 1.623977e+00 2.141037e+00 1.745191e+00 2.016612e+00 1.693376e+00 1.401369e+00 1.446659e+00 7.228557e-04
<GCONST> 8.215717e+01
<MIXTURE> 37 1.246826e-02
<MEAN> 25
 5.375126e-01 7.753876e+00 1.199198e+01 -5.566668e+00 -7.997377e+00 -1.094124e+00 -5.047445e+00 -8.318740e+00 -3.708259e+00 -8.980914e-01 -3.669296e+00 -1.323709e+00 1.864463e-01 6.411242e-01 -1.349835e+00 3.578415e+00 1.976677e+00 -2.972844e-01 1.081925e+00 4.342276e-01 5.232719e-01 -3.234980e-01 5.390542e-01 -9.825623e-02 -9.455351e-02
<VARIANCE> 25
 1.590414e+01 2.592121e+01 3.142151e+01 5.105655e+01 3.397577e+01 3.216792e+01 4.404650e+01 3.488052e+01 3.841744e+01 3.582125e+01 3.760278e+01 3.091072e+01 2.949265e+00 3.403502e+00 3.005252e+00 4.077638e+00 4.615985e+00 3.746073e+00 4.202601e+00 3.797407e+00 3.445807e+00 3.605271e+00 3.860080e+00 2.782061e+00 3.931836e-03
<GCONST> 9.775532e+01
<MIXTURE> 38 1.154525e-02
<MEAN> 25
 -4.129326e+00 7.999074e+00 4.470583e+00 2.766677e+00 1.431866e+00 -5.241251e+00 -1.372347e+00 -3.188985e+00 -3.342890e+00 -1.765103e+00 -1.731901e+00 -7.386982e-01 -4.624060e+00 1.036695e+00 -1.711225e-01 1.056389e+00 2.380727e+00 1.541122e+00 1.547106e+00 6.748089e-01 9.792351e-01 5.827703e-01 1.061563e+00 3.804262e-01 4.884986e-02
<VARIANCE> 25
 3.514333e+01 3.013849e+01 3.384580e+01 2.983872e+01 4.429929e+01 3.344933e+01 3.705418e+01 3.787175e+01 3.416653e+01 3.890803e+01 2.688795e+01 2.508637e+01 2.232387e+00 3.687288e+00 3.469203e+00 5.221639e+00 4.056039e+00 4.444022e+00 5.481278e+00 4.478087e+00 4.103180e+00 4.620530e+00 3.807304e+00 2.847928e+00 1.849663e-03
<GCONST> 9.821387e+01
<MIXTURE> 39 9.501865e-03
<MEAN> 25
 1.163797e+00 2.780074e+00 9.924313e+00 -9.302408e+00 -1.061277e+01 -1.517293e+00 -3.211391e+00 -6.437156e+00 -4.300070e+00 7.503465e-01 -3.478546e+00 -2.176910e+00 -7.458217e-01 1.509756e+00 1.617040e+00 -1.492594e+00 1.804175e-01 1.124550e+00 -1.156126e+00 -1.148332e+00 4.261939e-01 4.556792e-01 -4.323482e-01 5.623917e-02 3.651953e-03
<VARIANCE> 25
 9.192604e+00 2.919581e+01 3.213866e+01 3.683538e+01 4.409212e+01 4.582671e+01 4.344070e+01 3.261996e+01 3.918106e+01 3.189777e+01 3.561745e+01 2.862231e+01 6.698182e-01 1.495999e+00 1.448210e+00 3.009404e+00 2.516127e+00 2.966196e+00 2.969485e+00 2.847795e+00 2.321438e+00 2.493364e+00 2.123840e+00 2.061591e+00 1.241773e-03
<GCONST> 8.970147e+01
<MIXTURE> 40 1.030800e-02
<MEAN> 25
 -9.249385e+00 1.848590e+00 -1.169117e+00 7.672615e+00 3.690166e+00 5.365535e+00 5.454579e+00 4.131782e+00 4.513941e+00 4.062465e+00 5.216382e+00 1.705002e+00 -1.107250e-01 -1.726718e-01 -3.501152e-02 -2.377134e-01 -1.199714e-01 -6.716444e-02 3.510851e-02 -6.229466e-02 4.066882e-02 1.074390e-01 3.153844e-02 8.505074e-03 4.250608e-03
<VARIANCE> 25
 4.023878e+01 1.952273e+01 2.683497e+01 2.703273e+01 2.431070e+01 1.766520e+01 2.000188e+01 1.798282e+01 1.651504e+01 1.965813e+01 1.927265e+01 1.389581e+01 7.744543e-01 7.133607e-01 8.012744e-01 1.008815e+00 1.051702e+00 1.176151e+00 1.243440e+00 1.482460e+00 1.215598e+00 1.279487e+00 1.080139e+00 9.890282e-01 8.462749e-04
<GCONST> 7.597205e+01
<MIXTURE> 41 6.713375e-03
<MEAN> 25
 1.178248e+00 2.006486e+00 9.882482e+00 -7.071574e+00 -9.932491e+00 -4.256775e+00 -2.666045e+00 -5.093569e+00 -4.441697e+00 2.439313e+00 -1.721844e+00 -8.321494e-01 5.812581e-02 -6.110939e-01 1.671714e+00 -3.612066e+00 -2.293051e+00 -3.446102e-01 -5.658884e-01 -4.169420e-01 -7.349175e-01 1.049554e+00 -9.370135e-01 2.422356e-02 8.511887e-02
<VARIANCE> 25
 1.161159e+01 2.894465e+01 3.562957e+01 4.164146e+01 4.040868e+01 4.078052e+01 3.535686e+01 2.808573e+01 3.269973e+01 2.767846e+01 3.057211e+01 2.579223e+01 3.052372e+00 3.531847e+00 3.604479e+00 3.589891e+00 5.080629e+00 6.329264e+00 4.611520e+00 4.364591e+00 3.904925e+00 3.964946e+00 3.761873e+00 3.113000e+00 2.786968e-03
<GCONST> 9.758096e+01
<MIXTURE> 42 1.106211e-02
<MEAN> 25
 -2.113659e+00 4.590757e+00 4.573759e+00 2.700770e+00 2.569601e-01 -6.124679e+00 -1.072530e+00 -1.890978e+00 -1.520317e+00 -1.315764e+00 -2.256596e+00 1.238582e+00 4.092954e+00 -2.709859e-01 1.474657e+00 9.981047e-02 -2.891190e+00 -1.200611e+00 -2.172535e+00 -7.918274e-01 -7.639678e-01 -7.820414e-01 5.120211e-01 -9.866071e-01 9.210627e-03
<VARIANCE> 25
 3.766372e+01 2.101871e+01 4.536062e+01 2.629705e+01 3.810806e+01 3.940591e+01 3.633303e+01 2.641697e+01 2.770916e+01 2.706805e+01 1.957878e+01 1.798886e+01 3.693576e+00 4.907958e+00 6.002929e+00 5.063477e+00 4.629023e+00 5.999825e+00 5.244468e+00 5.227211e+00 4.861156e+00 4.876165e+00 4.164320e+00 3.435321e+00 4.390182e-03
<GCONST> 9.971533e+01
<MIXTURE> 43 7.108249e-03
<MEAN> 25
 3.166240e+00 -6.307885e+00 -2.250889e+00 -5.189358e+00 -7.399108e+00 -3.405569e+00 4.140901e+00 1.309538e+00 -5.064332e+00 -7.094817e+00 -4.324585e+00 -1.250493e+00 2.380096e-01 2.165057e+00 1.913994e+00 -1.331058e-01 -1.430220e+00 -7.948644e-01 -9.701452e-01 -7.794474e-01 8.218438e-01 1.468267e+00 3.429902e-01 2.091569e-02 -4.510370e-02
<VARIANCE> 25
 9.599968e+00 1.969832e+01 2.734312e+01 3.520446e+01 3.841283e+01 3.664309e+01 3.328770e+01 3.981425e+01 3.964883e+01 3.864226e+01 2.653521e+01 2.955823e+01 6.909974e-01 1.249409e+00 1.570346e+00 2.492127e+00 2.375414e+00 2.383026e+00 2.653021e+00 3.026556e+00 2.606695e+00 2.578665e+00 2.332057e+00 1.919394e+00 9.433536e-04
<GCONST> 8.796931e+01
<MIXTURE> 44 7.328289e-03
<MEAN> 25
 -1.510716e+01 1.626099e+00 3.483378e+00 -3.567298e+00 3.279028e+00 1.697670e+00 -8.170382e-01 1.664548e+00 1.256201e+00 -3.325498e-01 1.996568e+00 1.471145e+00 -2.987971e-01 1.158377e-01 9.627976e-02 2.026751e-01 -1.262752e-01 2.789406e-01 5.175894e-01 1.851973e-01 2.490237e-01 -5.078125e-02 1.385589e-01 1.252749e-01 6.280520e-03
<VARIANCE> 25
 4.182161e+01 2.681844e+01 3.193929e+01 3.047242e+01 2.819930e+01 3.141847e+01 3.068988e+01 3.658327e+01 2.636506e+01 2.791609e+01 2.549102e+01 2.063879e+01 1.530578e+00 1.558399e+00 1.341531e+00 1.375801e+00 2.048600e+00 1.716038e+00 1.422124e+00 1.691851e+00 1.526497e+00 2.033300e+00 1.343201e+00 1.202635e+00 1.235819e-03
<GCONST> 8.506055e+01
<MIXTURE> 45 1.364932e-02
<MEAN> 25
 -1.236616e+01 3.189803e+00 -8.372394e-01 2.578275e+00 5.587467e+00 2.166595e-01 3.758786e+00 2.145160e+00 3.099451e+00 2.633895e+00 2.462625e+00 2.278598e+00 -3.018065e+00 6.154932e-01 -4.385179e-01 -5.787245e-01 1.602655e-01 1.406326e-01 4.318042e-01 6.579368e-02 5.415418e-02 -1.670650e-01 3.153001e-01 1.537766e-01 1.148034e-01
<VARIANCE> 25
 3.253230e+01 2.872642e+01 3.116929e+01 3.408286e+01 2.996391e+01 2.725314e+01 4.295499e+01 3.389875e+01 2.360143e+01 2.686221e+01 2.658287e+01 1.610518e+01 2.477883e+00 2.858202e+00 2.679968e+00 2.515491e+00 2.341715e+00 2.813828e+00 2.219756e+00 2.177192e+00 2.281738e+00 2.265842e+00 1.930087e+00 1.578844e+00 4.022891e-03
<GCONST> 9.082346e+01
<MIXTURE> 46 9.336259e-03
<MEAN> 25
 -9.461929e+00 2.310558e+00 1.198608e+00 7.563220e+00 5.939096e+00 3.339463e+00 7.060683e+00 4.488961e+00 5.703130e+00 4.689624e+00 5.033292e+00 2.924155e+00 1.062585e+00 -2.394526e-01 4.102962e-02 9.993219e-01 6.021368e-01 9.411553e-01 3.865005e-01 6.750311e-01 4.715782e-01 5.047313e-01 6.397581e-01 5.242799e-01 -1.056332e-01
<VARIANCE> 25
 3.422448e+01 4.380234e+01 3.849649e+01 4.994025e+01 5.079381e+01 4.076421e+01 3.711253e+01 3.538834e+01 3.316205e+01 3.095789e+01 2.825536e+01 2.021860e+01 3.914721e+00 4.141050e+00 3.878247e+00 4.144284e+00 4.173967e+00 3.698303e+00 3.380316e+00 3.114162e+00 2.982727e+00 2.875213e+00 2.307978e+00 1.782233e+00 7.947748e-03
<GCONST> 9.830060e+01
<MIXTURE> 47 7.116147e-03
<MEAN> 25
 7.334793e+00 -7.379408e+00 -7.761317e+00 -6.455839e+00 1.507089e+00 8.385066e-01 -2.390763e+00 1.226035e+00 3.018844e+00 1.475133e-01 -4.258793e+00 -6.716294e+00 -1.837192e-01 -1.257746e+00 -6.926949e-01 -4.194374e-01 6.228502e-01 8.176318e-01 8.769487e-01 2.997623e-01 1.179201e-01 -8.865234e-01 -4.678918e-01 -4.575823e-01 3.012302e-02
<VARIANCE> 25
 1.068170e+01 2.104878e+01 2.051723e+01 3.317635e+01 3.621634e+01 5.280014e+01 4.530367e+01 4.078794e+01 4.341203e+01 4.703247e+01 4.865000e+01 3.355339e+01 5.197551e-01 7.716077e-01 1.124316e+00 1.668643e+00 1.980107e+00 2.203218e+00 2.320549e+00 2.481274e+00 2.193510e+00 2.143748e+00 2.186526e+00 2.011537e+00 5.498866e-04
<GCONST> 8.644518e+01
<MIXTURE> 48 7.116147e-03
<MEAN> 25
 7.334793e+00 -7.379408e+00 -7.761317e+00 -6.455839e+00 1.507089e+00 8.385066e-01 -2.390763e+00 1.226035e+00 3.018844e+00 1.475133e-01 -4.258793e+00 -6.716294e+00 -1.837192e-01 -1.257746e+00 -6.926949e-01 -4.194374e-01 6.228502e-01 8.176318e-01 8.769487e-01 2.997623e-01 1.179201e-01 -8.865234e-01 -4.678918e-01 -4.575823e-01 3.012302e-02
<VARIANCE> 25
 1.068170e+01 2.104878e+01 2.051723e+01 3.317635e+01 3.621634e+01 5.280014e+01 4.530367e+01 4.078794e+01 4.341203e+01 4.703247e+01 4.865000e+01 3.355339e+01 5.197551e-01 7.716077e-01 1.124316e+00 1.668643e+00 1.980107e+00 2.203218e+00 2.320549e+00 2.481274e+00 2.193510e+00 2.143748e+00 2.186526e+00 2.011537e+00 5.498866e-04
<GCONST> 8.644518e+01
<MIXTURE> 49 5.548473e-03
<MEAN> 25
 -4.988851e+00 3.316972e-01 1.441661e-01 8.284884e+00 6.037669e+00 5.587718e+00 5.961957e+00 4.534726e+00 5.011182e+00 3.568342e+00 4.739390e+00 2.945653e+00 3.569212e-01 6.312007e-01 6.998540e-01 3.741669e-01 -1.910501e-01 -6.744568e-01 -9.948007e-01 -1.132431e+00 -9.533423e-01 -6.796514e-01 -4.737509e-01 -2.888985e-01 1.394773e-07
<VARIANCE> 25
 9.854111e+00 9.931677e+00 1.394175e+01 1.634974e+01 1.578028e+01 1.663296e+01 1.940279e+01 1.909266e+01 1.851629e+01 1.830196e+01 2.116342e+01 1.427150e+01 2.770880e-01 2.740634e-01 3.540795e-01 6.205118e-01 8.635199e-01 9.477169e-01 9.727327e-01 1.051913e+00 1.165273e+00 1.206977e+00 1.285737e+00 1.185794e+00 1.447820e-05
<GCONST> 6.432993e+01
<MIXTURE> 50 6.234641e-03
<MEAN> 25
 -4.130702e+00 -1.900837e-01 -1.331051e+00 5.941535e+00 3.911664e+00 2.463754e+00 3.630275e+00 2.077816e+00 2.669250e+00 1.189709e+00 1.789572e+00 2.860993e+00 5.254085e-02 1.661123e-01 1.109568e-01 -1.427516e-01 -4.915255e-01 -6.554928e-01 -4.660756e-01 -1.402516e-01 4.382130e-01 8.026055e-01 6.397073e-01 3.662867e-01 -6.028481e-05
<VARIANCE> 25
 1.216666e+01 1.094977e+01 1.357689e+01 1.502953e+01 1.527152e+01 1.750210e+01 1.744736e+01 1.847934e+01 1.741246e+01 1.640282e+01 2.098872e+01 1.470747e+01 1.343816e-01 2.231392e-01 3.671224e-01 5.136187e-01 6.359676e-01 7.182132e-01 9.640962e-01 1.150454e+00 1.054376e+00 8.868462e-01 9.584885e-01 1.048627e+00 9.871794e-07
<GCONST> 5.916262e+01
<MIXTURE> 51 6.234641e-03
<MEAN> 25
 -4.130702e+00 -1.900837e-01 -1.331051e+00 5.941535e+00 3.911664e+00 2.463754e+00 3.630275e+00 2.077816e+00 2.669250e+00 1.189709e+00 1.789572e+00 2.860993e+00 5.254085e-02 1.661123e-01 1.109568e-01 -1.427516e-01 -4.915255e-01 -6.554928e-01 -4.660756e-01 -1.402516e-01 4.382130e-01 8.026055e-01 6.397073e-01 3.662867e-01 -6.028481e-05
<VARIANCE> 25
 1.216666e+01 1.094977e+01 1.357689e+01 1.502953e+01 1.527152e+01 1.750210e+01 1.744736e+01 1.847934e+01 1.741246e+01 1.640282e+01 2.098872e+01 1.470747e+01 1.343816e-01 2.231392e-01 3.671224e-01 5.136187e-01 6.359676e-01 7.182132e-01 9.640962e-01 1.150454e+00 1.054376e+00 8.868462e-01 9.584885e-01 1.048627e+00 9.871794e-07
<GCONST> 5.916262e+01
<MIXTURE> 52 6.367945e-03
<MEAN> 25
 1.012390e+01 2.049436e+00 -6.198314e+00 -1.428616e+01 -4.222328e+00 8.537173e+00 -2.752689e+00 -3.061266e+00 -4.408396e+00 -2.132974e+00 3.354682e+00 7.465401e-01 -3.855931e-01 -4.802797e-01 -6.967562e-02 1.140574e+00 1.339690e+00 -4.734381e-01 -6.029972e-01 -6.590550e-01 4.285510e-02 1.246378e+00 3.874424e-01 -5.457312e-01 -1.382027e-02
<VARIANCE> 25
 9.288105e+00 2.048893e+01 2.533545e+01 3.858913e+01 4.573070e+01 3.072170e+01 4.654700e+01 4.894478e+01 4.306342e+01 4.603953e+01 3.994991e+01 3.000847e+01 4.496021e-01 1.480708e+00 1.310599e+00 2.758028e+00 2.328930e+00 2.199901e+00 2.985955e+00 2.799638e+00 3.006370e+00 2.666993e+00 2.520446e+00 2.277588e+00 1.546059e-03
<GCONST> 8.973344e+01
<MIXTURE> 53 6.367945e-03
<MEAN> 25
 1.012390e+01 2.049436e+00 -6.198314e+00 -1.428616e+01 -4.222328e+00 8.537173e+00 -2.752689e+00 -3.061266e+00 -4.408396e+00 -2.132974e+00 3.354682e+00 7.465401e-01 -3.855931e-01 -4.802797e-01 -6.967562e-02 1.140574e+00 1.339690e+00 -4.734381e-01 -6.029972e-01 -6.590550e-01 4.285510e-02 1.246378e+00 3.874424e-01 -5.457312e-01 -1.382027e-02
<VARIANCE> 25
 9.288105e+00 2.048893e+01 2.533545e+01 3.858913e+01 4.573070e+01 3.072170e+01 4.654700e+01 4.894478e+01 4.306342e+01 4.603953e+01 3.994991e+01 3.000847e+01 4.496021e-01 1.480708e+00 1.310599e+00 2.758028e+00 2.328930e+00 2.199901e+00 2.985955e+00 2.799638e+00 3.006370e+00 2.666993e+00 2.520446e+00 2.277588e+00 1.546059e-03
<GCONST> 8.973344e+01
<MIXTURE> 54 7.368620e-03
<MEAN> 25
 -3.156859e+00 -2.431643e-01 -6.238029e-01 7.576654e+00 5.910102e+00 4.629617e+00 4.486385e+00 4.631978e+00 3.885769e+00 3.318906e+00 4.047414e+00 2.230068e+00 -8.580741e-03 3.129123e-02 4.918167e-02 4.741411e-02 5.144442e-02 5.547190e-02 4.704957e-02 5.575198e-02 3.366615e-02 4.128022e-02 9.431709e-03 -1.205324e-03 -2.914226e-05
<VARIANCE> 25
 1.022092e+01 1.021044e+01 8.454358e+00 1.848620e+01 1.493430e+01 1.294516e+01 1.147588e+01 1.046243e+01 1.101513e+01 1.460594e+01 1.812831e+01 1.218124e+01 3.839599e-02 8.786691e-02 1.693276e-01 2.203888e-01 3.150166e-01 4.002112e-01 5.053141e-01 5.316402e-01 5.333149e-01 5.317224e-01 4.833127e-01 4.840051e-01 9.778519e-07
<GCONST> 4.726077e+01
<MIXTURE> 55 7.368620e-03
<MEAN> 25
 -3.156859e+00 -2.431643e-01 -6.238029e-01 7.576654e+00 5.910102e+00 4.629617e+00 4.486385e+00 4.631978e+00 3.885769e+00 3.318906e+00 4.047414e+00 2.230068e+00 -8.580741e-03 3.129123e-02 4.918167e-02 4.741411e-02 5.144442e-02 5.547190e-02 4.704957e-02 5.575198e-02 3.366615e-02 4.128022e-02 9.431709e-03 -1.205324e-03 -2.914226e-05
<VARIANCE> 25
 1.022092e+01 1.021044e+01 8.454358e+00 1.848620e+01 1.493430e+01 1.294516e+01 1.147588e+01 1.046243e+01 1.101513e+01 1.460594e+01 1.812831e+01 1.218124e+01 3.839599e-02 8.786691e-02 1.693276e-01 2.203888e-01 3.150166e-01 4.002112e-01 5.053141e-01 5.316402e-01 5.333149e-01 5.317224e-01 4.833127e-01 4.840051e-01 9.778519e-07
<GCONST> 4.726077e+01
<MIXTURE> 56 6.132464e-03
<MEAN> 25
 7.555528e+00 -6.769064e+00 -9.150834e+00 -8.660168e+00 3.958713e+00 3.921972e+00 -2.180355e+00 -1.480310e+00 1.953524e+00 6.555375e-01 -2.481928e+00 -7.146008e+00 -9.970993e-03 2.565544e-02 -8.574912e-02 2.263832e-02 2.581936e-01 6.611814e-02 1.143848e-01 -1.376842e-01 -4.662613e-02 -3.687419e-02 -8.246048e-02 1.860509e-02 -7.054396e-03
<VARIANCE> 25
 9.347475e+00 2.335285e+01 2.004944e+01 4.125092e+01 3.315906e+01 5.112687e+01 6.193006e+01 3.681996e+01 3.894677e+01 3.767364e+01 4.024751e+01 3.114132e+01 2.062901e-01 4.321940e-01 4.528639e-01 7.727551e-01 7.978657e-01 1.112542e+00 9.098672e-01 9.069957e-01 9.085820e-01 9.264471e-01 1.034416e+00 7.848464e-01 2.391692e-04
<GCONST> 7.514545e+01
<MIXTURE> 57 6.132464e-03
<MEAN> 25
 7.555528e+00 -6.769064e+00 -9.150834e+00 -8.660168e+00 3.958713e+00 3.921972e+00 -2.180355e+00 -1.480310e+00 1.953524e+00 6.555375e-01 -2.481928e+00 -7.146008e+00 -9.970993e-03 2.565544e-02 -8.574912e-02 2.263832e-02 2.581936e-01 6.611814e-02 1.143848e-01 -1.376842e-01 -4.662613e-02 -3.687419e-02 -8.246048e-02 1.860509e-02 -7.054396e-03
<VARIANCE> 25
 9.347475e+00 2.335285e+01 2.004944e+01 4.125092e+01 3.315906e+01 5.112687e+01 6.193006e+01 3.681996e+01 3.894677e+01 3.767364e+01 4.024751e+01 3.114132e+01 2.062901e-01 4.321940e-01 4.528639e-01 7.727551e-01 7.978657e-01 1.112542e+00 9.098672e-01 9.069957e-01 9.085820e-01 9.264471e-01 1.034416e+00 7.848464e-01 2.391692e-04
<GCONST> 7.514545e+01
<MIXTURE> 58 6.172147e-03
<MEAN> 25
 2.583158e+00 -3.096087e+00 7.348775e+00 -5.269612e+00 -1.344089e+01 -5.601824e+00 1.653673e+00 8.325102e-01 -2.404674e+00 1.843153e+00 5.433639e-01 -8.380558e-01 -2.911148e-02 -1.364281e-01 -7.198469e-02 -1.585378e-01 -1.698288e-02 2.356855e-01 3.746891e-01 2.235387e-01 1.639363e-02 1.616704e-02 -7.758322e-02 -1.398026e-01 -2.864490e-03
<VARIANCE> 25
 7.373184e+00 1.510477e+01 2.033414e+01 2.709454e+01 2.353905e+01 4.640561e+01 3.269223e+01 3.472935e+01 3.220687e+01 3.123413e+01 2.274632e+01 2.019219e+01 3.072435e-01 8.015691e-01 7.509491e-01 1.023548e+00 8.908038e-01 1.210086e+00 1.154859e+00 1.295504e+00 1.074382e+00 1.062876e+00 9.110692e-01 8.765100e-01 7.232351e-04
<GCONST> 7.553513e+01
<MIXTURE> 59 6.172147e-03
<MEAN> 25
 2.583158e+00 -3.096087e+00 7.348775e+00 -5.269612e+00 -1.344089e+01 -5.601824e+00 1.653673e+00 8.325102e-01 -2.404674e+00 1.843153e+00 5.433639e-01 -8.380558e-01 -2.911148e-02 -1.364281e-01 -7.198469e-02 -1.585378e-01 -1.698288e-02 2.356855e-01 3.746891e-01 2.235387e-01 1.639363e-02 1.616704e-02 -7.758322e-02 -1.398026e-01 -2.864490e-03
<VARIANCE> 25
 7.373184e+00 1.510477e+01 2.033414e+01 2.709454e+01 2.353905e+01 4.640561e+01 3.269223e+01 3.472935e+01 3.220687e+01 3.123413e+01 2.274632e+01 2.019219e+01 3.072435e-01 8.015691e-01 7.509491e-01 1.023548e+00 8.908038e-01 1.210086e+00 1.154859e+00 1.295504e+00 1.074382e+00 1.062876e+00 9.110692e-01 8.765100e-01 7.232351e-04
<GCONST> 7.553513e+01
<MIXTURE> 60 4.479129e-03
<MEAN> 25
 -1.399639e+00 -1.492521e+00 -5.829102e-01 3.083981e+00 4.623816e-01 2.535057e+00 1.556203e+00 1.733449e+00 1.345699e+00 9.585824e-01 1.226157e+00 2.031563e+00 5.145373e-03 1.664229e-02 1.196046e-01 1.157736e-01 6.545617e-02 1.536527e-01 2.394810e-01 3.399477e-01 6.472881e-01 6.543872e-01 4.546926e-01 2.302917e-01 1.522541e-05
<VARIANCE> 25
 6.758718e+00 3.161911e+00 6.310666e+00 7.495478e+00 9.290045e+00 1.143294e+01 1.125074e+01 8.705170e+00 1.049670e+01 1.305945e+01 1.157150e+01 1.103229e+01 8.335241e-02 1.589860e-01 2.699791e-01 3.880409e-01 5.345476e-01 8.141661e-01 9.817692e-01 7.314048e-01 8.710266e-01 8.126116e-01 7.458770e-01 8.940071e-01 3.443010e-05
<GCONST> 5.311502e+01
<MIXTURE> 61 4.479129e-03
<MEAN> 25
 -1.399639e+00 -1.492521e+00 -5.829102e-01 3.083981e+00 4.623816e-01 2.535057e+00 1.556203e+00 1.733449e+00 1.345699e+00 9.585824e-01 1.226157e+00 2.031563e+00 5.145373e-03 1.664229e-02 1.196046e-01 1.157736e-01 6.545617e-02 1.536527e-01 2.394810e-01 3.399477e-01 6.472881e-01 6.543872e-01 4.546926e-01 2.302917e-01 1.522541e-05
<VARIANCE> 25
 6.758718e+00 3.161911e+00 6.310666e+00 7.495478e+00 9.290045e+00 1.143294e+01 1.125074e+01 8.705170e+00 1.049670e+01 1.305945e+01 1.157150e+01 1.103229e+01 8.335241e-02 1.589860e-01 2.699791e-01 3.880409e-01 5.345476e-01 8.141661e-01 9.817692e-01 7.314048e-01 8.710266e-01 8.126116e-01 7.458770e-01 8.940071e-01 3.443010e-05
<GCONST> 5.311502e+01
<MIXTURE> 62 3.278034e-03
<MEAN> 25
 -5.088501e+00 1.239398e+00 1.025582e+00 8.816391e+00 6.127306e+00 5.049480e+00 5.498202e+00 4.032145e+00 4.984159e+00 3.917455e+00 4.966061e+00 2.951879e+00 -1.002849e+00 -1.166331e+00 -9.530103e-01 -2.768066e-01 4.274155e-01 1.005316e+00 1.384930e+00 1.552183e+00 1.479045e+00 1.242532e+00 1.067200e+00 7.261597e-01 -1.266282e-03
<VARIANCE> 25
 9.885811e+00 9.961864e+00 1.311115e+01 1.673853e+01 1.744016e+01 1.752092e+01 1.969656e+01 1.911166e+01 1.886057e+01 1.872471e+01 2.155263e+01 1.479137e+01 4.020408e-01 4.321917e-01 5.540231e-01 7.790296e-01 1.034649e+00 1.191763e+00 1.251963e+00 1.278569e+00 1.329404e+00 1.365468e+00 1.399621e+00 1.371110e+00 1.632655e-05
<GCONST> 6.752731e+01
<MIXTURE> 63 4.351215e-03
<MEAN> 25
 -3.530293e+00 -2.398346e+00 -4.005328e+00 2.699898e+00 2.922544e+00 1.498663e-01 2.405783e+00 1.600161e+00 1.994590e+00 -7.336177e-01 -8.336254e-01 2.628922e+00 -3.730793e-02 3.026195e-01 3.980244e-01 5.568298e-01 4.315848e-01 4.121629e-01 3.625510e-01 7.876604e-02 1.032158e-01 1.507772e-01 1.689506e-01 1.046570e-01 -2.509793e-03
<VARIANCE> 25
 1.058822e+01 1.255715e+01 1.633356e+01 1.458980e+01 1.679815e+01 2.441835e+01 2.125745e+01 2.123071e+01 2.361210e+01 2.025235e+01 1.765862e+01 1.535788e+01 2.651395e-01 4.105575e-01 5.754614e-01 7.168467e-01 9.012170e-01 1.075126e+00 1.174405e+00 1.333351e+00 1.311825e+00 1.356452e+00 1.242652e+00 1.101178e+00 1.844330e-04
<GCONST> 6.981750e+01
<MIXTURE> 64 4.351215e-03
<MEAN> 25
 -3.530293e+00 -2.398346e+00 -4.005328e+00 2.699898e+00 2.922544e+00 1.498663e-01 2.405783e+00 1.600161e+00 1.994590e+00 -7.336177e-01 -8.336254e-01 2.628922e+00 -3.730793e-02 3.026195e-01 3.980244e-01 5.568298e-01 4.315848e-01 4.121629e-01 3.625510e-01 7.876604e-02 1.032158e-01 1.507772e-01 1.689506e-01 1.046570e-01 -2.509793e-03
<VARIANCE> 25
 1.058822e+01 1.255715e+01 1.633356e+01 1.458980e+01 1.679815e+01 2.441835e+01 2.125745e+01 2.123071e+01 2.361210e+01 2.025235e+01 1.765862e+01 1.535788e+01 2.651395e-01 4.105575e-01 5.754614e-01 7.168467e-01 9.012170e-01 1.075126e+00 1.174405e+00 1.333351e+00 1.311825e+00 1.356452e+00 1.242652e+00 1.101178e+00 1.844330e-04
<GCONST> 6.981750e+01
<MIXTURE> 65 1.721197e-02
<MEAN> 25
 6.989035e+00 2.671181e+00 1.403442e+00 -6.605654e-01 -4.635967e+00 -5.455755e+00 -5.604325e+00 -6.625223e+00 -3.054084e+00 -2.744743e+00 -3.586333e+00 -3.695771e+00 3.833009e-01 -1.418999e-01 -7.448751e-02 6.230922e-01 -4.955158e-01 3.339269e-01 -4.098786e-01 -1.962381e-01 2.511739e-01 -5.005419e-02 -9.183943e-02 -4.491410e-02 -5.678503e-03
<VARIANCE> 25
 9.481125e+00 1.479521e+01 1.893041e+01 3.055528e+01 2.985483e+01 4.580769e+01 4.413459e+01 4.483603e+01 4.189598e+01 4.327007e+01 4.778432e+01 4.661648e+01 6.151317e-01 1.018180e+00 1.223090e+00 1.817844e+00 1.970481e+00 1.761059e+00 1.971474e+00 2.342728e+00 2.221494e+00 2.228286e+00 2.006961e+00 1.750676e+00 3.315181e-04
<GCONST> 8.522284e+01
<MIXTURE> 66 1.191532e-02
<MEAN> 25
 6.673104e+00 -4.079533e+00 -5.611995e+00 -4.824780e+00 1.272106e+00 -5.104774e+00 -6.913003e+00 1.178412e+00 6.766711e-01 -2.048332e+00 -6.130511e+00 -3.483777e+00 -4.309627e-02 1.663531e+00 2.235373e+00 2.319461e+00 -1.249358e+00 -1.248741e+00 5.273208e-02 -5.460203e-01 -1.425643e-01 -1.965433e-01 -1.974737e-01 1.044228e+00 -6.372218e-02
<VARIANCE> 25
 8.950348e+00 2.240263e+01 2.706723e+01 3.302760e+01 3.845669e+01 5.338074e+01 5.598153e+01 4.542568e+01 5.402783e+01 6.667838e+01 3.696279e+01 3.641344e+01 1.287569e+00 2.448416e+00 2.359801e+00 2.467416e+00 4.191753e+00 4.314009e+00 4.363875e+00 4.838385e+00 4.246039e+00 4.987082e+00 3.905250e+00 3.256164e+00 1.469241e-03
<GCONST> 9.683334e+01
<MIXTURE> 67 1.559142e-02
<MEAN> 25
 8.983942e+00 2.035681e+00 -5.976972e+00 -8.270731e+00 9.013425e-01 3.079813e+00 -3.326190e+00 -2.243430e+00 -3.774004e+00 7.781370e-01 -5.459491e-02 -1.733998e+00 -1.074160e+00 1.831297e+00 1.062375e+00 3.072806e+00 1.392594e+00 -5.091076e-01 1.302389e+00 1.207571e-01 1.564037e-01 2.513311e-01 -2.766586e-01 6.253740e-01 -1.299648e-01
<VARIANCE> 25
 1.147011e+01 3.884716e+01 3.079035e+01 5.587996e+01 4.914900e+01 5.409066e+01 6.208664e+01 5.279675e+01 6.477073e+01 5.710984e+01 5.576575e+01 4.736824e+01 2.179344e+00 3.465982e+00 3.290100e+00 4.517578e+00 4.522643e+00 4.554700e+00 4.705738e+00 5.070604e+00 5.476595e+00 4.778295e+00 5.133715e+00 3.745317e+00 3.043883e-03
<GCONST> 1.029168e+02
<MIXTURE> 68 1.485092e-02
<MEAN> 25
 -1.964197e+00 -2.278926e+00 -3.991858e+00 1.284139e+00 5.096366e+00 -6.195592e-01 1.979486e+00 1.737559e+00 1.908829e+00 1.551816e+00 3.664093e-01 1.815307e+00 2.692125e+00 6.060038e-01 1.972124e-02 -2.616279e+00 -2.367582e+00 -1.694896e+00 -2.350298e+00 -1.816708e+00 -1.636348e+00 -1.434688e+00 -1.915591e+00 -1.027343e+00 1.020863e-01
<VARIANCE> 25
 2.574302e+01 3.135966e+01 5.746836e+01 5.119836e+01 4.624882e+01 5.386985e+01 4.528171e+01 4.143065e+01 3.963369e+01 4.284371e+01 3.686148e+01 2.520472e+01 2.014577e+00 3.747619e+00 5.764753e+00 5.742378e+00 4.651947e+00 5.811806e+00 5.658515e+00 4.880528e+00 4.848541e+00 5.203511e+00 5.073222e+00 3.364801e+00 6.028683e-03
<GCONST> 1.033474e+02
<MIXTURE> 69 1.204884e-02
<MEAN> 25
 4.669307e+00 -4.226274e+00 -3.563653e+00 -3.624632e+00 -3.503300e+00 -7.875211e+00 -1.117893e+00 2.205654e+00 -3.515013e-01 -4.737313e+00 -5.686316e+00 9.526581e-01 1.675739e+00 -2.228990e+00 -1.335904e+00 -2.246835e+00 -5.296984e-01 -3.562772e-01 -4.766578e-01 6.112167e-01 -6.427165e-01 -1.457764e+00 -2.200201e+00 -1.723200e-01 6.256960e-02
<VARIANCE> 25
 8.861974e+00 2.180413e+01 2.673040e+01 2.593871e+01 4.265566e+01 3.563507e+01 4.892909e+01 3.159694e+01 3.972469e+01 3.786813e+01 3.105255e+01 2.461096e+01 3.548427e+00 2.954058e+00 3.335940e+00 3.703706e+00 5.761266e+00 5.041881e+00 7.117341e+00 6.087338e+00 5.906344e+00 5.865049e+00 4.360413e+00 3.700324e+00 2.444144e-03
<GCONST> 9.869064e+01
<MIXTURE> 70 1.329190e-02
<MEAN> 25
 7.486930e+00 -2.006152e+00 -3.862251e+00 -3.598774e+00 -4.077554e-01 -7.049000e-01 -7.675005e+00 -4.023846e+00 5.529277e-01 2.852482e+00 -1.375654e-01 -4.915687e+00 1.926769e+00 -1.125316e+00 -8.146479e-01 -2.200491e+00 -1.516385e+00 1.154244e+00 -1.343073e+00 -9.916712e-02 3.354754e-01 -2.815809e-02 6.856220e-01 -1.447850e+00 5.856432e-02
<VARIANCE> 25
 1.005758e+01 2.269043e+01 2.825637e+01 4.681411e+01 3.529273e+01 4.457294e+01 4.960176e+01 4.380944e+01 4.681980e+01 3.282830e+01 4.484052e+01 2.723820e+01 3.496252e+00 3.250463e+00 4.717071e+00 4.991891e+00 5.191397e+00 6.570382e+00 6.760756e+00 7.533558e+00 6.147273e+00 5.356880e+00 5.835643e+00 4.290722e+00 2.534788e-03
<GCONST> 1.018415e+02
<MIXTURE> 71 1.406903e-02
<MEAN> 25
 5.589285e+00 5.099122e+00 3.775014e+00 2.013017e+00 -2.791029e+00 -4.573682e+00 -3.852128e+00 -6.451386e+00 -4.782388e+00 -2.079029e+00 -4.537231e+00 -2.732153e+00 -1.665901e+00 -4.116764e-01 1.471589e-02 -1.966707e+00 1.247853e+00 -3.455876e-01 -1.658772e-01 1.215908e+00 3.217782e-01 -3.581880e-03 7.171785e-01 1.492405e-01 4.257650e-02
<VARIANCE> 25
 1.965974e+01 2.252761e+01 2.205373e+01 4.741948e+01 3.767664e+01 4.202576e+01 3.752118e+01 3.581253e+01 3.476128e+01 3.903087e+01 3.556950e+01 3.198019e+01 1.960336e+00 3.275844e+00 4.863560e+00 4.842181e+00 4.230671e+00 5.264658e+00 4.499438e+00 5.246307e+00 3.737652e+00 3.684465e+00 3.111832e+00 2.940949e+00 1.403470e-03
<GCONST> 9.736415e+01
<MIXTURE> 72 8.134747e-03
<MEAN> 25
 3.792086e+00 -3.679381e+00 5.454535e+00 -2.468845e+00 -1.040080e+01 -9.626430e+00 -2.451674e+00 1.919800e+00 -4.942532e+00 -2.201369e+00 -1.885499e+00 6.114184e-01 9.329553e-01 -7.864121e-01 -2.576124e+00 4.644053e-01 2.135410e+00 -6.542519e-01 -1.317647e+00 1.524540e+00 1.814569e+00 -5.968635e-01 -1.288718e+00 4.024349e-01 -6.131470e-03
<VARIANCE> 25
 1.078331e+01 1.951535e+01 3.286750e+01 3.841843e+01 3.234345e+01 3.336601e+01 4.105927e+01 3.623212e+01 4.368530e+01 4.135851e+01 3.878822e+01 2.857355e+01 4.322489e-01 1.026183e+00 2.023566e+00 1.471129e+00 2.191446e+00 2.355911e+00 3.059809e+00 2.733430e+00 2.602766e+00 2.960341e+00 2.025854e+00 2.128441e+00 5.406097e-04
<GCONST> 8.725977e+01
<MIXTURE> 73 1.213625e-02
<MEAN> 25
 -5.422184e+00 -8.504323e-01 -1.312838e+00 4.882037e+00 4.089456e+00 2.465580e+00 5.445252e+00 3.407747e+00 4.247015e+00 3.193362e+00 4.060063e+00 2.972764e+00 7.833845e-01 -9.227040e-01 -9.082974e-01 -2.644408e+00 -1.274747e+00 -1.865250e+00 -9.238224e-01 -6.033299e-01 -9.357495e-01 -6.868991e-01 -1.090436e+00 -3.061018e-01 1.509606e-01
<VARIANCE> 25
 1.349204e+01 1.297542e+01 1.461461e+01 2.178649e+01 2.296706e+01 2.417166e+01 1.974116e+01 1.928438e+01 1.743687e+01 1.969999e+01 2.295204e+01 1.504668e+01 3.901837e+00 3.247783e+00 5.767041e+00 4.495887e+00 5.918498e+00 4.692375e+00 4.150619e+00 4.300485e+00 3.753304e+00 4.073290e+00 3.409253e+00 2.583527e+00 4.500852e-03
<GCONST> 9.232042e+01
<MIXTURE> 74 1.756491e-02
<MEAN> 25
 4.484193e+00 -1.497946e+00 5.142389e+00 -1.136310e+00 -8.606294e+00 -8.376084e+00 -2.703937e+00 5.866218e-01 -4.106066e+00 -2.793953e+00 -1.686314e+00 1.104031e-01 3.153331e-01 1.976675e+00 3.639168e-02 1.755166e+00 1.205045e+00 3.861102e-01 -2.576175e-02 -1.291089e+00 1.779687e-01 1.506054e-01 -1.980179e-01 -8.233383e-02 -7.765001e-02
<VARIANCE> 25
 1.155681e+01 2.189908e+01 3.749132e+01 3.801957e+01 3.750705e+01 3.894994e+01 5.090453e+01 4.685551e+01 4.707943e+01 4.421457e+01 4.030771e+01 3.466084e+01 2.113341e+00 2.099369e+00 3.847849e+00 2.606606e+00 3.899129e+00 3.916385e+00 4.980372e+00 4.303612e+00 4.128946e+00 3.998702e+00 3.692583e+00 3.153930e+00 1.764516e-03
<GCONST> 9.719517e+01
<MIXTURE> 75 9.711651e-03
<MEAN> 25
 2.667199e+00 -1.234745e+00 1.102080e+01 1.716157e+00 -1.182692e+01 -7.682373e+00 -4.582958e+00 -4.876521e-01 -4.508783e+00 -4.628341e+00 3.264771e+00 1.320976e-01 1.753534e+00 -1.768591e+00 2.003071e-01 -2.531782e-01 -2.404204e+00 -5.168478e-01 -1.467997e+00 9.643892e-01 -1.502466e-01 -3.535509e-01 1.080470e+00 -6.316012e-01 3.858347e-02
<VARIANCE> 25
 1.112404e+01 1.788726e+01 3.053592e+01 2.788948e+01 2.704679e+01 3.271714e+01 3.143000e+01 3.111684e+01 3.367587e+01 3.159042e+01 2.043367e+01 2.194810e+01 2.377593e+00 1.898488e+00 4.287250e+00 2.500498e+00 3.873264e+00 4.344711e+00 4.154431e+00 3.517256e+00 3.949201e+00 3.377507e+00 3.106958e+00 2.509574e+00 1.544440e-03
<GCONST> 9.228927e+01
<MIXTURE> 76 1.052359e-02
<MEAN> 25
 -6.456042e+00 -1.510706e+00 -2.589229e+00 3.932870e+00 4.007651e+00 2.144721e+00 4.232004e+00 2.283487e+00 2.385188e+00 3.648909e-01 1.484939e+00 2.535893e+00 -1.198344e-01 -4.476626e-01 -2.692099e-01 -8.329799e-01 -5.901768e-01 -8.669959e-01 -5.343320e-01 -4.251153e-01 -4.799598e-01 -3.632939e-01 -2.794022e-01 -1.535494e-01 2.231679e-02
<VARIANCE> 25
 3.487585e+01 2.518180e+01 2.700088e+01 2.477700e+01 2.859770e+01 2.893308e+01 2.739354e+01 2.580895e+01 2.214517e+01 2.337004e+01 2.499614e+01 1.745424e+01 1.200748e+00 1.158495e+00 1.269211e+00 1.206242e+00 1.367268e+00 1.923343e+00 1.595381e+00 1.823492e+00 1.536624e+00 1.686456e+00 1.358207e+00 1.220895e+00 1.229105e-03
<GCONST> 8.238457e+01
<MIXTURE> 77 1.244626e-02
<MEAN> 25
 -9.236269e-01 8.565331e+00 9.530910e+00 -1.225942e+01 -3.501820e+00 -2.834557e+00 -8.188932e+00 -6.171701e+00 -3.674244e+00 5.708931e-02 -2.907494e+00 -2.825910e+00 1.867614e-01 1.794739e-01 -1.181332e-01 3.519853e-01 3.330516e-03 1.229330e-02 7.184421e-02 -6.255551e-02 -1.506237e-01 -7.758321e-02 9.516238e-02 -1.849040e-01 -6.567124e-03
<VARIANCE> 25
 8.438643e+00 1.505552e+01 3.746279e+01 3.290261e+01 5.053799e+01 5.351325e+01 3.292553e+01 2.617303e+01 2.788631e+01 2.508278e+01 3.575660e+01 3.126587e+01 2.800712e-01 6.278546e-01 6.339179e-01 1.053874e+00 1.106372e+00 8.388247e-01 1.080186e+00 8.337792e-01 1.021811e+00 9.786632e-01 8.828811e-01 1.093023e+00 4.591511e-04
<GCONST> 7.609704e+01
<MIXTURE> 78 9.702551e-03
<MEAN> 25
 -1.148001e+01 1.404944e+00 -1.406591e+00 2.096033e+00 4.302280e+00 -1.943628e+00 3.511453e+00 2.430267e+00 2.485737e+00 6.207346e-01 -4.665330e-01 3.037202e+00 2.433798e+00 -1.857686e-01 1.961151e-01 4.084766e-01 -1.214348e-01 -7.715219e-02 -2.822308e-01 -8.059970e-02 2.069036e-01 2.601899e-02 -4.033370e-01 -4.011835e-01 -6.070971e-02
<VARIANCE> 25
 3.923379e+01 3.226041e+01 3.144020e+01 3.158500e+01 3.771814e+01 3.642424e+01 3.480062e+01 3.151559e+01 2.777040e+01 2.697585e+01 2.539933e+01 1.910068e+01 4.626036e+00 2.558224e+00 2.681107e+00 3.623605e+00 2.780703e+00 3.491015e+00 3.287123e+00 2.751304e+00 2.279220e+00 2.554784e+00 2.125817e+00 2.087249e+00 4.457457e-03
<GCONST> 9.407825e+01
<MIXTURE> 79 1.156824e-02
<MEAN> 25
 1.362827e+00 2.178137e+00 7.167237e+00 -7.434599e+00 -9.739715e+00 -3.359725e+00 -7.714447e-01 -6.922971e+00 -6.039229e+00 7.836508e-01 -3.943608e+00 -4.518360e+00 1.277107e+00 -5.249310e-01 -1.247739e+00 2.466469e+00 3.125408e-01 -1.235051e+00 2.206238e-01 5.749201e-01 -3.274411e-01 -5.122637e-01 6.033464e-01 1.513827e-01 -3.398649e-02
<VARIANCE> 25
 1.443877e+01 1.961937e+01 3.851315e+01 4.294818e+01 3.848626e+01 3.926746e+01 3.666172e+01 2.931514e+01 3.067522e+01 3.141598e+01 3.497425e+01 2.755699e+01 7.886791e-01 1.744319e+00 1.561424e+00 1.621502e+00 1.950423e+00 2.385698e+00 2.700421e+00 2.935473e+00 2.501070e+00 2.200258e+00 2.142000e+00 1.883217e+00 9.499707e-04
<GCONST> 8.804320e+01
<MIXTURE> 80 7.550998e-03
<MEAN> 25
 -1.449197e+01 4.106375e+00 7.541608e-01 2.662895e+00 2.511956e+00 1.446450e+00 6.133477e+00 2.408638e+00 2.517471e+00 2.165611e+00 4.652038e+00 1.224668e+00 4.237835e+00 4.062272e-02 1.591405e+00 -1.238035e+00 -2.841664e+00 -2.761011e+00 -2.187685e+00 -1.930828e+00 -1.872605e+00 -1.683844e+00 -1.616019e+00 -5.469109e-01 -4.340249e-02
<VARIANCE> 25
 2.057633e+01 1.950797e+01 3.330261e+01 3.445255e+01 2.917872e+01 2.816399e+01 2.910002e+01 2.775321e+01 2.690810e+01 2.895103e+01 2.684480e+01 1.752364e+01 2.335671e+00 2.651406e+00 2.633440e+00 4.262117e+00 3.323186e+00 2.619292e+00 3.380032e+00 3.304951e+00 2.940522e+00 2.677232e+00 2.710614e+00 2.149006e+00 1.476002e-03
<GCONST> 9.133006e+01
<MIXTURE> 81 8.025434e-03
<MEAN> 25
 -2.230930e+00 4.639284e+00 8.672089e+00 -1.596127e+01 -6.837272e+00 -3.591571e+00 -5.119361e+00 -7.598181e+00 -1.979601e+00 -2.121920e-01 -5.852918e+00 -2.893882e+00 1.494831e-01 -4.539655e-01 -4.338806e-02 -5.730044e-01 -2.277376e-01 2.419530e-01 6.771994e-01 4.215984e-02 -2.288327e-01 3.667526e-01 -6.785776e-01 -5.151980e-01 1.082822e-02
<VARIANCE> 25
 9.184941e+00 2.323625e+01 2.203352e+01 2.553013e+01 3.393885e+01 2.985358e+01 4.121581e+01 2.178520e+01 3.761008e+01 2.421998e+01 2.579072e+01 2.346363e+01 6.526395e-01 1.690401e+00 1.302909e+00 3.637964e+00 2.325313e+00 1.917768e+00 2.923393e+00 1.790910e+00 2.351313e+00 1.940098e+00 2.126776e+00 1.879927e+00 1.026727e-03
<GCONST> 8.541039e+01
<MIXTURE> 82 8.213053e-03
<MEAN> 25
 -9.944155e+00 -3.842389e+00 1.680230e+00 -2.935957e+00 3.124763e+00 6.773772e-01 1.826211e+00 8.106776e-01 2.938659e+00 1.819389e+00 1.752195e+00 3.020393e+00 -1.345959e+00 -1.035453e-01 2.909075e-01 -2.597005e+00 -1.094898e+00 -1.240260e+00 -1.014500e+00 -8.692688e-01 -2.906308e-01 -4.887221e-01 -2.934480e-01 -8.234589e-02 1.767967e-01
<VARIANCE> 25
 1.831774e+01 2.487047e+01 3.216409e+01 3.061986e+01 3.268946e+01 3.197432e+01 3.356239e+01 3.386754e+01 3.054874e+01 2.608163e+01 3.056909e+01 1.755550e+01 3.861344e+00 3.043462e+00 3.269557e+00 3.244429e+00 3.521819e+00 3.473610e+00 2.917859e+00 2.997374e+00 2.841238e+00 2.478399e+00 2.456942e+00 1.856476e+00 3.561446e-03
<GCONST> 9.324497e+01
<MIXTURE> 83 1.167529e-02
<MEAN> 25
 -2.002910e+01 5.493796e+00 -1.788773e+00 -4.029393e-01 7.820754e+00 -1.228167e+00 5.459380e+00 3.038594e+00 1.199761e+00 2.200291e+00 7.226731e-01 2.875938e+00 -2.578751e-02 -4.486742e-01 4.503887e-03 -3.651558e-01 -4.972324e-01 -1.244020e-01 -1.353600e-01 -1.026567e-01 -3.992484e-02 -3.686324e-02 -3.096977e-02 -3.523446e-02 4.373507e-03
<VARIANCE> 25
 8.894752e+00 1.650116e+01 2.846980e+01 2.245449e+01 2.129360e+01 2.406845e+01 2.200191e+01 2.335469e+01 2.043690e+01 2.225415e+01 2.316245e+01 1.448984e+01 1.059849e+00 9.362498e-01 1.238961e+00 1.064469e+00 1.357362e+00 1.290984e+00 1.282381e+00 1.393097e+00 1.348472e+00 1.312992e+00 1.219016e+00 1.070320e+00 8.917748e-04
<GCONST> 7.703842e+01
<MIXTURE> 84 1.066614e-02
<MEAN> 25
 1.133592e+00 8.602930e+00 6.346518e+00 8.058657e+00 2.273201e+00 -7.680659e-01 -1.903665e+00 -4.449824e+00 -4.242962e+00 -3.099925e+00 -2.163749e+00 -1.778279e+00 -1.767433e+00 -1.173863e+00 -1.093216e+00 1.207833e+00 2.204650e+00 1.583285e+00 1.397429e+00 1.405158e+00 1.016704e+00 5.158244e-01 3.570883e-01 3.981083e-01 -7.038037e-02
<VARIANCE> 25
 2.176618e+01 1.852131e+01 2.820413e+01 2.318780e+01 3.070475e+01 2.819518e+01 2.759192e+01 2.483464e+01 2.380116e+01 2.468525e+01 2.229181e+01 2.318297e+01 2.010209e+00 2.337532e+00 3.692714e+00 3.235083e+00 3.073664e+00 3.167907e+00 3.121722e+00 3.396687e+00 3.443527e+00 3.151972e+00 3.333140e+00 2.600963e+00 3.287424e-03
<GCONST> 9.183775e+01
<MIXTURE> 85 7.591393e-03
<MEAN> 25
 -3.179180e+00 7.848032e+00 5.675551e+00 1.227745e+00 -3.419958e+00 -5.255322e+00 -3.006443e+00 -6.067638e+00 -3.510213e+00 -3.204959e+00 -4.954916e-01 -1.838835e+00 3.904540e+00 3.520080e-01 1.730150e+00 -2.113689e+00 -3.378472e+00 -2.592852e+00 -2.840295e+00 -2.308973e+00 -2.221349e+00 -1.272751e+00 -2.271251e+00 -5.950963e-01 9.244184e-03
<VARIANCE> 25
 4.284357e+01 2.351431e+01 3.613227e+01 3.813324e+01 3.957547e+01 4.108944e+01 3.179161e+01 2.770313e+01 2.633217e+01 2.580718e+01 2.593687e+01 2.058889e+01 2.782911e+00 4.319298e+00 4.041728e+00 5.148248e+00 4.430867e+00 3.872961e+00 4.003919e+00 4.051008e+00 3.857886e+00 4.064585e+00 3.958260e+00 3.475173e+00 5.402802e-03
<GCONST> 9.837075e+01
<MIXTURE> 86 1.273941e-02
<MEAN> 25
 -2.839200e+00 -1.565506e+00 -8.842244e-01 4.833142e+00 3.318284e+00 4.746672e+00 4.899718e+00 4.469038e+00 3.983052e+00 2.825052e+00 3.688837e+00 2.377719e+00 1.631144e-02 -2.413311e-02 -9.572354e-02 -9.506332e-02 -4.509443e-02 -2.458686e-01 -3.329664e-01 -2.927587e-01 -4.325464e-01 -3.126722e-01 -1.369528e-01 -1.316666e-01 -1.805625e-04
<VARIANCE> 25
 1.191646e+01 4.009838e+00 6.928465e+00 1.032988e+01 1.380964e+01 1.009703e+01 1.095796e+01 1.010096e+01 1.082101e+01 1.185945e+01 1.365391e+01 1.151567e+01 1.246107e-01 1.928243e-01 3.196021e-01 4.034489e-01 8.143512e-01 5.706970e-01 6.393504e-01 8.429670e-01 9.341595e-01 8.194391e-01 7.613841e-01 7.316593e-01 7.150174e-05
<GCONST> 5.608154e+01
<MIXTURE> 87 1.100681e-02
<MEAN> 25
 -3.262022e+00 4.514695e+00 3.505944e+00 6.941035e+00 5.576017e+00 8.060608e-01 1.575956e+00 -9.887568e-01 -6.789282e-01 -8.088412e-01 -8.629606e-01 1.595532e-02 -2.196678e+00 -2.756413e+00 -2.066076e+00 -2.217088e+00 -1.972469e-02 -1.467003e-01 5.820677e-01 1.267386e+00 1.417216e+00 1.025582e+00 9.531845e-01 9.946442e-01 1.040325e-01
<VARIANCE> 25
 3.810448e+01 2.923779e+01 2.772073e+01 3.379099e+01 2.837565e+01 3.223726e+01 2.829609e+01 2.720911e+01 2.636628e+01 2.499852e+01 2.530693e+01 2.287707e+01 3.990517e+00 2.752140e+00 3.961037e+00 3.611364e+00 4.759921e+00 4.355072e+00 4.189308e+00 3.939166e+00 3.512737e+00 3.360898e+00 3.347391e+00 2.703847e+00 4.936474e-03
<GCONST> 9.637447e+01
<MIXTURE> 88 1.256585e-02
<MEAN> 25
 -3.972823e+00 -5.870369e-01 -1.203505e+00 5.195786e+00 3.746549e+00 3.627301e+00 4.141900e+00 2.834910e+00 3.148093e+00 1.754865e+00 1.876157e+00 2.457966e+00 2.848638e-01 1.399568e-01 2.408375e-01 2.868952e-01 1.629241e-01 8.879625e-02 -1.023845e-01 -1.356855e-01 -5.078222e-01 -4.264224e-01 -9.532445e-02 1.724857e-02 -8.019850e-03
<VARIANCE> 25
 8.789201e+00 8.175753e+00 1.187456e+01 1.225366e+01 1.732761e+01 1.687309e+01 1.816285e+01 1.688232e+01 1.501593e+01 1.603093e+01 1.911031e+01 1.245041e+01 2.114325e+00 1.346301e+00 1.602930e+00 1.905005e+00 2.107915e+00 2.231462e+00 2.303426e+00 2.564283e+00 2.150020e+00 2.800680e+00 1.799971e+00 1.605807e+00 1.835774e-03
<GCONST> 7.960442e+01
<MIXTURE> 89 9.333527e-03
<MEAN> 25
 6.080461e+00 -6.833359e+00 -3.560100e+00 -3.168692e+00 -1.612571e+00 -5.592416e+00 -6.120708e+00 4.101395e+00 3.475093e+00 -2.806831e+00 -6.032383e+00 -3.288493e+00 -5.713291e-01 1.566222e-01 1.990818e+00 9.017588e-01 -1.869462e+00 -1.649000e+00 8.839507e-01 1.264824e+00 -7.897286e-01 -1.316550e+00 4.043460e-01 1.536805e+00 -4.886968e-03
<VARIANCE> 25
 8.984289e+00 2.671718e+01 3.107632e+01 3.020891e+01 3.610902e+01 4.166656e+01 5.966718e+01 4.213648e+01 3.909630e+01 4.242284e+01 3.582271e+01 3.240192e+01 3.537463e-01 8.417474e-01 1.472341e+00 1.317241e+00 1.918499e+00 2.127028e+00 2.576978e+00 2.041384e+00 2.249570e+00 2.129122e+00 2.331095e+00 1.470468e+00 3.666269e-04
<GCONST> 8.529342e+01
<MIXTURE> 90 7.114505e-03
<MEAN> 25
 2.447725e+00 -9.722350e+00 -4.754377e+00 -3.976641e+00 -3.383578e+00 -1.812352e+00 3.365793e+00 1.181797e+00 -7.531548e+00 -1.021496e+01 -3.428780e+00 -7.387467e-01 -1.635322e-01 9.088925e-01 1.168728e+00 -8.536303e-01 -1.612743e+00 -2.117934e-01 6.444812e-01 -2.101713e-01 -1.689126e-01 7.370037e-01 1.827427e-01 -5.499576e-01 -1.114447e-02
<VARIANCE> 25
 8.491154e+00 1.778752e+01 1.980794e+01 2.802217e+01 3.683002e+01 3.217244e+01 3.851235e+01 3.639501e+01 3.521001e+01 2.770086e+01 2.700072e+01 2.613117e+01 2.237429e-01 6.126736e-01 7.865306e-01 1.042947e+00 1.469947e+00 1.591328e+00 1.780519e+00 1.654381e+00 1.809941e+00 1.678019e+00 1.495213e+00 1.308351e+00 2.149901e-04
<GCONST> 7.813005e+01
<MIXTURE> 91 7.852945e-03
<MEAN> 25
 6.392567e+00 -7.646323e+00 -8.581196e+00 -5.167139e+00 3.969447e+00 -1.218560e-01 -2.192660e+00 7.275957e-01 7.830797e-01 -2.944940e+00 -4.935559e+00 -5.185377e+00 2.598118e-01 1.003224e+00 1.918067e-01 4.498161e-01 -7.050530e-02 -5.594721e-01 -3.895083e-01 -1.014299e-01 -1.028691e-01 4.569109e-01 -1.173022e-01 2.112535e-01 -3.500533e-02
<VARIANCE> 25
 1.011070e+01 2.267770e+01 1.992399e+01 4.058201e+01 3.519932e+01 5.551567e+01 5.444733e+01 3.968970e+01 5.195024e+01 6.425787e+01 3.828143e+01 4.149902e+01 4.462569e-01 8.876747e-01 1.127648e+00 1.387475e+00 2.196143e+00 2.379210e+00 2.371889e+00 2.389944e+00 2.246003e+00 2.217886e+00 2.014269e+00 1.820910e+00 5.854940e-04
<GCONST> 8.718927e+01
<MIXTURE> 92 7.852945e-03
<MEAN> 25
 6.392567e+00 -7.646323e+00 -8.581196e+00 -5.167139e+00 3.969447e+00 -1.218560e-01 -2.192660e+00 7.275957e-01 7.830797e-01 -2.944940e+00 -4.935559e+00 -5.185377e+00 2.598118e-01 1.003224e+00 1.918067e-01 4.498161e-01 -7.050530e-02 -5.594721e-01 -3.895083e-01 -1.014299e-01 -1.028691e-01 4.569109e-01 -1.173022e-01 2.112535e-01 -3.500533e-02
<VARIANCE> 25
 1.011070e+01 2.267770e+01 1.992399e+01 4.058201e+01 3.519932e+01 5.551567e+01 5.444733e+01 3.968970e+01 5.195024e+01 6.425787e+01 3.828143e+01 4.149902e+01 4.462569e-01 8.876747e-01 1.127648e+00 1.387475e+00 2.196143e+00 2.379210e+00 2.371889e+00 2.389944e+00 2.246003e+00 2.217886e+00 2.014269e+00 1.820910e+00 5.854940e-04
<GCONST> 8.718927e+01
<MIXTURE> 93 6.122769e-03
<MEAN> 25
 -6.662905e+00 -9.838350e-01 -2.360988e+00 5.740099e+00 5.799869e+00 3.920604e+00 6.034490e+00 3.671293e+00 4.109813e+00 2.459866e+00 1.738778e+00 3.686813e+00 -6.174748e-02 -1.532565e-01 -2.527538e-01 -3.213736e-01 -3.288260e-01 -2.920096e-01 -2.207922e-01 -1.899084e-01 -1.785919e-01 -1.442204e-01 -1.077629e-01 -4.557288e-02 -7.346438e-06
<VARIANCE> 25
 1.008004e+01 6.034141e+00 8.092397e+00 1.129085e+01 1.173970e+01 1.572011e+01 1.535396e+01 1.629728e+01 1.469631e+01 1.433965e+01 1.666837e+01 1.341735e+01 8.115478e-02 1.509332e-01 2.667271e-01 3.875621e-01 5.032660e-01 6.419701e-01 7.890913e-01 9.001320e-01 9.246759e-01 8.906375e-01 8.895720e-01 9.103832e-01 1.011801e-06
<GCONST> 5.371835e+01
<MIXTURE> 94 6.122769e-03
<MEAN> 25
 -6.662905e+00 -9.838350e-01 -2.360988e+00 5.740099e+00 5.799869e+00 3.920604e+00 6.034490e+00 3.671293e+00 4.109813e+00 2.459866e+00 1.738778e+00 3.686813e+00 -6.174748e-02 -1.532565e-01 -2.527538e-01 -3.213736e-01 -3.288260e-01 -2.920096e-01 -2.207922e-01 -1.899084e-01 -1.785919e-01 -1.442204e-01 -1.077629e-01 -4.557288e-02 -7.346438e-06
<VARIANCE> 25
 1.008004e+01 6.034141e+00 8.092397e+00 1.129085e+01 1.173970e+01 1.572011e+01 1.535396e+01 1.629728e+01 1.469631e+01 1.433965e+01 1.666837e+01 1.341735e+01 8.115478e-02 1.509332e-01 2.667271e-01 3.875621e-01 5.032660e-01 6.419701e-01 7.890913e-01 9.001320e-01 9.246759e-01 8.906375e-01 8.895720e-01 9.103832e-01 1.011801e-06
<GCONST> 5.371835e+01
<MIXTURE> 95 5.258835e-03
<MEAN> 25
 -3.804400e+00 -8.682881e-01 -1.653589e+00 4.313434e+00 3.517645e+00 3.242650e+00 3.277528e+00 2.373025e+00 2.066968e+00 5.002674e-01 6.826910e-01 2.537045e+00 6.872033e-02 8.101040e-03 1.181126e-01 7.436124e-02 -1.655303e-01 -6.748866e-01 -9.585044e-01 -1.309202e+00 -1.439663e+00 -9.189720e-01 -4.351353e-01 -4.337387e-01 -1.408118e-04
<VARIANCE> 25
 1.390194e+01 5.946110e+00 8.461961e+00 1.177563e+01 1.041239e+01 1.366928e+01 1.599129e+01 1.434757e+01 1.406216e+01 1.276636e+01 1.421330e+01 1.292033e+01 1.828305e-01 2.552238e-01 3.782017e-01 6.637430e-01 6.980345e-01 6.503026e-01 7.703419e-01 8.507977e-01 1.004910e+00 1.011219e+00 1.135224e+00 8.434620e-01 4.595385e-05
<GCONST> 6.008580e+01
<MIXTURE> 96 7.034694e-03
<MEAN> 25
 -3.964580e+00 -9.414169e-01 -1.979364e+00 4.569359e+00 3.154963e+00 2.338579e+00 3.369016e+00 2.334546e+00 2.459746e+00 7.971537e-01 9.434985e-01 2.712493e+00 -1.126253e-02 9.686876e-02 1.767474e-01 4.256932e-01 5.604541e-01 4.664400e-01 1.989934e-01 -3.842833e-02 -4.041561e-01 -7.754217e-01 -5.977104e-01 -3.304421e-01 -4.096024e-05
<VARIANCE> 25
 1.276322e+01 8.915938e+00 1.063832e+01 1.329270e+01 1.374751e+01 1.709795e+01 1.535610e+01 1.776606e+01 1.679718e+01 1.384610e+01 1.655537e+01 1.323289e+01 9.837958e-02 2.185852e-01 3.004307e-01 4.095840e-01 5.136076e-01 6.184693e-01 9.384136e-01 9.759887e-01 1.051267e+00 9.547588e-01 8.481746e-01 9.639378e-01 1.156359e-06
<GCONST> 5.650300e+01
<MIXTURE> 97 7.034694e-03
<MEAN> 25
 -3.964580e+00 -9.414169e-01 -1.979364e+00 4.569359e+00 3.154963e+00 2.338579e+00 3.369016e+00 2.334546e+00 2.459746e+00 7.971537e-01 9.434985e-01 2.712493e+00 -1.126253e-02 9.686876e-02 1.767474e-01 4.256932e-01 5.604541e-01 4.664400e-01 1.989934e-01 -3.842833e-02 -4.041561e-01 -7.754217e-01 -5.977104e-01 -3.304421e-01 -4.096024e-05
<VARIANCE> 25
 1.276322e+01 8.915938e+00 1.063832e+01 1.329270e+01 1.374751e+01 1.709795e+01 1.535610e+01 1.776606e+01 1.679718e+01 1.384610e+01 1.655537e+01 1.323289e+01 9.837958e-02 2.185852e-01 3.004307e-01 4.095840e-01 5.136076e-01 6.184693e-01 9.384136e-01 9.759887e-01 1.051267e+00 9.547588e-01 8.481746e-01 9.639378e-01 1.156359e-06
<GCONST> 5.650300e+01
<MIXTURE> 98 9.917808e-03
<MEAN> 25
 -1.329390e+00 8.971858e-01 -3.663533e-01 4.701610e+00 3.213710e+00 2.596635e+00 2.380019e+00 1.561565e+00 6.635903e-01 6.555320e-01 6.984929e-01 4.758229e-01 -1.664868e+00 -1.511577e+00 -7.850809e-01 -5.500411e-02 8.201818e-01 8.413086e-01 1.296657e+00 1.596656e+00 1.407659e+00 1.294495e+00 1.134551e+00 8.766802e-01 -3.733705e-02
<VARIANCE> 25
 1.271565e+01 1.862657e+01 2.835435e+01 3.152560e+01 3.961556e+01 3.264444e+01 3.242717e+01 2.645238e+01 2.968574e+01 3.058450e+01 2.338610e+01 2.265973e+01 1.348966e+00 1.327181e+00 2.436046e+00 2.522022e+00 2.723809e+00 2.743145e+00 2.532176e+00 2.592511e+00 2.783306e+00 2.776339e+00 2.648863e+00 1.925895e+00 2.130344e-03
<GCONST> 8.902655e+01
<MIXTURE> 99 6.696178e-03
<MEAN> 25
 -5.406868e+00 9.699949e+00 5.839419e+00 1.004481e+00 1.602494e+00 -6.295241e+00 -2.070222e+00 -3.856643e+00 -3.613006e+00 -3.379780e+00 -8.040392e-01 -7.304225e-01 7.505708e-01 -6.850790e-01 2.089404e-01 -1.771708e-01 -1.255389e+00 -3.269246e-01 -1.827917e-01 -2.145655e-01 6.231205e-02 -2.760364e-01 1.161706e-01 2.372434e-02 7.275106e-03
<VARIANCE> 25
 3.736578e+01 2.091313e+01 4.106234e+01 4.747700e+01 3.189192e+01 3.705495e+01 2.351484e+01 2.449286e+01 2.338281e+01 2.382022e+01 1.958855e+01 3.079795e+01 2.005925e+00 1.830295e+00 1.245769e+00 2.459687e+00 2.493133e+00 2.163378e+00 1.533413e+00 1.399437e+00 1.524041e+00 1.650681e+00 1.215446e+00 1.257620e+00 1.325348e-03
<GCONST> 8.592902e+01
<MIXTURE> 100 4.498084e-03
<MEAN> 25
 -1.830809e+00 6.485554e+00 9.781489e+00 -8.220355e+00 -1.013941e+01 -5.346974e+00 -5.255285e+00 -9.762463e+00 -4.435843e+00 -1.092002e+00 -2.326201e+00 -2.227644e+00 2.848989e+00 -1.206911e+00 1.240770e+00 -2.452640e+00 -3.310004e+00 -1.004796e+00 -1.100522e+00 -8.773897e-01 -1.128917e+00 3.929086e-01 -1.489031e+00 -4.746623e-01 4.369106e-03
<VARIANCE> 25
 1.285486e+01 1.929348e+01 2.257646e+01 2.930666e+01 2.458517e+01 2.218884e+01 2.744896e+01 2.009362e+01 2.612349e+01 2.118133e+01 2.182051e+01 2.154016e+01 1.687168e+00 3.614082e+00 2.682007e+00 4.539388e+00 3.908122e+00 4.562806e+00 3.773827e+00 3.969059e+00 4.854683e+00 3.555982e+00 3.798172e+00 3.244456e+00 1.571606e-03
<GCONST> 9.183756e+01
<MIXTURE> 101 6.007792e-03
<MEAN> 25
 8.095562e+00 -3.487686e+00 -6.312076e+00 -6.867486e+00 8.473278e-01 -1.259419e+00 -1.058879e+01 -2.059223e+00 1.622199e+00 2.714123e+00 -2.387280e+00 -5.142878e+00 6.735128e-01 6.510574e-01 -1.457044e+00 -1.610554e+00 1.032374e+00 2.318557e+00 1.970067e-01 -1.460531e+00 -1.064602e+00 1.036811e+00 1.373374e+00 -4.156249e-01 -4.808012e-03
<VARIANCE> 25
 9.275476e+00 1.672082e+01 2.984561e+01 4.279416e+01 3.623063e+01 3.582102e+01 3.703038e+01 3.622683e+01 3.786439e+01 4.398839e+01 5.177860e+01 2.422897e+01 2.936883e-01 6.692890e-01 1.172383e+00 1.551803e+00 1.687561e+00 2.096680e+00 2.086267e+00 1.992341e+00 2.349066e+00 2.216547e+00 1.785526e+00 1.935307e+00 3.449540e-04
<GCONST> 8.364368e+01
<MIXTURE> 102 6.007792e-03
<MEAN> 25
 8.095562e+00 -3.487686e+00 -6.312076e+00 -6.867486e+00 8.473278e-01 -1.259419e+00 -1.058879e+01 -2.059223e+00 1.622199e+00 2.714123e+00 -2.387280e+00 -5.142878e+00 6.735128e-01 6.510574e-01 -1.457044e+00 -1.610554e+00 1.032374e+00 2.318557e+00 1.970067e-01 -1.460531e+00 -1.064602e+00 1.036811e+00 1.373374e+00 -4.156249e-01 -4.808012e-03
<VARIANCE> 25
 9.275476e+00 1.672082e+01 2.984561e+01 4.279416e+01 3.623063e+01 3.582102e+01 3.703038e+01 3.622683e+01 3.786439e+01 4.398839e+01 5.177860e+01 2.422897e+01 2.936883e-01 6.692890e-01 1.172383e+00 1.551803e+00 1.687561e+00 2.096680e+00 2.086267e+00 1.992341e+00 2.349066e+00 2.216547e+00 1.785526e+00 1.935307e+00 3.449540e-04
<GCONST> 8.364368e+01
<MIXTURE> 103 5.694618e-03
<MEAN> 25
 3.367049e+00 -9.479733e+00 -6.132215e+00 -3.089971e+00 -1.332481e+00 -1.971196e+00 2.438452e+00 2.516385e+00 -4.612812e+00 -9.257199e+00 -5.061988e+00 3.626814e-01 -1.576344e-01 -1.488611e+00 -9.807643e-01 3.757297e-01 1.213959e+00 1.020458e+00 1.588475e-01 -2.672597e-01 -7.810946e-01 -9.465896e-01 -3.507268e-02 1.203486e-01 2.694355e-02
<VARIANCE> 25
 1.033782e+01 2.032553e+01 2.290745e+01 3.168036e+01 4.804728e+01 3.500976e+01 4.640856e+01 3.668727e+01 4.211845e+01 2.933283e+01 3.006520e+01 2.640574e+01 6.438406e-01 1.252073e+00 1.537700e+00 1.940406e+00 2.926796e+00 2.410307e+00 2.890437e+00 2.576899e+00 2.563018e+00 2.523783e+00 2.097000e+00 2.016479e+00 8.073281e-04
<GCONST> 8.757201e+01
<MIXTURE> 104 5.694618e-03
<MEAN> 25
 3.367049e+00 -9.479733e+00 -6.132215e+00 -3.089971e+00 -1.332481e+00 -1.971196e+00 2.438452e+00 2.516385e+00 -4.612812e+00 -9.257199e+00 -5.061988e+00 3.626814e-01 -1.576344e-01 -1.488611e+00 -9.807643e-01 3.757297e-01 1.213959e+00 1.020458e+00 1.588475e-01 -2.672597e-01 -7.810946e-01 -9.465896e-01 -3.507268e-02 1.203486e-01 2.694355e-02
<VARIANCE> 25
 1.033782e+01 2.032553e+01 2.290745e+01 3.168036e+01 4.804728e+01 3.500976e+01 4.640856e+01 3.668727e+01 4.211845e+01 2.933283e+01 3.006520e+01 2.640574e+01 6.438406e-01 1.252073e+00 1.537700e+00 1.940406e+00 2.926796e+00 2.410307e+00 2.890437e+00 2.576899e+00 2.563018e+00 2.523783e+00 2.097000e+00 2.016479e+00 8.073281e-04
<GCONST> 8.757201e+01
<MIXTURE> 105 4.710235e-03
<MEAN> 25
 2.065905e+00 -9.791602e-01 8.688952e+00 -3.111325e+00 -1.059270e+01 -5.406412e+00 -4.251952e+00 -9.458809e-01 -3.819231e+00 -2.990082e+00 1.576586e+00 -1.514865e+00 3.158679e-02 3.895224e-02 4.311758e-02 -3.198077e-03 -1.868360e-02 3.652130e-02 -1.679992e-02 4.840911e-02 -5.791114e-02 -2.185388e-02 5.508448e-02 -5.472182e-02 -2.161930e-03
<VARIANCE> 25
 1.311130e+01 3.182930e+01 4.269940e+01 4.650788e+01 5.058998e+01 5.453087e+01 3.938955e+01 4.167276e+01 3.781817e+01 4.013013e+01 3.945882e+01 3.169245e+01 8.966604e-02 1.822232e-01 3.416686e-01 3.080598e-01 3.674145e-01 4.210309e-01 4.767328e-01 4.718983e-01 4.794417e-01 4.577828e-01 4.133419e-01 4.315807e-01 8.460582e-05
<GCONST> 6.701527e+01
<MIXTURE> 106 4.710235e-03
<MEAN> 25
 2.065905e+00 -9.791602e-01 8.688952e+00 -3.111325e+00 -1.059270e+01 -5.406412e+00 -4.251952e+00 -9.458809e-01 -3.819231e+00 -2.990082e+00 1.576586e+00 -1.514865e+00 3.158679e-02 3.895224e-02 4.311758e-02 -3.198077e-03 -1.868360e-02 3.652130e-02 -1.679992e-02 4.840911e-02 -5.791114e-02 -2.185388e-02 5.508448e-02 -5.472182e-02 -2.161930e-03
<VARIANCE> 25
 1.311130e+01 3.182930e+01 4.269940e+01 4.650788e+01 5.058998e+01 5.453087e+01 3.938955e+01 4.167276e+01 3.781817e+01 4.013013e+01 3.945882e+01 3.169245e+01 8.966604e-02 1.822232e-01 3.416686e-01 3.080598e-01 3.674145e-01 4.210309e-01 4.767328e-01 4.718983e-01 4.794417e-01 4.577828e-01 4.133419e-01 4.315807e-01 8.460582e-05
<GCONST> 6.701527e+01
<MIXTURE> 107 5.452374e-03
<MEAN> 25
 8.641506e+00 -2.310045e+00 -8.040230e+00 -9.561760e+00 1.965375e+00 2.957524e+00 -8.641872e+00 -4.554320e+00 -8.844398e-01 3.388388e+00 8.550858e-01 -5.075183e+00 -6.098498e-01 -7.685440e-01 8.358988e-01 1.773418e+00 2.252542e-01 -2.012714e+00 -9.218692e-01 8.485406e-01 1.767349e+00 4.706541e-02 -1.658136e+00 -8.202474e-01 -1.793841e-03
<VARIANCE> 25
 9.245399e+00 2.047229e+01 2.835637e+01 4.281054e+01 3.577118e+01 3.848768e+01 5.117284e+01 3.627250e+01 4.579645e+01 4.174457e+01 5.137726e+01 3.037190e+01 3.559352e-01 9.685941e-01 1.462109e+00 2.413872e+00 2.287091e+00 2.824769e+00 2.614555e+00 2.542114e+00 2.297829e+00 3.031026e+00 1.945264e+00 2.206991e+00 7.029267e-04
<GCONST> 8.804764e+01
<MIXTURE> 108 5.452374e-03
<MEAN> 25
 8.641506e+00 -2.310045e+00 -8.040230e+00 -9.561760e+00 1.965375e+00 2.957524e+00 -8.641872e+00 -4.554320e+00 -8.844398e-01 3.388388e+00 8.550858e-01 -5.075183e+00 -6.098498e-01 -7.685440e-01 8.358988e-01 1.773418e+00 2.252542e-01 -2.012714e+00 -9.218692e-01 8.485406e-01 1.767349e+00 4.706541e-02 -1.658136e+00 -8.202474e-01 -1.793841e-03
<VARIANCE> 25
 9.245399e+00 2.047229e+01 2.835637e+01 4.281054e+01 3.577118e+01 3.848768e+01 5.117284e+01 3.627250e+01 4.579645e+01 4.174457e+01 5.137726e+01 3.037190e+01 3.559352e-01 9.685941e-01 1.462109e+00 2.413872e+00 2.287091e+00 2.824769e+00 2.614555e+00 2.542114e+00 2.297829e+00 3.031026e+00 1.945264e+00 2.206991e+00 7.029267e-04
<GCONST> 8.804764e+01
<MIXTURE> 109 6.661064e-03
<MEAN> 25
 4.067631e+00 -1.052062e+01 -8.276175e+00 -1.345991e+00 2.741054e+00 -3.670504e-02 -7.050673e-02 1.458375e+00 -2.567514e+00 -8.344677e+00 -5.364649e+00 7.401558e-02 -3.178134e-02 -1.315180e-01 -3.177062e-02 2.518508e-01 1.978078e-01 1.196775e-01 -1.259012e-01 -1.074503e-01 -4.162199e-02 -1.319712e-01 2.182274e-01 1.254206e-02 -3.469439e-03
<VARIANCE> 25
 9.095318e+00 1.836732e+01 2.013407e+01 3.134700e+01 4.071427e+01 3.667489e+01 4.646614e+01 3.424564e+01 4.589817e+01 3.537737e+01 2.957374e+01 2.810903e+01 1.930261e-01 4.219772e-01 5.379159e-01 6.355963e-01 1.230576e+00 9.922827e-01 1.255468e+00 1.091548e+00 1.115433e+00 9.525173e-01 8.767547e-01 8.836686e-01 1.820331e-04
<GCONST> 7.443715e+01
<MIXTURE> 110 6.661064e-03
<MEAN> 25
 4.067631e+00 -1.052062e+01 -8.276175e+00 -1.345991e+00 2.741054e+00 -3.670504e-02 -7.050673e-02 1.458375e+00 -2.567514e+00 -8.344677e+00 -5.364649e+00 7.401558e-02 -3.178134e-02 -1.315180e-01 -3.177062e-02 2.518508e-01 1.978078e-01 1.196775e-01 -1.259012e-01 -1.074503e-01 -4.162199e-02 -1.319712e-01 2.182274e-01 1.254206e-02 -3.469439e-03
<VARIANCE> 25
 9.095318e+00 1.836732e+01 2.013407e+01 3.134700e+01 4.071427e+01 3.667489e+01 4.646614e+01 3.424564e+01 4.589817e+01 3.537737e+01 2.957374e+01 2.810903e+01 1.930261e-01 4.219772e-01 5.379159e-01 6.355963e-01 1.230576e+00 9.922827e-01 1.255468e+00 1.091548e+00 1.115433e+00 9.525173e-01 8.767547e-01 8.836686e-01 1.820331e-04
<GCONST> 7.443715e+01
<MIXTURE> 111 4.337247e-03
<MEAN> 25
 -1.282458e+00 -1.654650e+00 -1.212749e+00 2.081142e+00 8.490783e-02 1.938736e+00 5.964802e-01 8.784057e-01 -9.669425e-02 -5.769830e-01 -4.231324e-01 1.722502e+00 -1.539193e-02 -7.524695e-02 -7.646877e-02 -8.986784e-02 -5.454393e-02 3.111972e-02 -7.484030e-03 -5.333238e-02 -2.368738e-01 -1.432123e-01 -1.074588e-01 -1.077627e-01 -1.181622e-04
<VARIANCE> 25
 6.529552e+00 3.575125e+00 5.869858e+00 6.473592e+00 1.009016e+01 1.462345e+01 1.265565e+01 9.545383e+00 9.795664e+00 1.028574e+01 8.587961e+00 9.802456e+00 7.647851e-02 1.838185e-01 3.376912e-01 4.105674e-01 4.956464e-01 5.965464e-01 9.046153e-01 7.555932e-01 1.029687e+00 8.530908e-01 6.445888e-01 9.620651e-01 2.905082e-05
<GCONST> 5.267557e+01
<MIXTURE> 112 4.337247e-03
<MEAN> 25
 -1.282458e+00 -1.654650e+00 -1.212749e+00 2.081142e+00 8.490783e-02 1.938736e+00 5.964802e-01 8.784057e-01 -9.669425e-02 -5.769830e-01 -4.231324e-01 1.722502e+00 -1.539193e-02 -7.524695e-02 -7.646877e-02 -8.986784e-02 -5.454393e-02 3.111972e-02 -7.484030e-03 -5.333238e-02 -2.368738e-01 -1.432123e-01 -1.074588e-01 -1.077627e-01 -1.181622e-04
<VARIANCE> 25
 6.529552e+00 3.575125e+00 5.869858e+00 6.473592e+00 1.009016e+01 1.462345e+01 1.265565e+01 9.545383e+00 9.795664e+00 1.028574e+01 8.587961e+00 9.802456e+00 7.647851e-02 1.838185e-01 3.376912e-01 4.105674e-01 4.956464e-01 5.965464e-01 9.046153e-01 7.555932e-01 1.029687e+00 8.530908e-01 6.445888e-01 9.620651e-01 2.905082e-05
<GCONST> 5.267557e+01
<MIXTURE> 113 5.938666e-03
<MEAN> 25
 9.976985e+00 1.755983e+00 -8.780458e+00 -1.704713e+01 -1.033499e+00 5.656880e+00 -5.281261e+00 -1.466627e+00 -5.695837e+00 -4.938277e-01 2.991936e-01 -1.988063e-01 4.880892e-03 1.384550e-02 -5.956972e-02 -1.132729e-01 1.042705e-01 1.505362e-01 5.928866e-02 3.605191e-02 -5.701271e-02 -5.130851e-02 1.797217e-01 3.516225e-02 -1.410141e-03
<VARIANCE> 25
 8.884995e+00 1.639483e+01 2.967993e+01 3.419881e+01 5.273882e+01 3.391302e+01 3.970432e+01 3.914101e+01 3.737145e+01 4.639971e+01 3.629453e+01 2.844917e+01 1.218107e-01 3.205743e-01 3.161547e-01 6.314644e-01 6.128528e-01 6.536264e-01 7.765401e-01 8.451333e-01 9.594226e-01 9.051849e-01 7.244606e-01 7.136719e-01 1.247690e-04
<GCONST> 7.110677e+01
<MIXTURE> 114 5.938666e-03
<MEAN> 25
 9.976985e+00 1.755983e+00 -8.780458e+00 -1.704713e+01 -1.033499e+00 5.656880e+00 -5.281261e+00 -1.466627e+00 -5.695837e+00 -4.938277e-01 2.991936e-01 -1.988063e-01 4.880892e-03 1.384550e-02 -5.956972e-02 -1.132729e-01 1.042705e-01 1.505362e-01 5.928866e-02 3.605191e-02 -5.701271e-02 -5.130851e-02 1.797217e-01 3.516225e-02 -1.410141e-03
<VARIANCE> 25
 8.884995e+00 1.639483e+01 2.967993e+01 3.419881e+01 5.273882e+01 3.391302e+01 3.970432e+01 3.914101e+01 3.737145e+01 4.639971e+01 3.629453e+01 2.844917e+01 1.218107e-01 3.205743e-01 3.161547e-01 6.314644e-01 6.128528e-01 6.536264e-01 7.765401e-01 8.451333e-01 9.594226e-01 9.051849e-01 7.244606e-01 7.136719e-01 1.247690e-04
<GCONST> 7.110677e+01
<MIXTURE> 115 2.935202e-03
<MEAN> 25
 -3.131900e+00 -1.076879e+00 -2.867605e+00 3.214692e+00 1.815781e+00 -2.561529e-02 2.041394e+00 7.004663e-01 1.072179e+00 -7.743563e-02 -1.253106e-01 2.311554e+00 1.055408e-02 -9.902180e-02 -2.163840e-01 -4.290870e-01 -6.593980e-01 -7.248926e-01 -6.432072e-01 -5.686657e-01 -5.605324e-01 -4.252218e-01 -3.767226e-01 -7.654111e-02 -8.281671e-05
<VARIANCE> 25
 1.108536e+01 9.070878e+00 1.154673e+01 1.213726e+01 1.341785e+01 1.596350e+01 1.462599e+01 1.941048e+01 1.626768e+01 1.440128e+01 1.606843e+01 1.324237e+01 1.735474e-01 3.111134e-01 4.427807e-01 5.764726e-01 7.399769e-01 7.302136e-01 1.033847e+00 1.036581e+00 1.020283e+00 1.053712e+00 1.015167e+00 1.106926e+00 9.888106e-07
<GCONST> 5.886411e+01
<MIXTURE> 116 2.935202e-03
<MEAN> 25
 -3.131900e+00 -1.076879e+00 -2.867605e+00 3.214692e+00 1.815781e+00 -2.561529e-02 2.041394e+00 7.004663e-01 1.072179e+00 -7.743563e-02 -1.253106e-01 2.311554e+00 1.055408e-02 -9.902180e-02 -2.163840e-01 -4.290870e-01 -6.593980e-01 -7.248926e-01 -6.432072e-01 -5.686657e-01 -5.605324e-01 -4.252218e-01 -3.767226e-01 -7.654111e-02 -8.281671e-05
<VARIANCE> 25
 1.108536e+01 9.070878e+00 1.154673e+01 1.213726e+01 1.341785e+01 1.596350e+01 1.462599e+01 1.941048e+01 1.626768e+01 1.440128e+01 1.606843e+01 1.324237e+01 1.735474e-01 3.111134e-01 4.427807e-01 5.764726e-01 7.399769e-01 7.302136e-01 1.033847e+00 1.036581e+00 1.020283e+00 1.053712e+00 1.015167e+00 1.106926e+00 9.888106e-07
<GCONST> 5.886411e+01
<MIXTURE> 117 6.506003e-03
<MEAN> 25
 -4.640486e+00 1.114792e+00 1.052420e+00 9.749559e+00 6.254610e+00 6.254643e+00 6.458448e+00 5.046444e+00 6.384674e+00 4.923321e+00 6.355967e+00 2.712689e+00 -7.490034e-02 -2.338909e-01 -3.576262e-01 -4.185909e-01 -3.672153e-01 -3.032146e-01 -2.873630e-01 -3.326052e-01 -3.921552e-01 -3.689824e-01 -2.627840e-01 -1.169298e-01 -8.592328e-06
<VARIANCE> 25
 7.201045e+00 8.758896e+00 9.804064e+00 1.435246e+01 1.562066e+01 1.533378e+01 1.772460e+01 1.794604e+01 1.640186e+01 1.637752e+01 1.681400e+01 1.474693e+01 2.163578e-01 3.072067e-01 4.264629e-01 6.182352e-01 8.537017e-01 1.054967e+00 1.176994e+00 1.233693e+00 1.224807e+00 1.195184e+00 1.167000e+00 1.113486e+00 1.000779e-06
<GCONST> 6.043789e+01
<MIXTURE> 118 6.506003e-03
<MEAN> 25
 -4.640486e+00 1.114792e+00 1.052420e+00 9.749559e+00 6.254610e+00 6.254643e+00 6.458448e+00 5.046444e+00 6.384674e+00 4.923321e+00 6.355967e+00 2.712689e+00 -7.490034e-02 -2.338909e-01 -3.576262e-01 -4.185909e-01 -3.672153e-01 -3.032146e-01 -2.873630e-01 -3.326052e-01 -3.921552e-01 -3.689824e-01 -2.627840e-01 -1.169298e-01 -8.592328e-06
<VARIANCE> 25
 7.201045e+00 8.758896e+00 9.804064e+00 1.435246e+01 1.562066e+01 1.533378e+01 1.772460e+01 1.794604e+01 1.640186e+01 1.637752e+01 1.681400e+01 1.474693e+01 2.163578e-01 3.072067e-01 4.264629e-01 6.182352e-01 8.537017e-01 1.054967e+00 1.176994e+00 1.233693e+00 1.224807e+00 1.195184e+00 1.167000e+00 1.113486e+00 1.000779e-06
<GCONST> 6.043789e+01
<MIXTURE> 119 4.297961e-03
<MEAN> 25
 -4.818008e+00 -7.488302e+00 2.123900e+00 1.995279e+00 2.138993e+00 2.444336e-01 5.123615e+00 5.821564e+00 1.218739e+00 1.004656e+00 6.449094e+00 1.630680e+00 -4.435088e-02 -7.528293e-02 3.712691e-02 -5.506774e-02 -1.256329e-01 -1.789476e-01 -7.663256e-02 -1.437389e-02 -1.033614e-01 -1.295191e-01 -5.214142e-02 -4.817383e-02 1.166156e-03
<VARIANCE> 25
 9.069556e+00 1.012070e+01 1.637373e+01 1.967604e+01 2.259401e+01 2.281985e+01 2.496824e+01 2.627289e+01 2.479343e+01 2.760699e+01 2.058684e+01 2.000980e+01 1.609161e-01 2.797642e-01 4.583511e-01 6.300009e-01 8.185405e-01 9.804659e-01 1.077711e+00 1.254565e+00 1.287199e+00 1.238100e+00 1.181791e+00 1.103791e+00 2.290898e-04
<GCONST> 6.961175e+01
<MIXTURE> 120 4.297961e-03
<MEAN> 25
 -4.818008e+00 -7.488302e+00 2.123900e+00 1.995279e+00 2.138993e+00 2.444336e-01 5.123615e+00 5.821564e+00 1.218739e+00 1.004656e+00 6.449094e+00 1.630680e+00 -4.435088e-02 -7.528293e-02 3.712691e-02 -5.506774e-02 -1.256329e-01 -1.789476e-01 -7.663256e-02 -1.437389e-02 -1.033614e-01 -1.295191e-01 -5.214142e-02 -4.817383e-02 1.166156e-03
<VARIANCE> 25
 9.069556e+00 1.012070e+01 1.637373e+01 1.967604e+01 2.259401e+01 2.281985e+01 2.496824e+01 2.627289e+01 2.479343e+01 2.760699e+01 2.058684e+01 2.000980e+01 1.609161e-01 2.797642e-01 4.583511e-01 6.300009e-01 8.185405e-01 9.804659e-01 1.077711e+00 1.254565e+00 1.287199e+00 1.238100e+00 1.181791e+00 1.103791e+00 2.290898e-04
<GCONST> 6.961175e+01
<MIXTURE> 121 4.567511e-03
<MEAN> 25
 -1.130060e-02 -2.117063e+00 5.075018e+00 -1.308141e+01 -1.217087e+01 -1.859449e+00 1.166882e+00 -5.210686e+00 -3.985578e+00 -3.794283e-01 -5.516338e+00 -4.294227e+00 4.972288e-02 1.186922e-01 -9.379429e-02 1.843814e-01 1.590604e-01 7.369266e-02 -4.128385e-02 -1.921417e-01 -3.538085e-01 -2.320841e-01 -1.663673e-01 -3.628049e-02 -8.152002e-03
<VARIANCE> 25
 8.296510e+00 1.785634e+01 1.668189e+01 2.055461e+01 2.735138e+01 2.856228e+01 2.898771e+01 2.356878e+01 3.459120e+01 2.726091e+01 1.903608e+01 2.036189e+01 1.612340e-01 6.170878e-01 6.459015e-01 8.883590e-01 7.339854e-01 1.123842e+00 1.140149e+00 1.069901e+00 1.294474e+00 1.160908e+00 9.852956e-01 8.641655e-01 2.115696e-04
<GCONST> 7.170786e+01
<MIXTURE> 122 4.567511e-03
<MEAN> 25
 -1.130060e-02 -2.117063e+00 5.075018e+00 -1.308141e+01 -1.217087e+01 -1.859449e+00 1.166882e+00 -5.210686e+00 -3.985578e+00 -3.794283e-01 -5.516338e+00 -4.294227e+00 4.972288e-02 1.186922e-01 -9.379429e-02 1.843814e-01 1.590604e-01 7.369266e-02 -4.128385e-02 -1.921417e-01 -3.538085e-01 -2.320841e-01 -1.663673e-01 -3.628049e-02 -8.152002e-03
<VARIANCE> 25
 8.296510e+00 1.785634e+01 1.668189e+01 2.055461e+01 2.735138e+01 2.856228e+01 2.898771e+01 2.356878e+01 3.459120e+01 2.726091e+01 1.903608e+01 2.036189e+01 1.612340e-01 6.170878e-01 6.459015e-01 8.883590e-01 7.339854e-01 1.123842e+00 1.140149e+00 1.069901e+00 1.294474e+00 1.160908e+00 9.852956e-01 8.641655e-01 2.115696e-04
<GCONST> 7.170786e+01
<MIXTURE> 123 4.393044e-03
<MEAN> 25
 -3.777007e+00 4.182214e-01 1.627258e-01 5.959932e+00 5.022934e+00 3.919132e+00 3.000876e+00 7.709210e-01 1.841414e-01 -1.012213e+00 2.087464e-01 1.058983e+00 -3.903230e-01 -7.182947e-01 -7.800324e-01 -6.397705e-01 -3.451427e-01 6.104248e-02 4.597253e-01 6.196035e-01 7.772392e-01 7.169719e-01 6.298947e-01 4.167733e-01 -4.049215e-03
<VARIANCE> 25
 1.162685e+01 9.049850e+00 1.312119e+01 1.461419e+01 1.989153e+01 2.313718e+01 1.845526e+01 1.605395e+01 1.648450e+01 1.629996e+01 1.823123e+01 1.678540e+01 3.699578e-01 3.487469e-01 4.494171e-01 6.054118e-01 8.522652e-01 1.017167e+00 1.159882e+00 9.880316e-01 9.842119e-01 1.016209e+00 1.044684e+00 1.164303e+00 9.493039e-05
<GCONST> 6.657713e+01
<MIXTURE> 124 4.069876e-03
<MEAN> 25
 -5.736839e+00 -1.380921e+00 -2.633764e+00 4.925268e+00 4.495850e+00 3.448195e+00 4.925407e+00 2.695908e+00 3.080613e+00 1.197475e+00 1.038892e+00 3.087028e+00 -1.821842e-01 -2.992961e-01 -3.708095e-01 -2.378854e-01 1.176209e-01 5.353643e-01 8.510318e-01 8.629486e-01 6.413664e-01 2.814405e-01 7.518984e-02 -2.136219e-02 -1.713454e-04
<VARIANCE> 25
 1.446637e+01 6.482937e+00 1.055084e+01 1.157283e+01 1.318250e+01 1.801104e+01 1.598603e+01 1.579838e+01 1.467227e+01 1.554309e+01 1.772288e+01 1.498759e+01 1.033773e-01 1.662811e-01 2.530836e-01 3.877569e-01 5.648372e-01 6.738554e-01 7.401207e-01 7.754764e-01 9.424863e-01 9.999531e-01 9.420148e-01 9.703563e-01 1.996064e-05
<GCONST> 5.842905e+01
<MIXTURE> 125 4.069876e-03
<MEAN> 25
 -5.736839e+00 -1.380921e+00 -2.633764e+00 4.925268e+00 4.495850e+00 3.448195e+00 4.925407e+00 2.695908e+00 3.080613e+00 1.197475e+00 1.038892e+00 3.087028e+00 -1.821842e-01 -2.992961e-01 -3.708095e-01 -2.378854e-01 1.176209e-01 5.353643e-01 8.510318e-01 8.629486e-01 6.413664e-01 2.814405e-01 7.518984e-02 -2.136219e-02 -1.713454e-04
<VARIANCE> 25
 1.446637e+01 6.482937e+00 1.055084e+01 1.157283e+01 1.318250e+01 1.801104e+01 1.598603e+01 1.579838e+01 1.467227e+01 1.554309e+01 1.772288e+01 1.498759e+01 1.033773e-01 1.662811e-01 2.530836e-01 3.877569e-01 5.648372e-01 6.738554e-01 7.401207e-01 7.754764e-01 9.424863e-01 9.999531e-01 9.420148e-01 9.703563e-01 1.996064e-05
<GCONST> 5.842905e+01
<MIXTURE> 126 2.402244e-03
<MEAN> 25
 -3.607828e+00 -6.778503e+00 -5.094223e+00 2.259185e+00 4.005958e+00 -3.080431e+00 7.593871e-02 3.456343e+00 3.293362e+00 -2.463056e+00 -1.306316e+00 3.058284e+00 8.599781e-03 -6.318266e-03 -3.809896e-02 -1.598655e-01 -3.255284e-01 -3.810233e-01 -2.828827e-01 -1.586631e-01 -1.425129e-01 -1.417590e-01 -7.996136e-02 -1.097503e-02 -1.308188e-03
<VARIANCE> 25
 7.754171e+00 1.252270e+01 1.387230e+01 1.459800e+01 2.502553e+01 2.333416e+01 2.182052e+01 2.756936e+01 3.081096e+01 2.675291e+01 2.115488e+01 1.845500e+01 1.726158e-01 3.434346e-01 4.811239e-01 5.615897e-01 7.788532e-01 9.591314e-01 1.079427e+00 1.225520e+00 1.315303e+00 1.287452e+00 1.196666e+00 1.137080e+00 2.076158e-04
<GCONST> 6.949358e+01
<MIXTURE> 127 2.402244e-03
<MEAN> 25
 -3.607828e+00 -6.778503e+00 -5.094223e+00 2.259185e+00 4.005958e+00 -3.080431e+00 7.593871e-02 3.456343e+00 3.293362e+00 -2.463056e+00 -1.306316e+00 3.058284e+00 8.599781e-03 -6.318266e-03 -3.809896e-02 -1.598655e-01 -3.255284e-01 -3.810233e-01 -2.828827e-01 -1.586631e-01 -1.425129e-01 -1.417590e-01 -7.996136e-02 -1.097503e-02 -1.308188e-03
<VARIANCE> 25
 7.754171e+00 1.252270e+01 1.387230e+01 1.459800e+01 2.502553e+01 2.333416e+01 2.182052e+01 2.756936e+01 3.081096e+01 2.675291e+01 2.115488e+01 1.845500e+01 1.726158e-01 3.434346e-01 4.811239e-01 5.615897e-01 7.788532e-01 9.591314e-01 1.079427e+00 1.225520e+00 1.315303e+00 1.287452e+00 1.196666e+00 1.137080e+00 2.076158e-04
<GCONST> 6.949358e+01
<MIXTURE> 128 3.790457e-03
<MEAN> 25
 -3.925829e+00 1.534767e+00 -3.416878e-01 6.566073e+00 3.615317e+00 1.862975e+00 3.575402e+00 2.376558e+00 3.963126e+00 3.694791e+00 3.763371e+00 3.525789e+00 -3.950998e-01 -1.966300e-01 9.842301e-02 7.262647e-01 1.183505e+00 1.134185e+00 7.170653e-01 1.310434e-01 -4.385561e-01 -7.889875e-01 -7.013361e-01 -3.931105e-01 -3.631974e-05
<VARIANCE> 25
 1.022266e+01 1.171463e+01 1.496466e+01 1.932473e+01 2.002619e+01 2.115266e+01 2.427259e+01 2.465742e+01 2.639307e+01 2.384876e+01 2.678770e+01 1.818296e+01 8.912283e-01 1.144789e+00 1.363737e+00 1.500686e+00 1.578998e+00 1.862019e+00 2.247743e+00 2.324156e+00 2.147918e+00 1.856150e+00 1.743193e+00 1.747257e+00 1.001848e-06
<GCONST> 7.362698e+01
<TRANSP> 3
 0.000000e+00 1.000000e+00 0.000000e+00
 0.000000e+00 9.999990e-01 9.999998e-07
 0.000000e+00 0.000000e+00 0.000000e+00
<ENDHMM>
