~o
<STREAMINFO> 1 25
<VECSIZE> 25<NULLD><MFCC_E_D_N><DIAGC>
~h "jmodel"
<BEGINHMM>
<NUMSTATES> 3
<STATE> 2
<NUMMIXES> 128
<MIXTURE> 1 5.748963e-03
<MEAN> 25
 -2.135065e+00 2.701493e+00 2.138885e+00 7.947586e+00 4.686409e+00 3.565731e+00 3.751001e+00 3.796777e+00 6.199150e+00 5.186644e+00 6.096192e+00 2.695712e+00 -1.715455e+00 -1.565357e+00 -9.169492e-01 1.118061e+00 1.653599e+00 2.155495e+00 2.295829e+00 2.217060e+00 1.611368e+00 1.269381e+00 1.697164e+00 2.747246e-01 -4.748359e-02
<VARIANCE> 25
 1.072074e+01 1.258623e+01 1.427993e+01 2.219463e+01 2.195590e+01 2.058626e+01 2.133108e+01 2.057606e+01 2.078582e+01 2.081521e+01 1.985452e+01 1.671391e+01 2.299364e+00 1.940526e+00 2.789900e+00 2.931722e+00 3.490607e+00 3.091463e+00 3.305374e+00 3.261053e+00 3.270890e+00 3.444543e+00 3.383703e+00 3.600878e+00 2.843072e-03
<GCONST> 8.809565e+01
<MIXTURE> 2 4.549242e-03
<MEAN> 25
 -4.843061e+00 1.289611e+00 9.972141e-01 9.869661e+00 6.695229e+00 7.431998e+00 7.864146e+00 6.965709e+00 8.393531e+00 6.366570e+00 7.613630e+00 3.044496e+00 -6.188743e-02 4.376623e-02 1.455740e-01 2.295465e-01 2.637362e-01 2.758847e-01 2.971475e-01 3.200961e-01 3.472990e-01 3.092245e-01 1.928261e-01 7.466994e-02 -1.201166e-05
<VARIANCE> 25
 7.116357e+00 8.947346e+00 1.059700e+01 1.599918e+01 1.714724e+01 1.549319e+01 1.686621e+01 1.839956e+01 1.657793e+01 1.730332e+01 1.803720e+01 1.443690e+01 1.245967e-01 2.263139e-01 3.364549e-01 4.672641e-01 6.463396e-01 8.162898e-01 9.255983e-01 9.979684e-01 1.047284e+00 1.072155e+00 1.073582e+00 1.014161e+00 1.027809e-06
<GCONST> 5.805027e+01
<MIXTURE> 3 4.549242e-03
<MEAN> 25
 -4.843061e+00 1.289611e+00 9.972141e-01 9.869661e+00 6.695229e+00 7.431998e+00 7.864146e+00 6.965709e+00 8.393531e+00 6.366570e+00 7.613630e+00 3.044496e+00 -6.188743e-02 4.376623e-02 1.455740e-01 2.295465e-01 2.637362e-01 2.758847e-01 2.971475e-01 3.200961e-01 3.472990e-01 3.092245e-01 1.928261e-01 7.466994e-02 -1.201166e-05
<VARIANCE> 25
 7.116357e+00 8.947346e+00 1.059700e+01 1.599918e+01 1.714724e+01 1.549319e+01 1.686621e+01 1.839956e+01 1.657793e+01 1.730332e+01 1.803720e+01 1.443690e+01 1.245967e-01 2.263139e-01 3.364549e-01 4.672641e-01 6.463396e-01 8.162898e-01 9.255983e-01 9.979684e-01 1.047284e+00 1.072155e+00 1.073582e+00 1.014161e+00 1.027809e-06
<GCONST> 5.805027e+01
<MIXTURE> 4 1.671429e-02
<MEAN> 25
 3.448487e+00 2.522590e+00 -3.733638e+00 9.555011e-01 4.262573e+00 -2.684780e-01 -4.974144e-02 -1.110806e-02 1.466297e+00 1.252172e+00 -1.889887e+00 6.091938e-02 -2.713941e+00 1.191583e+00 1.778687e+00 3.024268e+00 9.134088e-01 4.820354e-01 1.560583e+00 9.944686e-01 9.901260e-01 4.228763e-01 1.270610e+00 8.461840e-01 -1.027548e-01
<VARIANCE> 25
 2.075939e+01 2.894935e+01 2.912625e+01 3.905971e+01 4.502481e+01 6.762567e+01 6.514520e+01 5.281918e+01 5.468962e+01 6.099481e+01 4.886793e+01 3.553530e+01 2.464156e+00 4.991268e+00 3.724128e+00 5.034613e+00 4.953780e+00 6.064181e+00 6.103796e+00 5.604546e+00 5.952148e+00 6.320855e+00 6.097057e+00 4.527586e+00 6.114909e-03
<GCONST> 1.053433e+02
<MIXTURE> 5 3.206198e-03
<MEAN> 25
 -3.416888e+00 2.181066e+00 6.104894e-01 9.428520e+00 6.697071e+00 6.316081e+00 7.112563e+00 4.723591e+00 5.496212e+00 3.848125e+00 4.658718e+00 2.606414e+00 -3.246394e-01 7.528927e-01 1.224826e+00 1.032650e+00 3.076683e-01 -1.001934e-01 -8.377573e-02 3.356947e-02 4.579942e-01 6.837227e-01 4.038367e-01 8.801291e-02 -2.783587e-05
<VARIANCE> 25
 1.025138e+01 1.394346e+01 2.348561e+01 2.561798e+01 2.022046e+01 1.942492e+01 2.011325e+01 2.035904e+01 2.141965e+01 2.128274e+01 2.409674e+01 1.636039e+01 1.210038e+00 1.244328e+00 1.357078e+00 1.673461e+00 2.284720e+00 2.376251e+00 2.301460e+00 2.275262e+00 2.315475e+00 2.238124e+00 2.085550e+00 1.873898e+00 1.000272e-06
<GCONST> 7.516628e+01
<MIXTURE> 6 5.475854e-03
<MEAN> 25
 9.701316e+00 -4.179749e-01 -6.692015e+00 -1.104420e+01 -2.116227e+00 6.734137e+00 -5.900470e+00 -5.295476e+00 -3.657826e+00 1.828655e+00 4.642816e+00 -1.251630e+00 4.851083e-01 8.962086e-01 -3.508983e-01 -1.468723e+00 -6.383342e-01 1.314885e+00 1.536426e+00 2.475033e-01 -1.218715e+00 -1.218142e+00 3.232191e-01 1.228658e+00 -8.163208e-03
<VARIANCE> 25
 8.971277e+00 1.707741e+01 2.395560e+01 3.913097e+01 3.678225e+01 3.065137e+01 4.407192e+01 3.807981e+01 4.075271e+01 3.947598e+01 4.211926e+01 2.841885e+01 3.115599e-01 8.572060e-01 9.456451e-01 1.978000e+00 1.605629e+00 2.015816e+00 1.919775e+00 2.051559e+00 2.398908e+00 1.964166e+00 2.245882e+00 1.438219e+00 5.861312e-04
<GCONST> 8.387772e+01
<MIXTURE> 7 5.475854e-03
<MEAN> 25
 9.701316e+00 -4.179749e-01 -6.692015e+00 -1.104420e+01 -2.116227e+00 6.734137e+00 -5.900470e+00 -5.295476e+00 -3.657826e+00 1.828655e+00 4.642816e+00 -1.251630e+00 4.851083e-01 8.962086e-01 -3.508983e-01 -1.468723e+00 -6.383342e-01 1.314885e+00 1.536426e+00 2.475033e-01 -1.218715e+00 -1.218142e+00 3.232191e-01 1.228658e+00 -8.163208e-03
<VARIANCE> 25
 8.971277e+00 1.707741e+01 2.395560e+01 3.913097e+01 3.678225e+01 3.065137e+01 4.407192e+01 3.807981e+01 4.075271e+01 3.947598e+01 4.211926e+01 2.841885e+01 3.115599e-01 8.572060e-01 9.456451e-01 1.978000e+00 1.605629e+00 2.015816e+00 1.919775e+00 2.051559e+00 2.398908e+00 1.964166e+00 2.245882e+00 1.438219e+00 5.861312e-04
<GCONST> 8.387772e+01
<MIXTURE> 8 1.165917e-02
<MEAN> 25
 -4.252855e+00 9.930023e-01 1.372686e+00 9.158491e+00 6.501957e+00 6.299439e+00 6.528776e+00 5.779263e+00 6.591646e+00 5.236028e+00 6.513911e+00 2.623334e+00 -7.656928e-01 -1.461175e+00 -1.064372e+00 -1.529033e+00 -2.790588e-01 -1.073488e+00 -1.490455e-01 -3.721179e-01 -2.832341e-01 -5.853828e-02 -3.209997e-01 2.864402e-01 9.719156e-02
<VARIANCE> 25
 1.096656e+01 1.048418e+01 1.135468e+01 1.751205e+01 1.539985e+01 1.459980e+01 1.744656e+01 1.664798e+01 1.596516e+01 1.772631e+01 1.748541e+01 1.601369e+01 2.743383e+00 2.723104e+00 3.698662e+00 3.905972e+00 3.490839e+00 3.312923e+00 2.920302e+00 3.110288e+00 2.678127e+00 2.625588e+00 2.501900e+00 2.844144e+00 6.253152e-03
<GCONST> 8.652511e+01
<MIXTURE> 9 1.199672e-02
<MEAN> 25
 9.283635e+00 3.384592e+00 -6.203535e+00 -1.064904e+01 -2.207209e+00 4.958069e+00 -2.215048e+00 -2.293983e+00 -5.397936e+00 -1.260465e+00 5.611948e-01 -6.201155e-03 1.438735e+00 -1.289794e-01 -4.908175e-01 -2.699315e+00 -1.642534e+00 8.560063e-01 -9.722407e-01 -2.293167e-01 -1.840604e-01 -5.776958e-01 6.148096e-01 -1.538003e-01 7.320754e-02
<VARIANCE> 25
 1.233117e+01 2.141057e+01 3.358367e+01 5.369658e+01 5.010624e+01 3.229414e+01 4.320183e+01 5.213881e+01 4.203664e+01 4.154313e+01 3.610898e+01 2.693196e+01 2.087755e+00 2.447446e+00 4.571606e+00 4.882652e+00 5.008288e+00 4.092153e+00 4.234171e+00 6.041039e+00 5.042088e+00 4.081247e+00 4.013138e+00 2.804044e+00 2.217113e-03
<GCONST> 9.880620e+01
<MIXTURE> 10 6.596976e-03
<MEAN> 25
 9.273713e-01 6.563920e+00 5.231662e+00 6.175291e+00 1.856532e+00 -1.516081e+00 -2.371074e-01 -2.006590e+00 9.600502e-01 6.282807e-01 9.002363e-01 7.165661e-01 -1.503442e+00 -7.224435e-01 -6.456035e-01 2.842451e+00 2.683053e+00 2.472681e+00 2.536027e+00 2.519542e+00 1.856235e+00 1.492791e+00 2.512345e+00 7.843853e-02 -1.318094e-01
<VARIANCE> 25
 1.712010e+01 2.445351e+01 2.059657e+01 3.101575e+01 3.375250e+01 3.423759e+01 3.437659e+01 3.012348e+01 2.412058e+01 2.824394e+01 2.336507e+01 2.247382e+01 2.958255e+00 2.989798e+00 5.247606e+00 4.789649e+00 5.248316e+00 4.198114e+00 4.608557e+00 4.892425e+00 4.168059e+00 4.663514e+00 4.582922e+00 4.406482e+00 2.556013e-03
<GCONST> 9.684169e+01
<MIXTURE> 11 1.633820e-02
<MEAN> 25
 6.797732e+00 3.384392e+00 2.892363e+00 4.363249e+00 -2.783447e+00 -2.328114e+00 -2.812263e+00 -4.776622e+00 -2.621050e+00 -9.070850e-01 -9.542947e-01 -2.152743e+00 -1.750186e-01 4.643954e-01 5.052890e-01 2.052460e-01 5.462812e-01 -2.254084e-01 3.290962e-01 -4.530003e-02 -9.605753e-02 2.433477e-01 -7.583070e-02 -8.616977e-02 -1.217863e-02
<VARIANCE> 25
 9.213967e+00 1.739596e+01 1.767281e+01 2.361491e+01 2.823076e+01 3.026135e+01 3.792476e+01 3.449572e+01 3.184664e+01 2.689816e+01 2.846943e+01 2.516433e+01 1.104742e+00 1.019179e+00 2.388768e+00 1.776256e+00 1.592255e+00 1.897850e+00 2.000175e+00 2.661225e+00 1.879015e+00 1.805676e+00 2.002502e+00 1.692709e+00 7.676099e-04
<GCONST> 8.392374e+01
<MIXTURE> 12 5.904134e-03
<MEAN> 25
 1.076529e+01 3.743609e+00 -4.502173e+00 -1.599260e+01 -8.695927e+00 8.642036e+00 -8.971629e-01 -1.921872e+00 -1.722834e+00 -4.886600e+00 1.774800e+00 7.163943e-01 6.779338e-02 2.937607e-01 7.968072e-02 -3.682517e-01 -3.102919e-01 2.954519e-02 3.056049e-01 4.477096e-01 1.410344e-01 -3.846667e-01 -3.855490e-01 5.385720e-02 -6.302746e-03
<VARIANCE> 25
 8.883814e+00 2.100094e+01 2.335855e+01 3.505027e+01 4.206063e+01 3.096508e+01 4.179610e+01 4.897983e+01 4.406180e+01 3.738761e+01 3.799589e+01 2.892787e+01 2.468324e-01 6.883242e-01 6.860596e-01 1.169864e+00 1.186403e+00 1.053855e+00 1.171142e+00 1.386215e+00 1.240523e+00 1.222198e+00 1.221463e+00 9.564811e-01 5.786215e-04
<GCONST> 7.892123e+01
<MIXTURE> 13 5.904134e-03
<MEAN> 25
 1.076529e+01 3.743609e+00 -4.502173e+00 -1.599260e+01 -8.695927e+00 8.642036e+00 -8.971629e-01 -1.921872e+00 -1.722834e+00 -4.886600e+00 1.774800e+00 7.163943e-01 6.779338e-02 2.937607e-01 7.968072e-02 -3.682517e-01 -3.102919e-01 2.954519e-02 3.056049e-01 4.477096e-01 1.410344e-01 -3.846667e-01 -3.855490e-01 5.385720e-02 -6.302746e-03
<VARIANCE> 25
 8.883814e+00 2.100094e+01 2.335855e+01 3.505027e+01 4.206063e+01 3.096508e+01 4.179610e+01 4.897983e+01 4.406180e+01 3.738761e+01 3.799589e+01 2.892787e+01 2.468324e-01 6.883242e-01 6.860596e-01 1.169864e+00 1.186403e+00 1.053855e+00 1.171142e+00 1.386215e+00 1.240523e+00 1.222198e+00 1.221463e+00 9.564811e-01 5.786215e-04
<GCONST> 7.892123e+01
<MIXTURE> 14 6.488954e-03
<MEAN> 25
 -4.154508e+00 -4.630975e-01 -3.369645e-01 8.715530e+00 7.452349e+00 7.349152e+00 7.826557e+00 7.295299e+00 7.318584e+00 5.135629e+00 6.891215e+00 3.985588e+00 -2.789021e-01 1.712864e-01 3.588843e-01 3.208742e-01 3.531855e-03 7.611845e-02 1.048292e-01 1.811170e-01 3.019004e-01 5.425001e-01 4.927883e-01 5.124539e-02 -8.617417e-03
<VARIANCE> 25
 1.000802e+01 1.387583e+01 1.821745e+01 1.865580e+01 2.048457e+01 1.920644e+01 2.106456e+01 2.023150e+01 1.988452e+01 2.375186e+01 2.092000e+01 1.668738e+01 9.663739e-01 1.614077e+00 1.734060e+00 1.904263e+00 2.266229e+00 2.244989e+00 2.230603e+00 2.279539e+00 2.264783e+00 2.453140e+00 2.154740e+00 1.818504e+00 1.040003e-03
<GCONST> 8.185590e+01
<MIXTURE> 15 2.475190e-03
<MEAN> 25
 -4.494493e+00 -8.138748e-01 -1.858323e-01 6.617868e+00 5.673327e+00 5.674924e+00 5.888723e+00 5.075257e+00 5.527838e+00 3.989298e+00 5.592014e+00 1.852552e+00 -1.371514e-01 -5.491934e-02 1.051321e-01 2.901026e-01 4.676282e-01 8.710266e-01 1.066955e+00 1.183846e+00 1.065280e+00 7.587913e-01 4.405816e-01 1.478744e-01 -7.132115e-04
<VARIANCE> 25
 1.207679e+01 5.370476e+00 8.085047e+00 1.528368e+01 1.261959e+01 1.283140e+01 1.437754e+01 1.364629e+01 1.420965e+01 1.357834e+01 1.368198e+01 1.492074e+01 1.233433e-01 2.209719e-01 3.051006e-01 5.209743e-01 6.436626e-01 8.097028e-01 7.180950e-01 7.191455e-01 8.641958e-01 9.808800e-01 9.735662e-01 1.071151e+00 3.283121e-05
<GCONST> 5.868181e+01
<MIXTURE> 16 2.475190e-03
<MEAN> 25
 -4.494493e+00 -8.138748e-01 -1.858323e-01 6.617868e+00 5.673327e+00 5.674924e+00 5.888723e+00 5.075257e+00 5.527838e+00 3.989298e+00 5.592014e+00 1.852552e+00 -1.371514e-01 -5.491934e-02 1.051321e-01 2.901026e-01 4.676282e-01 8.710266e-01 1.066955e+00 1.183846e+00 1.065280e+00 7.587913e-01 4.405816e-01 1.478744e-01 -7.132115e-04
<VARIANCE> 25
 1.207679e+01 5.370476e+00 8.085047e+00 1.528368e+01 1.261959e+01 1.283140e+01 1.437754e+01 1.364629e+01 1.420965e+01 1.357834e+01 1.368198e+01 1.492074e+01 1.233433e-01 2.209719e-01 3.051006e-01 5.209743e-01 6.436626e-01 8.097028e-01 7.180950e-01 7.191455e-01 8.641958e-01 9.808800e-01 9.735662e-01 1.071151e+00 3.283121e-05
<GCONST> 5.868181e+01
<MIXTURE> 17 9.518312e-03
<MEAN> 25
 3.674242e+00 -8.011535e-01 6.190416e+00 2.303586e+00 -5.573025e+00 -5.938581e+00 -2.917710e+00 -2.327099e-02 -2.487773e+00 -3.139182e+00 2.062552e-01 -2.658226e-01 -8.311382e-01 -1.167740e+00 1.212335e+00 -2.028581e+00 -2.356362e+00 -1.726343e-01 2.133868e-01 6.570243e-01 -3.542785e-01 -9.534278e-02 9.827142e-01 4.055668e-01 8.174293e-02
<VARIANCE> 25
 1.583532e+01 3.003145e+01 3.001740e+01 3.897663e+01 4.645052e+01 4.977418e+01 4.159086e+01 3.436517e+01 3.627802e+01 2.622837e+01 2.687993e+01 2.957025e+01 1.947044e+00 2.619910e+00 4.121342e+00 3.110568e+00 4.250056e+00 5.314037e+00 4.735675e+00 5.182280e+00 4.099292e+00 4.114479e+00 3.186574e+00 2.683293e+00 2.202638e-03
<GCONST> 9.707446e+01
<MIXTURE> 18 1.221018e-02
<MEAN> 25
 3.921632e+00 4.510171e+00 6.498583e+00 4.610389e+00 -4.578743e+00 -8.136147e+00 -1.643956e+00 -1.334622e+00 -3.290330e+00 -2.325626e+00 -8.063453e-01 5.636312e-01 -6.987140e-01 2.059775e+00 -1.881981e-01 1.959154e+00 3.069932e+00 1.424632e+00 8.069702e-01 -7.612967e-02 6.048518e-01 4.547054e-01 -2.052080e-01 -1.199884e-01 -1.191859e-01
<VARIANCE> 25
 1.554003e+01 2.421885e+01 3.255991e+01 2.508802e+01 3.909863e+01 3.270869e+01 3.801167e+01 3.386303e+01 3.852892e+01 3.336059e+01 3.086235e+01 3.070167e+01 2.696064e+00 3.087920e+00 4.691864e+00 3.937104e+00 4.010818e+00 4.530602e+00 4.771248e+00 4.899714e+00 4.381605e+00 4.238858e+00 4.640454e+00 3.599724e+00 4.327511e-03
<GCONST> 9.829135e+01
<MIXTURE> 19 9.912824e-03
<MEAN> 25
 -1.007363e+01 1.846830e+00 3.305427e-01 9.834011e-01 3.986173e+00 1.546150e+00 3.392426e+00 1.080975e+00 2.056023e+00 1.244903e+00 1.119265e+00 2.020597e+00 2.063921e+00 1.743228e+00 2.113643e+00 7.314517e-01 -1.054675e+00 -1.012510e+00 -1.085526e+00 -1.412457e+00 -1.473536e+00 -1.166956e+00 -8.270152e-01 -7.726201e-01 7.379730e-04
<VARIANCE> 25
 5.352259e+01 2.990151e+01 4.737804e+01 5.319040e+01 3.369867e+01 3.218391e+01 3.106590e+01 2.951414e+01 2.829640e+01 2.792594e+01 2.989354e+01 1.970693e+01 2.405612e+00 2.163046e+00 2.260277e+00 2.341139e+00 2.544877e+00 2.222558e+00 2.480211e+00 2.369943e+00 2.113359e+00 2.178163e+00 2.222280e+00 1.790314e+00 2.382146e-03
<GCONST> 9.170512e+01
<MIXTURE> 20 6.308331e-03
<MEAN> 25
 -1.438523e+01 7.997448e+00 3.569725e-01 5.839604e+00 4.971921e+00 1.252913e+00 5.147151e+00 7.679867e-01 3.852501e-01 6.993716e-01 2.501661e+00 -5.393627e-01 -3.425884e+00 -7.509568e-01 -1.358630e+00 2.146000e-01 1.603202e+00 1.971560e+00 2.084670e+00 1.900760e+00 2.143573e+00 1.885501e+00 1.738345e+00 9.015060e-01 5.398238e-02
<VARIANCE> 25
 1.856806e+01 2.463830e+01 3.054156e+01 3.488504e+01 2.829387e+01 2.701250e+01 2.918029e+01 2.880247e+01 2.827013e+01 2.593163e+01 2.299962e+01 1.961740e+01 2.172956e+00 2.158364e+00 2.163046e+00 2.449740e+00 2.546635e+00 2.215620e+00 2.228781e+00 2.351903e+00 2.069649e+00 2.649428e+00 2.072549e+00 1.719607e+00 2.194240e-03
<GCONST> 8.857648e+01
<MIXTURE> 21 7.928653e-03
<MEAN> 25
 3.936653e+00 -4.468402e+00 5.629060e+00 -1.489693e+00 -1.044554e+01 -8.549065e+00 -2.493551e+00 4.199949e+00 -2.263992e+00 -3.341850e+00 2.899231e-01 3.639104e-01 -7.211325e-01 1.319909e+00 2.568849e+00 -7.680409e-02 -1.540304e+00 3.326822e-01 5.993072e-01 -1.515469e+00 -1.919578e+00 3.323309e-01 1.315369e+00 2.139665e-01 -1.249049e-02
<VARIANCE> 25
 8.998067e+00 1.858350e+01 3.031834e+01 2.823064e+01 2.897198e+01 3.428605e+01 4.316312e+01 3.896888e+01 4.444453e+01 3.135750e+01 3.345895e+01 2.288536e+01 3.740540e-01 9.584831e-01 1.857466e+00 1.349319e+00 2.186403e+00 2.151118e+00 3.592648e+00 2.520791e+00 2.220561e+00 2.569159e+00 2.000622e+00 2.306540e+00 4.252529e-04
<GCONST> 8.518021e+01
<MIXTURE> 22 8.827789e-03
<MEAN> 25
 -1.807124e+01 7.636482e+00 -4.055290e+00 6.922820e+00 4.761273e+00 2.486335e+00 8.859794e+00 1.468540e+00 4.913238e+00 3.048984e+00 5.569637e+00 1.117289e+00 -4.092808e-01 -3.004315e-01 1.849974e-02 -1.771178e-01 -1.866074e-02 7.266814e-02 3.612075e-01 1.283417e-01 2.638888e-01 2.091458e-01 2.511232e-01 2.220550e-01 1.054765e-02
<VARIANCE> 25
 7.839848e+00 1.842009e+01 1.662357e+01 2.605598e+01 2.153471e+01 2.032215e+01 2.056660e+01 1.825044e+01 2.045071e+01 2.056087e+01 1.818423e+01 1.333165e+01 1.223248e+00 1.382691e+00 1.506387e+00 1.472849e+00 1.359418e+00 1.485627e+00 1.809587e+00 1.448362e+00 1.513634e+00 1.431232e+00 1.405105e+00 1.092638e+00 1.753662e-03
<GCONST> 7.837659e+01
<MIXTURE> 23 6.455497e-03
<MEAN> 25
 7.597798e+00 2.272850e+00 2.900686e+00 2.307418e+00 -4.141572e+00 -2.967456e+00 -4.746165e+00 -5.654769e+00 -3.255577e+00 -9.856509e-01 -3.123851e+00 -2.174756e+00 3.926900e-02 1.879585e-01 7.694496e-02 1.677563e-02 -2.167717e-02 -4.309990e-02 1.352155e-01 -6.439768e-02 4.851198e-02 8.999813e-02 -6.257053e-02 -2.562121e-02 -3.417412e-03
<VARIANCE> 25
 9.505039e+00 1.930369e+01 2.138110e+01 3.464008e+01 3.535090e+01 4.841021e+01 5.184466e+01 5.005541e+01 4.213094e+01 4.063048e+01 4.678768e+01 3.442737e+01 1.575557e-01 2.681865e-01 3.870876e-01 4.608042e-01 5.251864e-01 7.625570e-01 7.706999e-01 8.321136e-01 8.175555e-01 8.216056e-01 8.726839e-01 6.923687e-01 8.124010e-05
<GCONST> 7.133563e+01
<MIXTURE> 24 6.455497e-03
<MEAN> 25
 7.597798e+00 2.272850e+00 2.900686e+00 2.307418e+00 -4.141572e+00 -2.967456e+00 -4.746165e+00 -5.654769e+00 -3.255577e+00 -9.856509e-01 -3.123851e+00 -2.174756e+00 3.926900e-02 1.879585e-01 7.694496e-02 1.677563e-02 -2.167717e-02 -4.309990e-02 1.352155e-01 -6.439768e-02 4.851198e-02 8.999813e-02 -6.257053e-02 -2.562121e-02 -3.417412e-03
<VARIANCE> 25
 9.505039e+00 1.930369e+01 2.138110e+01 3.464008e+01 3.535090e+01 4.841021e+01 5.184466e+01 5.005541e+01 4.213094e+01 4.063048e+01 4.678768e+01 3.442737e+01 1.575557e-01 2.681865e-01 3.870876e-01 4.608042e-01 5.251864e-01 7.625570e-01 7.706999e-01 8.321136e-01 8.175555e-01 8.216056e-01 8.726839e-01 6.923687e-01 8.124010e-05
<GCONST> 7.133563e+01
<MIXTURE> 25 1.118642e-02
<MEAN> 25
 3.027016e-01 3.206974e+00 1.658835e+01 -1.279103e+00 -1.112438e+01 -1.466041e+00 -4.693977e+00 -3.237949e+00 -7.033566e+00 -5.233337e+00 4.157325e+00 -1.812736e+00 -1.414480e-01 3.745486e-01 2.042927e-01 1.383491e-01 1.133104e-01 8.993379e-02 1.885293e-01 -1.612162e-01 -2.247277e-01 1.158579e-01 -2.125620e-02 -1.418150e-01 -1.076891e-02
<VARIANCE> 25
 8.567141e+00 2.346556e+01 2.119405e+01 2.930687e+01 3.174744e+01 4.215107e+01 2.882651e+01 3.141140e+01 2.847750e+01 3.661722e+01 2.037230e+01 2.749006e+01 5.806612e-01 1.520513e+00 1.399721e+00 1.357784e+00 2.536465e+00 1.986234e+00 1.693816e+00 1.580764e+00 1.508684e+00 1.643879e+00 1.400213e+00 1.298399e+00 1.377087e-03
<GCONST> 8.300487e+01
<MIXTURE> 26 7.727677e-03
<MEAN> 25
 2.083869e+00 -6.298634e+00 -1.017415e+01 -4.665264e-01 7.712932e+00 5.200075e+00 3.695436e+00 -3.476988e-01 2.232188e+00 -1.129137e+00 -3.062170e+00 -6.453467e-01 -6.173975e-01 6.308066e-01 3.280860e-01 7.298210e-01 1.679465e-01 2.358258e-01 2.300568e-01 3.638039e-01 2.877763e-01 1.314657e-01 3.744165e-01 3.730974e-01 -5.035327e-02
<VARIANCE> 25
 2.425810e+01 3.337751e+01 2.557538e+01 6.087758e+01 3.929624e+01 4.286600e+01 4.771260e+01 4.260181e+01 3.837247e+01 5.438475e+01 4.039606e+01 4.778753e+01 1.622678e+00 1.892951e+00 1.944103e+00 1.995006e+00 2.242594e+00 2.288607e+00 2.587568e+00 2.669024e+00 2.285249e+00 2.306667e+00 2.202724e+00 2.132283e+00 3.327686e-03
<GCONST> 9.379865e+01
<MIXTURE> 27 7.727677e-03
<MEAN> 25
 2.083869e+00 -6.298634e+00 -1.017415e+01 -4.665264e-01 7.712932e+00 5.200075e+00 3.695436e+00 -3.476988e-01 2.232188e+00 -1.129137e+00 -3.062170e+00 -6.453467e-01 -6.173975e-01 6.308066e-01 3.280860e-01 7.298210e-01 1.679465e-01 2.358258e-01 2.300568e-01 3.638039e-01 2.877763e-01 1.314657e-01 3.744165e-01 3.730974e-01 -5.035327e-02
<VARIANCE> 25
 2.425810e+01 3.337751e+01 2.557538e+01 6.087758e+01 3.929624e+01 4.286600e+01 4.771260e+01 4.260181e+01 3.837247e+01 5.438475e+01 4.039606e+01 4.778753e+01 1.622678e+00 1.892951e+00 1.944103e+00 1.995006e+00 2.242594e+00 2.288607e+00 2.587568e+00 2.669024e+00 2.285249e+00 2.306667e+00 2.202724e+00 2.132283e+00 3.327686e-03
<GCONST> 9.379865e+01
<MIXTURE> 28 5.036674e-03
<MEAN> 25
 -5.440639e+00 7.981084e-03 -1.567264e+00 6.608508e+00 5.231697e+00 3.516091e+00 5.416664e+00 3.136858e+00 3.927342e+00 2.392522e+00 2.644336e+00 3.215293e+00 -1.153974e-01 2.241054e-01 5.293732e-01 7.839460e-01 8.218411e-01 7.018611e-01 5.218036e-01 3.923807e-01 4.444140e-01 4.812144e-01 3.694406e-01 1.899003e-01 -1.636515e-05
<VARIANCE> 25
 1.050693e+01 8.350965e+00 1.214700e+01 1.486863e+01 1.469231e+01 1.771850e+01 1.802057e+01 1.902175e+01 1.717958e+01 1.671349e+01 2.060664e+01 1.500298e+01 2.562093e-01 3.367182e-01 4.066155e-01 4.642798e-01 6.209296e-01 8.468220e-01 1.056650e+00 1.143329e+00 1.101222e+00 1.029639e+00 1.037147e+00 1.065748e+00 1.010050e-06
<GCONST> 6.025958e+01
<MIXTURE> 29 5.036674e-03
<MEAN> 25
 -5.440639e+00 7.981084e-03 -1.567264e+00 6.608508e+00 5.231697e+00 3.516091e+00 5.416664e+00 3.136858e+00 3.927342e+00 2.392522e+00 2.644336e+00 3.215293e+00 -1.153974e-01 2.241054e-01 5.293732e-01 7.839460e-01 8.218411e-01 7.018611e-01 5.218036e-01 3.923807e-01 4.444140e-01 4.812144e-01 3.694406e-01 1.899003e-01 -1.636515e-05
<VARIANCE> 25
 1.050693e+01 8.350965e+00 1.214700e+01 1.486863e+01 1.469231e+01 1.771850e+01 1.802057e+01 1.902175e+01 1.717958e+01 1.671349e+01 2.060664e+01 1.500298e+01 2.562093e-01 3.367182e-01 4.066155e-01 4.642798e-01 6.209296e-01 8.468220e-01 1.056650e+00 1.143329e+00 1.101222e+00 1.029639e+00 1.037147e+00 1.065748e+00 1.010050e-06
<GCONST> 6.025958e+01
<MIXTURE> 30 8.917812e-03
<MEAN> 25
 -3.880565e+00 -4.931196e-01 7.090374e-01 8.550300e+00 7.689377e+00 7.525003e+00 7.711906e+00 6.934622e+00 6.998408e+00 4.779427e+00 6.879325e+00 2.892717e+00 -1.768242e-02 4.854310e-02 9.999799e-02 1.571783e-01 9.670267e-02 6.234583e-03 4.920501e-02 3.883347e-02 -3.810787e-03 5.604192e-02 4.812164e-03 -6.622599e-02 -4.696404e-04
<VARIANCE> 25
 9.275192e+00 9.694415e+00 9.557427e+00 1.472604e+01 1.436613e+01 1.516333e+01 1.832010e+01 1.661427e+01 1.681807e+01 1.716600e+01 1.955696e+01 1.634613e+01 9.420574e-02 2.002854e-01 3.218475e-01 4.915334e-01 5.847754e-01 7.373281e-01 7.349240e-01 7.668577e-01 8.668063e-01 8.861606e-01 8.710583e-01 9.142707e-01 5.185067e-05
<GCONST> 6.033998e+01
<MIXTURE> 31 4.136493e-03
<MEAN> 25
 -2.903502e+00 -5.546045e+00 -4.086935e-02 4.660004e+00 3.785784e+00 2.021574e+00 5.310043e+00 6.595720e+00 3.065721e+00 1.075552e+00 6.539282e+00 2.889965e+00 2.468786e-01 4.041867e-01 -2.213130e-01 2.943521e-01 1.427826e-01 4.308794e-01 1.464725e-01 5.346942e-02 3.947960e-01 3.802827e-01 9.400213e-02 7.969888e-02 -1.667533e-02
<VARIANCE> 25
 8.362994e+00 1.455433e+01 1.656512e+01 1.717277e+01 2.370043e+01 2.366232e+01 2.278819e+01 2.375208e+01 2.649275e+01 2.687392e+01 1.929407e+01 1.936196e+01 1.889929e-01 5.396781e-01 5.948185e-01 7.436706e-01 9.514179e-01 1.150907e+00 1.221041e+00 1.352611e+00 1.377440e+00 1.298311e+00 1.190434e+00 1.152752e+00 2.842156e-04
<GCONST> 7.173966e+01
<MIXTURE> 32 4.136493e-03
<MEAN> 25
 -2.903502e+00 -5.546045e+00 -4.086935e-02 4.660004e+00 3.785784e+00 2.021574e+00 5.310043e+00 6.595720e+00 3.065721e+00 1.075552e+00 6.539282e+00 2.889965e+00 2.468786e-01 4.041867e-01 -2.213130e-01 2.943521e-01 1.427826e-01 4.308794e-01 1.464725e-01 5.346942e-02 3.947960e-01 3.802827e-01 9.400213e-02 7.969888e-02 -1.667533e-02
<VARIANCE> 25
 8.362994e+00 1.455433e+01 1.656512e+01 1.717277e+01 2.370043e+01 2.366232e+01 2.278819e+01 2.375208e+01 2.649275e+01 2.687392e+01 1.929407e+01 1.936196e+01 1.889929e-01 5.396781e-01 5.948185e-01 7.436706e-01 9.514179e-01 1.150907e+00 1.221041e+00 1.352611e+00 1.377440e+00 1.298311e+00 1.190434e+00 1.152752e+00 2.842156e-04
<GCONST> 7.173966e+01
<MIXTURE> 33 1.508826e-02
<MEAN> 25
 6.174528e+00 -3.482249e+00 -2.231428e+00 -2.145355e+00 -1.892526e+00 -5.324445e+00 -7.156462e+00 1.801030e+00 1.909037e+00 -5.005141e-01 -4.581125e+00 -2.531128e+00 5.738315e-01 -1.111033e+00 -2.462586e+00 -1.670429e+00 1.398769e+00 1.516711e+00 -7.471038e-01 8.169235e-01 7.716164e-01 4.871364e-01 -3.643857e-01 -1.194666e+00 3.584804e-02
<VARIANCE> 25
 1.083391e+01 2.202719e+01 2.870156e+01 3.543771e+01 3.726442e+01 4.158251e+01 3.962931e+01 4.347065e+01 3.962962e+01 4.063501e+01 3.350567e+01 2.864056e+01 1.208813e+00 1.801278e+00 2.279479e+00 2.366915e+00 3.914751e+00 3.367288e+00 4.055462e+00 5.386078e+00 4.245078e+00 4.255991e+00 3.306313e+00 2.736714e+00 1.393650e-03
<GCONST> 9.404198e+01
<MIXTURE> 34 1.588179e-02
<MEAN> 25
 8.563062e+00 2.290288e-01 6.724329e-02 1.128810e+00 -2.731558e+00 -1.622076e+00 -6.164814e+00 -4.375143e+00 -1.673819e+00 6.493748e-03 -2.596346e+00 -3.453630e+00 5.845844e-03 1.243756e+00 1.558437e+00 2.223309e+00 2.289941e-02 -1.494775e-01 9.929056e-01 -1.612643e+00 -7.068699e-01 2.364005e-01 -2.830371e-01 6.635340e-02 -6.306835e-02
<VARIANCE> 25
 8.489112e+00 2.885602e+01 2.859012e+01 4.764246e+01 3.980072e+01 4.597422e+01 5.171098e+01 5.403379e+01 4.985728e+01 4.006253e+01 4.496545e+01 3.036511e+01 1.201499e+00 2.017861e+00 4.073602e+00 4.132434e+00 5.266107e+00 5.499911e+00 5.849999e+00 5.721807e+00 5.709972e+00 4.655389e+00 5.493896e+00 3.923321e+00 1.133033e-03
<GCONST> 9.908456e+01
<MIXTURE> 35 1.467755e-02
<MEAN> 25
 -2.302195e+00 -5.859667e+00 -8.811066e+00 1.361145e+00 9.292405e+00 -2.306925e-01 2.122423e+00 2.331007e+00 2.567246e+00 5.099339e+00 -3.928556e-01 2.904573e+00 2.206697e-01 -1.040429e+00 -1.511558e+00 -1.164593e+00 2.448012e-01 -1.008855e+00 -6.795946e-01 -1.630369e-01 -1.401199e-01 2.423925e-01 -9.783502e-01 7.078559e-02 1.002246e-01
<VARIANCE> 25
 1.690222e+01 2.700690e+01 4.286661e+01 5.678644e+01 3.772900e+01 5.291073e+01 4.521987e+01 3.733343e+01 4.746145e+01 3.565805e+01 3.233514e+01 3.515807e+01 3.440350e+00 3.104836e+00 5.937923e+00 5.075298e+00 4.927985e+00 5.126719e+00 4.511841e+00 4.157091e+00 4.790635e+00 4.250217e+00 3.997110e+00 4.568192e+00 4.680958e-03
<GCONST> 1.018575e+02
<MIXTURE> 36 1.093293e-02
<MEAN> 25
 4.835705e+00 -2.728482e+00 6.282250e+00 2.785070e+00 -8.540963e+00 -8.198294e+00 -5.844671e+00 2.736530e+00 -1.619351e+00 -4.550076e+00 2.738093e+00 -2.034328e-02 2.987833e-01 1.189979e-01 -8.169841e-01 1.678401e-02 7.798321e-01 1.340419e-01 -5.063818e-01 2.645458e-01 2.619854e-01 4.620506e-01 -5.250092e-01 -2.464208e-01 -1.201669e-02
<VARIANCE> 25
 8.765168e+00 1.638440e+01 2.258231e+01 2.525352e+01 3.537779e+01 2.848596e+01 4.009528e+01 3.346049e+01 3.305398e+01 2.763315e+01 2.319377e+01 2.368644e+01 5.697431e-01 6.571832e-01 2.041811e+00 1.066345e+00 1.417917e+00 1.755175e+00 2.016303e+00 2.126349e+00 1.975289e+00 1.695715e+00 1.453555e+00 1.554046e+00 6.912158e-04
<GCONST> 8.141302e+01
<MIXTURE> 37 1.246826e-02
<MEAN> 25
 3.152324e-01 6.148894e+00 1.117710e+01 -6.121183e+00 -7.977003e+00 -5.961276e-01 -5.178211e+00 -8.411185e+00 -9.107088e-01 -3.086664e-01 -4.025610e+00 1.382189e-01 5.459688e-01 1.848265e-02 -1.163614e+00 3.251859e+00 2.399880e+00 -1.443194e-01 1.256084e+00 9.277603e-01 -8.875766e-03 -1.869748e-01 8.493758e-01 -4.865221e-01 -8.944789e-02
<VARIANCE> 25
 1.196964e+01 2.292093e+01 2.310552e+01 4.741641e+01 2.559867e+01 2.420600e+01 4.079080e+01 3.399483e+01 4.239580e+01 2.782022e+01 3.489584e+01 3.083142e+01 2.285387e+00 3.144585e+00 2.679495e+00 3.076384e+00 3.920951e+00 3.454279e+00 3.384200e+00 4.288755e+00 4.854199e+00 3.204479e+00 3.716080e+00 3.102563e+00 2.964297e-03
<GCONST> 9.500874e+01
<MIXTURE> 38 1.154525e-02
<MEAN> 25
 -3.717376e+00 8.869019e+00 2.972934e+00 3.039710e+00 4.039520e-01 -5.172706e+00 2.878201e-01 -2.565670e+00 -3.272956e+00 -2.655281e+00 -1.733828e+00 -1.104110e+00 -4.873732e+00 1.610943e+00 -6.970313e-01 1.058177e+00 2.576157e+00 1.019150e+00 2.009993e+00 7.921132e-01 4.274753e-01 7.120852e-01 6.266139e-01 4.963473e-01 6.011371e-02
<VARIANCE> 25
 3.744998e+01 3.070550e+01 3.993561e+01 2.677231e+01 4.025062e+01 3.186086e+01 3.079048e+01 3.337493e+01 2.979881e+01 2.607575e+01 2.078968e+01 2.585355e+01 2.522158e+00 3.494339e+00 3.925790e+00 4.529702e+00 3.370256e+00 4.323915e+00 3.888075e+00 3.701054e+00 3.970122e+00 3.983443e+00 4.097728e+00 2.692894e+00 2.230750e-03
<GCONST> 9.645966e+01
<MIXTURE> 39 9.501865e-03
<MEAN> 25
 -1.275108e-01 2.100467e+00 7.742955e+00 -8.427217e+00 -1.043363e+01 1.026929e+00 -1.436495e+00 -5.873944e+00 -4.647321e+00 3.084090e+00 -2.929126e+00 -1.684414e+00 -4.367552e-01 1.263592e+00 1.482631e+00 -1.412440e+00 -1.939833e-02 1.227495e+00 -1.268666e+00 -1.451608e+00 1.170456e+00 3.125124e-01 -9.800330e-01 6.482989e-01 1.266709e-03
<VARIANCE> 25
 7.761477e+00 1.951417e+01 2.827307e+01 2.675613e+01 2.629256e+01 3.981150e+01 3.496016e+01 2.823551e+01 4.286294e+01 3.138109e+01 3.433231e+01 2.558716e+01 7.879912e-01 1.078104e+00 1.311077e+00 2.532494e+00 1.826526e+00 2.321759e+00 2.478170e+00 2.806669e+00 2.235807e+00 3.083064e+00 2.156161e+00 2.821195e+00 7.942832e-04
<GCONST> 8.644573e+01
<MIXTURE> 40 1.030800e-02
<MEAN> 25
 -8.116741e+00 1.699170e+00 -9.428596e-01 7.561210e+00 3.938803e+00 5.483471e+00 5.321556e+00 4.223616e+00 4.981117e+00 3.982459e+00 5.687526e+00 1.186803e+00 -7.263120e-02 -2.481443e-01 -2.417520e-02 -9.849487e-02 -8.427429e-02 -1.114338e-01 6.799083e-02 1.200844e-01 2.880471e-02 -1.035657e-02 6.158994e-02 -3.056571e-02 3.446710e-03
<VARIANCE> 25
 5.042113e+01 2.035201e+01 2.683212e+01 2.789388e+01 2.388954e+01 1.767709e+01 1.831945e+01 1.718167e+01 1.794466e+01 1.879520e+01 1.751731e+01 1.603277e+01 7.005058e-01 7.191404e-01 8.488436e-01 1.225595e+00 1.067709e+00 1.242234e+00 1.392358e+00 1.281558e+00 1.250472e+00 1.193088e+00 1.104127e+00 1.118378e+00 7.960509e-04
<GCONST> 7.644531e+01
<MIXTURE> 41 6.713375e-03
<MEAN> 25
 1.063641e+00 1.182584e+00 1.024631e+01 -7.188601e+00 -1.065652e+01 -3.496053e+00 -1.885213e+00 -5.015985e+00 -4.373081e+00 3.470137e+00 -4.537128e-01 -2.417201e+00 1.845217e-01 -6.218512e-01 1.554875e+00 -3.371617e+00 -2.516509e+00 -2.388497e-01 -5.058558e-01 -2.261604e-01 -3.331993e-01 1.137029e+00 -9.745054e-01 1.962695e-01 7.772803e-02
<VARIANCE> 25
 1.098223e+01 2.741733e+01 2.881539e+01 3.603052e+01 3.475994e+01 3.560962e+01 3.303407e+01 2.680576e+01 3.022497e+01 3.021366e+01 3.379323e+01 3.238261e+01 2.992023e+00 3.091410e+00 3.285488e+00 3.412282e+00 4.411390e+00 5.142357e+00 3.951112e+00 4.086751e+00 4.448280e+00 3.605407e+00 3.472881e+00 2.955822e+00 2.873934e-03
<GCONST> 9.611831e+01
<MIXTURE> 42 1.106211e-02
<MEAN> 25
 -1.868058e+00 4.353949e+00 4.139021e+00 2.786054e+00 -3.153329e-01 -6.030732e+00 -6.401677e-01 -1.903548e+00 -1.000718e+00 -1.653936e+00 -1.678841e+00 1.132124e+00 4.108307e+00 -4.605734e-01 1.316921e+00 7.053398e-02 -2.888913e+00 -1.118683e+00 -2.443328e+00 -8.221117e-01 -5.505663e-01 -8.783383e-01 3.871488e-01 -9.095035e-01 4.891072e-03
<VARIANCE> 25
 3.386173e+01 2.071584e+01 4.457833e+01 2.445081e+01 4.192435e+01 3.599882e+01 3.698775e+01 2.474406e+01 2.957945e+01 2.712056e+01 2.130347e+01 1.691200e+01 3.391695e+00 4.697147e+00 6.018297e+00 4.509058e+00 4.438972e+00 5.443522e+00 5.152104e+00 4.851012e+00 5.015441e+00 4.727943e+00 4.081738e+00 3.334332e+00 4.220391e-03
<GCONST> 9.898842e+01
<MIXTURE> 43 7.108249e-03
<MEAN> 25
 2.875386e+00 -5.208308e+00 -2.902488e+00 -3.815568e+00 -6.385755e+00 -2.631802e+00 2.163789e+00 1.628702e+00 -5.328620e+00 -6.919661e+00 -3.616419e+00 2.517853e-02 4.287364e-01 1.983692e+00 1.963711e+00 -3.529372e-02 -1.287403e+00 -8.042092e-01 -9.413770e-01 -7.514738e-01 9.545473e-01 1.471780e+00 3.675374e-01 -2.243846e-01 -4.268559e-02
<VARIANCE> 25
 8.685615e+00 2.087973e+01 2.465337e+01 3.572105e+01 3.527843e+01 3.211575e+01 4.367578e+01 3.388093e+01 3.419849e+01 3.332965e+01 2.489944e+01 3.050713e+01 7.711790e-01 1.150436e+00 1.510035e+00 2.244291e+00 2.148847e+00 2.062469e+00 2.224356e+00 2.669950e+00 2.360772e+00 2.112294e+00 1.986144e+00 1.839811e+00 8.111064e-04
<GCONST> 8.608843e+01
<MIXTURE> 44 7.328289e-03
<MEAN> 25
 -1.513840e+01 1.571710e+00 3.489522e+00 -3.429614e+00 3.498446e+00 1.948980e+00 9.992609e-02 2.184644e+00 1.586357e+00 -2.247543e-01 1.943755e+00 1.879536e+00 -1.720755e-01 8.373018e-02 1.431006e-01 3.118761e-01 -1.219744e-01 1.650099e-01 3.413522e-01 9.965631e-02 1.779408e-01 9.659078e-02 5.935757e-02 1.354195e-01 3.928833e-03
<VARIANCE> 25
 4.196395e+01 2.665575e+01 3.329739e+01 2.932729e+01 2.852003e+01 2.900249e+01 2.422918e+01 3.142284e+01 2.652419e+01 3.225864e+01 2.609776e+01 1.871699e+01 1.181882e+00 1.608217e+00 1.350491e+00 1.292338e+00 2.077421e+00 1.594338e+00 1.807441e+00 1.574981e+00 1.584122e+00 1.463824e+00 1.310264e+00 1.204742e+00 1.241433e-03
<GCONST> 8.419592e+01
<MIXTURE> 45 1.364932e-02
<MEAN> 25
 -1.155862e+01 3.543840e+00 -4.360359e-01 1.216804e+00 5.978768e+00 2.473997e-02 5.297687e+00 2.384627e+00 2.934142e+00 2.338194e+00 2.125916e+00 1.122645e+00 -3.220479e+00 6.983497e-01 -2.090177e-01 -7.079450e-01 5.101356e-01 -1.157320e-01 5.756560e-01 -6.293195e-02 9.589505e-03 5.602748e-01 3.663742e-01 2.270365e-01 1.172309e-01
<VARIANCE> 25
 4.011788e+01 3.012186e+01 2.896106e+01 3.907117e+01 2.738454e+01 2.335399e+01 2.669080e+01 2.236183e+01 2.189942e+01 2.601078e+01 2.314160e+01 1.889574e+01 2.336570e+00 2.629772e+00 2.519641e+00 2.318214e+00 2.362624e+00 2.123570e+00 2.066154e+00 1.853426e+00 1.821705e+00 3.063890e+00 1.756141e+00 1.417924e+00 3.345117e-03
<GCONST> 8.882088e+01
<MIXTURE> 46 9.336259e-03
<MEAN> 25
 -9.377518e+00 2.220793e+00 1.190132e+00 7.244080e+00 5.673402e+00 3.128083e+00 7.880621e+00 3.952638e+00 4.975150e+00 4.451608e+00 5.227245e+00 2.934786e+00 1.303735e+00 -4.070669e-01 -4.517465e-02 9.750997e-01 4.245483e-01 9.549931e-01 2.208609e-01 7.075087e-01 5.712910e-01 3.400534e-01 6.421281e-01 5.768731e-01 -1.049440e-01
<VARIANCE> 25
 3.422728e+01 4.134254e+01 3.646917e+01 4.752496e+01 4.820617e+01 3.927007e+01 4.421552e+01 3.643073e+01 3.860509e+01 2.986093e+01 2.769927e+01 1.919380e+01 4.668631e+00 4.229916e+00 3.726173e+00 3.851492e+00 4.962055e+00 3.447781e+00 3.647977e+00 3.265816e+00 3.096670e+00 3.012934e+00 2.163259e+00 1.740871e+00 7.447653e-03
<GCONST> 9.853944e+01
<MIXTURE> 47 7.116147e-03
<MEAN> 25
 7.263466e+00 -7.302800e+00 -7.749354e+00 -6.332367e+00 1.520264e+00 8.651676e-01 -2.452019e+00 1.284971e+00 2.902844e+00 1.428114e-01 -4.242586e+00 -6.635078e+00 -1.865173e-01 -1.250960e+00 -6.953970e-01 -4.090165e-01 6.255721e-01 8.058113e-01 8.625258e-01 3.110694e-01 9.722489e-02 -8.743584e-01 -4.717929e-01 -4.513294e-01 3.009526e-02
<VARIANCE> 25
 1.093328e+01 2.119911e+01 2.072003e+01 3.389167e+01 3.580807e+01 5.249688e+01 4.571698e+01 4.071903e+01 4.459504e+01 4.652726e+01 4.822970e+01 3.371687e+01 5.212075e-01 7.700273e-01 1.126881e+00 1.671854e+00 1.956803e+00 2.239000e+00 2.337166e+00 2.499040e+00 2.221892e+00 2.134053e+00 2.184115e+00 2.016173e+00 5.464324e-04
<GCONST> 8.653604e+01
<MIXTURE> 48 7.116147e-03
<MEAN> 25
 7.263466e+00 -7.302800e+00 -7.749354e+00 -6.332367e+00 1.520264e+00 8.651676e-01 -2.452019e+00 1.284971e+00 2.902844e+00 1.428114e-01 -4.242586e+00 -6.635078e+00 -1.865173e-01 -1.250960e+00 -6.953970e-01 -4.090165e-01 6.255721e-01 8.058113e-01 8.625258e-01 3.110694e-01 9.722489e-02 -8.743584e-01 -4.717929e-01 -4.513294e-01 3.009526e-02
<VARIANCE> 25
 1.093328e+01 2.119911e+01 2.072003e+01 3.389167e+01 3.580807e+01 5.249688e+01 4.571698e+01 4.071903e+01 4.459504e+01 4.652726e+01 4.822970e+01 3.371687e+01 5.212075e-01 7.700273e-01 1.126881e+00 1.671854e+00 1.956803e+00 2.239000e+00 2.337166e+00 2.499040e+00 2.221892e+00 2.134053e+00 2.184115e+00 2.016173e+00 5.464324e-04
<GCONST> 8.653604e+01
<MIXTURE> 49 5.548473e-03
<MEAN> 25
 -4.990716e+00 3.143322e-01 1.765937e-01 8.374140e+00 6.141195e+00 5.615511e+00 6.071254e+00 4.510767e+00 5.056347e+00 3.699164e+00 4.951268e+00 2.787955e+00 3.610955e-01 6.521751e-01 7.003623e-01 3.541982e-01 -1.923391e-01 -6.721112e-01 -9.979055e-01 -1.107627e+00 -9.488017e-01 -6.800803e-01 -4.940392e-01 -2.693990e-01 -5.132185e-05
<VARIANCE> 25
 1.019035e+01 1.005192e+01 1.409755e+01 1.616852e+01 1.573077e+01 1.706123e+01 1.923887e+01 1.928584e+01 1.814753e+01 1.781243e+01 2.048617e+01 1.457918e+01 2.806911e-01 2.647188e-01 3.582807e-01 6.097393e-01 8.638822e-01 9.726607e-01 9.922807e-01 1.059981e+00 1.142169e+00 1.214424e+00 1.266965e+00 1.200484e+00 1.489690e-05
<GCONST> 6.437962e+01
<MIXTURE> 50 6.234641e-03
<MEAN> 25
 -4.662389e+00 9.029745e-02 -1.449268e+00 6.198202e+00 4.221102e+00 2.274764e+00 3.705765e+00 1.989564e+00 2.781064e+00 1.401510e+00 2.159846e+00 2.842805e+00 5.600534e-02 1.756172e-01 9.497944e-02 -1.773311e-01 -5.115283e-01 -6.145250e-01 -4.260994e-01 -5.076372e-02 4.412014e-01 7.728080e-01 7.384359e-01 4.464774e-01 -1.315929e-05
<VARIANCE> 25
 1.056042e+01 1.115750e+01 1.434252e+01 1.541708e+01 1.533201e+01 1.856926e+01 1.855721e+01 1.948314e+01 1.853773e+01 1.749851e+01 2.164111e+01 1.521390e+01 1.448001e-01 2.400102e-01 3.794615e-01 5.170265e-01 5.986592e-01 7.350131e-01 9.567770e-01 1.117552e+00 1.059522e+00 9.111859e-01 9.182495e-01 9.922657e-01 1.002751e-06
<GCONST> 5.955231e+01
<MIXTURE> 51 6.234641e-03
<MEAN> 25
 -4.662389e+00 9.029745e-02 -1.449268e+00 6.198202e+00 4.221102e+00 2.274764e+00 3.705765e+00 1.989564e+00 2.781064e+00 1.401510e+00 2.159846e+00 2.842805e+00 5.600534e-02 1.756172e-01 9.497944e-02 -1.773311e-01 -5.115283e-01 -6.145250e-01 -4.260994e-01 -5.076372e-02 4.412014e-01 7.728080e-01 7.384359e-01 4.464774e-01 -1.315929e-05
<VARIANCE> 25
 1.056042e+01 1.115750e+01 1.434252e+01 1.541708e+01 1.533201e+01 1.856926e+01 1.855721e+01 1.948314e+01 1.853773e+01 1.749851e+01 2.164111e+01 1.521390e+01 1.448001e-01 2.400102e-01 3.794615e-01 5.170265e-01 5.986592e-01 7.350131e-01 9.567770e-01 1.117552e+00 1.059522e+00 9.111859e-01 9.182495e-01 9.922657e-01 1.002751e-06
<GCONST> 5.955231e+01
<MIXTURE> 52 6.367945e-03
<MEAN> 25
 1.012113e+01 2.049146e+00 -6.195399e+00 -1.427928e+01 -4.219449e+00 8.533978e+00 -2.752752e+00 -3.059632e+00 -4.407732e+00 -2.132665e+00 3.353430e+00 7.448471e-01 -3.855212e-01 -4.803674e-01 -6.945824e-02 1.140653e+00 1.339468e+00 -4.738353e-01 -6.023280e-01 -6.590261e-01 4.265925e-02 1.246146e+00 3.874252e-01 -5.461702e-01 -1.381308e-02
<VARIANCE> 25
 9.302336e+00 2.048125e+01 2.535771e+01 3.867910e+01 4.573503e+01 3.072987e+01 4.653524e+01 4.892958e+01 4.305594e+01 4.602359e+01 3.993932e+01 3.001637e+01 4.500417e-01 1.480866e+00 1.310539e+00 2.757210e+00 2.328287e+00 2.200461e+00 2.986258e+00 2.798395e+00 3.008261e+00 2.666028e+00 2.522469e+00 2.277925e+00 1.545744e-03
<GCONST> 8.973847e+01
<MIXTURE> 53 6.367945e-03
<MEAN> 25
 1.012113e+01 2.049146e+00 -6.195399e+00 -1.427928e+01 -4.219449e+00 8.533978e+00 -2.752752e+00 -3.059632e+00 -4.407732e+00 -2.132665e+00 3.353430e+00 7.448471e-01 -3.855212e-01 -4.803674e-01 -6.945824e-02 1.140653e+00 1.339468e+00 -4.738353e-01 -6.023280e-01 -6.590261e-01 4.265925e-02 1.246146e+00 3.874252e-01 -5.461702e-01 -1.381308e-02
<VARIANCE> 25
 9.302336e+00 2.048125e+01 2.535771e+01 3.867910e+01 4.573503e+01 3.072987e+01 4.653524e+01 4.892958e+01 4.305594e+01 4.602359e+01 3.993932e+01 3.001637e+01 4.500417e-01 1.480866e+00 1.310539e+00 2.757210e+00 2.328287e+00 2.200461e+00 2.986258e+00 2.798395e+00 3.008261e+00 2.666028e+00 2.522469e+00 2.277925e+00 1.545744e-03
<GCONST> 8.973847e+01
<MIXTURE> 54 7.368620e-03
<MEAN> 25
 -3.610905e+00 3.712510e-02 -6.762212e-01 8.015217e+00 6.483287e+00 4.632803e+00 4.694139e+00 4.616589e+00 4.080030e+00 3.594390e+00 4.464379e+00 2.308439e+00 -2.586124e-03 2.899084e-02 3.748408e-02 4.995603e-02 5.197966e-02 4.467126e-02 3.964795e-02 3.096204e-02 3.054207e-02 2.536060e-02 1.154371e-02 -2.499535e-04 -2.341382e-05
<VARIANCE> 25
 9.222942e+00 1.035446e+01 9.270751e+00 1.822665e+01 1.327291e+01 1.354352e+01 1.203920e+01 1.129075e+01 1.149479e+01 1.351058e+01 1.774072e+01 1.256164e+01 4.079282e-02 8.859739e-02 1.561090e-01 2.278569e-01 3.071883e-01 3.971529e-01 4.605118e-01 5.204173e-01 5.398691e-01 5.196292e-01 5.143600e-01 5.172308e-01 1.025352e-06
<GCONST> 4.731440e+01
<MIXTURE> 55 7.368620e-03
<MEAN> 25
 -3.610905e+00 3.712510e-02 -6.762212e-01 8.015217e+00 6.483287e+00 4.632803e+00 4.694139e+00 4.616589e+00 4.080030e+00 3.594390e+00 4.464379e+00 2.308439e+00 -2.586124e-03 2.899084e-02 3.748408e-02 4.995603e-02 5.197966e-02 4.467126e-02 3.964795e-02 3.096204e-02 3.054207e-02 2.536060e-02 1.154371e-02 -2.499535e-04 -2.341382e-05
<VARIANCE> 25
 9.222942e+00 1.035446e+01 9.270751e+00 1.822665e+01 1.327291e+01 1.354352e+01 1.203920e+01 1.129075e+01 1.149479e+01 1.351058e+01 1.774072e+01 1.256164e+01 4.079282e-02 8.859739e-02 1.561090e-01 2.278569e-01 3.071883e-01 3.971529e-01 4.605118e-01 5.204173e-01 5.398691e-01 5.196292e-01 5.143600e-01 5.172308e-01 1.025352e-06
<GCONST> 4.731440e+01
<MIXTURE> 56 6.132464e-03
<MEAN> 25
 7.081582e+00 -6.452168e+00 -9.104115e+00 -7.919984e+00 4.102006e+00 3.656036e+00 -2.635974e+00 -8.572682e-01 1.225430e+00 7.932893e-01 -2.638758e+00 -7.000581e+00 -6.555648e-03 5.320350e-02 -4.629146e-02 -4.882565e-02 2.458260e-01 2.511196e-02 7.376910e-02 -1.450301e-01 3.896377e-02 1.061660e-02 -1.179467e-01 4.430560e-02 -6.720506e-03
<VARIANCE> 25
 1.089534e+01 2.242566e+01 1.963174e+01 4.337641e+01 3.070891e+01 4.779351e+01 6.439594e+01 3.858277e+01 4.711055e+01 3.492348e+01 3.841966e+01 2.982804e+01 1.919233e-01 4.127709e-01 4.425983e-01 7.636490e-01 7.718836e-01 1.123506e+00 9.011805e-01 8.431497e-01 9.880809e-01 9.230598e-01 9.758012e-01 8.257397e-01 2.276631e-04
<GCONST> 7.501846e+01
<MIXTURE> 57 6.132464e-03
<MEAN> 25
 7.081582e+00 -6.452168e+00 -9.104115e+00 -7.919984e+00 4.102006e+00 3.656036e+00 -2.635974e+00 -8.572682e-01 1.225430e+00 7.932893e-01 -2.638758e+00 -7.000581e+00 -6.555648e-03 5.320350e-02 -4.629146e-02 -4.882565e-02 2.458260e-01 2.511196e-02 7.376910e-02 -1.450301e-01 3.896377e-02 1.061660e-02 -1.179467e-01 4.430560e-02 -6.720506e-03
<VARIANCE> 25
 1.089534e+01 2.242566e+01 1.963174e+01 4.337641e+01 3.070891e+01 4.779351e+01 6.439594e+01 3.858277e+01 4.711055e+01 3.492348e+01 3.841966e+01 2.982804e+01 1.919233e-01 4.127709e-01 4.425983e-01 7.636490e-01 7.718836e-01 1.123506e+00 9.011805e-01 8.431497e-01 9.880809e-01 9.230598e-01 9.758012e-01 8.257397e-01 2.276631e-04
<GCONST> 7.501846e+01
<MIXTURE> 58 6.172147e-03
<MEAN> 25
 2.452186e+00 -2.930346e+00 7.397712e+00 -5.538334e+00 -1.323383e+01 -5.479772e+00 1.865552e+00 4.809100e-01 -2.059790e+00 2.130416e+00 4.877168e-01 -9.062030e-01 -4.949198e-02 -7.430629e-02 -1.307135e-01 -1.115573e-01 -1.294726e-02 1.856660e-01 4.230444e-01 9.180037e-02 9.834196e-02 -1.870736e-02 -1.267160e-01 -4.304131e-02 -2.459400e-03
<VARIANCE> 25
 7.306644e+00 1.491903e+01 1.933399e+01 2.695210e+01 2.306022e+01 4.465702e+01 3.249086e+01 3.579352e+01 3.292688e+01 3.126254e+01 2.216025e+01 1.956092e+01 3.026026e-01 8.554952e-01 8.016326e-01 1.078472e+00 8.898605e-01 1.277143e+00 1.248248e+00 1.648114e+00 1.200883e+00 1.148594e+00 9.646937e-01 1.013093e+00 6.959785e-04
<GCONST> 7.627946e+01
<MIXTURE> 59 6.172147e-03
<MEAN> 25
 2.452186e+00 -2.930346e+00 7.397712e+00 -5.538334e+00 -1.323383e+01 -5.479772e+00 1.865552e+00 4.809100e-01 -2.059790e+00 2.130416e+00 4.877168e-01 -9.062030e-01 -4.949198e-02 -7.430629e-02 -1.307135e-01 -1.115573e-01 -1.294726e-02 1.856660e-01 4.230444e-01 9.180037e-02 9.834196e-02 -1.870736e-02 -1.267160e-01 -4.304131e-02 -2.459400e-03
<VARIANCE> 25
 7.306644e+00 1.491903e+01 1.933399e+01 2.695210e+01 2.306022e+01 4.465702e+01 3.249086e+01 3.579352e+01 3.292688e+01 3.126254e+01 2.216025e+01 1.956092e+01 3.026026e-01 8.554952e-01 8.016326e-01 1.078472e+00 8.898605e-01 1.277143e+00 1.248248e+00 1.648114e+00 1.200883e+00 1.148594e+00 9.646937e-01 1.013093e+00 6.959785e-04
<GCONST> 7.627946e+01
<MIXTURE> 60 4.479129e-03
<MEAN> 25
 -3.953427e+00 -7.474739e-01 -1.062308e+00 3.589371e+00 1.888901e+00 2.147145e+00 1.742671e+00 1.674892e+00 2.360795e+00 1.261432e+00 2.431368e+00 1.696228e+00 -3.698783e-02 5.642071e-02 1.078022e-01 1.208291e-01 1.346494e-01 1.429482e-01 1.746431e-01 3.365440e-01 5.564753e-01 6.480042e-01 5.371350e-01 3.044190e-01 -5.780785e-04
<VARIANCE> 25
 8.674389e+00 4.557548e+00 9.925337e+00 1.113907e+01 1.356732e+01 1.686223e+01 1.397506e+01 1.207068e+01 1.330891e+01 1.279281e+01 1.582311e+01 1.331133e+01 8.979729e-02 1.717898e-01 2.812068e-01 4.375766e-01 5.703107e-01 7.655807e-01 8.338464e-01 8.907653e-01 8.974016e-01 8.329045e-01 8.276409e-01 8.654212e-01 2.459130e-05
<GCONST> 5.674697e+01
<MIXTURE> 61 4.479129e-03
<MEAN> 25
 -3.953427e+00 -7.474739e-01 -1.062308e+00 3.589371e+00 1.888901e+00 2.147145e+00 1.742671e+00 1.674892e+00 2.360795e+00 1.261432e+00 2.431368e+00 1.696228e+00 -3.698783e-02 5.642071e-02 1.078022e-01 1.208291e-01 1.346494e-01 1.429482e-01 1.746431e-01 3.365440e-01 5.564753e-01 6.480042e-01 5.371350e-01 3.044190e-01 -5.780785e-04
<VARIANCE> 25
 8.674389e+00 4.557548e+00 9.925337e+00 1.113907e+01 1.356732e+01 1.686223e+01 1.397506e+01 1.207068e+01 1.330891e+01 1.279281e+01 1.582311e+01 1.331133e+01 8.979729e-02 1.717898e-01 2.812068e-01 4.375766e-01 5.703107e-01 7.655807e-01 8.338464e-01 8.907653e-01 8.974016e-01 8.329045e-01 8.276409e-01 8.654212e-01 2.459130e-05
<GCONST> 5.674697e+01
<MIXTURE> 62 3.278034e-03
<MEAN> 25
 -4.756810e+00 1.125801e+00 1.048462e+00 8.409183e+00 6.048342e+00 4.992207e+00 5.477319e+00 4.045341e+00 5.018253e+00 4.042731e+00 5.057157e+00 2.723135e+00 -9.376974e-01 -1.179748e+00 -9.215257e-01 -2.118910e-01 4.327902e-01 9.876935e-01 1.365227e+00 1.521667e+00 1.525538e+00 1.290324e+00 1.052162e+00 7.153357e-01 -1.491232e-03
<VARIANCE> 25
 1.163513e+01 9.769362e+00 1.252618e+01 1.930480e+01 1.675012e+01 1.680437e+01 1.881491e+01 1.824196e+01 1.802444e+01 1.830635e+01 2.074166e+01 1.515142e+01 4.694340e-01 4.163486e-01 5.495440e-01 8.293894e-01 9.891383e-01 1.144403e+00 1.202792e+00 1.239036e+00 1.314678e+00 1.355238e+00 1.340427e+00 1.316533e+00 1.670152e-05
<GCONST> 6.744632e+01
<MIXTURE> 63 4.351215e-03
<MEAN> 25
 -3.479107e+00 -2.303105e+00 -4.789852e+00 2.957195e+00 3.044629e+00 -1.830349e-01 2.119154e+00 1.562814e+00 1.878884e+00 -1.224781e+00 -1.378082e+00 2.595938e+00 -5.671541e-02 3.514822e-01 3.580422e-01 4.481784e-01 3.698906e-01 4.090886e-01 3.222320e-01 2.444425e-01 6.600347e-02 3.240168e-01 3.681700e-01 3.917927e-02 -5.245680e-03
<VARIANCE> 25
 1.065633e+01 1.329449e+01 1.510705e+01 1.565143e+01 1.788863e+01 2.609218e+01 2.626702e+01 2.377052e+01 2.858567e+01 2.173898e+01 2.030052e+01 1.622917e+01 2.903071e-01 4.449669e-01 6.542937e-01 7.591029e-01 8.607911e-01 1.071478e+00 1.405985e+00 1.320220e+00 1.393986e+00 1.350890e+00 1.483464e+00 1.406959e+00 2.088905e-04
<GCONST> 7.186451e+01
<MIXTURE> 64 4.351215e-03
<MEAN> 25
 -3.479107e+00 -2.303105e+00 -4.789852e+00 2.957195e+00 3.044629e+00 -1.830349e-01 2.119154e+00 1.562814e+00 1.878884e+00 -1.224781e+00 -1.378082e+00 2.595938e+00 -5.671541e-02 3.514822e-01 3.580422e-01 4.481784e-01 3.698906e-01 4.090886e-01 3.222320e-01 2.444425e-01 6.600347e-02 3.240168e-01 3.681700e-01 3.917927e-02 -5.245680e-03
<VARIANCE> 25
 1.065633e+01 1.329449e+01 1.510705e+01 1.565143e+01 1.788863e+01 2.609218e+01 2.626702e+01 2.377052e+01 2.858567e+01 2.173898e+01 2.030052e+01 1.622917e+01 2.903071e-01 4.449669e-01 6.542937e-01 7.591029e-01 8.607911e-01 1.071478e+00 1.405985e+00 1.320220e+00 1.393986e+00 1.350890e+00 1.483464e+00 1.406959e+00 2.088905e-04
<GCONST> 7.186451e+01
<MIXTURE> 65 1.721197e-02
<MEAN> 25
 6.873355e+00 2.003935e+00 1.628765e+00 1.273749e+00 -4.254323e+00 -3.856364e+00 -5.476099e+00 -4.886837e+00 -3.050735e+00 -2.756769e+00 -3.418461e+00 -1.756796e+00 3.624151e-01 9.814966e-02 4.037219e-01 1.431625e-01 5.693324e-02 1.033191e-01 -1.124543e-01 2.472813e-02 2.365907e-01 4.692293e-02 2.091083e-01 -5.876312e-01 -5.849498e-03
<VARIANCE> 25
 9.996943e+00 1.404070e+01 2.309337e+01 2.795247e+01 3.101818e+01 4.370091e+01 4.466537e+01 4.861791e+01 4.226958e+01 4.440160e+01 4.905072e+01 4.272765e+01 6.391077e-01 8.462847e-01 2.100685e+00 1.538749e+00 1.644959e+00 1.971789e+00 2.092739e+00 2.911899e+00 2.236884e+00 2.374776e+00 2.266104e+00 2.313855e+00 3.575436e-04
<GCONST> 8.637468e+01
<MIXTURE> 66 1.191532e-02
<MEAN> 25
 6.056386e+00 -3.263508e+00 -5.927876e+00 -3.939692e+00 1.385441e+00 -4.299297e+00 -7.818564e+00 1.951465e+00 -6.010416e-01 -1.788962e+00 -6.292749e+00 -2.663251e+00 8.159439e-02 1.598373e+00 2.356836e+00 2.141033e+00 -1.183900e+00 -1.264534e+00 3.506965e-01 -7.792668e-01 3.790818e-01 -3.188460e-01 2.005507e-01 8.329859e-01 -6.406919e-02
<VARIANCE> 25
 9.479674e+00 2.220463e+01 2.367164e+01 3.213303e+01 3.289182e+01 4.881251e+01 5.170282e+01 4.220302e+01 5.461305e+01 5.718109e+01 3.297520e+01 3.433726e+01 1.178382e+00 2.100033e+00 2.135951e+00 2.257880e+00 3.646261e+00 3.672744e+00 4.333618e+00 4.419764e+00 4.944581e+00 4.389252e+00 4.171874e+00 3.132550e+00 1.271289e-03
<GCONST> 9.508473e+01
<MIXTURE> 67 1.559142e-02
<MEAN> 25
 8.960323e+00 2.035376e+00 -5.959784e+00 -8.230320e+00 9.008431e-01 3.054472e+00 -3.349791e+00 -2.227777e+00 -3.761929e+00 7.678863e-01 -7.055185e-02 -1.724483e+00 -1.067585e+00 1.824450e+00 1.070543e+00 3.060376e+00 1.388174e+00 -5.089638e-01 1.313409e+00 1.114371e-01 1.658175e-01 2.475379e-01 -2.602445e-01 6.139277e-01 -1.296981e-01
<VARIANCE> 25
 1.153684e+01 3.866206e+01 3.082987e+01 5.604301e+01 4.892802e+01 5.397181e+01 6.202256e+01 5.265982e+01 6.458664e+01 5.685443e+01 5.559318e+01 4.720510e+01 2.180312e+00 3.465495e+00 3.294297e+00 4.532096e+00 4.508645e+00 4.538772e+00 4.717599e+00 5.064618e+00 5.499182e+00 4.762314e+00 5.167212e+00 3.756473e+00 3.047310e-03
<GCONST> 1.029087e+02
<MIXTURE> 68 1.485092e-02
<MEAN> 25
 -2.186320e+00 -2.959032e+00 -3.471941e+00 2.021424e+00 5.200337e+00 -5.827010e-01 2.486985e+00 1.445275e+00 3.027785e+00 1.369116e+00 -6.420262e-01 2.988956e+00 2.445431e+00 6.852836e-01 -1.126410e-01 -2.586442e+00 -2.273986e+00 -1.102203e+00 -2.475700e+00 -1.718497e+00 -1.922886e+00 -2.078160e+00 -1.962438e+00 -7.938017e-01 8.425044e-02
<VARIANCE> 25
 2.187807e+01 2.816746e+01 5.196267e+01 4.549267e+01 4.078561e+01 4.491029e+01 3.811573e+01 4.102024e+01 3.792147e+01 4.585424e+01 3.643830e+01 2.531430e+01 1.869277e+00 3.153344e+00 5.019694e+00 4.747739e+00 3.997834e+00 5.534776e+00 4.747479e+00 4.189752e+00 4.570450e+00 5.820024e+00 4.097929e+00 3.044547e+00 6.050598e-03
<GCONST> 1.010236e+02
<MIXTURE> 69 1.204884e-02
<MEAN> 25
 4.090206e+00 -3.882907e+00 -3.391775e+00 -2.974344e+00 -3.164090e+00 -7.274594e+00 -1.262837e+00 1.446339e+00 -7.367710e-01 -5.171820e+00 -5.753909e+00 1.794033e+00 1.550343e+00 -1.745391e+00 -1.278091e+00 -2.178401e+00 -5.121606e-01 -7.458691e-02 -7.596199e-01 4.354085e-01 -1.111502e+00 -1.879506e+00 -2.066314e+00 -6.827431e-02 5.553778e-02
<VARIANCE> 25
 8.938217e+00 1.920997e+01 2.507725e+01 2.486841e+01 3.694133e+01 3.215395e+01 4.236081e+01 3.253932e+01 3.664894e+01 3.279091e+01 3.080860e+01 2.420085e+01 3.170459e+00 3.535134e+00 3.057907e+00 3.243851e+00 4.796097e+00 4.553475e+00 6.723016e+00 5.601215e+00 6.204269e+00 6.237373e+00 3.791661e+00 3.213977e+00 2.238858e-03
<GCONST> 9.702016e+01
<MIXTURE> 70 1.329190e-02
<MEAN> 25
 7.444695e+00 -1.949597e+00 -3.769021e+00 -3.529294e+00 -3.712015e-01 -6.724628e-01 -7.590396e+00 -3.932658e+00 5.013661e-01 2.855359e+00 -1.254482e-01 -4.920407e+00 1.906671e+00 -1.136401e+00 -7.987032e-01 -2.148966e+00 -1.485941e+00 1.169034e+00 -1.304159e+00 -7.818026e-02 3.041051e-01 -3.405040e-02 7.178427e-01 -1.470044e+00 5.767532e-02
<VARIANCE> 25
 1.008472e+01 2.263805e+01 2.890126e+01 4.660395e+01 3.549682e+01 4.395306e+01 4.988947e+01 4.381059e+01 4.702157e+01 3.232644e+01 4.426620e+01 2.704940e+01 3.526694e+00 3.172576e+00 4.701142e+00 5.048947e+00 5.253510e+00 6.359137e+00 6.777174e+00 7.524379e+00 6.228779e+00 5.347224e+00 5.843799e+00 4.283802e+00 2.582072e-03
<GCONST> 1.018290e+02
<MIXTURE> 71 1.406903e-02
<MEAN> 25
 5.989737e+00 4.674176e+00 3.951727e+00 3.004885e+00 -2.917030e+00 -3.585912e+00 -3.360037e+00 -5.681999e+00 -3.941959e+00 -2.243403e+00 -4.528211e+00 -3.098283e+00 -1.583672e+00 -6.022847e-01 -5.272334e-01 -1.397421e+00 1.136053e+00 -2.276663e-01 1.873548e-01 1.351010e+00 2.103219e-01 -4.967301e-04 3.005297e-01 2.779662e-01 3.835894e-02
<VARIANCE> 25
 1.712400e+01 2.263010e+01 2.119503e+01 3.834437e+01 3.677183e+01 3.672319e+01 3.695936e+01 3.938477e+01 3.633878e+01 3.786331e+01 3.332063e+01 3.218768e+01 1.833769e+00 3.038941e+00 5.185083e+00 4.716682e+00 4.048835e+00 5.185207e+00 4.285499e+00 4.848220e+00 4.895353e+00 3.676620e+00 4.252843e+00 3.217108e+00 1.285701e-03
<GCONST> 9.714580e+01
<MIXTURE> 72 8.134747e-03
<MEAN> 25
 3.619079e+00 -3.513909e+00 5.494801e+00 -2.601516e+00 -1.027461e+01 -9.202378e+00 -2.361443e+00 1.766460e+00 -4.539783e+00 -1.999858e+00 -1.764222e+00 4.940475e-01 9.206296e-01 -6.984183e-01 -2.459486e+00 4.332673e-01 2.010834e+00 -6.995123e-01 -1.251832e+00 1.525251e+00 1.789780e+00 -5.538859e-01 -1.288046e+00 4.311617e-01 -5.237708e-03
<VARIANCE> 25
 1.055129e+01 1.915375e+01 3.393209e+01 3.881749e+01 3.087202e+01 3.337481e+01 3.892403e+01 3.526115e+01 4.367691e+01 4.044783e+01 3.668937e+01 2.856177e+01 4.819454e-01 1.074469e+00 2.075205e+00 1.425682e+00 2.344157e+00 2.536442e+00 3.212627e+00 2.700244e+00 2.654239e+00 2.915659e+00 2.085279e+00 2.163021e+00 5.476411e-04
<GCONST> 8.744484e+01
<MIXTURE> 73 1.213625e-02
<MEAN> 25
 -5.149482e+00 -1.112137e+00 -1.209965e+00 4.704561e+00 4.240109e+00 2.266572e+00 5.471401e+00 3.349082e+00 4.514939e+00 3.374868e+00 4.035128e+00 2.345790e+00 4.835458e-01 -9.342861e-01 -8.357623e-01 -2.401378e+00 -1.499777e+00 -1.765441e+00 -8.279775e-01 -7.642873e-01 -9.916318e-01 -4.429072e-01 -9.581682e-01 -1.379512e-01 1.497944e-01
<VARIANCE> 25
 1.518146e+01 1.338828e+01 1.454370e+01 2.148088e+01 2.438128e+01 2.387119e+01 1.925081e+01 2.035997e+01 1.659999e+01 1.877571e+01 2.214254e+01 2.254443e+01 4.665466e+00 2.974519e+00 5.651823e+00 4.814548e+00 6.512656e+00 4.190086e+00 4.107532e+00 4.714226e+00 3.710233e+00 4.821563e+00 3.741661e+00 2.808453e+00 4.275238e-03
<GCONST> 9.328346e+01
<MIXTURE> 74 1.756491e-02
<MEAN> 25
 4.315925e+00 -1.262555e+00 4.850111e+00 -1.204302e+00 -8.389061e+00 -7.845975e+00 -2.516614e+00 3.971990e-01 -3.808075e+00 -2.628732e+00 -1.632345e+00 4.250719e-01 3.525155e-01 1.869807e+00 1.088394e-01 1.662032e+00 1.221923e+00 3.253353e-01 4.687889e-02 -1.217642e+00 1.843970e-01 1.633224e-01 -9.111847e-02 -1.968078e-01 -7.364577e-02
<VARIANCE> 25
 1.113336e+01 2.097854e+01 3.809642e+01 3.954702e+01 3.589526e+01 3.857405e+01 5.049566e+01 4.440442e+01 4.616990e+01 4.234838e+01 3.814870e+01 3.313955e+01 2.012182e+00 2.164604e+00 3.889165e+00 2.462008e+00 3.690747e+00 3.708257e+00 5.118800e+00 4.620153e+00 4.283758e+00 3.809375e+00 3.667546e+00 3.220319e+00 1.857264e-03
<GCONST> 9.686990e+01
<MIXTURE> 75 9.711651e-03
<MEAN> 25
 2.587070e+00 -1.191666e+00 1.062836e+01 1.716843e+00 -1.165403e+01 -7.510809e+00 -4.317490e+00 -5.767406e-01 -4.286447e+00 -4.614820e+00 3.303267e+00 1.692061e-01 1.776920e+00 -1.743872e+00 1.735366e-01 -2.637758e-01 -2.344490e+00 -5.076014e-01 -1.529811e+00 9.402496e-01 -1.104455e-01 -3.887776e-01 1.026135e+00 -6.098632e-01 3.668424e-02
<VARIANCE> 25
 1.102486e+01 1.750114e+01 3.388566e+01 2.740521e+01 2.703118e+01 3.269322e+01 3.243698e+01 3.078423e+01 3.500249e+01 3.106317e+01 1.982143e+01 2.182889e+01 2.411392e+00 1.882534e+00 4.216705e+00 2.418262e+00 3.929746e+00 4.212057e+00 4.279616e+00 3.509329e+00 3.882951e+00 3.341213e+00 3.138247e+00 2.510646e+00 1.609187e-03
<GCONST> 9.234082e+01
<MIXTURE> 76 1.052359e-02
<MEAN> 25
 -5.130906e+00 -2.061594e+00 -2.466496e+00 3.478103e+00 3.928794e+00 1.863960e+00 4.471554e+00 2.510196e+00 2.718753e+00 1.505725e-01 2.188427e+00 1.934076e+00 -9.970234e-02 -5.306137e-01 -3.839620e-01 -6.543432e-01 -6.064004e-01 -8.763962e-01 -5.714853e-01 -4.720119e-01 -4.305379e-01 -3.645148e-01 -4.498073e-01 -4.240607e-02 2.181600e-02
<VARIANCE> 25
 3.710616e+01 2.336369e+01 2.437661e+01 2.291687e+01 2.829341e+01 3.100579e+01 2.836045e+01 2.584564e+01 2.405880e+01 2.595736e+01 2.416099e+01 2.194296e+01 1.291098e+00 1.077883e+00 1.369011e+00 1.308323e+00 1.389032e+00 1.686907e+00 1.976982e+00 1.689438e+00 1.471933e+00 1.801755e+00 1.448872e+00 1.436069e+00 1.210981e-03
<GCONST> 8.308398e+01
<MIXTURE> 77 1.244626e-02
<MEAN> 25
 -6.365603e-01 8.291878e+00 1.227707e+01 -1.136630e+01 -6.882404e+00 1.463179e+00 -9.010982e+00 -7.267650e+00 -2.955304e+00 4.605678e-02 -4.699106e+00 -8.569743e-01 9.577092e-02 1.431432e-01 1.249665e-01 3.306930e-01 -2.297008e-02 -8.929678e-02 -1.765124e-01 -1.259994e-01 2.049911e-01 -2.114044e-01 -1.602053e-02 1.886947e-01 -1.102896e-02
<VARIANCE> 25
 1.019415e+01 2.002031e+01 2.633735e+01 3.978801e+01 3.164822e+01 3.602484e+01 3.625745e+01 3.003879e+01 3.567725e+01 3.194126e+01 3.566257e+01 3.921393e+01 2.930491e-01 7.340186e-01 6.593257e-01 1.109277e+00 1.173773e+00 1.380899e+00 1.327352e+00 1.072052e+00 1.237363e+00 1.389066e+00 9.359336e-01 9.410706e-01 5.251653e-04
<GCONST> 7.838274e+01
<MIXTURE> 78 9.702551e-03
<MEAN> 25
 -1.239947e+01 2.031222e+00 -1.231159e+00 2.150335e+00 3.976445e+00 -2.997593e+00 5.999630e+00 1.641033e+00 1.223240e+00 4.940370e-01 3.973895e-01 2.547141e+00 2.674112e+00 -8.022670e-01 1.664642e-01 6.154921e-01 -5.159467e-01 1.403703e-01 -3.463627e-01 -1.041035e-01 2.232449e-01 -7.638462e-02 -1.644949e-01 -2.132127e-01 -7.005793e-02
<VARIANCE> 25
 4.410883e+01 3.302388e+01 2.728862e+01 2.730083e+01 3.469295e+01 3.752253e+01 5.276367e+01 2.969642e+01 3.085857e+01 2.360978e+01 2.632716e+01 1.943357e+01 4.770282e+00 3.150525e+00 2.507158e+00 2.508169e+00 3.390846e+00 2.943060e+00 3.474066e+00 2.321125e+00 2.344407e+00 2.311208e+00 2.078799e+00 2.024731e+00 4.333867e-03
<GCONST> 9.382352e+01
<MIXTURE> 79 1.156824e-02
<MEAN> 25
 1.536936e+00 1.634288e+00 7.860799e+00 -5.982202e+00 -1.151532e+01 -2.458951e+00 -1.417239e+00 -7.752900e+00 -4.477575e+00 7.695458e-01 -3.282513e+00 -1.640192e+00 1.109716e+00 -3.273754e-01 -1.225286e+00 2.363251e+00 6.838965e-01 -1.168478e+00 1.101317e-01 9.825944e-01 -7.290945e-01 -6.714246e-01 3.671058e-01 1.964484e-01 -3.549704e-02
<VARIANCE> 25
 1.173371e+01 1.749381e+01 3.342923e+01 4.098384e+01 2.700916e+01 3.832984e+01 3.668872e+01 3.441359e+01 4.340157e+01 2.990365e+01 3.519972e+01 2.941745e+01 8.244925e-01 1.868264e+00 1.653049e+00 1.596561e+00 2.744853e+00 2.502203e+00 3.667915e+00 3.974319e+00 2.922554e+00 2.402354e+00 1.868172e+00 1.909231e+00 1.050799e-03
<GCONST> 8.905949e+01
<MIXTURE> 80 7.550998e-03
<MEAN> 25
 -1.432455e+01 4.370678e+00 8.655911e-01 2.206526e+00 2.892567e+00 1.333373e+00 6.377024e+00 2.584665e+00 2.146710e+00 2.541562e+00 4.452189e+00 8.082007e-01 4.124676e+00 1.210459e-01 1.473613e+00 -1.068685e+00 -2.868280e+00 -2.603953e+00 -2.460044e+00 -2.052159e+00 -1.780761e+00 -1.986651e+00 -1.616567e+00 -4.824331e-01 -4.658943e-02
<VARIANCE> 25
 1.994804e+01 1.924958e+01 3.128795e+01 3.507603e+01 2.899826e+01 2.649158e+01 2.772888e+01 2.619833e+01 2.686270e+01 2.657493e+01 2.570170e+01 1.771717e+01 2.378057e+00 2.690192e+00 2.640714e+00 3.803246e+00 3.107036e+00 2.709291e+00 2.918424e+00 2.924651e+00 2.857409e+00 3.220315e+00 2.543897e+00 2.052079e+00 1.445397e-03
<GCONST> 9.059228e+01
<MIXTURE> 81 8.025434e-03
<MEAN> 25
 -1.132227e+00 3.790302e+00 9.984522e+00 -1.440312e+01 -9.054119e+00 -1.230976e+00 -5.785275e+00 -7.923052e+00 -3.130070e+00 -2.355094e-02 -6.865521e+00 -1.790775e+00 2.234336e-01 -5.725886e-01 5.486310e-02 -5.478855e-01 -5.600457e-01 2.045287e-01 3.349547e-01 1.239097e-01 5.537812e-02 1.284738e-01 -5.786644e-01 1.126350e-02 1.009313e-02
<VARIANCE> 25
 9.314933e+00 3.182158e+01 2.351468e+01 2.773034e+01 2.987199e+01 3.046682e+01 4.615909e+01 2.799221e+01 4.423770e+01 3.183939e+01 2.676351e+01 3.136937e+01 8.987830e-01 2.269449e+00 1.629305e+00 2.901116e+00 2.708037e+00 2.216612e+00 3.171659e+00 2.309025e+00 2.529285e+00 2.501370e+00 2.308187e+00 2.156446e+00 1.124164e-03
<GCONST> 8.878790e+01
<MIXTURE> 82 8.213053e-03
<MEAN> 25
 -9.906445e+00 -3.737082e+00 1.826835e+00 -2.243865e+00 1.241333e+00 2.977595e-01 2.873386e+00 -3.754582e-01 2.738440e+00 2.936243e+00 2.443173e+00 2.463053e+00 -1.252640e+00 8.259381e-02 5.235553e-01 -2.445306e+00 -1.766031e+00 -1.355666e+00 -1.047363e+00 -1.203990e+00 -4.959192e-01 9.339388e-02 -8.791741e-02 -9.162316e-02 1.700993e-01
<VARIANCE> 25
 1.599593e+01 2.144126e+01 2.782897e+01 2.910812e+01 4.674177e+01 2.832239e+01 3.090873e+01 3.718898e+01 2.691843e+01 3.180081e+01 3.205463e+01 1.802755e+01 3.397492e+00 2.812035e+00 3.103213e+00 3.019768e+00 5.318443e+00 2.908773e+00 2.531101e+00 3.418679e+00 2.681211e+00 3.710945e+00 2.353690e+00 1.616991e+00 3.342719e-03
<GCONST> 9.315318e+01
<MIXTURE> 83 1.167529e-02
<MEAN> 25
 -1.991127e+01 5.924930e+00 -1.666799e+00 -4.990833e-01 7.788377e+00 -1.308218e+00 5.995301e+00 2.593400e+00 1.315933e+00 2.323634e+00 1.051197e+00 2.829504e+00 -6.055013e-02 -5.067520e-01 1.153059e-01 -3.392165e-01 -5.277022e-01 -1.998484e-01 2.365094e-02 -1.322553e-01 -5.540057e-02 -3.779401e-02 -7.468179e-03 2.988797e-02 3.581327e-03
<VARIANCE> 25
 9.096932e+00 1.852095e+01 2.660664e+01 2.142591e+01 1.964194e+01 2.239938e+01 2.512216e+01 2.370553e+01 1.924886e+01 2.193536e+01 2.253801e+01 1.357757e+01 1.016682e+00 1.086141e+00 1.339332e+00 1.002254e+00 1.274911e+00 1.266820e+00 1.840071e+00 1.293467e+00 1.269676e+00 1.219062e+00 1.145094e+00 1.033042e+00 8.577768e-04
<GCONST> 7.694865e+01
<MIXTURE> 84 1.066614e-02
<MEAN> 25
 1.260643e+00 8.512944e+00 7.029621e+00 7.486854e+00 2.854995e+00 -9.456986e-01 -1.331702e+00 -4.290548e+00 -3.874141e+00 -2.667324e+00 -2.193457e+00 -1.710546e+00 -1.667496e+00 -1.168705e+00 -1.153594e+00 1.224776e+00 2.190171e+00 1.472799e+00 1.513381e+00 1.301764e+00 1.044404e+00 4.241826e-01 4.950152e-01 3.168653e-01 -6.892320e-02
<VARIANCE> 25
 2.190194e+01 1.989052e+01 2.114421e+01 2.519442e+01 2.759672e+01 2.688331e+01 2.789335e+01 2.524918e+01 2.556611e+01 2.507115e+01 2.278126e+01 2.386977e+01 2.156987e+00 2.393111e+00 3.944771e+00 3.177551e+00 3.294643e+00 3.361741e+00 3.392923e+00 3.533300e+00 3.845680e+00 3.100207e+00 3.785615e+00 2.941348e+00 3.518134e-03
<GCONST> 9.252680e+01
<MIXTURE> 85 7.591393e-03
<MEAN> 25
 -3.308240e+00 7.993174e+00 5.588809e+00 9.698005e-01 -2.834529e+00 -5.115273e+00 -3.024426e+00 -5.777889e+00 -3.305741e+00 -3.058693e+00 -3.465371e-01 -1.776351e+00 3.865871e+00 3.581746e-01 1.711315e+00 -2.120235e+00 -3.482709e+00 -2.504803e+00 -2.879138e+00 -2.336802e+00 -1.971950e+00 -1.449428e+00 -2.287815e+00 -5.231073e-01 7.164343e-03
<VARIANCE> 25
 4.043118e+01 2.242283e+01 3.449175e+01 3.740002e+01 4.427013e+01 3.920008e+01 3.045641e+01 2.793813e+01 2.584994e+01 2.487366e+01 2.483727e+01 1.948874e+01 2.622931e+00 4.105833e+00 3.848146e+00 4.872291e+00 4.214909e+00 3.718218e+00 3.628830e+00 3.741973e+00 4.657973e+00 4.286385e+00 3.697476e+00 3.378895e+00 5.159009e-03
<GCONST> 9.769305e+01
<MIXTURE> 86 1.273941e-02
<MEAN> 25
 -2.282403e+00 -1.807805e+00 -1.092535e-01 5.268397e+00 5.532095e+00 4.492663e+00 5.240211e+00 4.893828e+00 5.714366e+00 3.351297e+00 5.156384e+00 2.607912e-01 -6.934226e-03 -2.766807e-03 -1.876358e-02 6.528967e-03 -3.396711e-02 -3.296962e-01 -2.236215e-01 -2.994050e-01 -4.927624e-01 -5.094709e-01 -2.627434e-01 -2.717892e-01 -1.546470e-03
<VARIANCE> 25
 1.329687e+01 4.798272e+00 7.766348e+00 9.607942e+00 1.170283e+01 1.268619e+01 9.664596e+00 9.345548e+00 1.156607e+01 1.189145e+01 1.339478e+01 1.638222e+01 1.147652e-01 1.920966e-01 2.916132e-01 4.660691e-01 5.923557e-01 8.798918e-01 5.409186e-01 6.238027e-01 1.018164e+00 1.018788e+00 7.052245e-01 9.987063e-01 6.110156e-05
<GCONST> 5.666850e+01
<MIXTURE> 87 1.100681e-02
<MEAN> 25
 -2.759815e+00 3.481968e+00 3.258490e+00 6.864354e+00 5.623032e+00 8.005890e-01 1.906406e+00 -5.951505e-01 2.485951e-02 -8.284169e-01 -5.233008e-01 -1.238490e-01 -2.165877e+00 -2.613598e+00 -2.009192e+00 -1.836533e+00 4.264249e-03 -4.630604e-01 6.617858e-01 1.092946e+00 1.276173e+00 1.169260e+00 5.840725e-01 1.268792e+00 1.031819e-01
<VARIANCE> 25
 3.520851e+01 3.303431e+01 2.526659e+01 3.101167e+01 2.661349e+01 3.124617e+01 2.604478e+01 2.538249e+01 2.526275e+01 2.243194e+01 2.373720e+01 2.260318e+01 3.463565e+00 2.720310e+00 3.651696e+00 4.160705e+00 4.461992e+00 4.444806e+00 3.945182e+00 3.815863e+00 3.328424e+00 3.103121e+00 3.895274e+00 3.149411e+00 4.413610e-03
<GCONST> 9.559350e+01
<MIXTURE> 88 1.256585e-02
<MEAN> 25
 -3.061610e+00 -1.428923e+00 -1.183251e+00 4.821605e+00 4.480241e+00 3.245663e+00 5.232271e+00 3.420653e+00 4.089727e+00 2.036762e+00 2.835165e+00 2.288774e+00 -8.988705e-02 -2.637730e-02 9.150122e-02 3.743123e-01 2.862540e-01 8.282192e-02 -8.098319e-03 -1.252314e-01 -3.564889e-01 -4.148594e-01 -3.306311e-01 1.228942e-01 -1.383308e-03
<VARIANCE> 25
 1.362912e+01 1.011238e+01 1.300614e+01 1.399224e+01 1.791358e+01 2.204739e+01 1.988485e+01 1.605507e+01 1.640359e+01 1.689638e+01 1.888033e+01 1.834120e+01 1.264906e+00 1.574236e+00 2.197499e+00 2.165010e+00 2.529990e+00 2.489898e+00 2.527946e+00 3.270390e+00 2.191161e+00 2.518902e+00 2.384246e+00 1.983392e+00 1.884392e-03
<GCONST> 8.248251e+01
<MIXTURE> 89 9.333527e-03
<MEAN> 25
 6.076410e+00 -6.828080e+00 -3.560754e+00 -3.164774e+00 -1.607555e+00 -5.587337e+00 -6.121539e+00 4.100705e+00 3.468353e+00 -2.803189e+00 -6.030658e+00 -3.285681e+00 -5.705853e-01 1.569541e-01 1.990024e+00 9.008142e-01 -1.867966e+00 -1.648329e+00 8.833310e-01 1.263585e+00 -7.875162e-01 -1.315405e+00 4.038019e-01 1.535855e+00 -4.892147e-03
<VARIANCE> 25
 8.993908e+00 2.672230e+01 3.109371e+01 3.021887e+01 3.610642e+01 4.168038e+01 5.964026e+01 4.210691e+01 3.915445e+01 4.240814e+01 3.582771e+01 3.238445e+01 3.544172e-01 8.414404e-01 1.473408e+00 1.317342e+00 1.919946e+00 2.126612e+00 2.575780e+00 2.042562e+00 2.251227e+00 2.128822e+00 2.330884e+00 1.472194e+00 3.669793e-04
<GCONST> 8.530106e+01
<MIXTURE> 90 7.114505e-03
<MEAN> 25
 2.017825e+00 -8.176666e+00 -4.599062e+00 -2.694309e+00 -3.227855e+00 -1.355190e+00 2.921169e+00 2.371142e+00 -8.612781e+00 -8.592915e+00 -2.502489e+00 -1.057249e-01 -2.594642e-01 7.533824e-01 1.250004e+00 -9.689847e-01 -1.483479e+00 -1.251552e-01 7.536235e-01 -4.996001e-01 -2.402131e-01 8.885729e-01 3.813618e-01 -7.236789e-01 -9.329351e-03
<VARIANCE> 25
 7.511719e+00 2.236822e+01 1.726084e+01 2.884507e+01 3.023639e+01 2.695490e+01 3.527093e+01 3.518550e+01 3.420445e+01 3.288496e+01 2.618479e+01 2.271960e+01 2.836647e-01 6.163967e-01 7.169557e-01 1.106051e+00 1.295851e+00 1.329270e+00 1.674733e+00 1.992413e+00 1.723688e+00 1.473169e+00 1.471560e+00 1.210942e+00 2.166762e-04
<GCONST> 7.736761e+01
<MIXTURE> 91 7.852945e-03
<MEAN> 25
 5.454738e+00 -6.400406e+00 -8.461091e+00 -3.727895e+00 3.384530e+00 2.944176e-01 -3.158270e+00 7.796549e-01 -3.746311e-02 -3.103786e+00 -4.969133e+00 -3.739286e+00 3.213795e-01 1.001138e+00 2.544774e-01 5.005819e-01 -1.627170e-01 -4.783314e-01 -4.708959e-01 -4.645561e-02 -5.795350e-02 5.287255e-01 4.835871e-02 4.212446e-02 -3.374054e-02
<VARIANCE> 25
 1.136226e+01 2.422186e+01 1.694642e+01 4.222472e+01 3.140189e+01 4.612911e+01 5.127649e+01 3.566320e+01 4.976335e+01 5.605070e+01 3.639238e+01 4.470144e+01 4.047433e-01 7.520239e-01 1.109061e+00 1.442417e+00 1.945991e+00 2.027210e+00 2.080463e+00 2.107995e+00 2.009384e+00 2.006645e+00 1.920163e+00 2.064243e+00 5.112148e-04
<GCONST> 8.557896e+01
<MIXTURE> 92 7.852945e-03
<MEAN> 25
 5.454738e+00 -6.400406e+00 -8.461091e+00 -3.727895e+00 3.384530e+00 2.944176e-01 -3.158270e+00 7.796549e-01 -3.746311e-02 -3.103786e+00 -4.969133e+00 -3.739286e+00 3.213795e-01 1.001138e+00 2.544774e-01 5.005819e-01 -1.627170e-01 -4.783314e-01 -4.708959e-01 -4.645561e-02 -5.795350e-02 5.287255e-01 4.835871e-02 4.212446e-02 -3.374054e-02
<VARIANCE> 25
 1.136226e+01 2.422186e+01 1.694642e+01 4.222472e+01 3.140189e+01 4.612911e+01 5.127649e+01 3.566320e+01 4.976335e+01 5.605070e+01 3.639238e+01 4.470144e+01 4.047433e-01 7.520239e-01 1.109061e+00 1.442417e+00 1.945991e+00 2.027210e+00 2.080463e+00 2.107995e+00 2.009384e+00 2.006645e+00 1.920163e+00 2.064243e+00 5.112148e-04
<GCONST> 8.557896e+01
<MIXTURE> 93 6.122769e-03
<MEAN> 25
 -6.824363e+00 -9.616163e-01 -2.401391e+00 5.797812e+00 5.908053e+00 3.922112e+00 6.123244e+00 3.609087e+00 4.119548e+00 2.508095e+00 1.818842e+00 3.704611e+00 -6.169644e-02 -1.544899e-01 -2.575276e-01 -3.316987e-01 -3.337817e-01 -2.843477e-01 -2.176231e-01 -1.741509e-01 -1.665437e-01 -1.507993e-01 -1.043491e-01 -3.503892e-02 -3.681360e-06
<VARIANCE> 25
 9.103401e+00 6.027526e+00 8.187361e+00 1.136733e+01 1.149081e+01 1.598309e+01 1.527445e+01 1.644131e+01 1.475623e+01 1.454900e+01 1.678532e+01 1.345512e+01 8.272664e-02 1.534567e-01 2.638803e-01 3.805174e-01 4.976927e-01 6.423186e-01 7.793891e-01 8.872299e-01 9.166332e-01 8.761172e-01 8.922300e-01 9.193725e-01 1.000335e-06
<GCONST> 5.360641e+01
<MIXTURE> 94 6.122769e-03
<MEAN> 25
 -6.824363e+00 -9.616163e-01 -2.401391e+00 5.797812e+00 5.908053e+00 3.922112e+00 6.123244e+00 3.609087e+00 4.119548e+00 2.508095e+00 1.818842e+00 3.704611e+00 -6.169644e-02 -1.544899e-01 -2.575276e-01 -3.316987e-01 -3.337817e-01 -2.843477e-01 -2.176231e-01 -1.741509e-01 -1.665437e-01 -1.507993e-01 -1.043491e-01 -3.503892e-02 -3.681360e-06
<VARIANCE> 25
 9.103401e+00 6.027526e+00 8.187361e+00 1.136733e+01 1.149081e+01 1.598309e+01 1.527445e+01 1.644131e+01 1.475623e+01 1.454900e+01 1.678532e+01 1.345512e+01 8.272664e-02 1.534567e-01 2.638803e-01 3.805174e-01 4.976927e-01 6.423186e-01 7.793891e-01 8.872299e-01 9.166332e-01 8.761172e-01 8.922300e-01 9.193725e-01 1.000335e-06
<GCONST> 5.360641e+01
<MIXTURE> 95 5.258835e-03
<MEAN> 25
 -5.286846e+00 -8.269365e-01 -1.815832e+00 4.757586e+00 4.300046e+00 2.884677e+00 4.390523e+00 1.965979e+00 2.413662e+00 8.911036e-01 1.419239e+00 1.927218e+00 1.398945e-01 1.369010e-01 4.713133e-02 -9.725934e-02 -4.064520e-01 -7.564229e-01 -9.726931e-01 -1.234019e+00 -1.294335e+00 -1.028345e+00 -6.433800e-01 -2.781765e-01 -3.386986e-04
<VARIANCE> 25
 1.322849e+01 6.279779e+00 1.186682e+01 1.221653e+01 1.333027e+01 1.835442e+01 1.752612e+01 1.703682e+01 1.577732e+01 1.540388e+01 1.981906e+01 1.898909e+01 2.085107e-01 2.795826e-01 4.600902e-01 6.102037e-01 7.665020e-01 8.754387e-01 9.428883e-01 9.032595e-01 9.502394e-01 1.130171e+00 1.085914e+00 1.114011e+00 4.262451e-05
<GCONST> 6.349245e+01
<MIXTURE> 96 7.034694e-03
<MEAN> 25
 -5.067019e+00 -4.633482e-01 -2.236234e+00 5.146088e+00 3.867941e+00 1.789586e+00 3.546913e+00 1.827829e+00 2.469033e+00 9.492255e-01 1.170133e+00 2.825269e+00 -3.052986e-02 9.096518e-02 2.164493e-01 4.042698e-01 5.393463e-01 4.979484e-01 2.429421e-01 -1.234615e-01 -4.611322e-01 -6.510617e-01 -6.091827e-01 -3.640591e-01 -2.688707e-05
<VARIANCE> 25
 1.119769e+01 9.707379e+00 1.285401e+01 1.430821e+01 1.496550e+01 1.945031e+01 1.801941e+01 1.937074e+01 1.800506e+01 1.654860e+01 1.982768e+01 1.451663e+01 1.201745e-01 2.199879e-01 3.179740e-01 3.968830e-01 4.928671e-01 6.591390e-01 8.670218e-01 9.950968e-01 9.545996e-01 8.609951e-01 8.835183e-01 9.402847e-01 1.028531e-06
<GCONST> 5.759440e+01
<MIXTURE> 97 7.034694e-03
<MEAN> 25
 -5.067019e+00 -4.633482e-01 -2.236234e+00 5.146088e+00 3.867941e+00 1.789586e+00 3.546913e+00 1.827829e+00 2.469033e+00 9.492255e-01 1.170133e+00 2.825269e+00 -3.052986e-02 9.096518e-02 2.164493e-01 4.042698e-01 5.393463e-01 4.979484e-01 2.429421e-01 -1.234615e-01 -4.611322e-01 -6.510617e-01 -6.091827e-01 -3.640591e-01 -2.688707e-05
<VARIANCE> 25
 1.119769e+01 9.707379e+00 1.285401e+01 1.430821e+01 1.496550e+01 1.945031e+01 1.801941e+01 1.937074e+01 1.800506e+01 1.654860e+01 1.982768e+01 1.451663e+01 1.201745e-01 2.199879e-01 3.179740e-01 3.968830e-01 4.928671e-01 6.591390e-01 8.670218e-01 9.950968e-01 9.545996e-01 8.609951e-01 8.835183e-01 9.402847e-01 1.028531e-06
<GCONST> 5.759440e+01
<MIXTURE> 98 9.917808e-03
<MEAN> 25
 -8.085831e-01 5.549312e-01 -1.022509e-01 4.067779e+00 4.165320e+00 1.635371e+00 2.832577e+00 1.432640e+00 1.683548e+00 9.177251e-01 6.056360e-01 2.378166e-01 -1.541659e+00 -1.387728e+00 -9.368863e-01 1.800190e-01 7.257484e-01 7.243009e-01 1.460546e+00 1.417972e+00 1.553184e+00 1.189283e+00 1.000674e+00 8.875014e-01 -2.842771e-02
<VARIANCE> 25
 1.233330e+01 1.791750e+01 2.553499e+01 2.966133e+01 3.418528e+01 3.766327e+01 2.879074e+01 2.557159e+01 2.350778e+01 2.616861e+01 2.597939e+01 2.214555e+01 1.290595e+00 1.208312e+00 2.321712e+00 1.953162e+00 2.324921e+00 3.405765e+00 3.101537e+00 2.505962e+00 2.440943e+00 2.620156e+00 3.193426e+00 2.243085e+00 2.743324e-03
<GCONST> 8.851555e+01
<MIXTURE> 99 6.696178e-03
<MEAN> 25
 -6.419194e+00 9.926440e+00 6.713884e+00 3.466298e+00 9.320386e-01 -5.302503e+00 -1.707809e+00 -4.132719e+00 -3.480743e+00 -3.741710e+00 -1.575744e+00 3.567707e-01 5.827112e-01 -7.312070e-01 3.440503e-01 -3.845134e-01 -1.129861e+00 -5.167245e-01 -3.187015e-01 -2.564243e-01 -1.067151e-01 -3.936161e-02 2.552833e-01 1.601861e-01 9.598142e-03
<VARIANCE> 25
 3.768995e+01 2.575662e+01 4.739732e+01 3.151932e+01 3.635560e+01 3.543796e+01 2.851095e+01 2.928253e+01 2.660156e+01 2.772807e+01 2.063063e+01 2.904768e+01 2.185168e+00 1.909025e+00 1.483779e+00 1.739460e+00 2.665248e+00 2.090130e+00 1.616696e+00 1.641439e+00 1.560488e+00 1.580676e+00 1.321856e+00 1.284261e+00 1.621353e-03
<GCONST> 8.709925e+01
<MIXTURE> 100 4.498084e-03
<MEAN> 25
 -1.820831e+00 6.495979e+00 9.573847e+00 -8.175014e+00 -1.041134e+01 -5.171062e+00 -5.256188e+00 -1.018116e+01 -3.384912e+00 -1.389778e+00 -2.565824e+00 -2.452199e+00 2.864679e+00 -1.237823e+00 1.373579e+00 -2.337556e+00 -3.495885e+00 -7.035276e-01 -1.263790e+00 -8.713810e-01 -9.506443e-01 3.156001e-01 -1.686818e+00 -1.212085e-01 2.859636e-03
<VARIANCE> 25
 1.207502e+01 1.878021e+01 2.233443e+01 2.684863e+01 2.221749e+01 2.079946e+01 2.985267e+01 2.216225e+01 3.491028e+01 2.654072e+01 2.120235e+01 2.067289e+01 1.575840e+00 3.553503e+00 2.561829e+00 3.870298e+00 3.915597e+00 3.989895e+00 3.704689e+00 4.157702e+00 5.201756e+00 3.463475e+00 3.447165e+00 2.988234e+00 1.467379e-03
<GCONST> 9.151138e+01
<MIXTURE> 101 6.007792e-03
<MEAN> 25
 8.074122e+00 -3.473613e+00 -6.315500e+00 -6.824285e+00 8.437827e-01 -1.243570e+00 -1.058924e+01 -2.051742e+00 1.614597e+00 2.691308e+00 -2.394388e+00 -5.127237e+00 6.732632e-01 6.506741e-01 -1.449567e+00 -1.607955e+00 1.027533e+00 2.310398e+00 1.952394e-01 -1.454544e+00 -1.064049e+00 1.036618e+00 1.375256e+00 -4.207229e-01 -4.906431e-03
<VARIANCE> 25
 9.377986e+00 1.672085e+01 2.975687e+01 4.317732e+01 3.611163e+01 3.576752e+01 3.691793e+01 3.613117e+01 3.777563e+01 4.399150e+01 5.162245e+01 2.422429e+01 2.927971e-01 6.673467e-01 1.185400e+00 1.548814e+00 1.688992e+00 2.109362e+00 2.080681e+00 1.996821e+00 2.341656e+00 2.209740e+00 1.781723e+00 1.937833e+00 3.471167e-04
<GCONST> 8.365347e+01
<MIXTURE> 102 6.007792e-03
<MEAN> 25
 8.074122e+00 -3.473613e+00 -6.315500e+00 -6.824285e+00 8.437827e-01 -1.243570e+00 -1.058924e+01 -2.051742e+00 1.614597e+00 2.691308e+00 -2.394388e+00 -5.127237e+00 6.732632e-01 6.506741e-01 -1.449567e+00 -1.607955e+00 1.027533e+00 2.310398e+00 1.952394e-01 -1.454544e+00 -1.064049e+00 1.036618e+00 1.375256e+00 -4.207229e-01 -4.906431e-03
<VARIANCE> 25
 9.377986e+00 1.672085e+01 2.975687e+01 4.317732e+01 3.611163e+01 3.576752e+01 3.691793e+01 3.613117e+01 3.777563e+01 4.399150e+01 5.162245e+01 2.422429e+01 2.927971e-01 6.673467e-01 1.185400e+00 1.548814e+00 1.688992e+00 2.109362e+00 2.080681e+00 1.996821e+00 2.341656e+00 2.209740e+00 1.781723e+00 1.937833e+00 3.471167e-04
<GCONST> 8.365347e+01
<MIXTURE> 103 5.694618e-03
<MEAN> 25
 2.781253e+00 -7.710709e+00 -6.231830e+00 -2.277602e+00 -9.316804e-01 -1.287871e+00 6.180273e-01 2.583350e+00 -4.963973e+00 -8.646573e+00 -5.228281e+00 1.721900e+00 -1.431798e-01 -1.194905e+00 -1.192777e+00 2.559744e-01 9.276792e-01 1.150526e+00 -7.503584e-02 7.024589e-02 -1.199568e+00 -8.041672e-01 -6.619363e-02 1.237653e-01 2.670270e-02
<VARIANCE> 25
 8.906907e+00 2.315865e+01 1.946714e+01 2.789629e+01 3.816657e+01 2.912913e+01 4.704896e+01 3.524031e+01 3.572406e+01 2.786609e+01 2.584401e+01 2.728938e+01 5.982894e-01 1.230409e+00 1.705512e+00 1.859269e+00 2.627520e+00 2.184844e+00 3.235394e+00 2.568482e+00 2.718515e+00 2.486738e+00 2.025676e+00 1.629179e+00 6.511799e-04
<GCONST> 8.594331e+01
<MIXTURE> 104 5.694618e-03
<MEAN> 25
 2.781253e+00 -7.710709e+00 -6.231830e+00 -2.277602e+00 -9.316804e-01 -1.287871e+00 6.180273e-01 2.583350e+00 -4.963973e+00 -8.646573e+00 -5.228281e+00 1.721900e+00 -1.431798e-01 -1.194905e+00 -1.192777e+00 2.559744e-01 9.276792e-01 1.150526e+00 -7.503584e-02 7.024589e-02 -1.199568e+00 -8.041672e-01 -6.619363e-02 1.237653e-01 2.670270e-02
<VARIANCE> 25
 8.906907e+00 2.315865e+01 1.946714e+01 2.789629e+01 3.816657e+01 2.912913e+01 4.704896e+01 3.524031e+01 3.572406e+01 2.786609e+01 2.584401e+01 2.728938e+01 5.982894e-01 1.230409e+00 1.705512e+00 1.859269e+00 2.627520e+00 2.184844e+00 3.235394e+00 2.568482e+00 2.718515e+00 2.486738e+00 2.025676e+00 1.629179e+00 6.511799e-04
<GCONST> 8.594331e+01
<MIXTURE> 105 4.710235e-03
<MEAN> 25
 2.318947e+00 -1.454818e+00 9.031313e+00 -2.604941e+00 -1.126959e+01 -4.941518e+00 -4.291357e+00 -8.051477e-01 -3.789258e+00 -3.101636e+00 1.533232e+00 -1.162626e+00 1.490523e-02 3.796693e-02 5.416022e-02 -6.067051e-02 1.357334e-03 4.647469e-02 1.490623e-03 5.298957e-02 -3.635202e-02 3.796260e-02 2.925772e-02 -3.493933e-02 -2.070062e-03
<VARIANCE> 25
 1.329490e+01 2.793852e+01 4.166134e+01 4.399051e+01 4.093101e+01 5.276760e+01 4.069244e+01 4.240466e+01 3.888902e+01 4.133559e+01 4.111620e+01 2.997866e+01 8.839674e-02 1.848652e-01 3.405581e-01 2.921311e-01 3.656341e-01 4.220634e-01 4.679890e-01 4.878854e-01 4.859397e-01 4.401450e-01 4.207818e-01 3.922995e-01 8.754597e-05
<GCONST> 6.655376e+01
<MIXTURE> 106 4.710235e-03
<MEAN> 25
 2.318947e+00 -1.454818e+00 9.031313e+00 -2.604941e+00 -1.126959e+01 -4.941518e+00 -4.291357e+00 -8.051477e-01 -3.789258e+00 -3.101636e+00 1.533232e+00 -1.162626e+00 1.490523e-02 3.796693e-02 5.416022e-02 -6.067051e-02 1.357334e-03 4.647469e-02 1.490623e-03 5.298957e-02 -3.635202e-02 3.796260e-02 2.925772e-02 -3.493933e-02 -2.070062e-03
<VARIANCE> 25
 1.329490e+01 2.793852e+01 4.166134e+01 4.399051e+01 4.093101e+01 5.276760e+01 4.069244e+01 4.240466e+01 3.888902e+01 4.133559e+01 4.111620e+01 2.997866e+01 8.839674e-02 1.848652e-01 3.405581e-01 2.921311e-01 3.656341e-01 4.220634e-01 4.679890e-01 4.878854e-01 4.859397e-01 4.401450e-01 4.207818e-01 3.922995e-01 8.754597e-05
<GCONST> 6.655376e+01
<MIXTURE> 107 5.452374e-03
<MEAN> 25
 8.557593e+00 -2.087174e+00 -7.675456e+00 -9.182775e+00 1.929816e+00 2.830384e+00 -8.502780e+00 -4.375804e+00 -8.314726e-01 3.187050e+00 8.798669e-01 -5.080411e+00 -6.480321e-01 -7.651283e-01 7.750351e-01 1.770357e+00 2.848509e-01 -2.062390e+00 -8.517202e-01 7.870441e-01 1.795529e+00 7.803424e-02 -1.694863e+00 -7.766869e-01 -7.721760e-04
<VARIANCE> 25
 9.034122e+00 2.073392e+01 3.015015e+01 4.420067e+01 3.431321e+01 3.730233e+01 4.951159e+01 3.548583e+01 4.400578e+01 4.090019e+01 4.927719e+01 2.912697e+01 3.739445e-01 9.291169e-01 1.484327e+00 2.317785e+00 2.269916e+00 2.761955e+00 2.614853e+00 2.520429e+00 2.225609e+00 2.925922e+00 1.896247e+00 2.160702e+00 6.968938e-04
<GCONST> 8.767993e+01
<MIXTURE> 108 5.452374e-03
<MEAN> 25
 8.557593e+00 -2.087174e+00 -7.675456e+00 -9.182775e+00 1.929816e+00 2.830384e+00 -8.502780e+00 -4.375804e+00 -8.314726e-01 3.187050e+00 8.798669e-01 -5.080411e+00 -6.480321e-01 -7.651283e-01 7.750351e-01 1.770357e+00 2.848509e-01 -2.062390e+00 -8.517202e-01 7.870441e-01 1.795529e+00 7.803424e-02 -1.694863e+00 -7.766869e-01 -7.721760e-04
<VARIANCE> 25
 9.034122e+00 2.073392e+01 3.015015e+01 4.420067e+01 3.431321e+01 3.730233e+01 4.951159e+01 3.548583e+01 4.400578e+01 4.090019e+01 4.927719e+01 2.912697e+01 3.739445e-01 9.291169e-01 1.484327e+00 2.317785e+00 2.269916e+00 2.761955e+00 2.614853e+00 2.520429e+00 2.225609e+00 2.925922e+00 1.896247e+00 2.160702e+00 6.968938e-04
<GCONST> 8.767993e+01
<MIXTURE> 109 6.661064e-03
<MEAN> 25
 3.331772e+00 -8.615601e+00 -8.585964e+00 -8.446074e-01 3.158670e+00 5.205094e-01 -2.522242e+00 2.762902e+00 -4.413211e+00 -6.649824e+00 -5.271263e+00 2.787545e-01 -2.411480e-02 -8.693678e-02 -7.946040e-02 1.372251e-01 2.008618e-01 -3.696261e-02 -1.835087e-01 -5.036079e-02 -1.216251e-01 -5.682026e-02 1.592435e-01 -1.792818e-01 -1.792221e-03
<VARIANCE> 25
 8.356258e+00 2.243298e+01 1.692558e+01 2.564262e+01 3.175476e+01 3.159971e+01 5.286550e+01 3.346374e+01 4.626127e+01 3.888462e+01 2.419900e+01 2.783901e+01 1.675801e-01 3.900880e-01 4.968286e-01 7.289743e-01 1.107792e+00 1.151976e+00 1.081597e+00 1.015188e+00 1.040135e+00 8.369226e-01 9.333988e-01 1.066036e+00 1.871570e-04
<GCONST> 7.351746e+01
<MIXTURE> 110 6.661064e-03
<MEAN> 25
 3.331772e+00 -8.615601e+00 -8.585964e+00 -8.446074e-01 3.158670e+00 5.205094e-01 -2.522242e+00 2.762902e+00 -4.413211e+00 -6.649824e+00 -5.271263e+00 2.787545e-01 -2.411480e-02 -8.693678e-02 -7.946040e-02 1.372251e-01 2.008618e-01 -3.696261e-02 -1.835087e-01 -5.036079e-02 -1.216251e-01 -5.682026e-02 1.592435e-01 -1.792818e-01 -1.792221e-03
<VARIANCE> 25
 8.356258e+00 2.243298e+01 1.692558e+01 2.564262e+01 3.175476e+01 3.159971e+01 5.286550e+01 3.346374e+01 4.626127e+01 3.888462e+01 2.419900e+01 2.783901e+01 1.675801e-01 3.900880e-01 4.968286e-01 7.289743e-01 1.107792e+00 1.151976e+00 1.081597e+00 1.015188e+00 1.040135e+00 8.369226e-01 9.333988e-01 1.066036e+00 1.871570e-04
<GCONST> 7.351746e+01
<MIXTURE> 111 4.337247e-03
<MEAN> 25
 -4.343465e+00 -9.501792e-01 -1.733951e+00 1.648518e+00 1.050071e+00 9.817903e-01 2.630547e-01 2.916589e-01 7.833204e-02 -6.250079e-01 -6.172128e-01 1.970349e+00 -2.346037e-02 -3.179580e-02 -7.583038e-02 -6.720935e-02 -3.876242e-02 1.225061e-02 4.648056e-03 -4.881624e-02 -1.443775e-01 -2.067099e-01 -1.657688e-01 -1.153724e-01 -2.824157e-04
<VARIANCE> 25
 7.652463e+00 5.024879e+00 1.016438e+01 9.452382e+00 1.318046e+01 2.388445e+01 1.483000e+01 1.321780e+01 1.215022e+01 1.250367e+01 1.355349e+01 1.193866e+01 7.835646e-02 1.615648e-01 2.723711e-01 4.313928e-01 5.614568e-01 6.936315e-01 7.923719e-01 8.549232e-01 8.872275e-01 8.436505e-01 8.961191e-01 8.535817e-01 2.302779e-05
<GCONST> 5.622185e+01
<MIXTURE> 112 4.337247e-03
<MEAN> 25
 -4.343465e+00 -9.501792e-01 -1.733951e+00 1.648518e+00 1.050071e+00 9.817903e-01 2.630547e-01 2.916589e-01 7.833204e-02 -6.250079e-01 -6.172128e-01 1.970349e+00 -2.346037e-02 -3.179580e-02 -7.583038e-02 -6.720935e-02 -3.876242e-02 1.225061e-02 4.648056e-03 -4.881624e-02 -1.443775e-01 -2.067099e-01 -1.657688e-01 -1.153724e-01 -2.824157e-04
<VARIANCE> 25
 7.652463e+00 5.024879e+00 1.016438e+01 9.452382e+00 1.318046e+01 2.388445e+01 1.483000e+01 1.321780e+01 1.215022e+01 1.250367e+01 1.355349e+01 1.193866e+01 7.835646e-02 1.615648e-01 2.723711e-01 4.313928e-01 5.614568e-01 6.936315e-01 7.923719e-01 8.549232e-01 8.872275e-01 8.436505e-01 8.961191e-01 8.535817e-01 2.302779e-05
<GCONST> 5.622185e+01
<MIXTURE> 113 5.938666e-03
<MEAN> 25
 9.960575e+00 1.747348e+00 -8.780640e+00 -1.700893e+01 -1.019010e+00 5.649299e+00 -5.295885e+00 -1.446950e+00 -5.705608e+00 -4.872171e-01 2.887029e-01 -2.021910e-01 5.182441e-03 1.438187e-02 -5.858416e-02 -1.148585e-01 1.047044e-01 1.506156e-01 5.933540e-02 3.575406e-02 -5.623708e-02 -5.061419e-02 1.786192e-01 3.568091e-02 -1.403619e-03
<VARIANCE> 25
 8.998187e+00 1.638481e+01 2.965994e+01 3.479520e+01 5.273019e+01 3.385558e+01 3.972711e+01 3.925912e+01 3.737409e+01 4.632847e+01 3.630676e+01 2.840287e+01 1.216907e-01 3.203290e-01 3.161835e-01 6.312611e-01 6.122938e-01 6.533762e-01 7.754313e-01 8.443859e-01 9.588308e-01 9.040456e-01 7.243368e-01 7.140338e-01 1.246489e-04
<GCONST> 7.112630e+01
<MIXTURE> 114 5.938666e-03
<MEAN> 25
 9.960575e+00 1.747348e+00 -8.780640e+00 -1.700893e+01 -1.019010e+00 5.649299e+00 -5.295885e+00 -1.446950e+00 -5.705608e+00 -4.872171e-01 2.887029e-01 -2.021910e-01 5.182441e-03 1.438187e-02 -5.858416e-02 -1.148585e-01 1.047044e-01 1.506156e-01 5.933540e-02 3.575406e-02 -5.623708e-02 -5.061419e-02 1.786192e-01 3.568091e-02 -1.403619e-03
<VARIANCE> 25
 8.998187e+00 1.638481e+01 2.965994e+01 3.479520e+01 5.273019e+01 3.385558e+01 3.972711e+01 3.925912e+01 3.737409e+01 4.632847e+01 3.630676e+01 2.840287e+01 1.216907e-01 3.203290e-01 3.161835e-01 6.312611e-01 6.122938e-01 6.533762e-01 7.754313e-01 8.443859e-01 9.588308e-01 9.040456e-01 7.243368e-01 7.140338e-01 1.246489e-04
<GCONST> 7.112630e+01
<MIXTURE> 115 2.935202e-03
<MEAN> 25
 -4.025893e+00 -7.548614e-01 -3.102602e+00 3.657407e+00 2.415510e+00 -4.279396e-01 2.236506e+00 4.156960e-01 1.389605e+00 -2.513571e-02 4.451535e-02 2.681288e+00 3.117353e-02 -7.289280e-02 -2.318061e-01 -4.386461e-01 -6.333167e-01 -6.691098e-01 -5.907575e-01 -5.084083e-01 -4.852515e-01 -4.572742e-01 -3.429950e-01 -1.616444e-01 -1.800076e-06
<VARIANCE> 25
 9.286294e+00 9.878892e+00 1.354679e+01 1.269180e+01 1.347782e+01 1.754242e+01 1.707669e+01 2.079528e+01 1.791690e+01 1.722388e+01 1.919295e+01 1.468967e+01 2.037356e-01 3.460405e-01 4.862804e-01 5.610963e-01 6.335391e-01 7.985570e-01 1.008828e+00 1.130728e+00 1.075927e+00 9.938019e-01 1.025024e+00 1.074568e+00 1.001585e-06
<GCONST> 6.017377e+01
<MIXTURE> 116 2.935202e-03
<MEAN> 25
 -4.025893e+00 -7.548614e-01 -3.102602e+00 3.657407e+00 2.415510e+00 -4.279396e-01 2.236506e+00 4.156960e-01 1.389605e+00 -2.513571e-02 4.451535e-02 2.681288e+00 3.117353e-02 -7.289280e-02 -2.318061e-01 -4.386461e-01 -6.333167e-01 -6.691098e-01 -5.907575e-01 -5.084083e-01 -4.852515e-01 -4.572742e-01 -3.429950e-01 -1.616444e-01 -1.800076e-06
<VARIANCE> 25
 9.286294e+00 9.878892e+00 1.354679e+01 1.269180e+01 1.347782e+01 1.754242e+01 1.707669e+01 2.079528e+01 1.791690e+01 1.722388e+01 1.919295e+01 1.468967e+01 2.037356e-01 3.460405e-01 4.862804e-01 5.610963e-01 6.335391e-01 7.985570e-01 1.008828e+00 1.130728e+00 1.075927e+00 9.938019e-01 1.025024e+00 1.074568e+00 1.001585e-06
<GCONST> 6.017377e+01
<MIXTURE> 117 6.506003e-03
<MEAN> 25
 -4.642929e+00 1.116614e+00 1.054694e+00 9.756841e+00 6.260111e+00 6.256253e+00 6.463703e+00 5.044948e+00 6.386398e+00 4.928190e+00 6.366829e+00 2.708329e+00 -7.505606e-02 -2.340664e-01 -3.582314e-01 -4.197100e-01 -3.674699e-01 -3.027233e-01 -2.870632e-01 -3.312346e-01 -3.916051e-01 -3.689128e-01 -2.631149e-01 -1.158106e-01 -9.396948e-06
<VARIANCE> 25
 7.194865e+00 8.755431e+00 9.806808e+00 1.431322e+01 1.561387e+01 1.535081e+01 1.772574e+01 1.795841e+01 1.640542e+01 1.637711e+01 1.673667e+01 1.475809e+01 2.165568e-01 3.075580e-01 4.263279e-01 6.172757e-01 8.534572e-01 1.055165e+00 1.177482e+00 1.232734e+00 1.223800e+00 1.194667e+00 1.166948e+00 1.114521e+00 1.001126e-06
<GCONST> 6.043164e+01
<MIXTURE> 118 6.506003e-03
<MEAN> 25
 -4.642929e+00 1.116614e+00 1.054694e+00 9.756841e+00 6.260111e+00 6.256253e+00 6.463703e+00 5.044948e+00 6.386398e+00 4.928190e+00 6.366829e+00 2.708329e+00 -7.505606e-02 -2.340664e-01 -3.582314e-01 -4.197100e-01 -3.674699e-01 -3.027233e-01 -2.870632e-01 -3.312346e-01 -3.916051e-01 -3.689128e-01 -2.631149e-01 -1.158106e-01 -9.396948e-06
<VARIANCE> 25
 7.194865e+00 8.755431e+00 9.806808e+00 1.431322e+01 1.561387e+01 1.535081e+01 1.772574e+01 1.795841e+01 1.640542e+01 1.637711e+01 1.673667e+01 1.475809e+01 2.165568e-01 3.075580e-01 4.263279e-01 6.172757e-01 8.534572e-01 1.055165e+00 1.177482e+00 1.232734e+00 1.223800e+00 1.194667e+00 1.166948e+00 1.114521e+00 1.001126e-06
<GCONST> 6.043164e+01
<MIXTURE> 119 4.297961e-03
<MEAN> 25
 -4.649111e+00 -7.487148e+00 2.099945e+00 2.060199e+00 2.428804e+00 4.753970e-01 5.292420e+00 5.969821e+00 1.412206e+00 8.653043e-01 6.539507e+00 1.379693e+00 -3.420269e-02 -8.312912e-02 2.024393e-02 -6.137020e-02 -1.108831e-01 -1.644405e-01 -7.473166e-02 -3.630700e-03 -1.058901e-01 -1.108422e-01 -6.816527e-02 -8.390581e-02 1.288189e-03
<VARIANCE> 25
 1.017101e+01 9.901837e+00 1.626672e+01 1.932936e+01 2.264793e+01 2.391456e+01 2.423353e+01 2.545831e+01 2.554791e+01 2.718714e+01 1.988332e+01 2.096436e+01 1.680385e-01 2.834463e-01 4.579791e-01 6.164159e-01 7.952083e-01 1.031168e+00 1.083315e+00 1.244234e+00 1.351652e+00 1.231136e+00 1.174986e+00 1.138161e+00 2.284715e-04
<GCONST> 6.981215e+01
<MIXTURE> 120 4.297961e-03
<MEAN> 25
 -4.649111e+00 -7.487148e+00 2.099945e+00 2.060199e+00 2.428804e+00 4.753970e-01 5.292420e+00 5.969821e+00 1.412206e+00 8.653043e-01 6.539507e+00 1.379693e+00 -3.420269e-02 -8.312912e-02 2.024393e-02 -6.137020e-02 -1.108831e-01 -1.644405e-01 -7.473166e-02 -3.630700e-03 -1.058901e-01 -1.108422e-01 -6.816527e-02 -8.390581e-02 1.288189e-03
<VARIANCE> 25
 1.017101e+01 9.901837e+00 1.626672e+01 1.932936e+01 2.264793e+01 2.391456e+01 2.423353e+01 2.545831e+01 2.554791e+01 2.718714e+01 1.988332e+01 2.096436e+01 1.680385e-01 2.834463e-01 4.579791e-01 6.164159e-01 7.952083e-01 1.031168e+00 1.083315e+00 1.244234e+00 1.351652e+00 1.231136e+00 1.174986e+00 1.138161e+00 2.284715e-04
<GCONST> 6.981215e+01
<MIXTURE> 121 4.567511e-03
<MEAN> 25
 -1.231236e-02 -1.978207e+00 5.384363e+00 -1.224806e+01 -1.241728e+01 -1.586203e+00 1.533093e+00 -5.831491e+00 -2.600673e+00 3.556996e-01 -4.635827e+00 -3.880228e+00 9.145635e-04 1.264828e-01 -1.007408e-01 2.681641e-01 1.941952e-01 1.036611e-01 -1.442393e-01 -4.877889e-01 -1.722946e-01 -5.056010e-01 -1.833016e-01 1.343451e-01 -7.974406e-03
<VARIANCE> 25
 7.023995e+00 1.507306e+01 1.512939e+01 1.987609e+01 2.158594e+01 2.629281e+01 2.737366e+01 2.559152e+01 4.402639e+01 2.855917e+01 2.129762e+01 1.976465e+01 1.503534e-01 6.544437e-01 7.020026e-01 8.666676e-01 7.778410e-01 1.048894e+00 1.318601e+00 1.459566e+00 1.341657e+00 1.565311e+00 8.696455e-01 9.086539e-01 1.951995e-04
<GCONST> 7.198834e+01
<MIXTURE> 122 4.567511e-03
<MEAN> 25
 -1.231236e-02 -1.978207e+00 5.384363e+00 -1.224806e+01 -1.241728e+01 -1.586203e+00 1.533093e+00 -5.831491e+00 -2.600673e+00 3.556996e-01 -4.635827e+00 -3.880228e+00 9.145635e-04 1.264828e-01 -1.007408e-01 2.681641e-01 1.941952e-01 1.036611e-01 -1.442393e-01 -4.877889e-01 -1.722946e-01 -5.056010e-01 -1.833016e-01 1.343451e-01 -7.974406e-03
<VARIANCE> 25
 7.023995e+00 1.507306e+01 1.512939e+01 1.987609e+01 2.158594e+01 2.629281e+01 2.737366e+01 2.559152e+01 4.402639e+01 2.855917e+01 2.129762e+01 1.976465e+01 1.503534e-01 6.544437e-01 7.020026e-01 8.666676e-01 7.778410e-01 1.048894e+00 1.318601e+00 1.459566e+00 1.341657e+00 1.565311e+00 8.696455e-01 9.086539e-01 1.951995e-04
<GCONST> 7.198834e+01
<MIXTURE> 123 4.393044e-03
<MEAN> 25
 -3.408396e+00 4.626527e-01 2.102403e-01 5.765738e+00 5.221055e+00 2.889599e+00 3.309640e+00 8.541917e-01 7.740167e-01 -8.198615e-01 4.271968e-01 3.818148e-01 -4.552309e-01 -7.588738e-01 -8.725924e-01 -6.077534e-01 -2.379473e-01 1.358074e-01 3.693816e-01 6.669421e-01 8.031276e-01 5.911849e-01 6.685385e-01 7.029641e-01 -2.522248e-03
<VARIANCE> 25
 1.289219e+01 1.016462e+01 1.394807e+01 1.608718e+01 1.896108e+01 2.849255e+01 2.050589e+01 1.744879e+01 1.833301e+01 1.724036e+01 2.254889e+01 1.897213e+01 3.310924e-01 3.301689e-01 4.698328e-01 6.523800e-01 8.861117e-01 1.084756e+00 1.131805e+00 1.056898e+00 1.072479e+00 1.267268e+00 1.100651e+00 1.519631e+00 9.802514e-05
<GCONST> 6.855693e+01
<MIXTURE> 124 4.069876e-03
<MEAN> 25
 -6.136834e+00 -1.266941e+00 -2.801195e+00 4.900452e+00 4.989810e+00 3.363053e+00 5.368594e+00 2.651061e+00 3.320056e+00 1.213296e+00 1.268432e+00 2.763773e+00 -2.157637e-01 -3.228883e-01 -3.581587e-01 -2.174008e-01 1.251136e-01 5.651476e-01 8.088374e-01 8.618943e-01 6.748585e-01 3.094161e-01 7.433169e-02 1.489585e-02 -1.937544e-04
<VARIANCE> 25
 1.368440e+01 6.742693e+00 1.094254e+01 1.269749e+01 1.155803e+01 1.984752e+01 1.527164e+01 1.657711e+01 1.515893e+01 1.566407e+01 1.943532e+01 1.542289e+01 1.036394e-01 1.668086e-01 2.717742e-01 4.054267e-01 5.775778e-01 7.405336e-01 7.272317e-01 7.951772e-01 8.890685e-01 9.500825e-01 9.715368e-01 1.069135e+00 2.245781e-05
<GCONST> 5.905306e+01
<MIXTURE> 125 4.069876e-03
<MEAN> 25
 -6.136834e+00 -1.266941e+00 -2.801195e+00 4.900452e+00 4.989810e+00 3.363053e+00 5.368594e+00 2.651061e+00 3.320056e+00 1.213296e+00 1.268432e+00 2.763773e+00 -2.157637e-01 -3.228883e-01 -3.581587e-01 -2.174008e-01 1.251136e-01 5.651476e-01 8.088374e-01 8.618943e-01 6.748585e-01 3.094161e-01 7.433169e-02 1.489585e-02 -1.937544e-04
<VARIANCE> 25
 1.368440e+01 6.742693e+00 1.094254e+01 1.269749e+01 1.155803e+01 1.984752e+01 1.527164e+01 1.657711e+01 1.515893e+01 1.566407e+01 1.943532e+01 1.542289e+01 1.036394e-01 1.668086e-01 2.717742e-01 4.054267e-01 5.775778e-01 7.405336e-01 7.272317e-01 7.951772e-01 8.890685e-01 9.500825e-01 9.715368e-01 1.069135e+00 2.245781e-05
<GCONST> 5.905306e+01
<MIXTURE> 126 2.402244e-03
<MEAN> 25
 -3.550922e+00 -6.720551e+00 -5.302307e+00 2.272860e+00 4.244115e+00 -3.076229e+00 -1.182649e-01 3.573147e+00 2.991084e+00 -2.759240e+00 -1.482653e+00 3.072563e+00 4.510238e-03 7.113624e-03 -5.363422e-02 -1.439162e-01 -3.185098e-01 -3.959702e-01 -2.722001e-01 -1.292547e-01 -1.159859e-01 -1.001800e-01 -7.559238e-02 -4.915742e-02 -1.559798e-03
<VARIANCE> 25
 8.185804e+00 1.302167e+01 1.363796e+01 1.473395e+01 2.367184e+01 2.439824e+01 2.363817e+01 2.766830e+01 3.493708e+01 2.633969e+01 2.130458e+01 1.913033e+01 1.691394e-01 3.504227e-01 4.783984e-01 5.984203e-01 7.587923e-01 9.978548e-01 1.102120e+00 1.252840e+00 1.315704e+00 1.277002e+00 1.221965e+00 1.167496e+00 2.126583e-04
<GCONST> 6.998219e+01
<MIXTURE> 127 2.402244e-03
<MEAN> 25
 -3.550922e+00 -6.720551e+00 -5.302307e+00 2.272860e+00 4.244115e+00 -3.076229e+00 -1.182649e-01 3.573147e+00 2.991084e+00 -2.759240e+00 -1.482653e+00 3.072563e+00 4.510238e-03 7.113624e-03 -5.363422e-02 -1.439162e-01 -3.185098e-01 -3.959702e-01 -2.722001e-01 -1.292547e-01 -1.159859e-01 -1.001800e-01 -7.559238e-02 -4.915742e-02 -1.559798e-03
<VARIANCE> 25
 8.185804e+00 1.302167e+01 1.363796e+01 1.473395e+01 2.367184e+01 2.439824e+01 2.363817e+01 2.766830e+01 3.493708e+01 2.633969e+01 2.130458e+01 1.913033e+01 1.691394e-01 3.504227e-01 4.783984e-01 5.984203e-01 7.587923e-01 9.978548e-01 1.102120e+00 1.252840e+00 1.315704e+00 1.277002e+00 1.221965e+00 1.167496e+00 2.126583e-04
<GCONST> 6.998219e+01
<MIXTURE> 128 3.790457e-03
<MEAN> 25
 -3.930991e+00 1.540915e+00 -3.396240e-01 6.573497e+00 3.620112e+00 1.857728e+00 3.578106e+00 2.371116e+00 3.962874e+00 3.698322e+00 3.770727e+00 3.524926e+00 -3.958399e-01 -1.972262e-01 9.823418e-02 7.265452e-01 1.184287e+00 1.135425e+00 7.175561e-01 1.310774e-01 -4.389292e-01 -7.881373e-01 -7.023209e-01 -3.932252e-01 -3.629162e-05
<VARIANCE> 25
 1.021440e+01 1.170049e+01 1.498807e+01 1.931924e+01 2.004839e+01 2.117608e+01 2.430192e+01 2.467062e+01 2.641040e+01 2.388939e+01 2.679981e+01 1.820710e+01 8.927069e-01 1.146408e+00 1.366195e+00 1.502733e+00 1.580907e+00 1.862585e+00 2.249916e+00 2.325155e+00 2.147602e+00 1.857123e+00 1.744066e+00 1.749853e+00 1.000552e-06
<GCONST> 7.364456e+01
<TRANSP> 3
 0.000000e+00 1.000000e+00 0.000000e+00
 0.000000e+00 9.999990e-01 9.999998e-07
 0.000000e+00 0.000000e+00 0.000000e+00
<ENDHMM>
