~o
<STREAMINFO> 1 25
<VECSIZE> 25<NULLD><MFCC_E_D_N><DIAGC>
~h "jmodel"
<BEGINHMM>
<NUMSTATES> 3
<STATE> 2
<NUMMIXES> 128
<MIXTURE> 1 5.748963e-03
<MEAN> 25
 -2.536231e+00 3.189154e+00 2.300055e+00 8.692929e+00 4.301617e+00 3.435057e+00 4.060061e+00 3.928703e+00 5.787090e+00 5.185873e+00 5.859323e+00 3.048584e+00 -1.975569e+00 -1.622730e+00 -8.562844e-01 1.080399e+00 1.575165e+00 2.221177e+00 2.149783e+00 2.086873e+00 1.698592e+00 1.261189e+00 1.526130e+00 5.954345e-01 -4.663246e-02
<VARIANCE> 25
 1.016138e+01 1.164206e+01 1.479432e+01 1.882258e+01 2.337404e+01 2.192807e+01 2.166270e+01 2.174288e+01 2.094683e+01 2.268946e+01 2.077594e+01 1.698633e+01 1.845182e+00 2.101473e+00 2.999940e+00 3.176941e+00 3.718940e+00 3.331564e+00 3.284541e+00 3.343580e+00 3.486757e+00 3.692824e+00 3.631455e+00 2.831748e+00 3.096030e-03
<GCONST> 8.840494e+01
<MIXTURE> 2 4.549242e-03
<MEAN> 25
 -4.875474e+00 1.311664e+00 9.942865e-01 9.899552e+00 6.692122e+00 7.424447e+00 7.846913e+00 6.957977e+00 8.373203e+00 6.372994e+00 7.624294e+00 3.074704e+00 -6.200488e-02 4.162293e-02 1.425354e-01 2.258565e-01 2.652961e-01 2.813664e-01 2.954250e-01 3.195536e-01 3.497567e-01 3.089075e-01 1.971810e-01 8.006819e-02 1.198296e-06
<VARIANCE> 25
 6.953601e+00 8.901842e+00 1.065127e+01 1.591297e+01 1.723642e+01 1.556437e+01 1.689965e+01 1.848567e+01 1.658657e+01 1.738598e+01 1.811028e+01 1.433983e+01 1.252532e-01 2.266249e-01 3.364711e-01 4.671205e-01 6.492629e-01 8.148661e-01 9.298713e-01 1.003163e+00 1.051649e+00 1.077752e+00 1.075636e+00 1.013909e+00 1.000024e-06
<GCONST> 5.804332e+01
<MIXTURE> 3 4.549242e-03
<MEAN> 25
 -4.875474e+00 1.311664e+00 9.942865e-01 9.899552e+00 6.692122e+00 7.424447e+00 7.846913e+00 6.957977e+00 8.373203e+00 6.372994e+00 7.624294e+00 3.074704e+00 -6.200488e-02 4.162293e-02 1.425354e-01 2.258565e-01 2.652961e-01 2.813664e-01 2.954250e-01 3.195536e-01 3.497567e-01 3.089075e-01 1.971810e-01 8.006819e-02 1.198296e-06
<VARIANCE> 25
 6.953601e+00 8.901842e+00 1.065127e+01 1.591297e+01 1.723642e+01 1.556437e+01 1.689965e+01 1.848567e+01 1.658657e+01 1.738598e+01 1.811028e+01 1.433983e+01 1.252532e-01 2.266249e-01 3.364711e-01 4.671205e-01 6.492629e-01 8.148661e-01 9.298713e-01 1.003163e+00 1.051649e+00 1.077752e+00 1.075636e+00 1.013909e+00 1.000024e-06
<GCONST> 5.804332e+01
<MIXTURE> 4 1.671429e-02
<MEAN> 25
 3.437625e+00 2.548073e+00 -3.794649e+00 9.381127e-01 4.319011e+00 -2.133131e-01 7.159794e-02 1.136301e-02 1.505522e+00 1.297574e+00 -1.887624e+00 1.027825e-01 -2.769529e+00 1.216638e+00 1.777463e+00 3.086840e+00 9.205289e-01 5.021790e-01 1.516294e+00 1.043770e+00 9.734591e-01 4.309698e-01 1.240647e+00 8.992711e-01 -1.038749e-01
<VARIANCE> 25
 2.115847e+01 2.948759e+01 2.920708e+01 3.977572e+01 4.570097e+01 6.870978e+01 6.525565e+01 5.373463e+01 5.537664e+01 6.214575e+01 4.974594e+01 3.590221e+01 2.350233e+00 5.051567e+00 3.732224e+00 4.956377e+00 5.016516e+00 6.157292e+00 6.099428e+00 5.569606e+00 5.970355e+00 6.431239e+00 6.116740e+00 4.461987e+00 6.115191e-03
<GCONST> 1.054918e+02
<MIXTURE> 5 3.206198e-03
<MEAN> 25
 -3.399941e+00 2.176455e+00 6.082283e-01 9.390491e+00 6.659749e+00 6.308409e+00 7.098243e+00 4.711884e+00 5.487135e+00 3.851395e+00 4.653144e+00 2.614802e+00 -3.245404e-01 7.508916e-01 1.225154e+00 1.032326e+00 3.104464e-01 -1.007783e-01 -8.887824e-02 2.898257e-02 4.544326e-01 6.812674e-01 3.992408e-01 8.638041e-02 -2.460492e-05
<VARIANCE> 25
 1.031634e+01 1.395145e+01 2.340927e+01 2.593211e+01 2.054015e+01 1.938614e+01 2.015823e+01 2.033223e+01 2.151684e+01 2.121509e+01 2.404201e+01 1.638852e+01 1.206295e+00 1.247931e+00 1.356178e+00 1.667649e+00 2.278980e+00 2.368358e+00 2.302794e+00 2.273040e+00 2.311122e+00 2.231966e+00 2.085353e+00 1.868527e+00 1.000501e-06
<GCONST> 7.517953e+01
<MIXTURE> 6 5.475854e-03
<MEAN> 25
 9.678321e+00 -4.176048e-01 -6.675696e+00 -1.100536e+01 -2.114829e+00 6.706230e+00 -5.880375e+00 -5.286095e+00 -3.650618e+00 1.816713e+00 4.635521e+00 -1.245042e+00 4.850403e-01 8.933501e-01 -3.513413e-01 -1.465542e+00 -6.344533e-01 1.316070e+00 1.537807e+00 2.484888e-01 -1.215446e+00 -1.216600e+00 3.240232e-01 1.226522e+00 -8.157466e-03
<VARIANCE> 25
 9.119231e+00 1.702355e+01 2.395236e+01 3.948085e+01 3.670615e+01 3.081119e+01 4.408609e+01 3.803015e+01 4.075568e+01 3.948440e+01 4.202179e+01 2.837736e+01 3.117797e-01 8.578277e-01 9.456297e-01 1.975521e+00 1.606197e+00 2.012582e+00 1.917108e+00 2.046297e+00 2.399878e+00 1.963038e+00 2.245735e+00 1.438785e+00 5.846873e-04
<GCONST> 8.389098e+01
<MIXTURE> 7 5.475854e-03
<MEAN> 25
 9.678321e+00 -4.176048e-01 -6.675696e+00 -1.100536e+01 -2.114829e+00 6.706230e+00 -5.880375e+00 -5.286095e+00 -3.650618e+00 1.816713e+00 4.635521e+00 -1.245042e+00 4.850403e-01 8.933501e-01 -3.513413e-01 -1.465542e+00 -6.344533e-01 1.316070e+00 1.537807e+00 2.484888e-01 -1.215446e+00 -1.216600e+00 3.240232e-01 1.226522e+00 -8.157466e-03
<VARIANCE> 25
 9.119231e+00 1.702355e+01 2.395236e+01 3.948085e+01 3.670615e+01 3.081119e+01 4.408609e+01 3.803015e+01 4.075568e+01 3.948440e+01 4.202179e+01 2.837736e+01 3.117797e-01 8.578277e-01 9.456297e-01 1.975521e+00 1.606197e+00 2.012582e+00 1.917108e+00 2.046297e+00 2.399878e+00 1.963038e+00 2.245735e+00 1.438785e+00 5.846873e-04
<GCONST> 8.389098e+01
<MIXTURE> 8 1.165917e-02
<MEAN> 25
 -4.750837e+00 1.361298e+00 1.272766e+00 9.448912e+00 6.477746e+00 6.366975e+00 6.411722e+00 5.655532e+00 6.401936e+00 5.670890e+00 6.616294e+00 3.422041e+00 -6.259657e-01 -1.446272e+00 -1.052189e+00 -1.679163e+00 -1.911663e-01 -9.509034e-01 -2.475236e-01 -3.289620e-01 -2.876100e-01 -2.033887e-01 -2.325521e-01 3.111601e-02 9.712431e-02
<VARIANCE> 25
 9.176941e+00 9.624746e+00 1.134807e+01 1.619673e+01 1.660923e+01 1.593962e+01 1.789631e+01 1.714741e+01 1.927097e+01 1.705065e+01 1.851626e+01 1.666571e+01 2.694071e+00 2.772872e+00 3.827512e+00 3.778073e+00 3.438398e+00 3.238362e+00 3.258800e+00 3.071365e+00 2.856122e+00 2.630714e+00 2.392412e+00 1.956069e+00 6.655474e-03
<GCONST> 8.641737e+01
<MIXTURE> 9 1.199672e-02
<MEAN> 25
 9.291156e+00 3.390090e+00 -6.205830e+00 -1.066678e+01 -2.209831e+00 4.961890e+00 -2.208830e+00 -2.303202e+00 -5.390176e+00 -1.255199e+00 5.682213e-01 -9.925582e-03 1.438134e+00 -1.295371e-01 -4.898985e-01 -2.702515e+00 -1.645425e+00 8.570554e-01 -9.716480e-01 -2.291984e-01 -1.803703e-01 -5.778338e-01 6.145960e-01 -1.526422e-01 7.330514e-02
<VARIANCE> 25
 1.228984e+01 2.139263e+01 3.352875e+01 5.350138e+01 5.012392e+01 3.228569e+01 4.314629e+01 5.210471e+01 4.205816e+01 4.154966e+01 3.608017e+01 2.689482e+01 2.093446e+00 2.448985e+00 4.569429e+00 4.874159e+00 5.005190e+00 4.097130e+00 4.233301e+00 6.036827e+00 5.033812e+00 4.075570e+00 4.012096e+00 2.803005e+00 2.212880e-03
<GCONST> 9.878863e+01
<MIXTURE> 10 6.596976e-03
<MEAN> 25
 8.211777e-01 7.633741e+00 5.375241e+00 7.148311e+00 1.586729e+00 -2.114412e+00 -5.174183e-01 -1.684500e+00 8.745093e-01 8.596416e-01 8.395029e-01 6.573254e-01 -1.924490e+00 -6.733193e-01 -4.585536e-01 3.027952e+00 2.463358e+00 2.710215e+00 2.373802e+00 2.277893e+00 1.861700e+00 1.544952e+00 2.335076e+00 5.246035e-01 -1.381232e-01
<VARIANCE> 25
 1.953867e+01 2.068435e+01 2.230355e+01 2.905887e+01 3.830889e+01 3.493805e+01 3.514338e+01 3.383984e+01 2.760819e+01 2.904501e+01 2.695575e+01 2.501023e+01 2.235630e+00 3.425586e+00 5.534657e+00 5.169063e+00 5.551434e+00 4.469136e+00 4.699073e+00 4.842741e+00 4.387864e+00 5.020429e+00 4.445144e+00 3.190961e+00 2.698602e-03
<GCONST> 9.745862e+01
<MIXTURE> 11 1.633820e-02
<MEAN> 25
 6.600116e+00 3.394887e+00 2.746979e+00 4.142143e+00 -1.839794e+00 -1.802478e+00 -2.159014e+00 -5.258704e+00 -2.778675e+00 -2.767151e-02 -2.473677e+00 -1.791606e+00 -2.905193e-01 4.887919e-01 1.940005e-01 2.379249e-01 5.398089e-01 -2.247782e-01 9.473973e-02 -2.086595e-01 -4.144218e-01 -6.729881e-02 -1.150809e-01 1.944391e-01 -9.259111e-03
<VARIANCE> 25
 1.089911e+01 1.951820e+01 1.663103e+01 2.531802e+01 3.360971e+01 3.064102e+01 3.654327e+01 3.654947e+01 3.507053e+01 2.713342e+01 2.841862e+01 2.405163e+01 8.444716e-01 9.423347e-01 1.372990e+00 1.703030e+00 1.885716e+00 2.166662e+00 2.028620e+00 2.365776e+00 2.541199e+00 1.828902e+00 1.567058e+00 1.449210e+00 8.777383e-04
<GCONST> 8.378477e+01
<MIXTURE> 12 5.904134e-03
<MEAN> 25
 1.076105e+01 3.741114e+00 -4.499824e+00 -1.598026e+01 -8.691762e+00 8.635719e+00 -8.962907e-01 -1.920635e+00 -1.721070e+00 -4.884508e+00 1.772038e+00 7.171025e-01 6.809057e-02 2.934292e-01 7.920698e-02 -3.681405e-01 -3.110572e-01 2.998948e-02 3.056041e-01 4.477882e-01 1.419333e-01 -3.842930e-01 -3.858096e-01 5.344946e-02 -6.310323e-03
<VARIANCE> 25
 8.902627e+00 2.099383e+01 2.334732e+01 3.522845e+01 4.205613e+01 3.099524e+01 4.176789e+01 4.894819e+01 4.403769e+01 3.736758e+01 3.798208e+01 2.890735e+01 2.469251e-01 6.880473e-01 6.859165e-01 1.169470e+00 1.186974e+00 1.053372e+00 1.170349e+00 1.385368e+00 1.241317e+00 1.221678e+00 1.220963e+00 9.565710e-01 5.783706e-04
<GCONST> 7.892261e+01
<MIXTURE> 13 5.904134e-03
<MEAN> 25
 1.076105e+01 3.741114e+00 -4.499824e+00 -1.598026e+01 -8.691762e+00 8.635719e+00 -8.962907e-01 -1.920635e+00 -1.721070e+00 -4.884508e+00 1.772038e+00 7.171025e-01 6.809057e-02 2.934292e-01 7.920698e-02 -3.681405e-01 -3.110572e-01 2.998948e-02 3.056041e-01 4.477882e-01 1.419333e-01 -3.842930e-01 -3.858096e-01 5.344946e-02 -6.310323e-03
<VARIANCE> 25
 8.902627e+00 2.099383e+01 2.334732e+01 3.522845e+01 4.205613e+01 3.099524e+01 4.176789e+01 4.894819e+01 4.403769e+01 3.736758e+01 3.798208e+01 2.890735e+01 2.469251e-01 6.880473e-01 6.859165e-01 1.169470e+00 1.186974e+00 1.053372e+00 1.170349e+00 1.385368e+00 1.241317e+00 1.221678e+00 1.220963e+00 9.565710e-01 5.783706e-04
<GCONST> 7.892261e+01
<MIXTURE> 14 6.488954e-03
<MEAN> 25
 -4.317862e+00 -3.745133e-01 -2.995968e-01 8.866578e+00 7.468115e+00 7.379269e+00 7.796812e+00 7.301093e+00 7.187086e+00 5.219583e+00 6.856912e+00 4.142086e+00 -2.756978e-01 1.821065e-01 3.632893e-01 3.109526e-01 1.519307e-02 5.255068e-02 8.086919e-02 1.680806e-01 2.872100e-01 5.328066e-01 4.989924e-01 6.396767e-02 -9.126329e-03
<VARIANCE> 25
 9.307354e+00 1.378046e+01 1.851322e+01 1.799927e+01 2.100226e+01 1.959589e+01 2.148257e+01 2.056604e+01 2.057201e+01 2.383041e+01 2.133254e+01 1.640981e+01 9.591459e-01 1.657285e+00 1.763255e+00 1.922347e+00 2.241238e+00 2.253561e+00 2.293705e+00 2.247572e+00 2.289085e+00 2.511834e+00 2.197168e+00 1.822636e+00 1.030924e-03
<GCONST> 8.197672e+01
<MIXTURE> 15 2.475190e-03
<MEAN> 25
 -5.413509e+00 -6.445824e-01 -2.020396e-01 7.347411e+00 5.711769e+00 5.689688e+00 6.055304e+00 4.957079e+00 5.149622e+00 4.146416e+00 5.490503e+00 2.534689e+00 -1.215419e-01 -2.864096e-02 7.699250e-02 2.404789e-01 4.885639e-01 7.905632e-01 1.073001e+00 1.183663e+00 1.058157e+00 7.566990e-01 4.191723e-01 1.527037e-01 -6.573462e-05
<VARIANCE> 25
 7.013658e+00 5.598997e+00 9.017906e+00 1.292513e+01 1.406648e+01 1.431182e+01 1.490314e+01 1.504907e+01 1.415086e+01 1.417460e+01 1.511336e+01 1.249026e+01 1.248266e-01 2.058717e-01 3.217759e-01 5.072133e-01 6.980122e-01 8.033317e-01 7.613890e-01 7.915451e-01 9.080933e-01 1.022049e+00 1.069827e+00 1.039053e+00 2.811140e-05
<GCONST> 5.862820e+01
<MIXTURE> 16 2.475190e-03
<MEAN> 25
 -5.413509e+00 -6.445824e-01 -2.020396e-01 7.347411e+00 5.711769e+00 5.689688e+00 6.055304e+00 4.957079e+00 5.149622e+00 4.146416e+00 5.490503e+00 2.534689e+00 -1.215419e-01 -2.864096e-02 7.699250e-02 2.404789e-01 4.885639e-01 7.905632e-01 1.073001e+00 1.183663e+00 1.058157e+00 7.566990e-01 4.191723e-01 1.527037e-01 -6.573462e-05
<VARIANCE> 25
 7.013658e+00 5.598997e+00 9.017906e+00 1.292513e+01 1.406648e+01 1.431182e+01 1.490314e+01 1.504907e+01 1.415086e+01 1.417460e+01 1.511336e+01 1.249026e+01 1.248266e-01 2.058717e-01 3.217759e-01 5.072133e-01 6.980122e-01 8.033317e-01 7.613890e-01 7.915451e-01 9.080933e-01 1.022049e+00 1.069827e+00 1.039053e+00 2.811140e-05
<GCONST> 5.862820e+01
<MIXTURE> 17 9.518312e-03
<MEAN> 25
 3.283584e+00 -7.411071e-01 6.002378e+00 1.948555e+00 -5.430920e+00 -5.615625e+00 -3.119322e+00 -4.827380e-01 -2.565974e+00 -3.345092e+00 -1.100548e-01 1.042488e-01 -8.370094e-01 -1.140788e+00 1.278075e+00 -1.980077e+00 -2.227927e+00 -1.077623e-01 1.452736e-01 7.675527e-01 -1.745380e-01 -1.524761e-01 1.008717e+00 4.405133e-01 8.027552e-02
<VARIANCE> 25
 1.723484e+01 2.867360e+01 2.905158e+01 3.798730e+01 4.354183e+01 4.986422e+01 3.856367e+01 3.328743e+01 3.346571e+01 2.541500e+01 2.773547e+01 2.638102e+01 1.739065e+00 2.554428e+00 3.743155e+00 3.011378e+00 3.904588e+00 5.363285e+00 4.585663e+00 4.339675e+00 3.917899e+00 3.844952e+00 2.886582e+00 2.852803e+00 2.029546e-03
<GCONST> 9.590459e+01
<MIXTURE> 18 1.221018e-02
<MEAN> 25
 3.950464e+00 4.619399e+00 6.737885e+00 4.737837e+00 -4.612048e+00 -8.348211e+00 -1.739552e+00 -1.169665e+00 -3.367460e+00 -2.454397e+00 -8.762842e-01 5.774674e-01 -7.599810e-01 2.158466e+00 -1.993358e-01 2.031142e+00 3.115844e+00 1.484196e+00 8.046101e-01 -2.087703e-01 6.196846e-01 5.188342e-01 -2.907994e-01 -6.138735e-02 -1.237611e-01
<VARIANCE> 25
 1.608116e+01 2.530491e+01 3.290720e+01 2.615697e+01 4.001305e+01 3.372613e+01 3.865395e+01 3.511223e+01 3.919562e+01 3.450643e+01 3.252423e+01 3.094063e+01 2.563012e+00 3.036602e+00 4.730924e+00 4.046631e+00 4.091012e+00 4.666472e+00 4.652928e+00 4.454699e+00 4.487474e+00 4.309895e+00 4.570456e+00 3.625780e+00 4.117223e-03
<GCONST> 9.851972e+01
<MIXTURE> 19 9.912824e-03
<MEAN> 25
 -9.542356e+00 1.830973e+00 3.904110e-01 1.144712e+00 3.858080e+00 1.584190e+00 3.232289e+00 1.097822e+00 2.084800e+00 1.235503e+00 1.059183e+00 1.885885e+00 1.986715e+00 1.686011e+00 2.099417e+00 7.170911e-01 -1.009072e+00 -1.002074e+00 -1.007247e+00 -1.374559e+00 -1.503194e+00 -1.174638e+00 -8.637881e-01 -7.961801e-01 1.544031e-03
<VARIANCE> 25
 5.725768e+01 2.879231e+01 4.600031e+01 5.094955e+01 3.264805e+01 3.145803e+01 3.023094e+01 2.850675e+01 2.762032e+01 2.606211e+01 2.924207e+01 1.995642e+01 2.489713e+00 2.178895e+00 2.195961e+00 2.241410e+00 2.496901e+00 2.167188e+00 2.378220e+00 2.313146e+00 2.053058e+00 2.000703e+00 2.174445e+00 1.768374e+00 2.322814e-03
<GCONST> 9.112856e+01
<MIXTURE> 20 6.308331e-03
<MEAN> 25
 -1.417051e+01 7.407583e+00 8.494838e-01 6.140719e+00 4.835322e+00 1.636703e+00 5.200691e+00 8.503925e-01 9.210542e-01 7.951101e-01 2.563033e+00 -2.976402e-01 -3.283488e+00 -8.659167e-01 -1.562919e+00 3.317088e-01 1.538504e+00 2.060121e+00 1.979273e+00 2.056347e+00 2.144662e+00 2.041452e+00 1.684343e+00 9.446355e-01 4.734253e-02
<VARIANCE> 25
 1.974308e+01 2.349196e+01 3.094115e+01 3.724822e+01 3.087209e+01 2.785969e+01 2.996263e+01 3.145229e+01 2.793400e+01 2.819381e+01 2.515802e+01 2.092185e+01 2.094812e+00 2.180524e+00 1.912118e+00 2.539142e+00 2.705257e+00 2.318557e+00 2.307656e+00 2.317691e+00 2.233318e+00 2.650992e+00 2.239046e+00 1.864021e+00 1.884776e-03
<GCONST> 8.922171e+01
<MIXTURE> 21 7.928653e-03
<MEAN> 25
 3.998281e+00 -4.512960e+00 5.754218e+00 -1.542810e+00 -1.055275e+01 -8.704724e+00 -2.613343e+00 4.157823e+00 -2.067543e+00 -3.400924e+00 2.371824e-01 3.375041e-01 -7.178518e-01 1.339222e+00 2.583954e+00 -4.418747e-02 -1.547811e+00 3.335992e-01 5.843034e-01 -1.496208e+00 -1.954509e+00 3.126780e-01 1.323375e+00 2.500424e-01 -1.274482e-02
<VARIANCE> 25
 8.910091e+00 1.877488e+01 2.971004e+01 2.832921e+01 2.878698e+01 3.326767e+01 4.282916e+01 3.937425e+01 4.283840e+01 3.154881e+01 3.377153e+01 2.323010e+01 3.775015e-01 9.494188e-01 1.859676e+00 1.287195e+00 2.211846e+00 2.185125e+00 3.641397e+00 2.498229e+00 2.165649e+00 2.600671e+00 2.017247e+00 2.284320e+00 4.293626e-04
<GCONST> 8.510419e+01
<MIXTURE> 22 8.827789e-03
<MEAN> 25
 -1.792062e+01 7.154586e+00 -4.131232e+00 7.392133e+00 4.602409e+00 2.761116e+00 8.399648e+00 1.748405e+00 5.379241e+00 3.301022e+00 5.716344e+00 1.185217e+00 -3.096021e-01 -2.076120e-01 -1.255996e-01 -1.492430e-01 -7.263097e-03 1.369371e-01 1.807820e-01 1.779179e-01 2.483996e-01 2.072724e-01 1.726581e-01 1.924567e-01 8.858608e-03
<VARIANCE> 25
 8.119316e+00 1.682610e+01 1.738329e+01 2.517510e+01 2.289621e+01 2.083656e+01 1.943131e+01 1.871034e+01 1.813948e+01 2.086600e+01 1.924147e+01 1.378691e+01 1.090748e+00 1.357343e+00 1.363968e+00 1.571993e+00 1.408862e+00 1.526951e+00 1.508910e+00 1.532794e+00 1.614361e+00 1.544753e+00 1.357375e+00 1.167974e+00 1.745557e-03
<GCONST> 7.830974e+01
<MIXTURE> 23 6.455497e-03
<MEAN> 25
 6.539034e+00 1.677632e+00 1.854612e+00 1.927627e+00 -3.517282e+00 -3.072179e+00 -3.882829e+00 -5.226109e+00 -2.673906e+00 -1.074955e+00 -3.410571e+00 -1.831219e+00 8.256218e-02 1.272146e-01 8.038238e-03 5.252660e-02 1.042198e-02 1.180469e-02 8.506659e-05 -2.808245e-02 9.251297e-02 6.141227e-02 -4.619915e-02 2.328485e-02 -4.391841e-03
<VARIANCE> 25
 1.091609e+01 1.646078e+01 1.974734e+01 3.006022e+01 3.097194e+01 3.958341e+01 4.357119e+01 4.388638e+01 3.746913e+01 3.441233e+01 3.565929e+01 2.983054e+01 1.412188e-01 2.651074e-01 3.682470e-01 4.961357e-01 5.918375e-01 7.527236e-01 9.420852e-01 9.535183e-01 8.525882e-01 8.275338e-01 7.324695e-01 7.332845e-01 8.589713e-05
<GCONST> 7.008983e+01
<MIXTURE> 24 6.455497e-03
<MEAN> 25
 6.539034e+00 1.677632e+00 1.854612e+00 1.927627e+00 -3.517282e+00 -3.072179e+00 -3.882829e+00 -5.226109e+00 -2.673906e+00 -1.074955e+00 -3.410571e+00 -1.831219e+00 8.256218e-02 1.272146e-01 8.038238e-03 5.252660e-02 1.042198e-02 1.180469e-02 8.506659e-05 -2.808245e-02 9.251297e-02 6.141227e-02 -4.619915e-02 2.328485e-02 -4.391841e-03
<VARIANCE> 25
 1.091609e+01 1.646078e+01 1.974734e+01 3.006022e+01 3.097194e+01 3.958341e+01 4.357119e+01 4.388638e+01 3.746913e+01 3.441233e+01 3.565929e+01 2.983054e+01 1.412188e-01 2.651074e-01 3.682470e-01 4.961357e-01 5.918375e-01 7.527236e-01 9.420852e-01 9.535183e-01 8.525882e-01 8.275338e-01 7.324695e-01 7.332845e-01 8.589713e-05
<GCONST> 7.008983e+01
<MIXTURE> 25 1.118642e-02
<MEAN> 25
 2.889414e-01 3.468972e+00 1.673039e+01 -1.032721e+00 -1.129852e+01 -1.760872e+00 -4.987912e+00 -2.954041e+00 -6.923196e+00 -5.432437e+00 4.093920e+00 -1.631161e+00 -1.349458e-01 4.383970e-01 1.698483e-01 1.502115e-01 2.160392e-01 1.103125e-01 1.920821e-01 -1.691104e-01 -2.476750e-01 7.462996e-02 -7.172979e-02 -1.054286e-01 -1.282691e-02
<VARIANCE> 25
 8.835702e+00 2.219040e+01 2.166227e+01 2.858043e+01 3.183419e+01 4.096656e+01 2.729373e+01 2.992740e+01 2.837857e+01 3.659914e+01 2.091964e+01 2.758013e+01 5.983247e-01 1.442939e+00 1.401593e+00 1.380741e+00 2.269186e+00 2.035178e+00 1.745851e+00 1.626847e+00 1.534358e+00 1.646781e+00 1.347783e+00 1.301240e+00 1.283657e-03
<GCONST> 8.275370e+01
<MIXTURE> 26 7.727677e-03
<MEAN> 25
 2.165350e+00 -6.374695e+00 -1.030360e+01 -6.988326e-01 7.919156e+00 5.418347e+00 4.017904e+00 -2.644288e-01 2.255212e+00 -9.601923e-01 -2.897357e+00 -1.004672e+00 -6.525775e-01 6.250922e-01 3.688875e-01 6.841890e-01 1.714173e-01 2.421557e-01 2.850886e-01 3.374807e-01 2.779902e-01 7.877306e-02 3.883132e-01 4.308896e-01 -5.200903e-02
<VARIANCE> 25
 2.491594e+01 3.414809e+01 2.617013e+01 6.174534e+01 3.929363e+01 4.251803e+01 4.589705e+01 4.365264e+01 3.909269e+01 5.388610e+01 3.980045e+01 4.645747e+01 1.642049e+00 1.941909e+00 1.919613e+00 1.995882e+00 2.302978e+00 2.357495e+00 2.507123e+00 2.731186e+00 2.343201e+00 2.348981e+00 2.150098e+00 1.996008e+00 3.347497e-03
<GCONST> 9.386077e+01
<MIXTURE> 27 7.727677e-03
<MEAN> 25
 2.165350e+00 -6.374695e+00 -1.030360e+01 -6.988326e-01 7.919156e+00 5.418347e+00 4.017904e+00 -2.644288e-01 2.255212e+00 -9.601923e-01 -2.897357e+00 -1.004672e+00 -6.525775e-01 6.250922e-01 3.688875e-01 6.841890e-01 1.714173e-01 2.421557e-01 2.850886e-01 3.374807e-01 2.779902e-01 7.877306e-02 3.883132e-01 4.308896e-01 -5.200903e-02
<VARIANCE> 25
 2.491594e+01 3.414809e+01 2.617013e+01 6.174534e+01 3.929363e+01 4.251803e+01 4.589705e+01 4.365264e+01 3.909269e+01 5.388610e+01 3.980045e+01 4.645747e+01 1.642049e+00 1.941909e+00 1.919613e+00 1.995882e+00 2.302978e+00 2.357495e+00 2.507123e+00 2.731186e+00 2.343201e+00 2.348981e+00 2.150098e+00 1.996008e+00 3.347497e-03
<GCONST> 9.386077e+01
<MIXTURE> 28 5.036674e-03
<MEAN> 25
 -5.105933e+00 -5.033771e-02 -1.557213e+00 6.384387e+00 5.055476e+00 3.427402e+00 5.250136e+00 3.088385e+00 3.892996e+00 2.359825e+00 2.571218e+00 3.100784e+00 -1.088723e-01 2.325567e-01 5.416911e-01 7.764763e-01 8.459388e-01 7.065842e-01 4.864634e-01 3.568545e-01 4.809186e-01 4.846466e-01 3.599178e-01 1.633741e-01 -9.488464e-06
<VARIANCE> 25
 1.279070e+01 8.128157e+00 1.186167e+01 1.550791e+01 1.497996e+01 1.734241e+01 1.798797e+01 1.835154e+01 1.667893e+01 1.631592e+01 2.018958e+01 1.505554e+01 2.501213e-01 3.299897e-01 4.015318e-01 4.545740e-01 6.268260e-01 8.311755e-01 1.056009e+00 1.136388e+00 1.110522e+00 9.927883e-01 1.011577e+00 1.074345e+00 1.024920e-06
<GCONST> 6.021302e+01
<MIXTURE> 29 5.036674e-03
<MEAN> 25
 -5.105933e+00 -5.033771e-02 -1.557213e+00 6.384387e+00 5.055476e+00 3.427402e+00 5.250136e+00 3.088385e+00 3.892996e+00 2.359825e+00 2.571218e+00 3.100784e+00 -1.088723e-01 2.325567e-01 5.416911e-01 7.764763e-01 8.459388e-01 7.065842e-01 4.864634e-01 3.568545e-01 4.809186e-01 4.846466e-01 3.599178e-01 1.633741e-01 -9.488464e-06
<VARIANCE> 25
 1.279070e+01 8.128157e+00 1.186167e+01 1.550791e+01 1.497996e+01 1.734241e+01 1.798797e+01 1.835154e+01 1.667893e+01 1.631592e+01 2.018958e+01 1.505554e+01 2.501213e-01 3.299897e-01 4.015318e-01 4.545740e-01 6.268260e-01 8.311755e-01 1.056009e+00 1.136388e+00 1.110522e+00 9.927883e-01 1.011577e+00 1.074345e+00 1.024920e-06
<GCONST> 6.021302e+01
<MIXTURE> 30 8.917812e-03
<MEAN> 25
 -4.486800e+00 -1.979979e-01 6.592297e-01 9.068197e+00 7.759550e+00 7.504411e+00 7.575782e+00 6.871868e+00 6.528792e+00 4.894619e+00 7.011084e+00 3.494711e+00 -2.370170e-02 3.074834e-02 5.507882e-02 9.001165e-02 8.214416e-02 4.351010e-02 1.526641e-02 -3.678080e-03 1.619665e-02 5.229888e-02 6.109559e-02 3.341202e-02 -5.785997e-04
<VARIANCE> 25
 6.959313e+00 9.848158e+00 1.038772e+01 1.391597e+01 1.584366e+01 1.641864e+01 1.912383e+01 1.818477e+01 1.626612e+01 1.833646e+01 2.122000e+01 1.437225e+01 9.724753e-02 1.993981e-01 3.255275e-01 4.815542e-01 6.184601e-01 7.234879e-01 7.729614e-01 8.117697e-01 8.751303e-01 9.361823e-01 9.193681e-01 8.626865e-01 5.114664e-05
<GCONST> 6.060072e+01
<MIXTURE> 31 4.136493e-03
<MEAN> 25
 -2.979323e+00 -4.212462e+00 4.727097e-01 3.011559e+00 2.256890e+00 1.456268e+00 4.083724e+00 5.021959e+00 2.656324e+00 1.134562e+00 4.845122e+00 2.422092e+00 4.227444e-01 4.074141e-01 -2.585108e-01 2.980145e-01 2.049662e-01 3.407416e-01 2.164597e-01 -8.939139e-02 2.867885e-01 3.113879e-01 6.297731e-02 2.064463e-01 -2.111796e-02
<VARIANCE> 25
 7.132112e+00 1.372997e+01 1.356093e+01 1.828419e+01 2.058044e+01 1.997836e+01 2.074021e+01 2.320076e+01 2.151105e+01 2.193561e+01 1.926877e+01 1.516743e+01 2.055296e-01 3.900582e-01 5.238215e-01 6.207612e-01 8.780273e-01 9.116957e-01 1.228578e+00 1.210577e+00 1.202714e+00 1.225019e+00 1.218296e+00 1.350068e+00 2.046797e-04
<GCONST> 6.899238e+01
<MIXTURE> 32 4.136493e-03
<MEAN> 25
 -2.979323e+00 -4.212462e+00 4.727097e-01 3.011559e+00 2.256890e+00 1.456268e+00 4.083724e+00 5.021959e+00 2.656324e+00 1.134562e+00 4.845122e+00 2.422092e+00 4.227444e-01 4.074141e-01 -2.585108e-01 2.980145e-01 2.049662e-01 3.407416e-01 2.164597e-01 -8.939139e-02 2.867885e-01 3.113879e-01 6.297731e-02 2.064463e-01 -2.111796e-02
<VARIANCE> 25
 7.132112e+00 1.372997e+01 1.356093e+01 1.828419e+01 2.058044e+01 1.997836e+01 2.074021e+01 2.320076e+01 2.151105e+01 2.193561e+01 1.926877e+01 1.516743e+01 2.055296e-01 3.900582e-01 5.238215e-01 6.207612e-01 8.780273e-01 9.116957e-01 1.228578e+00 1.210577e+00 1.202714e+00 1.225019e+00 1.218296e+00 1.350068e+00 2.046797e-04
<GCONST> 6.899238e+01
<MIXTURE> 33 1.508826e-02
<MEAN> 25
 6.498038e+00 -3.918951e+00 -2.180818e+00 -2.505426e+00 -1.870331e+00 -5.555692e+00 -7.157048e+00 1.732036e+00 2.394014e+00 -4.264557e-01 -4.626109e+00 -3.019881e+00 6.486650e-01 -1.151089e+00 -2.401356e+00 -1.847237e+00 1.437353e+00 1.440674e+00 -6.767789e-01 6.503464e-01 9.593120e-01 4.906736e-01 -3.240562e-01 -1.307224e+00 3.702096e-02
<VARIANCE> 25
 1.001947e+01 2.097396e+01 2.835998e+01 3.601842e+01 3.998372e+01 4.318850e+01 4.256881e+01 4.565260e+01 4.008731e+01 4.281931e+01 3.442378e+01 2.778784e+01 1.141930e+00 1.913168e+00 2.212446e+00 2.158643e+00 4.133594e+00 3.383755e+00 4.474892e+00 5.489525e+00 3.877619e+00 4.491293e+00 3.316735e+00 2.571599e+00 1.464679e-03
<GCONST> 9.422065e+01
<MIXTURE> 34 1.588179e-02
<MEAN> 25
 8.922112e+00 4.752576e-02 1.343685e-01 1.215094e+00 -2.942296e+00 -1.522349e+00 -6.150538e+00 -4.689127e+00 -1.806432e+00 1.525386e-01 -2.652401e+00 -3.697343e+00 -1.738012e-02 1.346043e+00 1.473972e+00 2.395626e+00 -4.125400e-02 -1.530704e-01 7.899826e-01 -1.641411e+00 -9.016663e-01 2.583630e-01 -5.557254e-01 2.450827e-01 -6.232959e-02
<VARIANCE> 25
 7.700565e+00 3.102803e+01 2.943013e+01 4.990168e+01 4.237640e+01 4.943546e+01 5.498693e+01 5.669186e+01 5.265293e+01 4.324469e+01 4.832203e+01 3.152978e+01 1.263468e+00 1.983373e+00 4.266287e+00 4.052288e+00 5.631521e+00 5.832903e+00 5.511433e+00 6.162851e+00 5.200509e+00 4.981389e+00 5.022910e+00 3.878279e+00 1.156350e-03
<GCONST> 9.971391e+01
<MIXTURE> 35 1.467755e-02
<MEAN> 25
 -2.204060e+00 -5.126239e+00 -9.557924e+00 1.994980e-01 9.321424e+00 8.402350e-01 1.460776e+00 2.351746e+00 1.029303e+00 4.327264e+00 1.561735e-01 1.923678e+00 5.443102e-01 -1.106980e+00 -1.383194e+00 -1.383080e+00 3.782372e-01 -8.521648e-01 -6.979287e-01 -1.380130e-01 -8.232105e-02 1.051502e-01 -6.971655e-01 -5.846388e-01 1.084203e-01
<VARIANCE> 25
 1.888894e+01 2.860574e+01 4.560106e+01 5.984047e+01 4.373745e+01 5.523869e+01 4.937548e+01 4.274764e+01 5.400208e+01 3.854272e+01 3.561653e+01 3.011744e+01 3.331619e+00 3.447874e+00 6.546540e+00 5.335671e+00 5.036905e+00 5.469505e+00 4.759265e+00 4.557796e+00 5.024509e+00 4.487956e+00 3.998643e+00 3.852602e+00 5.137939e-03
<GCONST> 1.031809e+02
<MIXTURE> 36 1.093293e-02
<MEAN> 25
 4.466618e+00 -2.973960e+00 6.140334e+00 2.387411e+00 -8.981088e+00 -8.237451e+00 -5.808864e+00 2.387911e+00 -1.465244e+00 -3.841574e+00 2.498030e+00 -1.528622e-01 4.207740e-01 1.576091e-01 -7.935753e-01 4.070587e-02 7.772059e-01 8.149497e-02 -3.985960e-01 1.000163e-01 4.840262e-01 5.002890e-01 -4.144674e-01 -2.926376e-01 -1.531152e-02
<VARIANCE> 25
 1.035804e+01 1.604735e+01 2.308898e+01 2.513715e+01 3.367156e+01 3.022658e+01 4.104833e+01 3.350577e+01 3.580036e+01 3.136644e+01 2.621024e+01 2.389233e+01 4.348100e-01 6.570496e-01 1.450221e+00 1.116671e+00 1.505661e+00 1.548329e+00 2.087868e+00 1.676698e+00 1.984066e+00 1.547319e+00 1.302189e+00 1.447797e+00 6.339920e-04
<GCONST> 8.076008e+01
<MIXTURE> 37 1.246826e-02
<MEAN> 25
 5.450572e-01 7.771717e+00 1.205258e+01 -5.553661e+00 -8.030437e+00 -1.053012e+00 -5.079723e+00 -8.323584e+00 -3.712278e+00 -9.096354e-01 -3.667362e+00 -1.290899e+00 1.829202e-01 6.471731e-01 -1.353162e+00 3.582608e+00 1.987421e+00 -3.004533e-01 1.091305e+00 4.361328e-01 5.282299e-01 -3.230627e-01 5.380747e-01 -9.678686e-02 -9.491581e-02
<VARIANCE> 25
 1.592720e+01 2.599063e+01 3.090343e+01 5.100039e+01 3.392804e+01 3.200393e+01 4.396741e+01 3.504604e+01 3.861143e+01 3.597208e+01 3.775983e+01 3.088777e+01 2.955688e+00 3.414836e+00 3.019145e+00 4.094616e+00 4.617392e+00 3.752038e+00 4.206930e+00 3.809695e+00 3.449106e+00 3.620908e+00 3.870252e+00 2.792763e+00 3.928689e-03
<GCONST> 9.778214e+01
<MIXTURE> 38 1.154525e-02
<MEAN> 25
 -4.466908e+00 8.949019e+00 4.594862e+00 3.218211e+00 8.454518e-01 -5.205025e+00 -6.114216e-01 -2.736247e+00 -2.848174e+00 -3.099904e+00 -1.494015e+00 -5.382462e-01 -4.509391e+00 1.248854e+00 -3.085607e-01 1.448605e+00 2.553924e+00 1.388383e+00 2.047539e+00 9.531642e-01 7.837493e-01 6.385745e-01 1.003758e+00 3.253985e-01 4.860690e-02
<VARIANCE> 25
 3.136212e+01 2.968707e+01 3.892045e+01 3.299345e+01 4.872368e+01 3.557316e+01 3.627026e+01 4.159028e+01 3.480185e+01 3.242287e+01 2.423179e+01 2.868701e+01 2.372821e+00 3.932840e+00 3.902934e+00 5.159188e+00 4.263162e+00 5.013160e+00 4.775946e+00 4.634167e+00 4.445144e+00 4.936161e+00 4.382228e+00 3.257903e+00 2.043898e-03
<GCONST> 9.923956e+01
<MIXTURE> 39 9.501865e-03
<MEAN> 25
 1.308727e+00 2.572646e+00 1.008844e+01 -9.115541e+00 -1.114897e+01 -9.822012e-01 -2.979791e+00 -6.539864e+00 -4.485719e+00 8.332062e-01 -3.621882e+00 -2.274224e+00 -7.315375e-01 1.503560e+00 1.613171e+00 -1.378969e+00 6.909540e-02 1.211954e+00 -1.192321e+00 -1.239104e+00 4.284562e-01 4.386005e-01 -4.944381e-01 1.222554e-01 1.777805e-03
<VARIANCE> 25
 8.918051e+00 2.976818e+01 3.239991e+01 3.853712e+01 3.818163e+01 4.223696e+01 4.393228e+01 3.326078e+01 3.912214e+01 3.295362e+01 3.607167e+01 2.926271e+01 6.891915e-01 1.559966e+00 1.514749e+00 2.900267e+00 2.397645e+00 2.825171e+00 3.023731e+00 2.740515e+00 2.416690e+00 2.611180e+00 2.111065e+00 2.083250e+00 1.192007e-03
<GCONST> 8.962589e+01
<MIXTURE> 40 1.030800e-02
<MEAN> 25
 -7.556468e+00 1.598498e+00 -7.643074e-01 6.595644e+00 2.929060e+00 4.639770e+00 4.590445e+00 3.718257e+00 4.131758e+00 3.668588e+00 4.948997e+00 1.284186e+00 -1.500833e-01 -1.823012e-01 -2.781028e-02 -2.275038e-01 -1.367852e-01 -1.210213e-01 7.587149e-03 4.348055e-02 -3.692196e-02 1.594738e-02 7.640652e-02 -2.285830e-02 5.387570e-03
<VARIANCE> 25
 4.460146e+01 1.781975e+01 2.443888e+01 3.033815e+01 2.347450e+01 1.847599e+01 1.802694e+01 1.651563e+01 1.573773e+01 1.740084e+01 1.780210e+01 1.475653e+01 7.844545e-01 6.582943e-01 8.275982e-01 9.448407e-01 1.069640e+00 1.235366e+00 1.421592e+00 1.139669e+00 1.225295e+00 1.192085e+00 1.251243e+00 1.088076e+00 8.676827e-04
<GCONST> 7.567784e+01
<MIXTURE> 41 6.713375e-03
<MEAN> 25
 1.295837e+00 1.775966e+00 1.044972e+01 -6.946496e+00 -1.044136e+01 -3.841320e+00 -2.487589e+00 -5.038411e+00 -4.660048e+00 2.646223e+00 -1.740386e+00 -9.462085e-01 7.586419e-02 -7.598603e-01 1.692567e+00 -3.551527e+00 -2.456158e+00 -1.161099e-01 -5.068578e-01 -3.554506e-01 -8.202021e-01 1.082144e+00 -1.044338e+00 7.962128e-02 8.631204e-02
<VARIANCE> 25
 1.171713e+01 2.959725e+01 3.276398e+01 4.001191e+01 3.889733e+01 4.013515e+01 3.703733e+01 2.981310e+01 3.309707e+01 2.879796e+01 3.181403e+01 2.715229e+01 3.173264e+00 3.303157e+00 3.821486e+00 3.804888e+00 4.898333e+00 5.870356e+00 4.703550e+00 4.547471e+00 3.982163e+00 4.224352e+00 3.830862e+00 3.234460e+00 2.926214e-03
<GCONST> 9.790919e+01
<MIXTURE> 42 1.106211e-02
<MEAN> 25
 -1.933410e+00 4.547091e+00 4.638786e+00 2.870209e+00 1.909384e-01 -6.262033e+00 -1.003711e+00 -1.872424e+00 -1.529984e+00 -1.227999e+00 -2.280852e+00 1.241582e+00 4.162054e+00 -3.498687e-01 1.517074e+00 1.931866e-01 -2.948804e+00 -1.155248e+00 -2.248486e+00 -8.183283e-01 -7.844058e-01 -7.434865e-01 5.221931e-01 -1.058532e+00 9.707032e-03
<VARIANCE> 25
 3.606812e+01 2.119007e+01 4.657898e+01 2.609025e+01 3.907114e+01 3.906776e+01 3.702468e+01 2.712843e+01 2.874784e+01 2.745608e+01 2.006884e+01 1.807137e+01 3.616320e+00 4.864114e+00 6.129908e+00 4.764955e+00 4.654070e+00 5.988793e+00 5.069441e+00 5.263773e+00 4.971687e+00 4.846533e+00 4.231094e+00 3.420008e+00 4.478046e-03
<GCONST> 9.979515e+01
<MIXTURE> 43 7.108249e-03
<MEAN> 25
 3.097033e+00 -6.125560e+00 -2.272353e+00 -5.111454e+00 -7.320079e+00 -3.335929e+00 3.975720e+00 1.150825e+00 -5.091322e+00 -7.050474e+00 -4.139835e+00 -1.170506e+00 2.507121e-01 2.130759e+00 1.887915e+00 -1.275767e-01 -1.392721e+00 -7.685512e-01 -9.404530e-01 -7.518527e-01 8.285902e-01 1.449395e+00 3.827965e-01 6.671263e-02 -4.437657e-02
<VARIANCE> 25
 9.612721e+00 2.033130e+01 2.663123e+01 3.448613e+01 3.806640e+01 3.587086e+01 3.346714e+01 4.049660e+01 3.959924e+01 3.811574e+01 2.724887e+01 2.920308e+01 6.919413e-01 1.257174e+00 1.553629e+00 2.433487e+00 2.363631e+00 2.364229e+00 2.682210e+00 2.985136e+00 2.551550e+00 2.549800e+00 2.373731e+00 1.958066e+00 9.381165e-04
<GCONST> 8.790355e+01
<MIXTURE> 44 7.328289e-03
<MEAN> 25
 -1.047891e+01 1.035825e+00 3.048301e+00 -2.953750e+00 1.425775e+00 1.933068e+00 -1.459401e-01 2.051672e+00 1.078093e+00 -6.095294e-01 9.022026e-01 6.671693e-01 -4.666053e-01 -8.538327e-02 2.765254e-01 1.180812e-01 -3.335431e-01 1.701671e-01 3.703623e-01 3.682930e-01 3.787471e-01 3.256651e-01 1.979446e-01 -7.176291e-02 1.666206e-02
<VARIANCE> 25
 4.225227e+01 1.789700e+01 2.165519e+01 1.944222e+01 2.072427e+01 2.037631e+01 1.588465e+01 2.452680e+01 1.997194e+01 1.917775e+01 1.929546e+01 2.039062e+01 1.078179e+00 1.043882e+00 1.183940e+00 1.063854e+00 1.707840e+00 1.695391e+00 1.089498e+00 1.404734e+00 1.524776e+00 1.523643e+00 1.078171e+00 1.193878e+00 1.130695e-03
<GCONST> 7.869991e+01
<MIXTURE> 45 1.364932e-02
<MEAN> 25
 -1.150406e+01 3.221731e+00 -9.822588e-01 2.556502e+00 5.382893e+00 1.612395e-01 4.354476e+00 2.815616e+00 2.952775e+00 1.953327e+00 2.083549e+00 2.434622e+00 -2.806754e+00 5.863017e-01 -4.340562e-01 -5.182688e-01 1.221266e-01 -1.483766e-02 4.121943e-01 3.205724e-02 -6.938046e-02 -4.116858e-02 2.400272e-01 7.170034e-02 1.149282e-01
<VARIANCE> 25
 3.996836e+01 2.841294e+01 2.912921e+01 3.322508e+01 3.018257e+01 2.717356e+01 2.912567e+01 2.460040e+01 2.448564e+01 2.231065e+01 2.705943e+01 1.555744e+01 2.514607e+00 2.819959e+00 2.700619e+00 2.474534e+00 2.368674e+00 2.457217e+00 2.199614e+00 2.217797e+00 2.204019e+00 2.115526e+00 1.903108e+00 1.565367e+00 4.048982e-03
<GCONST> 8.981297e+01
<MIXTURE> 46 9.336259e-03
<MEAN> 25
 -9.452699e+00 2.304552e+00 1.199113e+00 7.553376e+00 5.929256e+00 3.334459e+00 7.058251e+00 4.494850e+00 5.698591e+00 4.684426e+00 5.035339e+00 2.923988e+00 1.059334e+00 -2.407159e-01 4.104562e-02 1.001675e+00 6.053508e-01 9.426171e-01 3.879842e-01 6.756511e-01 4.746194e-01 5.079145e-01 6.389730e-01 5.225441e-01 -1.054712e-01
<VARIANCE> 25
 3.426311e+01 4.377585e+01 3.846359e+01 4.998322e+01 5.082898e+01 4.073864e+01 3.706321e+01 3.531840e+01 3.316921e+01 3.094226e+01 2.820394e+01 2.023079e+01 3.907240e+00 4.135936e+00 3.876206e+00 4.131976e+00 4.173186e+00 3.695122e+00 3.377607e+00 3.112237e+00 2.979843e+00 2.863472e+00 2.310168e+00 1.784529e+00 7.964157e-03
<GCONST> 9.828651e+01
<MIXTURE> 47 7.116147e-03
<MEAN> 25
 7.009154e+00 -6.865939e+00 -7.405343e+00 -6.082540e+00 1.483166e+00 6.429560e-01 -2.361532e+00 1.163383e+00 2.981593e+00 1.935109e-01 -4.028440e+00 -6.382206e+00 -1.941406e-01 -1.219422e+00 -6.544093e-01 -4.667423e-01 5.743180e-01 9.339404e-01 8.865109e-01 3.247380e-01 4.788980e-02 -9.397346e-01 -4.529188e-01 -4.428639e-01 2.953462e-02
<VARIANCE> 25
 1.137862e+01 2.297912e+01 2.099065e+01 3.384793e+01 3.385656e+01 5.003198e+01 4.246969e+01 3.827599e+01 4.153857e+01 4.406819e+01 4.627954e+01 3.312029e+01 5.432132e-01 7.526852e-01 1.126382e+00 1.595984e+00 1.922211e+00 2.287044e+00 2.363823e+00 2.362733e+00 2.173172e+00 2.078138e+00 2.106791e+00 1.887585e+00 5.382572e-04
<GCONST> 8.600874e+01
<MIXTURE> 48 7.116147e-03
<MEAN> 25
 7.009154e+00 -6.865939e+00 -7.405343e+00 -6.082540e+00 1.483166e+00 6.429560e-01 -2.361532e+00 1.163383e+00 2.981593e+00 1.935109e-01 -4.028440e+00 -6.382206e+00 -1.941406e-01 -1.219422e+00 -6.544093e-01 -4.667423e-01 5.743180e-01 9.339404e-01 8.865109e-01 3.247380e-01 4.788980e-02 -9.397346e-01 -4.529188e-01 -4.428639e-01 2.953462e-02
<VARIANCE> 25
 1.137862e+01 2.297912e+01 2.099065e+01 3.384793e+01 3.385656e+01 5.003198e+01 4.246969e+01 3.827599e+01 4.153857e+01 4.406819e+01 4.627954e+01 3.312029e+01 5.432132e-01 7.526852e-01 1.126382e+00 1.595984e+00 1.922211e+00 2.287044e+00 2.363823e+00 2.362733e+00 2.173172e+00 2.078138e+00 2.106791e+00 1.887585e+00 5.382572e-04
<GCONST> 8.600874e+01
<MIXTURE> 49 5.548473e-03
<MEAN> 25
 -4.647587e+00 3.265686e-01 1.536218e-01 8.117113e+00 5.918769e+00 5.398852e+00 5.724379e+00 4.320208e+00 5.027224e+00 3.671790e+00 4.724868e+00 2.714912e+00 3.448220e-01 6.692134e-01 7.463832e-01 3.622379e-01 -1.551729e-01 -6.808119e-01 -9.912733e-01 -1.106975e+00 -9.612150e-01 -6.691070e-01 -5.329453e-01 -2.894768e-01 1.264579e-04
<VARIANCE> 25
 1.251801e+01 9.673715e+00 1.372978e+01 1.750111e+01 1.666394e+01 1.725813e+01 2.065248e+01 1.898751e+01 1.772828e+01 1.765954e+01 2.058932e+01 1.464684e+01 2.785245e-01 2.576652e-01 3.889953e-01 5.895060e-01 8.637452e-01 9.493527e-01 9.571947e-01 1.036334e+00 1.123892e+00 1.175153e+00 1.246208e+00 1.184654e+00 1.463368e-05
<GCONST> 6.453597e+01
<MIXTURE> 50 6.234641e-03
<MEAN> 25
 -3.948606e+00 1.669102e-01 -1.309018e+00 5.752840e+00 3.970294e+00 1.963893e+00 3.332982e+00 1.971531e+00 2.512726e+00 1.291451e+00 1.868614e+00 2.480906e+00 6.532919e-02 1.570880e-01 9.226736e-02 -1.620737e-01 -4.781574e-01 -5.982596e-01 -4.102182e-01 -2.670593e-02 4.292830e-01 7.697622e-01 7.482871e-01 4.683119e-01 -1.082189e-06
<VARIANCE> 25
 1.479844e+01 1.036165e+01 1.337513e+01 1.601054e+01 1.504158e+01 1.819591e+01 1.924963e+01 1.803739e+01 1.859641e+01 1.673584e+01 2.139769e+01 1.551722e+01 1.461053e-01 2.282700e-01 3.750422e-01 4.938990e-01 5.808822e-01 7.247491e-01 9.281766e-01 1.088421e+00 1.008788e+00 8.950125e-01 8.675522e-01 9.653427e-01 1.070858e-06
<GCONST> 5.938561e+01
<MIXTURE> 51 6.234641e-03
<MEAN> 25
 -3.948606e+00 1.669102e-01 -1.309018e+00 5.752840e+00 3.970294e+00 1.963893e+00 3.332982e+00 1.971531e+00 2.512726e+00 1.291451e+00 1.868614e+00 2.480906e+00 6.532919e-02 1.570880e-01 9.226736e-02 -1.620737e-01 -4.781574e-01 -5.982596e-01 -4.102182e-01 -2.670593e-02 4.292830e-01 7.697622e-01 7.482871e-01 4.683119e-01 -1.082189e-06
<VARIANCE> 25
 1.479844e+01 1.036165e+01 1.337513e+01 1.601054e+01 1.504158e+01 1.819591e+01 1.924963e+01 1.803739e+01 1.859641e+01 1.673584e+01 2.139769e+01 1.551722e+01 1.461053e-01 2.282700e-01 3.750422e-01 4.938990e-01 5.808822e-01 7.247491e-01 9.281766e-01 1.088421e+00 1.008788e+00 8.950125e-01 8.675522e-01 9.653427e-01 1.070858e-06
<GCONST> 5.938561e+01
<MIXTURE> 52 6.367945e-03
<MEAN> 25
 1.012230e+01 2.048552e+00 -6.196933e+00 -1.428272e+01 -4.221031e+00 8.536001e+00 -2.752120e+00 -3.060800e+00 -4.407831e+00 -2.132655e+00 3.353794e+00 7.470237e-01 -3.856448e-01 -4.800128e-01 -6.954813e-02 1.140337e+00 1.339642e+00 -4.735037e-01 -6.032161e-01 -6.592954e-01 4.274596e-02 1.245921e+00 3.872766e-01 -5.456735e-01 -1.381462e-02
<VARIANCE> 25
 9.296391e+00 2.048743e+01 2.533827e+01 3.862856e+01 4.572707e+01 3.071847e+01 4.653810e+01 4.893579e+01 4.305700e+01 4.602942e+01 3.994434e+01 3.000177e+01 4.496458e-01 1.480701e+00 1.310340e+00 2.757621e+00 2.328460e+00 2.199636e+00 2.985680e+00 2.799058e+00 3.006013e+00 2.667728e+00 2.520176e+00 2.277205e+00 1.545802e-03
<GCONST> 8.973294e+01
<MIXTURE> 53 6.367945e-03
<MEAN> 25
 1.012230e+01 2.048552e+00 -6.196933e+00 -1.428272e+01 -4.221031e+00 8.536001e+00 -2.752120e+00 -3.060800e+00 -4.407831e+00 -2.132655e+00 3.353794e+00 7.470237e-01 -3.856448e-01 -4.800128e-01 -6.954813e-02 1.140337e+00 1.339642e+00 -4.735037e-01 -6.032161e-01 -6.592954e-01 4.274596e-02 1.245921e+00 3.872766e-01 -5.456735e-01 -1.381462e-02
<VARIANCE> 25
 9.296391e+00 2.048743e+01 2.533827e+01 3.862856e+01 4.572707e+01 3.071847e+01 4.653810e+01 4.893579e+01 4.305700e+01 4.602942e+01 3.994434e+01 3.000177e+01 4.496458e-01 1.480701e+00 1.310340e+00 2.757621e+00 2.328460e+00 2.199636e+00 2.985680e+00 2.799058e+00 3.006013e+00 2.667728e+00 2.520176e+00 2.277205e+00 1.545802e-03
<GCONST> 8.973294e+01
<MIXTURE> 54 7.368620e-03
<MEAN> 25
 -3.451262e+00 1.832864e-02 -7.479555e-01 7.824515e+00 6.372193e+00 4.496790e+00 4.602077e+00 4.579650e+00 4.059703e+00 3.612247e+00 4.448632e+00 2.390591e+00 -4.641933e-03 2.810458e-02 5.306911e-02 6.023382e-02 6.302394e-02 5.309122e-02 3.218488e-02 2.718470e-02 5.532232e-02 3.623088e-02 3.607991e-02 9.182070e-03 -3.973523e-05
<VARIANCE> 25
 1.003836e+01 1.014023e+01 9.284276e+00 1.920797e+01 1.347018e+01 1.376089e+01 1.183294e+01 1.104422e+01 1.132328e+01 1.330906e+01 1.740676e+01 1.260506e+01 4.181766e-02 8.551966e-02 1.651166e-01 2.300238e-01 3.052109e-01 3.920474e-01 4.507509e-01 5.097044e-01 5.592256e-01 5.193197e-01 5.182244e-01 5.067401e-01 1.008425e-06
<GCONST> 4.737620e+01
<MIXTURE> 55 7.368620e-03
<MEAN> 25
 -3.451262e+00 1.832864e-02 -7.479555e-01 7.824515e+00 6.372193e+00 4.496790e+00 4.602077e+00 4.579650e+00 4.059703e+00 3.612247e+00 4.448632e+00 2.390591e+00 -4.641933e-03 2.810458e-02 5.306911e-02 6.023382e-02 6.302394e-02 5.309122e-02 3.218488e-02 2.718470e-02 5.532232e-02 3.623088e-02 3.607991e-02 9.182070e-03 -3.973523e-05
<VARIANCE> 25
 1.003836e+01 1.014023e+01 9.284276e+00 1.920797e+01 1.347018e+01 1.376089e+01 1.183294e+01 1.104422e+01 1.132328e+01 1.330906e+01 1.740676e+01 1.260506e+01 4.181766e-02 8.551966e-02 1.651166e-01 2.300238e-01 3.052109e-01 3.920474e-01 4.507509e-01 5.097044e-01 5.592256e-01 5.193197e-01 5.182244e-01 5.067401e-01 1.008425e-06
<GCONST> 4.737620e+01
<MIXTURE> 56 6.132464e-03
<MEAN> 25
 7.398034e+00 -6.567216e+00 -8.920693e+00 -8.382207e+00 3.818964e+00 3.775923e+00 -2.126826e+00 -1.470649e+00 1.889138e+00 5.822864e-01 -2.481185e+00 -6.976210e+00 -2.772636e-03 2.476328e-02 -9.165867e-02 1.826006e-02 2.519223e-01 6.410872e-02 1.186884e-01 -1.266862e-01 -4.677070e-02 -3.055342e-02 -8.088259e-02 1.994884e-02 -7.033851e-03
<VARIANCE> 25
 9.797326e+00 2.370885e+01 2.089541e+01 4.201483e+01 3.268126e+01 5.012700e+01 6.028701e+01 3.601661e+01 3.807320e+01 3.680503e+01 3.909232e+01 3.101840e+01 2.127971e-01 4.264908e-01 4.579982e-01 7.693195e-01 8.018457e-01 1.108260e+00 9.083850e-01 9.002091e-01 9.095135e-01 9.179898e-01 1.033926e+00 7.745005e-01 2.356410e-04
<GCONST> 7.508475e+01
<MIXTURE> 57 6.132464e-03
<MEAN> 25
 7.398034e+00 -6.567216e+00 -8.920693e+00 -8.382207e+00 3.818964e+00 3.775923e+00 -2.126826e+00 -1.470649e+00 1.889138e+00 5.822864e-01 -2.481185e+00 -6.976210e+00 -2.772636e-03 2.476328e-02 -9.165867e-02 1.826006e-02 2.519223e-01 6.410872e-02 1.186884e-01 -1.266862e-01 -4.677070e-02 -3.055342e-02 -8.088259e-02 1.994884e-02 -7.033851e-03
<VARIANCE> 25
 9.797326e+00 2.370885e+01 2.089541e+01 4.201483e+01 3.268126e+01 5.012700e+01 6.028701e+01 3.601661e+01 3.807320e+01 3.680503e+01 3.909232e+01 3.101840e+01 2.127971e-01 4.264908e-01 4.579982e-01 7.693195e-01 8.018457e-01 1.108260e+00 9.083850e-01 9.002091e-01 9.095135e-01 9.179898e-01 1.033926e+00 7.745005e-01 2.356410e-04
<GCONST> 7.508475e+01
<MIXTURE> 58 6.172147e-03
<MEAN> 25
 2.259545e+00 -2.672874e+00 6.068009e+00 -4.400039e+00 -1.176133e+01 -5.098219e+00 1.080338e+00 4.462431e-01 -2.063977e+00 1.482065e+00 4.493812e-01 -6.815074e-01 7.185680e-02 -1.905792e-01 -6.021175e-02 -7.496051e-02 2.230852e-02 3.382770e-01 4.807747e-01 1.976292e-01 1.841043e-02 -5.629297e-02 -1.076090e-01 -1.522077e-01 -2.922407e-03
<VARIANCE> 25
 7.130050e+00 1.342196e+01 2.292861e+01 2.529957e+01 3.038850e+01 4.055096e+01 2.872157e+01 3.117122e+01 2.788205e+01 2.732451e+01 2.029260e+01 1.791574e+01 3.462812e-01 7.592250e-01 6.703537e-01 9.720118e-01 8.243203e-01 1.218675e+00 1.236133e+00 1.284713e+00 1.058821e+00 9.685977e-01 8.020505e-01 8.670228e-01 6.567547e-04
<GCONST> 7.435335e+01
<MIXTURE> 59 6.172147e-03
<MEAN> 25
 2.259545e+00 -2.672874e+00 6.068009e+00 -4.400039e+00 -1.176133e+01 -5.098219e+00 1.080338e+00 4.462431e-01 -2.063977e+00 1.482065e+00 4.493812e-01 -6.815074e-01 7.185680e-02 -1.905792e-01 -6.021175e-02 -7.496051e-02 2.230852e-02 3.382770e-01 4.807747e-01 1.976292e-01 1.841043e-02 -5.629297e-02 -1.076090e-01 -1.522077e-01 -2.922407e-03
<VARIANCE> 25
 7.130050e+00 1.342196e+01 2.292861e+01 2.529957e+01 3.038850e+01 4.055096e+01 2.872157e+01 3.117122e+01 2.788205e+01 2.732451e+01 2.029260e+01 1.791574e+01 3.462812e-01 7.592250e-01 6.703537e-01 9.720118e-01 8.243203e-01 1.218675e+00 1.236133e+00 1.284713e+00 1.058821e+00 9.685977e-01 8.020505e-01 8.670228e-01 6.567547e-04
<GCONST> 7.435335e+01
<MIXTURE> 60 4.479129e-03
<MEAN> 25
 -1.387912e+00 -2.577606e-01 -6.854756e-01 1.839584e+00 9.595747e-01 1.105124e+00 1.066815e+00 1.226025e+00 1.880401e+00 1.236414e+00 1.750788e+00 9.946776e-01 3.751091e-02 4.283790e-02 8.231384e-02 1.467156e-01 1.321593e-01 3.977376e-02 1.329075e-01 3.657402e-01 5.445910e-01 7.739205e-01 6.674975e-01 4.304284e-01 -1.745947e-03
<VARIANCE> 25
 1.001982e+01 3.816604e+00 7.845172e+00 8.526925e+00 9.058703e+00 1.313290e+01 1.122822e+01 9.325680e+00 1.042229e+01 1.060398e+01 1.135685e+01 1.207171e+01 9.713294e-02 1.665345e-01 2.930543e-01 3.952849e-01 5.814714e-01 7.813424e-01 8.119522e-01 9.721799e-01 9.407242e-01 8.248742e-01 9.147219e-01 8.682198e-01 3.345272e-05
<GCONST> 5.475522e+01
<MIXTURE> 61 4.479129e-03
<MEAN> 25
 -1.387912e+00 -2.577606e-01 -6.854756e-01 1.839584e+00 9.595747e-01 1.105124e+00 1.066815e+00 1.226025e+00 1.880401e+00 1.236414e+00 1.750788e+00 9.946776e-01 3.751091e-02 4.283790e-02 8.231384e-02 1.467156e-01 1.321593e-01 3.977376e-02 1.329075e-01 3.657402e-01 5.445910e-01 7.739205e-01 6.674975e-01 4.304284e-01 -1.745947e-03
<VARIANCE> 25
 1.001982e+01 3.816604e+00 7.845172e+00 8.526925e+00 9.058703e+00 1.313290e+01 1.122822e+01 9.325680e+00 1.042229e+01 1.060398e+01 1.135685e+01 1.207171e+01 9.713294e-02 1.665345e-01 2.930543e-01 3.952849e-01 5.814714e-01 7.813424e-01 8.119522e-01 9.721799e-01 9.407242e-01 8.248742e-01 9.147219e-01 8.682198e-01 3.345272e-05
<GCONST> 5.475522e+01
<MIXTURE> 62 3.278034e-03
<MEAN> 25
 -5.084504e+00 1.239817e+00 1.023508e+00 8.812203e+00 6.126786e+00 5.047655e+00 5.496742e+00 4.030906e+00 4.983634e+00 3.915162e+00 4.963076e+00 2.949963e+00 -1.002612e+00 -1.166008e+00 -9.533008e-01 -2.770570e-01 4.276864e-01 1.005798e+00 1.384816e+00 1.550956e+00 1.478454e+00 1.243419e+00 1.066762e+00 7.256767e-01 -1.266619e-03
<VARIANCE> 25
 9.927244e+00 9.953970e+00 1.311720e+01 1.677652e+01 1.742402e+01 1.753088e+01 1.970238e+01 1.911018e+01 1.885572e+01 1.873045e+01 2.156909e+01 1.479074e+01 4.021729e-01 4.324842e-01 5.539144e-01 7.788844e-01 1.035409e+00 1.192436e+00 1.252029e+00 1.281050e+00 1.329680e+00 1.364280e+00 1.399349e+00 1.371035e+00 1.632195e-05
<GCONST> 6.753673e+01
<MIXTURE> 63 4.351215e-03
<MEAN> 25
 -2.057912e+00 -1.190737e+00 -2.519778e+00 1.127365e+00 1.490883e+00 -5.557543e-02 1.924515e+00 7.265649e-01 1.061463e+00 -5.146737e-01 -8.646375e-01 9.411188e-01 9.894266e-02 2.277747e-01 3.353526e-01 3.926950e-01 4.214288e-01 3.419528e-01 2.850283e-01 2.720664e-01 1.730827e-01 9.585144e-02 9.806386e-02 9.280139e-02 -6.281555e-03
<VARIANCE> 25
 1.105670e+01 8.699064e+00 1.204320e+01 1.070135e+01 1.333619e+01 1.767077e+01 1.575303e+01 1.626530e+01 1.796564e+01 1.314559e+01 1.428603e+01 1.233892e+01 3.957746e-01 3.937048e-01 5.340810e-01 6.738403e-01 7.917978e-01 9.868460e-01 1.131298e+00 1.340708e+00 1.274779e+00 1.294467e+00 1.226678e+00 1.182446e+00 2.504028e-04
<GCONST> 6.688625e+01
<MIXTURE> 64 4.351215e-03
<MEAN> 25
 -2.057912e+00 -1.190737e+00 -2.519778e+00 1.127365e+00 1.490883e+00 -5.557543e-02 1.924515e+00 7.265649e-01 1.061463e+00 -5.146737e-01 -8.646375e-01 9.411188e-01 9.894266e-02 2.277747e-01 3.353526e-01 3.926950e-01 4.214288e-01 3.419528e-01 2.850283e-01 2.720664e-01 1.730827e-01 9.585144e-02 9.806386e-02 9.280139e-02 -6.281555e-03
<VARIANCE> 25
 1.105670e+01 8.699064e+00 1.204320e+01 1.070135e+01 1.333619e+01 1.767077e+01 1.575303e+01 1.626530e+01 1.796564e+01 1.314559e+01 1.428603e+01 1.233892e+01 3.957746e-01 3.937048e-01 5.340810e-01 6.738403e-01 7.917978e-01 9.868460e-01 1.131298e+00 1.340708e+00 1.274779e+00 1.294467e+00 1.226678e+00 1.182446e+00 2.504028e-04
<GCONST> 6.688625e+01
<MIXTURE> 65 1.721197e-02
<MEAN> 25
 6.807315e+00 1.664571e+00 1.269146e+00 5.891891e-01 -4.561117e+00 -3.911150e+00 -5.060355e+00 -5.883632e+00 -3.428788e+00 -2.163971e+00 -4.521289e+00 -1.602916e+00 1.977630e-01 1.416375e-01 -6.443835e-03 8.772548e-02 -1.697585e-01 2.668442e-01 -5.790033e-03 -9.286476e-02 2.631336e-01 3.733859e-02 1.560498e-02 -4.297968e-03 -5.077534e-03
<VARIANCE> 25
 1.273586e+01 1.563239e+01 2.160785e+01 2.902417e+01 3.398464e+01 4.720245e+01 4.764787e+01 5.026459e+01 4.799529e+01 4.775392e+01 4.891119e+01 4.251582e+01 5.793777e-01 7.978463e-01 1.391691e+00 1.501660e+00 1.793148e+00 2.056117e+00 2.208481e+00 2.582236e+00 2.353466e+00 2.264275e+00 2.238714e+00 2.016067e+00 3.844623e-04
<GCONST> 8.654814e+01
<MIXTURE> 66 1.191532e-02
<MEAN> 25
 6.663502e+00 -4.085406e+00 -5.617384e+00 -4.819829e+00 1.268098e+00 -5.083679e+00 -6.912055e+00 1.190693e+00 6.765928e-01 -2.051771e+00 -6.138299e+00 -3.483637e+00 -4.452431e-02 1.664136e+00 2.235851e+00 2.312491e+00 -1.249512e+00 -1.251462e+00 5.400557e-02 -5.489528e-01 -1.496666e-01 -1.998803e-01 -2.012175e-01 1.046402e+00 -6.370455e-02
<VARIANCE> 25
 9.068857e+00 2.232971e+01 2.701961e+01 3.304558e+01 3.849171e+01 5.334217e+01 5.594349e+01 4.532890e+01 5.403152e+01 6.663760e+01 3.692541e+01 3.643795e+01 1.282140e+00 2.445017e+00 2.356383e+00 2.478118e+00 4.189486e+00 4.301738e+00 4.361624e+00 4.837408e+00 4.255653e+00 5.005102e+00 3.892681e+00 3.256797e+00 1.470601e-03
<GCONST> 9.683545e+01
<MIXTURE> 67 1.559142e-02
<MEAN> 25
 8.985168e+00 2.035414e+00 -5.978653e+00 -8.274345e+00 9.029357e-01 3.083083e+00 -3.325226e+00 -2.242253e+00 -3.773752e+00 7.782198e-01 -5.447412e-02 -1.732779e+00 -1.074063e+00 1.831933e+00 1.062774e+00 3.073078e+00 1.392583e+00 -5.098124e-01 1.302785e+00 1.202746e-01 1.570108e-01 2.512452e-01 -2.765269e-01 6.253483e-01 -1.299898e-01
<VARIANCE> 25
 1.146804e+01 3.885841e+01 3.078841e+01 5.585273e+01 4.915420e+01 5.406848e+01 6.210029e+01 5.280751e+01 6.478712e+01 5.712054e+01 5.578300e+01 4.737957e+01 2.179937e+00 3.465692e+00 3.290389e+00 4.517778e+00 4.523086e+00 4.553587e+00 4.706517e+00 5.070974e+00 5.476637e+00 4.779283e+00 5.135212e+00 3.746302e+00 3.042704e-03
<GCONST> 1.029183e+02
<MIXTURE> 68 1.485092e-02
<MEAN> 25
 -2.056152e+00 -2.315530e+00 -3.980923e+00 1.220462e+00 5.130249e+00 -6.026183e-01 2.016287e+00 1.692484e+00 1.614401e+00 1.581399e+00 5.307094e-01 1.871321e+00 2.702365e+00 5.063918e-01 5.355973e-03 -2.555077e+00 -2.363693e+00 -1.619969e+00 -2.321898e+00 -1.751605e+00 -1.555432e+00 -1.490764e+00 -1.993482e+00 -1.114717e+00 1.037652e-01
<VARIANCE> 25
 2.532362e+01 3.113807e+01 5.760263e+01 5.115746e+01 4.596536e+01 5.370329e+01 4.441725e+01 4.168485e+01 4.477222e+01 4.272701e+01 3.649281e+01 2.518013e+01 1.956730e+00 3.702332e+00 5.772090e+00 5.734197e+00 4.662422e+00 5.494568e+00 5.650299e+00 4.888162e+00 5.160891e+00 5.135322e+00 4.915486e+00 3.448709e+00 5.992338e-03
<GCONST> 1.033522e+02
<MIXTURE> 69 1.204884e-02
<MEAN> 25
 4.641235e+00 -4.207162e+00 -3.550025e+00 -3.602274e+00 -3.475701e+00 -7.831681e+00 -1.117404e+00 2.197749e+00 -3.598790e-01 -4.711873e+00 -5.654765e+00 9.356425e-01 1.667089e+00 -2.223303e+00 -1.330731e+00 -2.235952e+00 -5.277025e-01 -3.450450e-01 -4.670259e-01 6.110429e-01 -6.418654e-01 -1.465241e+00 -2.197969e+00 -1.779890e-01 6.244913e-02
<VARIANCE> 25
 9.012446e+00 2.174285e+01 2.663711e+01 2.592199e+01 4.257116e+01 3.575499e+01 4.863350e+01 3.145985e+01 3.997244e+01 3.777874e+01 3.108095e+01 2.461061e+01 3.546164e+00 2.926458e+00 3.323717e+00 3.688010e+00 5.731586e+00 5.017394e+00 7.095242e+00 6.045912e+00 5.899323e+00 5.835083e+00 4.336992e+00 3.705806e+00 2.453132e-03
<GCONST> 9.865176e+01
<MIXTURE> 70 1.329190e-02
<MEAN> 25
 7.503535e+00 -2.029109e+00 -3.884518e+00 -3.603514e+00 -4.052276e-01 -6.709430e-01 -7.674464e+00 -4.016662e+00 5.698926e-01 2.885067e+00 -1.327530e-01 -4.902605e+00 1.927551e+00 -1.136512e+00 -8.172624e-01 -2.202535e+00 -1.515615e+00 1.180485e+00 -1.332591e+00 -8.635315e-02 3.347567e-01 -3.237708e-02 6.849512e-01 -1.451864e+00 5.862397e-02
<VARIANCE> 25
 1.002739e+01 2.251921e+01 2.826933e+01 4.688009e+01 3.540025e+01 4.438675e+01 4.981486e+01 4.401133e+01 4.700847e+01 3.271473e+01 4.486897e+01 2.725488e+01 3.514846e+00 3.204630e+00 4.733141e+00 4.947242e+00 5.205751e+00 6.437636e+00 6.787962e+00 7.535213e+00 6.162404e+00 5.380692e+00 5.854498e+00 4.298740e+00 2.534256e-03
<GCONST> 1.018262e+02
<MIXTURE> 71 1.406903e-02
<MEAN> 25
 5.988220e+00 4.872294e+00 4.120894e+00 2.819729e+00 -3.231540e+00 -3.131081e+00 -3.407150e+00 -6.491042e+00 -4.506895e+00 -2.634373e+00 -5.176441e+00 -2.963017e+00 -1.577638e+00 -6.555599e-01 -2.025221e-01 -1.706992e+00 1.011505e+00 -1.644586e-01 3.207167e-02 1.478669e+00 3.202352e-01 -1.602371e-01 6.879106e-01 2.661738e-01 4.205403e-02
<VARIANCE> 25
 2.043225e+01 2.570335e+01 2.318895e+01 4.383638e+01 3.924000e+01 4.004557e+01 4.033130e+01 4.037506e+01 3.749355e+01 4.238000e+01 3.522144e+01 3.426666e+01 1.668209e+00 2.909843e+00 5.043495e+00 4.673469e+00 4.678926e+00 4.578635e+00 4.623605e+00 5.163899e+00 4.214605e+00 3.945185e+00 3.465513e+00 3.392958e+00 1.383728e-03
<GCONST> 9.802634e+01
<MIXTURE> 72 8.134747e-03
<MEAN> 25
 3.759258e+00 -3.634384e+00 5.380383e+00 -2.440544e+00 -1.029833e+01 -9.537473e+00 -2.437214e+00 1.854430e+00 -4.899735e+00 -2.166764e+00 -1.878914e+00 5.783862e-01 9.303681e-01 -7.750350e-01 -2.553296e+00 4.562970e-01 2.120517e+00 -6.345774e-01 -1.298943e+00 1.517222e+00 1.812561e+00 -5.889646e-01 -1.280979e+00 4.034658e-01 -6.238897e-03
<VARIANCE> 25
 1.073738e+01 1.945209e+01 3.288162e+01 3.802197e+01 3.274472e+01 3.361987e+01 4.061783e+01 3.639880e+01 4.339784e+01 4.094170e+01 3.843989e+01 2.831955e+01 4.270827e-01 1.024571e+00 2.040527e+00 1.461065e+00 2.188949e+00 2.361251e+00 3.065320e+00 2.713623e+00 2.578350e+00 2.931048e+00 2.018511e+00 2.113667e+00 5.351624e-04
<GCONST> 8.716478e+01
<MIXTURE> 73 1.213625e-02
<MEAN> 25
 -5.291778e+00 -9.321064e-01 -1.238473e+00 4.316383e+00 3.896570e+00 2.295223e+00 4.866349e+00 3.213321e+00 3.975286e+00 3.264851e+00 4.367400e+00 3.236995e+00 8.289969e-01 -9.485469e-01 -9.255927e-01 -2.475330e+00 -1.148326e+00 -1.631026e+00 -8.030897e-01 -4.613631e-01 -7.278873e-01 -5.775706e-01 -1.051346e+00 -3.777132e-01 1.543951e-01
<VARIANCE> 25
 1.318379e+01 1.247497e+01 1.387100e+01 2.390041e+01 2.239823e+01 2.285370e+01 2.238563e+01 1.893824e+01 1.803193e+01 1.870631e+01 2.153637e+01 1.502191e+01 3.706261e+00 2.891800e+00 5.424306e+00 4.517303e+00 5.710577e+00 4.295973e+00 4.054333e+00 3.910610e+00 4.147904e+00 4.035223e+00 3.252566e+00 2.532324e+00 3.998114e-03
<GCONST> 9.167978e+01
<MIXTURE> 74 1.756491e-02
<MEAN> 25
 4.439952e+00 -1.562194e+00 5.151989e+00 -1.166270e+00 -8.728291e+00 -8.227288e+00 -2.704088e+00 6.693630e-01 -4.166318e+00 -2.888533e+00 -1.659817e+00 2.606796e-01 3.220270e-01 2.004586e+00 5.413350e-02 1.698474e+00 1.217183e+00 3.598671e-01 6.058864e-03 -1.314782e+00 1.744135e-01 1.677496e-01 -2.090322e-01 -7.449745e-02 -7.792578e-02
<VARIANCE> 25
 1.196843e+01 2.177081e+01 3.808132e+01 3.818888e+01 3.682163e+01 3.977724e+01 5.093978e+01 4.680808e+01 4.782495e+01 4.442857e+01 4.106052e+01 3.438660e+01 2.080076e+00 2.051549e+00 3.882373e+00 2.588739e+00 3.898160e+00 3.866017e+00 5.008827e+00 4.267720e+00 4.164721e+00 4.034348e+00 3.689223e+00 3.225670e+00 1.772890e-03
<GCONST> 9.726880e+01
<MIXTURE> 75 9.711651e-03
<MEAN> 25
 2.650873e+00 -1.244927e+00 1.100987e+01 1.719835e+00 -1.181404e+01 -7.647008e+00 -4.575716e+00 -4.941992e-01 -4.509108e+00 -4.619566e+00 3.269598e+00 1.614040e-01 1.746840e+00 -1.766354e+00 2.042493e-01 -2.579260e-01 -2.397327e+00 -5.150527e-01 -1.465208e+00 9.650010e-01 -1.504019e-01 -3.550354e-01 1.080796e+00 -6.315380e-01 3.866011e-02
<VARIANCE> 25
 1.118071e+01 1.778294e+01 3.058360e+01 2.778706e+01 2.713733e+01 3.293731e+01 3.139965e+01 3.111645e+01 3.374295e+01 3.157530e+01 2.039995e+01 2.172412e+01 2.393553e+00 1.900803e+00 4.289020e+00 2.485789e+00 3.884693e+00 4.359540e+00 4.156630e+00 3.513430e+00 3.943753e+00 3.377386e+00 3.105004e+00 2.514285e+00 1.543649e-03
<GCONST> 9.229259e+01
<MIXTURE> 76 1.052359e-02
<MEAN> 25
 -3.499017e+00 -1.622818e-01 -6.474293e-01 1.285808e+00 1.820611e+00 9.473124e-01 1.647208e+00 8.282822e-01 6.996701e-01 5.588141e-01 7.997479e-01 1.001563e+00 -3.186745e-01 -2.981765e-01 -1.646976e-01 -5.204640e-01 -5.277818e-01 -5.347045e-01 -6.110944e-01 -4.542753e-01 -4.505765e-01 -5.597183e-01 -2.329070e-01 -2.376881e-01 2.285027e-02
<VARIANCE> 25
 2.295169e+01 1.277985e+01 1.560100e+01 1.574113e+01 1.651782e+01 2.137860e+01 1.590903e+01 1.618253e+01 2.020634e+01 1.505947e+01 1.711884e+01 2.066369e+01 1.104967e+00 9.503495e-01 8.360393e-01 8.028538e-01 1.070427e+00 1.425690e+00 1.401199e+00 1.353247e+00 1.461178e+00 1.359673e+00 1.142434e+00 1.612654e+00 1.194518e-03
<GCONST> 7.541631e+01
<MIXTURE> 77 1.244626e-02
<MEAN> 25
 -4.744661e-01 8.421773e+00 1.221727e+01 -1.135546e+01 -6.885373e+00 8.802774e-01 -9.147226e+00 -7.158397e+00 -3.318607e+00 -2.111118e-01 -4.561022e+00 -1.423208e+00 7.192346e-02 1.383219e-01 6.958953e-02 2.423929e-01 -1.515334e-02 7.017078e-02 -7.625083e-02 -5.774729e-02 7.944012e-02 -3.931358e-02 2.840538e-02 1.243366e-01 -9.694925e-03
<VARIANCE> 25
 1.034210e+01 2.082335e+01 2.949284e+01 4.361756e+01 3.314264e+01 3.349554e+01 3.680758e+01 3.152262e+01 3.474824e+01 3.284018e+01 3.743322e+01 3.455355e+01 3.110217e-01 7.646180e-01 6.381752e-01 1.074576e+00 1.224120e+00 9.791005e-01 1.224323e+00 1.066356e+00 1.044907e+00 1.059731e+00 9.615690e-01 9.322492e-01 5.462691e-04
<GCONST> 7.786678e+01
<MIXTURE> 78 9.702551e-03
<MEAN> 25
 -1.137571e+01 1.086940e+00 -1.572613e+00 2.182895e+00 4.288240e+00 -2.191592e+00 3.684971e+00 2.618428e+00 2.549982e+00 7.419624e-01 -4.657035e-01 2.968394e+00 2.345815e+00 -2.698228e-01 1.786048e-01 5.755932e-01 -3.228978e-02 9.844791e-03 -2.966346e-01 -8.232574e-02 2.167391e-01 1.348625e-01 -3.763774e-01 -4.646963e-01 -6.003572e-02
<VARIANCE> 25
 4.202533e+01 3.208253e+01 3.209771e+01 3.202790e+01 3.954577e+01 3.669205e+01 3.536834e+01 3.238851e+01 2.794454e+01 2.712204e+01 2.684636e+01 2.036886e+01 4.931584e+00 2.530844e+00 2.798106e+00 3.008788e+00 2.823234e+00 3.476759e+00 3.215556e+00 2.797559e+00 2.340809e+00 2.360158e+00 2.218818e+00 2.115501e+00 4.776695e-03
<GCONST> 9.439415e+01
<MIXTURE> 79 1.156824e-02
<MEAN> 25
 2.337258e+00 1.549024e+00 8.963500e+00 -6.501854e+00 -1.194539e+01 -1.815477e+00 -1.918853e+00 -6.405822e+00 -6.549880e+00 2.436547e-01 -3.489677e+00 -3.305936e+00 1.215598e+00 -5.113575e-01 -1.399032e+00 2.312238e+00 3.672484e-01 -1.444389e+00 5.287668e-01 8.566710e-01 -4.514123e-01 -5.663863e-01 3.685384e-01 3.072486e-01 -3.610975e-02
<VARIANCE> 25
 1.437873e+01 2.374204e+01 3.985390e+01 4.945472e+01 3.369561e+01 4.269579e+01 4.208239e+01 3.669046e+01 3.850826e+01 3.960009e+01 4.366836e+01 3.085579e+01 9.284623e-01 2.238318e+00 1.923645e+00 2.139253e+00 2.440027e+00 2.815617e+00 3.151784e+00 3.540692e+00 2.560721e+00 2.785045e+00 2.312287e+00 2.042473e+00 1.212538e-03
<GCONST> 9.180303e+01
<MIXTURE> 80 7.550998e-03
<MEAN> 25
 -1.460770e+01 3.983133e+00 6.888603e-01 2.866070e+00 2.449192e+00 1.410019e+00 6.396289e+00 2.496316e+00 2.719579e+00 2.373572e+00 4.852459e+00 1.186509e+00 4.286089e+00 -1.604192e-02 1.637769e+00 -1.135446e+00 -2.889365e+00 -2.777492e+00 -2.323087e+00 -2.021377e+00 -1.974912e+00 -1.685184e+00 -1.650784e+00 -6.028425e-01 -4.423152e-02
<VARIANCE> 25
 2.095918e+01 1.984547e+01 3.444172e+01 3.470496e+01 3.017899e+01 2.920735e+01 2.829074e+01 2.855530e+01 2.674439e+01 2.880913e+01 2.685434e+01 1.810810e+01 2.357783e+00 2.665981e+00 2.673235e+00 4.119708e+00 3.394006e+00 2.704962e+00 3.025301e+00 3.203918e+00 2.749100e+00 2.701498e+00 2.781974e+00 2.145747e+00 1.512048e-03
<GCONST> 9.139668e+01
<MIXTURE> 81 8.025434e-03
<MEAN> 25
 -1.127151e+00 4.048904e+00 1.013632e+01 -1.474705e+01 -9.047829e+00 -1.415990e+00 -6.750180e+00 -8.404470e+00 -4.143181e+00 -4.263386e-01 -7.547189e+00 -2.242991e+00 1.303324e-01 -5.845875e-01 -1.937624e-03 -5.561551e-01 -4.655773e-01 3.324166e-01 3.190275e-01 1.379943e-01 -1.353455e-01 1.091199e-01 -4.646055e-01 -1.247465e-01 1.160470e-02
<VARIANCE> 25
 1.014221e+01 3.273199e+01 2.675211e+01 2.983335e+01 3.379060e+01 3.044962e+01 4.531882e+01 2.826640e+01 3.785017e+01 3.179604e+01 2.540620e+01 3.098554e+01 7.747328e-01 2.269589e+00 1.540978e+00 2.860629e+00 2.656144e+00 2.122645e+00 3.271036e+00 2.283529e+00 2.361143e+00 2.541970e+00 2.295786e+00 2.083783e+00 1.184502e-03
<GCONST> 8.869447e+01
<MIXTURE> 82 8.213053e-03
<MEAN> 25
 -8.954891e+00 -3.675527e+00 1.384546e+00 -2.705790e+00 2.577045e+00 6.605215e-01 1.326171e+00 8.426118e-01 2.127777e+00 1.231529e+00 1.649630e+00 3.038763e+00 -9.679771e-01 -1.371804e-01 1.632252e-01 -2.323876e+00 -9.727425e-01 -1.216902e+00 -8.869390e-01 -7.009935e-01 1.350536e-01 -2.769844e-01 -3.468235e-01 -2.673261e-01 1.756801e-01
<VARIANCE> 25
 1.987970e+01 2.140787e+01 2.754799e+01 2.638745e+01 2.972434e+01 2.737805e+01 2.876653e+01 2.854756e+01 3.310598e+01 2.294635e+01 2.948207e+01 1.544176e+01 3.728058e+00 2.610634e+00 2.863808e+00 3.115070e+00 3.097394e+00 2.907404e+00 2.617300e+00 2.700059e+00 3.451062e+00 2.629362e+00 2.211274e+00 1.873998e+00 3.075854e-03
<GCONST> 9.121545e+01
<MIXTURE> 83 1.167529e-02
<MEAN> 25
 -2.003961e+01 5.503916e+00 -1.789346e+00 -4.056287e-01 7.828725e+00 -1.233856e+00 5.459761e+00 3.044440e+00 1.192492e+00 2.190941e+00 7.243472e-01 2.881590e+00 -2.644663e-02 -4.501750e-01 4.799848e-03 -3.655607e-01 -4.975998e-01 -1.259074e-01 -1.343073e-01 -9.938782e-02 -4.156450e-02 -3.925582e-02 -3.061376e-02 -3.462342e-02 4.407223e-03
<VARIANCE> 25
 8.832119e+00 1.645367e+01 2.851153e+01 2.248619e+01 2.128122e+01 2.408130e+01 2.202634e+01 2.336232e+01 2.042788e+01 2.221674e+01 2.319503e+01 1.448679e+01 1.060993e+00 9.361540e-01 1.240754e+00 1.065657e+00 1.359446e+00 1.291295e+00 1.283369e+00 1.388104e+00 1.349132e+00 1.310642e+00 1.220693e+00 1.071561e+00 8.924601e-04
<GCONST> 7.703629e+01
<MIXTURE> 84 1.066614e-02
<MEAN> 25
 1.176948e+00 9.000415e+00 7.220346e+00 7.962968e+00 2.813509e+00 -9.074774e-01 -1.508072e+00 -4.453080e+00 -4.095512e+00 -2.905805e+00 -2.393850e+00 -1.587329e+00 -1.778406e+00 -1.182263e+00 -1.201538e+00 1.288298e+00 2.254858e+00 1.502172e+00 1.453634e+00 1.293256e+00 1.171648e+00 4.035146e-01 4.075254e-01 4.202812e-01 -7.144243e-02
<VARIANCE> 25
 2.342176e+01 1.829424e+01 2.166419e+01 2.418687e+01 2.914565e+01 2.823895e+01 2.793679e+01 2.665255e+01 2.532251e+01 2.516279e+01 2.362958e+01 2.453167e+01 2.115025e+00 2.533204e+00 3.838968e+00 3.289995e+00 3.266678e+00 3.365733e+00 3.278955e+00 3.396536e+00 3.475207e+00 3.238608e+00 3.598160e+00 2.801844e+00 3.531619e-03
<GCONST> 9.252186e+01
<MIXTURE> 85 7.591393e-03
<MEAN> 25
 -3.110696e+00 7.884454e+00 5.717858e+00 1.285698e+00 -3.492141e+00 -5.320643e+00 -2.979028e+00 -6.116671e+00 -3.544262e+00 -3.182985e+00 -4.817153e-01 -1.902879e+00 3.940284e+00 3.240798e-01 1.754129e+00 -2.089992e+00 -3.412049e+00 -2.582128e+00 -2.883904e+00 -2.340408e+00 -2.247999e+00 -1.265674e+00 -2.301592e+00 -6.155916e-01 9.214881e-03
<VARIANCE> 25
 4.243161e+01 2.347758e+01 3.649511e+01 3.818718e+01 3.971708e+01 4.117548e+01 3.213625e+01 2.789501e+01 2.665129e+01 2.610100e+01 2.622343e+01 2.058627e+01 2.711886e+00 4.322701e+00 4.058279e+00 5.180501e+00 4.410867e+00 3.879520e+00 3.854705e+00 3.984960e+00 3.851973e+00 4.039697e+00 3.940458e+00 3.487429e+00 5.445929e-03
<GCONST> 9.835583e+01
<MIXTURE> 86 1.273941e-02
<MEAN> 25
 -4.177578e+00 -1.163365e+00 -2.311561e-01 4.896616e+00 3.930392e+00 4.163177e+00 4.778816e+00 3.985233e+00 4.340785e+00 3.972388e+00 5.003019e+00 2.113403e+00 3.346192e-03 -7.644305e-03 -1.057131e-01 2.741062e-02 -5.375785e-02 -2.533064e-01 -1.695379e-01 -3.444378e-01 -4.564516e-01 -2.434667e-01 -2.331304e-01 -1.534101e-01 -2.636530e-03
<VARIANCE> 25
 9.278222e+00 4.846548e+00 9.599237e+00 1.599411e+01 1.611757e+01 1.454388e+01 1.255655e+01 1.195605e+01 1.239219e+01 1.237014e+01 1.381429e+01 1.253118e+01 9.309216e-02 1.795953e-01 3.267544e-01 4.880009e-01 5.756307e-01 7.069026e-01 7.446308e-01 7.239810e-01 7.771633e-01 9.475045e-01 8.686710e-01 1.110720e+00 6.500752e-05
<GCONST> 5.801457e+01
<MIXTURE> 87 1.100681e-02
<MEAN> 25
 -3.292185e+00 4.375409e+00 3.475055e+00 6.717119e+00 5.358477e+00 9.181205e-01 1.507992e+00 -9.989905e-01 -6.170083e-01 -9.716215e-01 -8.702324e-01 1.166246e-01 -2.111991e+00 -2.700322e+00 -2.027910e+00 -2.174220e+00 -6.288116e-02 -1.991419e-01 6.060302e-01 1.291426e+00 1.419664e+00 1.048793e+00 9.428097e-01 9.996074e-01 1.044077e-01
<VARIANCE> 25
 3.702064e+01 2.947702e+01 2.731634e+01 3.548632e+01 2.921221e+01 3.104065e+01 2.784419e+01 2.694137e+01 2.533421e+01 2.442764e+01 2.463091e+01 2.285786e+01 3.832104e+00 2.854223e+00 3.969987e+00 3.617584e+00 4.671130e+00 4.203729e+00 4.067313e+00 3.806898e+00 3.465802e+00 3.349333e+00 3.299163e+00 2.731426e+00 4.881396e-03
<GCONST> 9.611181e+01
<MIXTURE> 88 1.256585e-02
<MEAN> 25
 -2.780157e+00 -2.897071e-01 -3.798955e-01 2.917157e+00 2.674596e+00 2.575420e+00 3.056315e+00 2.789449e+00 2.246923e+00 1.376571e+00 1.594401e+00 1.527556e+00 1.023716e-02 1.845829e-01 3.159901e-01 2.843487e-01 3.231949e-01 1.843289e-01 -2.104841e-01 -2.226336e-01 -3.169737e-01 -2.387009e-01 -2.162852e-01 -3.387929e-02 -1.187457e-03
<VARIANCE> 25
 1.111220e+01 6.262924e+00 9.168331e+00 1.192020e+01 1.298100e+01 1.718950e+01 1.381059e+01 1.376543e+01 1.364935e+01 1.381595e+01 1.690284e+01 1.493872e+01 1.285674e+00 1.049051e+00 1.401647e+00 1.320717e+00 1.787028e+00 1.891974e+00 2.236633e+00 1.866764e+00 2.024146e+00 2.266285e+00 2.044524e+00 1.832811e+00 1.373489e-03
<GCONST> 7.612619e+01
<MIXTURE> 89 9.333527e-03
<MEAN> 25
 5.998242e+00 -6.698293e+00 -3.530222e+00 -3.112589e+00 -1.582416e+00 -5.513274e+00 -6.033859e+00 4.039370e+00 3.424409e+00 -2.754978e+00 -5.959617e+00 -3.242422e+00 -5.713687e-01 1.615382e-01 1.960081e+00 8.842547e-01 -1.842112e+00 -1.620763e+00 8.655213e-01 1.251701e+00 -7.903036e-01 -1.308748e+00 4.006636e-01 1.533874e+00 -4.542711e-03
<VARIANCE> 25
 9.257158e+00 2.712866e+01 3.058287e+01 2.986635e+01 3.562627e+01 4.125193e+01 5.906528e+01 4.162510e+01 3.874673e+01 4.184099e+01 3.565390e+01 3.241481e+01 3.566925e-01 8.292553e-01 1.500550e+00 1.315906e+00 1.929616e+00 2.138937e+00 2.562682e+00 2.063260e+00 2.256921e+00 2.141402e+00 2.296548e+00 1.462766e+00 3.770994e-04
<GCONST> 8.528303e+01
<MIXTURE> 90 7.114505e-03
<MEAN> 25
 2.455027e+00 -9.416384e+00 -4.655838e+00 -3.873729e+00 -3.278350e+00 -1.786116e+00 3.222637e+00 1.037663e+00 -7.437035e+00 -9.978765e+00 -3.402427e+00 -8.208242e-01 -1.588900e-01 8.845227e-01 1.130350e+00 -8.486412e-01 -1.574347e+00 -2.162363e-01 6.346717e-01 -1.926131e-01 -1.371899e-01 7.568037e-01 2.113253e-01 -5.216315e-01 -1.097841e-02
<VARIANCE> 25
 8.387313e+00 1.951852e+01 1.939391e+01 2.748614e+01 3.611007e+01 3.131886e+01 3.795677e+01 3.592932e+01 3.458093e+01 2.826795e+01 2.629187e+01 2.552424e+01 2.425202e-01 6.117603e-01 8.016430e-01 1.019876e+00 1.466894e+00 1.576089e+00 1.770024e+00 1.653047e+00 1.790403e+00 1.655680e+00 1.500657e+00 1.305021e+00 2.149699e-04
<GCONST> 7.808234e+01
<MIXTURE> 91 7.852945e-03
<MEAN> 25
 6.189958e+00 -7.393007e+00 -8.372082e+00 -4.979152e+00 3.804618e+00 -1.214371e-01 -2.155434e+00 6.931244e-01 7.558880e-01 -2.873020e+00 -4.855449e+00 -5.142512e+00 2.582753e-01 9.787319e-01 1.820864e-01 4.125151e-01 -9.770095e-02 -5.745924e-01 -4.135121e-01 -1.235626e-01 -1.223955e-01 4.493872e-01 -1.056028e-01 2.318874e-01 -3.419082e-02
<VARIANCE> 25
 1.091876e+01 2.325058e+01 2.014973e+01 3.976646e+01 3.474057e+01 5.340291e+01 5.269392e+01 3.923634e+01 5.044212e+01 6.197132e+01 3.720414e+01 4.033472e+01 4.451392e-01 8.768977e-01 1.124942e+00 1.375281e+00 2.135601e+00 2.306752e+00 2.374656e+00 2.331562e+00 2.284021e+00 2.328370e+00 1.961630e+00 1.779866e+00 5.826750e-04
<GCONST> 8.696613e+01
<MIXTURE> 92 7.852945e-03
<MEAN> 25
 6.189958e+00 -7.393007e+00 -8.372082e+00 -4.979152e+00 3.804618e+00 -1.214371e-01 -2.155434e+00 6.931244e-01 7.558880e-01 -2.873020e+00 -4.855449e+00 -5.142512e+00 2.582753e-01 9.787319e-01 1.820864e-01 4.125151e-01 -9.770095e-02 -5.745924e-01 -4.135121e-01 -1.235626e-01 -1.223955e-01 4.493872e-01 -1.056028e-01 2.318874e-01 -3.419082e-02
<VARIANCE> 25
 1.091876e+01 2.325058e+01 2.014973e+01 3.976646e+01 3.474057e+01 5.340291e+01 5.269392e+01 3.923634e+01 5.044212e+01 6.197132e+01 3.720414e+01 4.033472e+01 4.451392e-01 8.768977e-01 1.124942e+00 1.375281e+00 2.135601e+00 2.306752e+00 2.374656e+00 2.331562e+00 2.284021e+00 2.328370e+00 1.961630e+00 1.779866e+00 5.826750e-04
<GCONST> 8.696613e+01
<MIXTURE> 93 6.122769e-03
<MEAN> 25
 -6.815995e+00 -9.595736e-01 -2.400726e+00 5.791219e+00 5.903039e+00 3.920341e+00 6.119453e+00 3.608827e+00 4.115107e+00 2.508985e+00 1.818700e+00 3.702253e+00 -6.134523e-02 -1.543310e-01 -2.572027e-01 -3.309345e-01 -3.332531e-01 -2.849673e-01 -2.178863e-01 -1.748912e-01 -1.674294e-01 -1.512496e-01 -1.042409e-01 -3.485039e-02 -3.460204e-06
<VARIANCE> 25
 9.168280e+00 6.026336e+00 8.179886e+00 1.140360e+01 1.150646e+01 1.597717e+01 1.527631e+01 1.643237e+01 1.477887e+01 1.453411e+01 1.678150e+01 1.345889e+01 8.297324e-02 1.533096e-01 2.635721e-01 3.811450e-01 4.976344e-01 6.423901e-01 7.789760e-01 8.875814e-01 9.169354e-01 8.760853e-01 8.919349e-01 9.182395e-01 1.000747e-06
<GCONST> 5.361821e+01
<MIXTURE> 94 6.122769e-03
<MEAN> 25
 -6.815995e+00 -9.595736e-01 -2.400726e+00 5.791219e+00 5.903039e+00 3.920341e+00 6.119453e+00 3.608827e+00 4.115107e+00 2.508985e+00 1.818700e+00 3.702253e+00 -6.134523e-02 -1.543310e-01 -2.572027e-01 -3.309345e-01 -3.332531e-01 -2.849673e-01 -2.178863e-01 -1.748912e-01 -1.674294e-01 -1.512496e-01 -1.042409e-01 -3.485039e-02 -3.460204e-06
<VARIANCE> 25
 9.168280e+00 6.026336e+00 8.179886e+00 1.140360e+01 1.150646e+01 1.597717e+01 1.527631e+01 1.643237e+01 1.477887e+01 1.453411e+01 1.678150e+01 1.345889e+01 8.297324e-02 1.533096e-01 2.635721e-01 3.811450e-01 4.976344e-01 6.423901e-01 7.789760e-01 8.875814e-01 9.169354e-01 8.760853e-01 8.919349e-01 9.182395e-01 1.000747e-06
<GCONST> 5.361821e+01
<MIXTURE> 95 5.258835e-03
<MEAN> 25
 -2.536170e+00 -3.837233e-01 -7.550042e-01 3.209494e+00 3.037940e+00 1.972468e+00 2.485682e+00 1.025249e+00 1.258173e+00 8.824813e-01 1.159559e+00 1.453424e+00 9.674781e-02 1.276738e-01 2.770114e-03 -2.845117e-02 -1.625965e-01 -6.704887e-01 -1.120533e+00 -1.252566e+00 -1.286300e+00 -9.766697e-01 -8.207333e-01 -2.893690e-01 -7.800022e-04
<VARIANCE> 25
 1.495742e+01 4.585410e+00 9.635563e+00 1.251159e+01 1.047283e+01 1.536631e+01 1.440047e+01 1.579711e+01 1.131434e+01 1.229323e+01 1.607759e+01 1.271227e+01 2.856173e-01 2.768762e-01 5.637396e-01 5.685132e-01 6.517240e-01 6.825780e-01 7.502628e-01 7.941172e-01 8.584546e-01 9.084180e-01 1.028303e+00 1.110355e+00 6.904340e-05
<GCONST> 6.103038e+01
<MIXTURE> 96 7.034694e-03
<MEAN> 25
 -3.938562e+00 -5.473101e-01 -2.144253e+00 4.444640e+00 3.312281e+00 1.485642e+00 3.061816e+00 1.781013e+00 2.711361e+00 1.270760e+00 1.208208e+00 2.558533e+00 -7.290847e-03 1.319064e-01 2.763726e-01 4.071966e-01 5.515672e-01 4.402634e-01 1.998806e-01 -1.450201e-01 -4.092533e-01 -6.003699e-01 -5.783745e-01 -3.682866e-01 1.868135e-05
<VARIANCE> 25
 1.672625e+01 8.588960e+00 1.142982e+01 1.539180e+01 1.539783e+01 1.876875e+01 1.733307e+01 1.704712e+01 1.741784e+01 1.638730e+01 1.834003e+01 1.368426e+01 1.307489e-01 2.262102e-01 3.797438e-01 3.718597e-01 4.672453e-01 6.456714e-01 8.496950e-01 9.399605e-01 1.032068e+00 8.278182e-01 8.420110e-01 9.384722e-01 1.181988e-06
<GCONST> 5.767620e+01
<MIXTURE> 97 7.034694e-03
<MEAN> 25
 -3.938562e+00 -5.473101e-01 -2.144253e+00 4.444640e+00 3.312281e+00 1.485642e+00 3.061816e+00 1.781013e+00 2.711361e+00 1.270760e+00 1.208208e+00 2.558533e+00 -7.290847e-03 1.319064e-01 2.763726e-01 4.071966e-01 5.515672e-01 4.402634e-01 1.998806e-01 -1.450201e-01 -4.092533e-01 -6.003699e-01 -5.783745e-01 -3.682866e-01 1.868135e-05
<VARIANCE> 25
 1.672625e+01 8.588960e+00 1.142982e+01 1.539180e+01 1.539783e+01 1.876875e+01 1.733307e+01 1.704712e+01 1.741784e+01 1.638730e+01 1.834003e+01 1.368426e+01 1.307489e-01 2.262102e-01 3.797438e-01 3.718597e-01 4.672453e-01 6.456714e-01 8.496950e-01 9.399605e-01 1.032068e+00 8.278182e-01 8.420110e-01 9.384722e-01 1.181988e-06
<GCONST> 5.767620e+01
<MIXTURE> 98 9.917808e-03
<MEAN> 25
 -1.565662e+00 8.678876e-01 2.568837e-01 3.450279e+00 2.871497e+00 2.375304e+00 2.469428e+00 1.385174e+00 1.394718e+00 5.524868e-01 5.342857e-01 9.927838e-01 -1.671862e+00 -1.264562e+00 -7.310877e-01 8.001131e-02 4.775142e-01 7.431917e-01 1.218746e+00 1.465889e+00 1.626638e+00 1.204772e+00 1.243746e+00 8.542084e-01 -2.193043e-02
<VARIANCE> 25
 1.359618e+01 1.689812e+01 2.820534e+01 3.329105e+01 3.847834e+01 3.112905e+01 2.975417e+01 2.676986e+01 2.406455e+01 2.665290e+01 2.364043e+01 2.231452e+01 1.287067e+00 1.511419e+00 2.444452e+00 2.127335e+00 2.704307e+00 2.755769e+00 2.566676e+00 2.440356e+00 2.402025e+00 2.927956e+00 2.551923e+00 1.989149e+00 2.787667e-03
<GCONST> 8.857904e+01
<MIXTURE> 99 6.696178e-03
<MEAN> 25
 -5.308120e+00 7.970575e+00 5.501275e+00 2.884581e+00 5.990838e-01 -4.381361e+00 -1.784619e+00 -3.883996e+00 -2.988874e+00 -3.467887e+00 -1.659216e+00 -8.388685e-02 3.960679e-01 -6.085900e-01 2.446098e-01 -3.987899e-01 -9.920211e-01 -5.257525e-01 -3.924793e-01 -3.221643e-01 -2.329818e-01 -1.779203e-01 1.811482e-01 2.145685e-01 9.950532e-03
<VARIANCE> 25
 3.036020e+01 2.872348e+01 3.945230e+01 2.585432e+01 2.871351e+01 3.007641e+01 2.368484e+01 2.510818e+01 2.214143e+01 2.469176e+01 1.805019e+01 2.776396e+01 2.112059e+00 1.553993e+00 1.145733e+00 1.401231e+00 2.204676e+00 1.740479e+00 1.313295e+00 1.402062e+00 1.544014e+00 1.521858e+00 1.101396e+00 1.435397e+00 1.555926e-03
<GCONST> 8.377906e+01
<MIXTURE> 100 4.498084e-03
<MEAN> 25
 -1.598898e+00 6.344724e+00 1.027679e+01 -7.462643e+00 -1.078196e+01 -5.075236e+00 -4.941616e+00 -9.968686e+00 -4.718216e+00 -8.551921e-01 -2.733360e+00 -2.708376e+00 2.917861e+00 -1.260435e+00 1.299640e+00 -2.185914e+00 -3.419448e+00 -7.841108e-01 -1.218765e+00 -8.197952e-01 -1.475504e+00 3.466329e-01 -1.655596e+00 -2.862055e-01 2.015011e-03
<VARIANCE> 25
 1.362648e+01 2.105950e+01 2.246433e+01 2.642757e+01 2.301880e+01 2.372158e+01 2.911119e+01 2.170822e+01 2.748192e+01 2.265199e+01 2.241130e+01 2.134158e+01 1.799176e+00 3.953732e+00 2.919945e+00 4.286304e+00 4.184480e+00 4.537159e+00 4.015433e+00 4.340322e+00 4.167865e+00 3.896260e+00 3.910359e+00 3.225039e+00 1.674831e-03
<GCONST> 9.256882e+01
<MIXTURE> 101 6.007792e-03
<MEAN> 25
 8.049314e+00 -3.467043e+00 -6.272846e+00 -6.792643e+00 8.462245e-01 -1.268193e+00 -1.052009e+01 -2.050826e+00 1.633990e+00 2.692743e+00 -2.379339e+00 -5.122664e+00 6.723012e-01 6.431354e-01 -1.454619e+00 -1.604049e+00 1.025812e+00 2.309906e+00 2.113307e-01 -1.446490e+00 -1.065805e+00 1.018820e+00 1.358866e+00 -4.121027e-01 -4.805682e-03
<VARIANCE> 25
 9.452263e+00 1.663058e+01 2.978623e+01 4.307560e+01 3.593695e+01 3.554981e+01 3.728446e+01 3.607933e+01 3.771712e+01 4.372593e+01 5.142321e+01 2.414443e+01 2.928061e-01 6.708310e-01 1.163477e+00 1.543646e+00 1.684855e+00 2.108805e+00 2.107812e+00 1.999191e+00 2.344839e+00 2.256364e+00 1.803456e+00 1.921625e+00 3.432022e-04
<GCONST> 8.364655e+01
<MIXTURE> 102 6.007792e-03
<MEAN> 25
 8.049314e+00 -3.467043e+00 -6.272846e+00 -6.792643e+00 8.462245e-01 -1.268193e+00 -1.052009e+01 -2.050826e+00 1.633990e+00 2.692743e+00 -2.379339e+00 -5.122664e+00 6.723012e-01 6.431354e-01 -1.454619e+00 -1.604049e+00 1.025812e+00 2.309906e+00 2.113307e-01 -1.446490e+00 -1.065805e+00 1.018820e+00 1.358866e+00 -4.121027e-01 -4.805682e-03
<VARIANCE> 25
 9.452263e+00 1.663058e+01 2.978623e+01 4.307560e+01 3.593695e+01 3.554981e+01 3.728446e+01 3.607933e+01 3.771712e+01 4.372593e+01 5.142321e+01 2.414443e+01 2.928061e-01 6.708310e-01 1.163477e+00 1.543646e+00 1.684855e+00 2.108805e+00 2.107812e+00 1.999191e+00 2.344839e+00 2.256364e+00 1.803456e+00 1.921625e+00 3.432022e-04
<GCONST> 8.364655e+01
<MIXTURE> 103 5.694618e-03
<MEAN> 25
 3.323546e+00 -9.277434e+00 -6.051316e+00 -3.029141e+00 -1.308716e+00 -1.928120e+00 2.397121e+00 2.461653e+00 -4.538600e+00 -9.103352e+00 -4.988890e+00 3.128970e-01 -1.551604e-01 -1.465924e+00 -9.587542e-01 3.589307e-01 1.185031e+00 1.029252e+00 1.646881e-01 -2.639875e-01 -7.889963e-01 -9.606150e-01 -3.624438e-02 1.265964e-01 2.655709e-02
<VARIANCE> 25
 1.037542e+01 2.170434e+01 2.276411e+01 3.140674e+01 4.722727e+01 3.446622e+01 4.581947e+01 3.612595e+01 4.163101e+01 2.985438e+01 2.985361e+01 2.634352e+01 6.435061e-01 1.255662e+00 1.538120e+00 1.925777e+00 2.916392e+00 2.412837e+00 2.869404e+00 2.560910e+00 2.543330e+00 2.511664e+00 2.069324e+00 2.002573e+00 8.092684e-04
<GCONST> 8.751051e+01
<MIXTURE> 104 5.694618e-03
<MEAN> 25
 3.323546e+00 -9.277434e+00 -6.051316e+00 -3.029141e+00 -1.308716e+00 -1.928120e+00 2.397121e+00 2.461653e+00 -4.538600e+00 -9.103352e+00 -4.988890e+00 3.128970e-01 -1.551604e-01 -1.465924e+00 -9.587542e-01 3.589307e-01 1.185031e+00 1.029252e+00 1.646881e-01 -2.639875e-01 -7.889963e-01 -9.606150e-01 -3.624438e-02 1.265964e-01 2.655709e-02
<VARIANCE> 25
 1.037542e+01 2.170434e+01 2.276411e+01 3.140674e+01 4.722727e+01 3.446622e+01 4.581947e+01 3.612595e+01 4.163101e+01 2.985438e+01 2.985361e+01 2.634352e+01 6.435061e-01 1.255662e+00 1.538120e+00 1.925777e+00 2.916392e+00 2.412837e+00 2.869404e+00 2.560910e+00 2.543330e+00 2.511664e+00 2.069324e+00 2.002573e+00 8.092684e-04
<GCONST> 8.751051e+01
<MIXTURE> 105 4.710235e-03
<MEAN> 25
 2.148347e+00 -1.364896e+00 8.049424e+00 -2.491130e+00 -1.047185e+01 -4.739201e+00 -4.029826e+00 -8.901024e-01 -3.484068e+00 -3.020432e+00 1.170701e+00 -1.184879e+00 2.525040e-02 3.421459e-02 6.151149e-02 -7.479180e-02 -1.942425e-02 2.202219e-02 -1.910971e-02 1.120136e-01 -1.937924e-02 3.712926e-02 2.561124e-02 -4.102034e-02 -3.115507e-03
<VARIANCE> 25
 1.217780e+01 2.557793e+01 4.532885e+01 4.001795e+01 4.183177e+01 4.841164e+01 3.797743e+01 3.942454e+01 3.738552e+01 3.816486e+01 3.812336e+01 2.783489e+01 8.773101e-02 1.742797e-01 3.175840e-01 3.031242e-01 3.628874e-01 4.456764e-01 4.933772e-01 5.306844e-01 4.857849e-01 4.476110e-01 3.965416e-01 4.117112e-01 1.001982e-04
<GCONST> 6.611695e+01
<MIXTURE> 106 4.710235e-03
<MEAN> 25
 2.148347e+00 -1.364896e+00 8.049424e+00 -2.491130e+00 -1.047185e+01 -4.739201e+00 -4.029826e+00 -8.901024e-01 -3.484068e+00 -3.020432e+00 1.170701e+00 -1.184879e+00 2.525040e-02 3.421459e-02 6.151149e-02 -7.479180e-02 -1.942425e-02 2.202219e-02 -1.910971e-02 1.120136e-01 -1.937924e-02 3.712926e-02 2.561124e-02 -4.102034e-02 -3.115507e-03
<VARIANCE> 25
 1.217780e+01 2.557793e+01 4.532885e+01 4.001795e+01 4.183177e+01 4.841164e+01 3.797743e+01 3.942454e+01 3.738552e+01 3.816486e+01 3.812336e+01 2.783489e+01 8.773101e-02 1.742797e-01 3.175840e-01 3.031242e-01 3.628874e-01 4.456764e-01 4.933772e-01 5.306844e-01 4.857849e-01 4.476110e-01 3.965416e-01 4.117112e-01 1.001982e-04
<GCONST> 6.611695e+01
<MIXTURE> 107 5.452374e-03
<MEAN> 25
 8.639334e+00 -2.310278e+00 -8.038198e+00 -9.558018e+00 1.965311e+00 2.957244e+00 -8.638475e+00 -4.551817e+00 -8.839419e-01 3.387166e+00 8.540021e-01 -5.072671e+00 -6.099647e-01 -7.678896e-01 8.357792e-01 1.772492e+00 2.251611e-01 -2.012414e+00 -9.219441e-01 8.479264e-01 1.766845e+00 4.719363e-02 -1.657696e+00 -8.200604e-01 -1.790014e-03
<VARIANCE> 25
 9.255034e+00 2.046165e+01 2.835685e+01 4.283181e+01 3.575797e+01 3.847110e+01 5.118265e+01 3.627688e+01 4.578751e+01 4.173266e+01 5.136127e+01 3.036946e+01 3.557457e-01 9.690995e-01 1.461649e+00 2.414955e+00 2.286448e+00 2.824041e+00 2.614530e+00 2.542532e+00 2.297865e+00 3.031350e+00 1.945824e+00 2.206508e+00 7.027254e-04
<GCONST> 8.804694e+01
<MIXTURE> 108 5.452374e-03
<MEAN> 25
 8.639334e+00 -2.310278e+00 -8.038198e+00 -9.558018e+00 1.965311e+00 2.957244e+00 -8.638475e+00 -4.551817e+00 -8.839419e-01 3.387166e+00 8.540021e-01 -5.072671e+00 -6.099647e-01 -7.678896e-01 8.357792e-01 1.772492e+00 2.251611e-01 -2.012414e+00 -9.219441e-01 8.479264e-01 1.766845e+00 4.719363e-02 -1.657696e+00 -8.200604e-01 -1.790014e-03
<VARIANCE> 25
 9.255034e+00 2.046165e+01 2.835685e+01 4.283181e+01 3.575797e+01 3.847110e+01 5.118265e+01 3.627688e+01 4.578751e+01 4.173266e+01 5.136127e+01 3.036946e+01 3.557457e-01 9.690995e-01 1.461649e+00 2.414955e+00 2.286448e+00 2.824041e+00 2.614530e+00 2.542532e+00 2.297865e+00 3.031350e+00 1.945824e+00 2.206508e+00 7.027254e-04
<GCONST> 8.804694e+01
<MIXTURE> 109 6.661064e-03
<MEAN> 25
 3.939309e+00 -9.810126e+00 -7.830050e+00 -1.273693e+00 2.448733e+00 -1.019794e-01 -1.302212e-01 1.157836e+00 -2.488042e+00 -7.912632e+00 -5.140331e+00 -7.820453e-02 -5.977020e-03 -1.206687e-01 -5.138969e-02 2.434229e-01 1.804924e-01 9.028967e-02 -1.101142e-01 -9.413453e-02 -4.480411e-02 -1.114843e-01 2.142206e-01 2.206989e-02 -3.847757e-03
<VARIANCE> 25
 8.820358e+00 2.250435e+01 2.094015e+01 2.934129e+01 3.914808e+01 3.450909e+01 4.425112e+01 3.336760e+01 4.299332e+01 3.495470e+01 2.848951e+01 2.662327e+01 2.069887e-01 4.119252e-01 5.448589e-01 6.678712e-01 1.195442e+00 1.039489e+00 1.250044e+00 1.089513e+00 1.109607e+00 9.346142e-01 8.592404e-01 8.444062e-01 1.809620e-04
<GCONST> 7.426240e+01
<MIXTURE> 110 6.661064e-03
<MEAN> 25
 3.939309e+00 -9.810126e+00 -7.830050e+00 -1.273693e+00 2.448733e+00 -1.019794e-01 -1.302212e-01 1.157836e+00 -2.488042e+00 -7.912632e+00 -5.140331e+00 -7.820453e-02 -5.977020e-03 -1.206687e-01 -5.138969e-02 2.434229e-01 1.804924e-01 9.028967e-02 -1.101142e-01 -9.413453e-02 -4.480411e-02 -1.114843e-01 2.142206e-01 2.206989e-02 -3.847757e-03
<VARIANCE> 25
 8.820358e+00 2.250435e+01 2.094015e+01 2.934129e+01 3.914808e+01 3.450909e+01 4.425112e+01 3.336760e+01 4.299332e+01 3.495470e+01 2.848951e+01 2.662327e+01 2.069887e-01 4.119252e-01 5.448589e-01 6.678712e-01 1.195442e+00 1.039489e+00 1.250044e+00 1.089513e+00 1.109607e+00 9.346142e-01 8.592404e-01 8.444062e-01 1.809620e-04
<GCONST> 7.426240e+01
<MIXTURE> 111 4.337247e-03
<MEAN> 25
 -1.007011e+00 -1.117687e-01 -8.119627e-01 3.924704e-01 2.458923e-01 -1.755202e-02 -3.395464e-01 -4.478086e-01 -8.620955e-01 -6.225526e-01 -6.742496e-01 3.893452e-01 2.164885e-02 -5.347433e-02 -1.353202e-01 -4.581422e-02 -7.095879e-02 -1.143779e-01 -3.821687e-02 -1.522279e-01 -1.063828e-01 -2.288251e-01 -2.693149e-01 -3.299066e-01 -2.042978e-03
<VARIANCE> 25
 8.026223e+00 3.715813e+00 5.666047e+00 5.883945e+00 7.867203e+00 1.274804e+01 1.034605e+01 1.093490e+01 1.264202e+01 9.721650e+00 9.292679e+00 9.864007e+00 1.137032e-01 1.708004e-01 2.992378e-01 4.586602e-01 5.037448e-01 8.491780e-01 8.683223e-01 1.078722e+00 7.955604e-01 8.635246e-01 7.613351e-01 1.122946e+00 4.290865e-05
<GCONST> 5.408453e+01
<MIXTURE> 112 4.337247e-03
<MEAN> 25
 -1.007011e+00 -1.117687e-01 -8.119627e-01 3.924704e-01 2.458923e-01 -1.755202e-02 -3.395464e-01 -4.478086e-01 -8.620955e-01 -6.225526e-01 -6.742496e-01 3.893452e-01 2.164885e-02 -5.347433e-02 -1.353202e-01 -4.581422e-02 -7.095879e-02 -1.143779e-01 -3.821687e-02 -1.522279e-01 -1.063828e-01 -2.288251e-01 -2.693149e-01 -3.299066e-01 -2.042978e-03
<VARIANCE> 25
 8.026223e+00 3.715813e+00 5.666047e+00 5.883945e+00 7.867203e+00 1.274804e+01 1.034605e+01 1.093490e+01 1.264202e+01 9.721650e+00 9.292679e+00 9.864007e+00 1.137032e-01 1.708004e-01 2.992378e-01 4.586602e-01 5.037448e-01 8.491780e-01 8.683223e-01 1.078722e+00 7.955604e-01 8.635246e-01 7.613351e-01 1.122946e+00 4.290865e-05
<GCONST> 5.408453e+01
<MIXTURE> 113 5.938666e-03
<MEAN> 25
 9.967070e+00 1.751127e+00 -8.767633e+00 -1.701753e+01 -1.033098e+00 5.649902e+00 -5.269416e+00 -1.462951e+00 -5.686123e+00 -4.998067e-01 2.928291e-01 -2.016145e-01 4.725951e-03 1.405832e-02 -5.938085e-02 -1.146719e-01 1.034069e-01 1.506068e-01 5.867556e-02 3.552334e-02 -5.720811e-02 -5.003085e-02 1.797586e-01 3.576640e-02 -1.409979e-03
<VARIANCE> 25
 8.920252e+00 1.636788e+01 2.971521e+01 3.459407e+01 5.263804e+01 3.385504e+01 3.971650e+01 3.908096e+01 3.736437e+01 4.635469e+01 3.625303e+01 2.839853e+01 1.218530e-01 3.205139e-01 3.157936e-01 6.324285e-01 6.126512e-01 6.527905e-01 7.761354e-01 8.445420e-01 9.583818e-01 9.055462e-01 7.236205e-01 7.135543e-01 1.246232e-04
<GCONST> 7.110734e+01
<MIXTURE> 114 5.938666e-03
<MEAN> 25
 9.967070e+00 1.751127e+00 -8.767633e+00 -1.701753e+01 -1.033098e+00 5.649902e+00 -5.269416e+00 -1.462951e+00 -5.686123e+00 -4.998067e-01 2.928291e-01 -2.016145e-01 4.725951e-03 1.405832e-02 -5.938085e-02 -1.146719e-01 1.034069e-01 1.506068e-01 5.867556e-02 3.552334e-02 -5.720811e-02 -5.003085e-02 1.797586e-01 3.576640e-02 -1.409979e-03
<VARIANCE> 25
 8.920252e+00 1.636788e+01 2.971521e+01 3.459407e+01 5.263804e+01 3.385504e+01 3.971650e+01 3.908096e+01 3.736437e+01 4.635469e+01 3.625303e+01 2.839853e+01 1.218530e-01 3.205139e-01 3.157936e-01 6.324285e-01 6.126512e-01 6.527905e-01 7.761354e-01 8.445420e-01 9.583818e-01 9.055462e-01 7.236205e-01 7.135543e-01 1.246232e-04
<GCONST> 7.110734e+01
<MIXTURE> 115 2.935202e-03
<MEAN> 25
 -3.184759e+00 -6.289048e-01 -2.701898e+00 3.182691e+00 2.144520e+00 -2.972277e-01 1.781723e+00 2.876712e-01 1.166095e+00 7.746691e-03 1.859084e-01 2.459033e+00 8.128801e-03 -8.883358e-02 -2.094079e-01 -4.232758e-01 -6.240088e-01 -7.152679e-01 -5.610615e-01 -5.749658e-01 -4.396396e-01 -4.165781e-01 -2.981971e-01 -1.849889e-01 9.155607e-05
<VARIANCE> 25
 1.267987e+01 9.146290e+00 1.255781e+01 1.237449e+01 1.281570e+01 1.826507e+01 1.669908e+01 1.957900e+01 1.689572e+01 1.566219e+01 1.762370e+01 1.403513e+01 2.154173e-01 3.369966e-01 4.752563e-01 6.171643e-01 5.977341e-01 7.218064e-01 9.993046e-01 1.120844e+00 1.027615e+00 9.115795e-01 9.701231e-01 1.285215e+00 1.231363e-06
<GCONST> 6.005212e+01
<MIXTURE> 116 2.935202e-03
<MEAN> 25
 -3.184759e+00 -6.289048e-01 -2.701898e+00 3.182691e+00 2.144520e+00 -2.972277e-01 1.781723e+00 2.876712e-01 1.166095e+00 7.746691e-03 1.859084e-01 2.459033e+00 8.128801e-03 -8.883358e-02 -2.094079e-01 -4.232758e-01 -6.240088e-01 -7.152679e-01 -5.610615e-01 -5.749658e-01 -4.396396e-01 -4.165781e-01 -2.981971e-01 -1.849889e-01 9.155607e-05
<VARIANCE> 25
 1.267987e+01 9.146290e+00 1.255781e+01 1.237449e+01 1.281570e+01 1.826507e+01 1.669908e+01 1.957900e+01 1.689572e+01 1.566219e+01 1.762370e+01 1.403513e+01 2.154173e-01 3.369966e-01 4.752563e-01 6.171643e-01 5.977341e-01 7.218064e-01 9.993046e-01 1.120844e+00 1.027615e+00 9.115795e-01 9.701231e-01 1.285215e+00 1.231363e-06
<GCONST> 6.005212e+01
<MIXTURE> 117 6.506003e-03
<MEAN> 25
 -4.642898e+00 1.117323e+00 1.054031e+00 9.755121e+00 6.258419e+00 6.256031e+00 6.461414e+00 5.042751e+00 6.384048e+00 4.928255e+00 6.366321e+00 2.710349e+00 -7.512698e-02 -2.342034e-01 -3.583399e-01 -4.200135e-01 -3.674924e-01 -3.027903e-01 -2.871726e-01 -3.317277e-01 -3.917325e-01 -3.690072e-01 -2.631464e-01 -1.162289e-01 -8.838161e-06
<VARIANCE> 25
 7.194577e+00 8.753382e+00 9.807565e+00 1.433892e+01 1.562409e+01 1.534876e+01 1.773248e+01 1.796988e+01 1.640993e+01 1.637123e+01 1.673936e+01 1.475219e+01 2.166919e-01 3.075778e-01 4.260158e-01 6.173456e-01 8.536834e-01 1.055162e+00 1.177773e+00 1.233207e+00 1.223861e+00 1.194585e+00 1.166897e+00 1.114249e+00 1.000462e-06
<GCONST> 6.043446e+01
<MIXTURE> 118 6.506003e-03
<MEAN> 25
 -4.642898e+00 1.117323e+00 1.054031e+00 9.755121e+00 6.258419e+00 6.256031e+00 6.461414e+00 5.042751e+00 6.384048e+00 4.928255e+00 6.366321e+00 2.710349e+00 -7.512698e-02 -2.342034e-01 -3.583399e-01 -4.200135e-01 -3.674924e-01 -3.027903e-01 -2.871726e-01 -3.317277e-01 -3.917325e-01 -3.690072e-01 -2.631464e-01 -1.162289e-01 -8.838161e-06
<VARIANCE> 25
 7.194577e+00 8.753382e+00 9.807565e+00 1.433892e+01 1.562409e+01 1.534876e+01 1.773248e+01 1.796988e+01 1.640993e+01 1.637123e+01 1.673936e+01 1.475219e+01 2.166919e-01 3.075778e-01 4.260158e-01 6.173456e-01 8.536834e-01 1.055162e+00 1.177773e+00 1.233207e+00 1.223861e+00 1.194585e+00 1.166897e+00 1.114249e+00 1.000462e-06
<GCONST> 6.043446e+01
<MIXTURE> 119 4.297961e-03
<MEAN> 25
 -4.792151e+00 -6.917588e+00 2.093663e+00 1.750224e+00 1.796521e+00 2.226551e-01 4.889333e+00 5.252701e+00 1.098203e+00 1.114232e+00 6.124551e+00 1.448381e+00 -2.923756e-02 -8.282306e-02 7.853135e-03 -4.659594e-02 -9.444766e-02 -1.940105e-01 -9.007750e-02 -5.133227e-02 -1.586806e-01 -1.025540e-01 -8.149464e-02 -4.078284e-02 -4.587150e-04
<VARIANCE> 25
 8.482497e+00 1.198852e+01 1.550782e+01 1.876135e+01 2.152456e+01 2.163096e+01 2.352138e+01 2.665959e+01 2.413005e+01 2.634757e+01 2.050498e+01 1.915336e+01 1.728758e-01 2.773252e-01 4.566085e-01 6.065975e-01 7.658873e-01 9.604489e-01 1.044126e+00 1.223266e+00 1.273464e+00 1.260887e+00 1.150517e+00 1.237455e+00 2.570926e-04
<GCONST> 6.943121e+01
<MIXTURE> 120 4.297961e-03
<MEAN> 25
 -4.792151e+00 -6.917588e+00 2.093663e+00 1.750224e+00 1.796521e+00 2.226551e-01 4.889333e+00 5.252701e+00 1.098203e+00 1.114232e+00 6.124551e+00 1.448381e+00 -2.923756e-02 -8.282306e-02 7.853135e-03 -4.659594e-02 -9.444766e-02 -1.940105e-01 -9.007750e-02 -5.133227e-02 -1.586806e-01 -1.025540e-01 -8.149464e-02 -4.078284e-02 -4.587150e-04
<VARIANCE> 25
 8.482497e+00 1.198852e+01 1.550782e+01 1.876135e+01 2.152456e+01 2.163096e+01 2.352138e+01 2.665959e+01 2.413005e+01 2.634757e+01 2.050498e+01 1.915336e+01 1.728758e-01 2.773252e-01 4.566085e-01 6.065975e-01 7.658873e-01 9.604489e-01 1.044126e+00 1.223266e+00 1.273464e+00 1.260887e+00 1.150517e+00 1.237455e+00 2.570926e-04
<GCONST> 6.943121e+01
<MIXTURE> 121 4.567511e-03
<MEAN> 25
 1.984945e-01 -2.485812e+00 4.874402e+00 -1.236396e+01 -1.223517e+01 -1.667885e+00 9.002854e-01 -4.965707e+00 -4.074510e+00 -5.677851e-01 -5.424894e+00 -4.232096e+00 3.898139e-02 1.367135e-01 -4.442834e-02 8.963124e-02 1.680831e-01 6.459805e-02 -8.943956e-02 -1.566742e-01 -2.427929e-01 -2.561846e-01 -1.186694e-01 -7.638977e-03 -7.492469e-03
<VARIANCE> 25
 7.627939e+00 1.502185e+01 1.799025e+01 2.466849e+01 2.639499e+01 2.809634e+01 2.850439e+01 2.420160e+01 3.444900e+01 2.741872e+01 1.919130e+01 2.043156e+01 1.590543e-01 6.281969e-01 6.160532e-01 7.156172e-01 7.628668e-01 1.124606e+00 1.090237e+00 1.109237e+00 1.230028e+00 1.164844e+00 9.206535e-01 9.010236e-01 2.155219e-04
<GCONST> 7.139581e+01
<MIXTURE> 122 4.567511e-03
<MEAN> 25
 1.984945e-01 -2.485812e+00 4.874402e+00 -1.236396e+01 -1.223517e+01 -1.667885e+00 9.002854e-01 -4.965707e+00 -4.074510e+00 -5.677851e-01 -5.424894e+00 -4.232096e+00 3.898139e-02 1.367135e-01 -4.442834e-02 8.963124e-02 1.680831e-01 6.459805e-02 -8.943956e-02 -1.566742e-01 -2.427929e-01 -2.561846e-01 -1.186694e-01 -7.638977e-03 -7.492469e-03
<VARIANCE> 25
 7.627939e+00 1.502185e+01 1.799025e+01 2.466849e+01 2.639499e+01 2.809634e+01 2.850439e+01 2.420160e+01 3.444900e+01 2.741872e+01 1.919130e+01 2.043156e+01 1.590543e-01 6.281969e-01 6.160532e-01 7.156172e-01 7.628668e-01 1.124606e+00 1.090237e+00 1.109237e+00 1.230028e+00 1.164844e+00 9.206535e-01 9.010236e-01 2.155219e-04
<GCONST> 7.139581e+01
<MIXTURE> 123 4.393044e-03
<MEAN> 25
 -2.195240e+00 6.269622e-01 1.564374e-01 3.542815e+00 3.537830e+00 1.531275e+00 1.565390e+00 -1.204440e-01 -4.099347e-01 -6.424431e-01 -1.127029e-01 6.709396e-01 -2.435181e-01 -6.088971e-01 -7.647832e-01 -4.952646e-01 -2.836648e-01 2.461326e-01 5.340656e-01 6.558778e-01 8.443806e-01 8.142136e-01 7.243134e-01 4.850256e-01 -2.686576e-03
<VARIANCE> 25
 1.337744e+01 6.302343e+00 1.073803e+01 1.430341e+01 1.807610e+01 2.291366e+01 1.995576e+01 1.214707e+01 1.536887e+01 1.150242e+01 1.487244e+01 1.625473e+01 3.985479e-01 3.410650e-01 4.165797e-01 4.918126e-01 1.115303e+00 1.041279e+00 1.053074e+00 1.035499e+00 9.837938e-01 1.264432e+00 8.919325e-01 1.300765e+00 1.533108e-04
<GCONST> 6.583448e+01
<MIXTURE> 124 4.069876e-03
<MEAN> 25
 -5.772508e+00 -1.139002e+00 -2.807386e+00 4.784336e+00 4.690200e+00 3.302074e+00 5.235209e+00 2.390610e+00 3.067586e+00 9.987208e-01 9.299395e-01 2.765308e+00 -2.086341e-01 -3.021528e-01 -3.851933e-01 -2.490276e-01 1.634041e-01 6.096189e-01 8.805915e-01 8.567230e-01 6.051338e-01 3.113279e-01 9.580475e-02 -2.879033e-02 4.530902e-05
<VARIANCE> 25
 1.703885e+01 6.599751e+00 1.049905e+01 1.275622e+01 1.208098e+01 1.894195e+01 1.522687e+01 1.639566e+01 1.508271e+01 1.651756e+01 1.916078e+01 1.491539e+01 1.100834e-01 1.730513e-01 2.756030e-01 4.020119e-01 5.916421e-01 8.126850e-01 7.974355e-01 8.466694e-01 9.306806e-01 9.902787e-01 9.522859e-01 9.607468e-01 1.925676e-05
<GCONST> 5.937906e+01
<MIXTURE> 125 4.069876e-03
<MEAN> 25
 -5.772508e+00 -1.139002e+00 -2.807386e+00 4.784336e+00 4.690200e+00 3.302074e+00 5.235209e+00 2.390610e+00 3.067586e+00 9.987208e-01 9.299395e-01 2.765308e+00 -2.086341e-01 -3.021528e-01 -3.851933e-01 -2.490276e-01 1.634041e-01 6.096189e-01 8.805915e-01 8.567230e-01 6.051338e-01 3.113279e-01 9.580475e-02 -2.879033e-02 4.530902e-05
<VARIANCE> 25
 1.703885e+01 6.599751e+00 1.049905e+01 1.275622e+01 1.208098e+01 1.894195e+01 1.522687e+01 1.639566e+01 1.508271e+01 1.651756e+01 1.916078e+01 1.491539e+01 1.100834e-01 1.730513e-01 2.756030e-01 4.020119e-01 5.916421e-01 8.126850e-01 7.974355e-01 8.466694e-01 9.306806e-01 9.902787e-01 9.522859e-01 9.607468e-01 1.925676e-05
<GCONST> 5.937906e+01
<MIXTURE> 126 2.402244e-03
<MEAN> 25
 -3.349880e+00 -6.117713e+00 -4.707192e+00 1.802172e+00 3.593051e+00 -2.920911e+00 -1.882492e-02 3.030231e+00 2.897602e+00 -2.369627e+00 -1.406374e+00 2.502267e+00 5.196683e-02 -9.150295e-03 -8.552841e-02 -1.560869e-01 -3.499593e-01 -4.037639e-01 -2.863884e-01 -1.722169e-01 -1.432114e-01 -1.836403e-01 -1.649233e-01 -3.816584e-02 -2.936894e-03
<VARIANCE> 25
 8.125916e+00 1.465512e+01 1.452462e+01 1.520936e+01 2.417424e+01 2.189645e+01 2.056958e+01 2.708258e+01 2.981025e+01 2.454501e+01 2.003220e+01 1.943122e+01 1.926432e-01 3.265322e-01 4.794766e-01 5.583754e-01 7.212589e-01 9.169054e-01 1.064484e+00 1.199829e+00 1.298501e+00 1.352286e+00 1.365314e+00 1.248133e+00 2.376621e-04
<GCONST> 6.977704e+01
<MIXTURE> 127 2.402244e-03
<MEAN> 25
 -3.349880e+00 -6.117713e+00 -4.707192e+00 1.802172e+00 3.593051e+00 -2.920911e+00 -1.882492e-02 3.030231e+00 2.897602e+00 -2.369627e+00 -1.406374e+00 2.502267e+00 5.196683e-02 -9.150295e-03 -8.552841e-02 -1.560869e-01 -3.499593e-01 -4.037639e-01 -2.863884e-01 -1.722169e-01 -1.432114e-01 -1.836403e-01 -1.649233e-01 -3.816584e-02 -2.936894e-03
<VARIANCE> 25
 8.125916e+00 1.465512e+01 1.452462e+01 1.520936e+01 2.417424e+01 2.189645e+01 2.056958e+01 2.708258e+01 2.981025e+01 2.454501e+01 2.003220e+01 1.943122e+01 1.926432e-01 3.265322e-01 4.794766e-01 5.583754e-01 7.212589e-01 9.169054e-01 1.064484e+00 1.199829e+00 1.298501e+00 1.352286e+00 1.365314e+00 1.248133e+00 2.376621e-04
<GCONST> 6.977704e+01
<MIXTURE> 128 3.790457e-03
<MEAN> 25
 -3.645195e+00 1.887249e+00 -1.750005e-01 5.789324e+00 2.759132e+00 2.275673e+00 3.967408e+00 2.449578e+00 3.144579e+00 3.695809e+00 3.970315e+00 4.130037e+00 -4.264625e-01 -3.116211e-01 1.031142e-01 7.552345e-01 1.193366e+00 1.028244e+00 4.131165e-01 1.878214e-03 -4.558371e-01 -7.246436e-01 -6.566502e-01 -3.509911e-01 -1.244505e-05
<VARIANCE> 25
 1.020102e+01 1.232963e+01 1.375777e+01 2.214538e+01 2.391657e+01 2.117355e+01 2.429855e+01 2.236467e+01 3.142526e+01 2.150113e+01 2.481602e+01 2.059886e+01 8.206255e-01 1.240750e+00 1.284458e+00 1.362104e+00 1.425535e+00 1.779439e+00 2.850383e+00 2.234509e+00 1.934552e+00 1.700674e+00 1.599640e+00 1.594009e+00 9.412051e-07
<GCONST> 7.338886e+01
<TRANSP> 3
 0.000000e+00 1.000000e+00 0.000000e+00
 0.000000e+00 9.999990e-01 9.999998e-07
 0.000000e+00 0.000000e+00 0.000000e+00
<ENDHMM>
