~o
<STREAMINFO> 1 25
<VECSIZE> 25<NULLD><MFCC_E_D_N><DIAGC>
~h "jmodel"
<BEGINHMM>
<NUMSTATES> 3
<STATE> 2
<NUMMIXES> 128
<MIXTURE> 1 5.748963e-03
<MEAN> 25
 -2.584157e+00 3.181574e+00 2.312203e+00 8.755558e+00 4.372323e+00 3.449565e+00 4.062850e+00 3.935656e+00 5.832198e+00 5.253484e+00 5.885231e+00 3.080343e+00 -2.004815e+00 -1.634980e+00 -8.643195e-01 1.076195e+00 1.560946e+00 2.232677e+00 2.154751e+00 2.085160e+00 1.693626e+00 1.269758e+00 1.567641e+00 6.133689e-01 -4.693084e-02
<VARIANCE> 25
 1.006378e+01 1.176081e+01 1.494565e+01 1.868047e+01 2.319117e+01 2.215124e+01 2.189555e+01 2.197752e+01 2.100030e+01 2.253753e+01 2.094588e+01 1.708312e+01 1.788788e+00 2.111551e+00 3.026279e+00 3.209944e+00 3.739542e+00 3.356560e+00 3.318762e+00 3.380297e+00 3.521707e+00 3.727158e+00 3.513660e+00 2.834371e+00 3.121470e-03
<GCONST> 8.846385e+01
<MIXTURE> 2 4.549242e-03
<MEAN> 25
 -4.875671e+00 1.311720e+00 9.943511e-01 9.899809e+00 6.692275e+00 7.424650e+00 7.847087e+00 6.958091e+00 8.373269e+00 6.373019e+00 7.624402e+00 3.074697e+00 -6.200235e-02 4.161923e-02 1.425301e-01 2.258583e-01 2.652900e-01 2.813653e-01 2.954302e-01 3.195550e-01 3.497573e-01 3.089160e-01 1.971766e-01 8.006547e-02 1.228299e-06
<VARIANCE> 25
 6.952293e+00 8.901894e+00 1.065126e+01 1.591096e+01 1.723581e+01 1.556308e+01 1.689898e+01 1.848562e+01 1.658668e+01 1.738619e+01 1.811029e+01 1.434002e+01 1.252503e-01 2.266278e-01 3.364712e-01 4.671271e-01 6.492781e-01 8.148874e-01 9.298787e-01 1.003176e+00 1.051662e+00 1.077774e+00 1.075658e+00 1.013934e+00 1.000000e-06
<GCONST> 5.804302e+01
<MIXTURE> 3 4.549242e-03
<MEAN> 25
 -4.875671e+00 1.311720e+00 9.943511e-01 9.899809e+00 6.692275e+00 7.424650e+00 7.847087e+00 6.958091e+00 8.373269e+00 6.373019e+00 7.624402e+00 3.074697e+00 -6.200235e-02 4.161923e-02 1.425301e-01 2.258583e-01 2.652900e-01 2.813653e-01 2.954302e-01 3.195550e-01 3.497573e-01 3.089160e-01 1.971766e-01 8.006547e-02 1.228299e-06
<VARIANCE> 25
 6.952293e+00 8.901894e+00 1.065126e+01 1.591096e+01 1.723581e+01 1.556308e+01 1.689898e+01 1.848562e+01 1.658668e+01 1.738619e+01 1.811029e+01 1.434002e+01 1.252503e-01 2.266278e-01 3.364712e-01 4.671271e-01 6.492781e-01 8.148874e-01 9.298787e-01 1.003176e+00 1.051662e+00 1.077774e+00 1.075658e+00 1.013934e+00 1.000000e-06
<GCONST> 5.804302e+01
<MIXTURE> 4 1.671429e-02
<MEAN> 25
 3.441414e+00 2.551053e+00 -3.801044e+00 9.388918e-01 4.324571e+00 -2.120147e-01 7.345793e-02 9.724412e-03 1.506575e+00 1.302009e+00 -1.888435e+00 1.040265e-01 -2.772123e+00 1.218103e+00 1.778213e+00 3.092398e+00 9.219865e-01 5.018524e-01 1.518333e+00 1.044363e+00 9.765116e-01 4.319624e-01 1.241604e+00 8.999327e-01 -1.041115e-01
<VARIANCE> 25
 2.117764e+01 2.952916e+01 2.922100e+01 3.982655e+01 4.574520e+01 6.881336e+01 6.535222e+01 5.379382e+01 5.544903e+01 6.222353e+01 4.980566e+01 3.594468e+01 2.348828e+00 5.057541e+00 3.736378e+00 4.945454e+00 5.022180e+00 6.164742e+00 6.105492e+00 5.577028e+00 5.970109e+00 6.436882e+00 6.122107e+00 4.466288e+00 6.090149e-03
<GCONST> 1.055085e+02
<MIXTURE> 5 3.206198e-03
<MEAN> 25
 -3.416925e+00 2.181076e+00 6.104290e-01 9.428235e+00 6.696615e+00 6.315761e+00 7.112112e+00 4.723151e+00 5.495725e+00 3.848060e+00 4.658294e+00 2.606318e+00 -3.246243e-01 7.528476e-01 1.224786e+00 1.032635e+00 3.076927e-01 -1.001582e-01 -8.383951e-02 3.351388e-02 4.579634e-01 6.836875e-01 4.038771e-01 8.803667e-02 -2.775107e-05
<VARIANCE> 25
 1.025055e+01 1.394290e+01 2.348535e+01 2.562142e+01 2.022411e+01 1.942585e+01 2.011454e+01 2.035948e+01 2.141970e+01 2.128416e+01 2.409909e+01 1.636100e+01 1.210026e+00 1.244376e+00 1.357130e+00 1.673466e+00 2.284806e+00 2.376276e+00 2.301489e+00 2.275406e+00 2.315479e+00 2.238217e+00 2.085495e+00 1.873877e+00 1.000043e-06
<GCONST> 7.516677e+01
<MIXTURE> 6 5.475854e-03
<MEAN> 25
 9.701890e+00 -4.177306e-01 -6.691434e+00 -1.104532e+01 -2.116916e+00 6.734712e+00 -5.899689e+00 -5.296712e+00 -3.657092e+00 1.829389e+00 4.643963e+00 -1.252308e+00 4.850887e-01 8.962042e-01 -3.509593e-01 -1.468717e+00 -6.382383e-01 1.314977e+00 1.536722e+00 2.476346e-01 -1.218754e+00 -1.218272e+00 3.229497e-01 1.228663e+00 -8.162673e-03
<VARIANCE> 25
 8.968045e+00 1.707825e+01 2.395706e+01 3.912015e+01 3.678082e+01 3.064895e+01 4.407417e+01 3.807066e+01 4.075423e+01 3.947314e+01 4.210556e+01 2.841757e+01 3.115785e-01 8.572863e-01 9.457178e-01 1.978071e+00 1.605882e+00 2.015757e+00 1.919290e+00 2.051716e+00 2.398721e+00 1.963881e+00 2.246346e+00 1.438190e+00 5.859817e-04
<GCONST> 8.387640e+01
<MIXTURE> 7 5.475854e-03
<MEAN> 25
 9.701890e+00 -4.177306e-01 -6.691434e+00 -1.104532e+01 -2.116916e+00 6.734712e+00 -5.899689e+00 -5.296712e+00 -3.657092e+00 1.829389e+00 4.643963e+00 -1.252308e+00 4.850887e-01 8.962042e-01 -3.509593e-01 -1.468717e+00 -6.382383e-01 1.314977e+00 1.536722e+00 2.476346e-01 -1.218754e+00 -1.218272e+00 3.229497e-01 1.228663e+00 -8.162673e-03
<VARIANCE> 25
 8.968045e+00 1.707825e+01 2.395706e+01 3.912015e+01 3.678082e+01 3.064895e+01 4.407417e+01 3.807066e+01 4.075423e+01 3.947314e+01 4.210556e+01 2.841757e+01 3.115785e-01 8.572863e-01 9.457178e-01 1.978071e+00 1.605882e+00 2.015757e+00 1.919290e+00 2.051716e+00 2.398721e+00 1.963881e+00 2.246346e+00 1.438190e+00 5.859817e-04
<GCONST> 8.387640e+01
<MIXTURE> 8 1.165917e-02
<MEAN> 25
 -4.730201e+00 1.362756e+00 1.292720e+00 9.559700e+00 6.575374e+00 6.255101e+00 6.480235e+00 5.688758e+00 6.659201e+00 5.632429e+00 6.573450e+00 3.152937e+00 -6.297933e-01 -1.425745e+00 -1.071307e+00 -1.731254e+00 -2.312439e-01 -9.456183e-01 -1.777573e-01 -2.895798e-01 -2.530081e-01 -1.740017e-01 -2.133414e-01 8.134709e-02 9.889346e-02
<VARIANCE> 25
 9.340154e+00 9.847087e+00 1.161081e+01 1.605380e+01 1.663473e+01 1.570588e+01 1.812829e+01 1.751074e+01 1.704186e+01 1.737520e+01 1.887683e+01 1.399801e+01 2.757241e+00 2.815526e+00 3.907043e+00 3.761741e+00 3.455991e+00 3.315901e+00 3.128892e+00 3.080705e+00 2.871891e+00 2.655823e+00 2.434888e+00 1.902103e+00 6.681973e-03
<GCONST> 8.628764e+01
<MIXTURE> 9 1.199672e-02
<MEAN> 25
 9.301926e+00 3.394498e+00 -6.209774e+00 -1.067621e+01 -2.213502e+00 4.968987e+00 -2.208708e+00 -2.304512e+00 -5.395201e+00 -1.256740e+00 5.693942e-01 -1.025066e-02 1.441233e+00 -1.286732e-01 -4.914057e-01 -2.704854e+00 -1.646770e+00 8.552886e-01 -9.725576e-01 -2.307306e-01 -1.804425e-01 -5.770660e-01 6.150119e-01 -1.526421e-01 7.334767e-02
<VARIANCE> 25
 1.221801e+01 2.140626e+01 3.355630e+01 5.350298e+01 5.017736e+01 3.229089e+01 4.320246e+01 5.216827e+01 4.207880e+01 4.159646e+01 3.612046e+01 2.692371e+01 2.088161e+00 2.451006e+00 4.573497e+00 4.876288e+00 5.010315e+00 4.096214e+00 4.237770e+00 6.042544e+00 5.039400e+00 4.079877e+00 4.016096e+00 2.804705e+00 2.212829e-03
<GCONST> 9.879797e+01
<MIXTURE> 10 6.596976e-03
<MEAN> 25
 8.210059e-01 7.634367e+00 5.375957e+00 7.148989e+00 1.587359e+00 -2.115164e+00 -5.181956e-01 -1.685375e+00 8.743564e-01 8.599326e-01 8.390179e-01 6.573990e-01 -1.924940e+00 -6.733400e-01 -4.585977e-01 3.028214e+00 2.463276e+00 2.710474e+00 2.373911e+00 2.277892e+00 1.861639e+00 1.545136e+00 2.335875e+00 5.248725e-01 -1.381432e-01
<VARIANCE> 25
 1.954187e+01 2.068566e+01 2.230444e+01 2.906123e+01 3.831321e+01 3.494081e+01 3.514595e+01 3.384125e+01 2.761283e+01 2.904954e+01 2.695905e+01 2.501452e+01 2.234845e+00 3.426175e+00 5.535602e+00 5.169560e+00 5.552354e+00 4.469520e+00 4.699816e+00 4.843578e+00 4.388601e+00 5.021101e+00 4.442219e+00 3.191094e+00 2.696751e-03
<GCONST> 9.745956e+01
<MIXTURE> 11 1.633820e-02
<MEAN> 25
 7.908391e+00 4.360098e+00 3.595782e+00 5.243536e+00 -3.324320e+00 -2.084939e+00 -2.430182e+00 -6.587523e+00 -3.584364e+00 1.295130e-01 -2.630578e+00 -2.202843e+00 -2.687057e-01 5.336313e-01 1.806025e-01 2.812187e-01 5.156139e-01 -6.324662e-02 2.610253e-01 -1.528703e-01 -1.789774e-01 -3.650600e-02 -1.486637e-01 1.569204e-01 -1.694547e-02
<VARIANCE> 25
 1.055952e+01 2.434591e+01 2.026783e+01 3.182002e+01 3.926675e+01 3.950875e+01 4.901929e+01 4.398717e+01 4.393521e+01 3.576124e+01 3.534036e+01 2.956993e+01 9.463161e-01 1.256776e+00 1.708140e+00 2.236120e+00 2.091795e+00 2.186983e+00 2.142949e+00 2.807057e+00 2.167515e+00 1.991442e+00 1.893843e+00 1.607797e+00 9.761928e-04
<GCONST> 8.777226e+01
<MIXTURE> 12 5.904134e-03
<MEAN> 25
 1.076536e+01 3.743655e+00 -4.502481e+00 -1.599355e+01 -8.696232e+00 8.642577e+00 -8.969232e-01 -1.922089e+00 -1.723004e+00 -4.886480e+00 1.774625e+00 7.166733e-01 6.775030e-02 2.937636e-01 7.962831e-02 -3.682728e-01 -3.102832e-01 2.957781e-02 3.055698e-01 4.478100e-01 1.410509e-01 -3.847371e-01 -3.855808e-01 5.390834e-02 -6.302761e-03
<VARIANCE> 25
 8.884963e+00 2.100187e+01 2.335671e+01 3.503366e+01 4.206043e+01 3.096013e+01 4.179689e+01 4.898146e+01 4.406332e+01 3.738920e+01 3.799770e+01 2.892700e+01 2.468036e-01 6.883423e-01 6.860388e-01 1.169896e+00 1.186463e+00 1.053874e+00 1.171104e+00 1.386181e+00 1.240562e+00 1.222285e+00 1.221500e+00 9.564614e-01 5.786332e-04
<GCONST> 7.892089e+01
<MIXTURE> 13 5.904134e-03
<MEAN> 25
 1.076536e+01 3.743655e+00 -4.502481e+00 -1.599355e+01 -8.696232e+00 8.642577e+00 -8.969232e-01 -1.922089e+00 -1.723004e+00 -4.886480e+00 1.774625e+00 7.166733e-01 6.775030e-02 2.937636e-01 7.962831e-02 -3.682728e-01 -3.102832e-01 2.957781e-02 3.055698e-01 4.478100e-01 1.410509e-01 -3.847371e-01 -3.855808e-01 5.390834e-02 -6.302761e-03
<VARIANCE> 25
 8.884963e+00 2.100187e+01 2.335671e+01 3.503366e+01 4.206043e+01 3.096013e+01 4.179689e+01 4.898146e+01 4.406332e+01 3.738920e+01 3.799770e+01 2.892700e+01 2.468036e-01 6.883423e-01 6.860388e-01 1.169896e+00 1.186463e+00 1.053874e+00 1.171104e+00 1.386181e+00 1.240562e+00 1.222285e+00 1.221500e+00 9.564614e-01 5.786332e-04
<GCONST> 7.892089e+01
<MIXTURE> 14 6.488954e-03
<MEAN> 25
 -4.313056e+00 -3.806579e-01 -3.099008e-01 8.901588e+00 7.507995e+00 7.372460e+00 7.835778e+00 7.324111e+00 7.245850e+00 5.219162e+00 6.849483e+00 4.092317e+00 -2.728772e-01 1.952852e-01 3.664393e-01 3.090561e-01 3.049899e-03 5.759563e-02 9.682687e-02 1.782678e-01 2.962545e-01 5.413042e-01 5.085678e-01 7.934911e-02 -9.304839e-03
<VARIANCE> 25
 9.290418e+00 1.383497e+01 1.859723e+01 1.786245e+01 2.089590e+01 1.958634e+01 2.146731e+01 2.059488e+01 2.007107e+01 2.390756e+01 2.152962e+01 1.600964e+01 9.617704e-01 1.639415e+00 1.771190e+00 1.933104e+00 2.248717e+00 2.258226e+00 2.252157e+00 2.237335e+00 2.281177e+00 2.504101e+00 2.194667e+00 1.816496e+00 1.028670e-03
<GCONST> 8.190521e+01
<MIXTURE> 15 2.475190e-03
<MEAN> 25
 -5.391423e+00 -6.454706e-01 -2.038386e-01 7.321044e+00 5.693361e+00 5.675045e+00 6.043865e+00 4.970624e+00 5.145265e+00 4.133712e+00 5.483476e+00 2.520659e+00 -1.196061e-01 -3.072307e-02 7.506181e-02 2.480178e-01 4.930214e-01 7.867437e-01 1.075344e+00 1.180810e+00 1.055903e+00 7.503330e-01 4.196373e-01 1.537338e-01 -6.984545e-05
<VARIANCE> 25
 7.119413e+00 5.585644e+00 9.017596e+00 1.312274e+01 1.411912e+01 1.433493e+01 1.488922e+01 1.483346e+01 1.409028e+01 1.418742e+01 1.509925e+01 1.250670e+01 1.248126e-01 2.069730e-01 3.195794e-01 5.054632e-01 7.007944e-01 7.920779e-01 7.638820e-01 7.923009e-01 9.094875e-01 1.027595e+00 1.067410e+00 1.037269e+00 2.825550e-05
<GCONST> 5.864003e+01
<MIXTURE> 16 2.475190e-03
<MEAN> 25
 -5.391423e+00 -6.454706e-01 -2.038386e-01 7.321044e+00 5.693361e+00 5.675045e+00 6.043865e+00 4.970624e+00 5.145265e+00 4.133712e+00 5.483476e+00 2.520659e+00 -1.196061e-01 -3.072307e-02 7.506181e-02 2.480178e-01 4.930214e-01 7.867437e-01 1.075344e+00 1.180810e+00 1.055903e+00 7.503330e-01 4.196373e-01 1.537338e-01 -6.984545e-05
<VARIANCE> 25
 7.119413e+00 5.585644e+00 9.017596e+00 1.312274e+01 1.411912e+01 1.433493e+01 1.488922e+01 1.483346e+01 1.409028e+01 1.418742e+01 1.509925e+01 1.250670e+01 1.248126e-01 2.069730e-01 3.195794e-01 5.054632e-01 7.007944e-01 7.920779e-01 7.638820e-01 7.923009e-01 9.094875e-01 1.027595e+00 1.067410e+00 1.037269e+00 2.825550e-05
<GCONST> 5.864003e+01
<MIXTURE> 17 9.518312e-03
<MEAN> 25
 3.769060e+00 -7.754425e-01 6.425479e+00 2.402431e+00 -6.004398e+00 -6.396737e+00 -3.136876e+00 -1.401994e-01 -2.672967e+00 -3.276943e+00 6.733093e-02 -1.225495e-02 -7.659356e-01 -1.220451e+00 1.310434e+00 -2.135813e+00 -2.367265e+00 -1.565776e-01 1.846973e-01 7.663525e-01 -2.808464e-01 -1.795392e-01 1.036607e+00 4.030032e-01 8.245641e-02
<VARIANCE> 25
 1.654287e+01 3.165746e+01 3.005296e+01 3.970214e+01 4.498799e+01 4.892537e+01 4.236613e+01 3.430312e+01 3.556762e+01 2.701205e+01 2.811744e+01 2.807980e+01 1.834834e+00 2.708148e+00 4.015807e+00 3.084758e+00 4.103405e+00 5.485806e+00 5.000503e+00 4.724018e+00 4.077817e+00 4.040252e+00 3.064844e+00 2.736036e+00 2.126846e-03
<GCONST> 9.698101e+01
<MIXTURE> 18 1.221018e-02
<MEAN> 25
 3.954168e+00 4.622341e+00 6.747318e+00 4.742472e+00 -4.614962e+00 -8.359966e+00 -1.743255e+00 -1.171567e+00 -3.371455e+00 -2.455298e+00 -8.811415e-01 5.776747e-01 -7.619171e-01 2.161569e+00 -1.998772e-01 2.032756e+00 3.117822e+00 1.484916e+00 8.039532e-01 -2.110845e-01 6.188647e-01 5.193805e-01 -2.900928e-01 -6.147878e-02 -1.239173e-01
<VARIANCE> 25
 1.609135e+01 2.533103e+01 3.288676e+01 2.616954e+01 4.005201e+01 3.366460e+01 3.868071e+01 3.512905e+01 3.920658e+01 3.453828e+01 3.254096e+01 3.097662e+01 2.563421e+00 3.033602e+00 4.736792e+00 4.049831e+00 4.091617e+00 4.672060e+00 4.657790e+00 4.455386e+00 4.489521e+00 4.314572e+00 4.571115e+00 3.628170e+00 4.105490e-03
<GCONST> 9.852767e+01
<MIXTURE> 19 9.912824e-03
<MEAN> 25
 -1.017088e+01 1.829606e+00 3.110160e-01 1.082725e+00 3.999445e+00 1.589338e+00 3.414057e+00 1.140904e+00 2.080299e+00 1.178771e+00 1.110770e+00 2.029535e+00 2.095307e+00 1.755360e+00 2.166737e+00 7.528296e-01 -1.056299e+00 -1.025733e+00 -1.047702e+00 -1.418466e+00 -1.498161e+00 -1.145188e+00 -8.359753e-01 -8.054842e-01 1.409141e-03
<VARIANCE> 25
 5.344135e+01 3.023529e+01 4.833931e+01 5.369564e+01 3.385520e+01 3.284042e+01 3.124675e+01 2.977698e+01 2.858064e+01 2.708499e+01 3.031293e+01 1.979033e+01 2.400281e+00 2.203793e+00 2.187862e+00 2.344304e+00 2.570696e+00 2.246642e+00 2.455586e+00 2.396765e+00 2.102533e+00 2.048078e+00 2.250970e+00 1.776525e+00 2.407865e-03
<GCONST> 9.173782e+01
<MIXTURE> 20 6.308331e-03
<MEAN> 25
 -1.418145e+01 7.416194e+00 8.452314e-01 6.152289e+00 4.843555e+00 1.637090e+00 5.209284e+00 8.536933e-01 9.223132e-01 7.987435e-01 2.568580e+00 -3.024292e-01 -3.285946e+00 -8.668866e-01 -1.565170e+00 3.325815e-01 1.541046e+00 2.063141e+00 1.979244e+00 2.056207e+00 2.144594e+00 2.040245e+00 1.684746e+00 9.453121e-01 4.732136e-02
<VARIANCE> 25
 1.966348e+01 2.345561e+01 3.096064e+01 3.717621e+01 3.084978e+01 2.789033e+01 2.993287e+01 3.147528e+01 2.796411e+01 2.821392e+01 2.515978e+01 2.091775e+01 2.092036e+00 2.182255e+00 1.909938e+00 2.541362e+00 2.702739e+00 2.313095e+00 2.310106e+00 2.320019e+00 2.235433e+00 2.652243e+00 2.241424e+00 1.865659e+00 1.886420e-03
<GCONST> 8.921882e+01
<MIXTURE> 21 7.928653e-03
<MEAN> 25
 4.003922e+00 -4.527648e+00 5.772350e+00 -1.545389e+00 -1.057887e+01 -8.723907e+00 -2.612311e+00 4.175344e+00 -2.069773e+00 -3.408657e+00 2.445077e-01 3.442264e-01 -7.184447e-01 1.341282e+00 2.587914e+00 -4.527704e-02 -1.551566e+00 3.347498e-01 5.873356e-01 -1.497605e+00 -1.957531e+00 3.143273e-01 1.326668e+00 2.473565e-01 -1.276819e-02
<VARIANCE> 25
 8.900298e+00 1.873406e+01 2.965258e+01 2.839376e+01 2.857228e+01 3.320076e+01 4.293918e+01 3.934331e+01 4.290987e+01 3.158268e+01 3.381030e+01 2.324046e+01 3.775761e-01 9.493920e-01 1.857485e+00 1.290272e+00 2.211129e+00 2.188085e+00 3.643419e+00 2.500131e+00 2.161233e+00 2.595387e+00 2.016587e+00 2.284549e+00 4.287236e-04
<GCONST> 8.509581e+01
<MIXTURE> 22 8.827789e-03
<MEAN> 25
 -1.792091e+01 7.154785e+00 -4.131347e+00 7.392482e+00 4.602546e+00 2.761039e+00 8.399819e+00 1.748462e+00 5.379299e+00 3.301012e+00 5.716434e+00 1.185148e+00 -3.095726e-01 -2.075880e-01 -1.255633e-01 -1.492641e-01 -7.208806e-03 1.369678e-01 1.807591e-01 1.779423e-01 2.484757e-01 2.073076e-01 1.726615e-01 1.924446e-01 8.857626e-03
<VARIANCE> 25
 8.116920e+00 1.682541e+01 1.738343e+01 2.517213e+01 2.289636e+01 2.083704e+01 1.943101e+01 1.871084e+01 1.813996e+01 2.086667e+01 1.924184e+01 1.378720e+01 1.090756e+00 1.357369e+00 1.363971e+00 1.572030e+00 1.408815e+00 1.526971e+00 1.508942e+00 1.532825e+00 1.614233e+00 1.544764e+00 1.357418e+00 1.168007e+00 1.745583e-03
<GCONST> 7.830949e+01
<MIXTURE> 23 6.455497e-03
<MEAN> 25
 7.621713e+00 2.366959e+00 2.934694e+00 2.252605e+00 -4.765954e+00 -3.085665e+00 -4.197451e+00 -6.355536e+00 -3.437426e+00 -1.154379e+00 -4.026992e+00 -2.021776e+00 2.759511e-02 1.639862e-01 5.518967e-03 4.452273e-02 -3.086458e-04 5.555918e-02 3.203858e-02 -4.970009e-02 5.496114e-03 1.668656e-02 -4.096231e-03 3.652150e-02 -4.200766e-03
<VARIANCE> 25
 1.208469e+01 2.142459e+01 2.373009e+01 3.961348e+01 3.682058e+01 5.173891e+01 5.672352e+01 5.332579e+01 4.683282e+01 4.602132e+01 4.674113e+01 3.888312e+01 1.179577e-01 3.001195e-01 3.698876e-01 4.988557e-01 5.999659e-01 6.959830e-01 7.931737e-01 9.532039e-01 8.649977e-01 8.974141e-01 8.152939e-01 7.527410e-01 8.591850e-05
<GCONST> 7.280949e+01
<MIXTURE> 24 6.455497e-03
<MEAN> 25
 7.621713e+00 2.366959e+00 2.934694e+00 2.252605e+00 -4.765954e+00 -3.085665e+00 -4.197451e+00 -6.355536e+00 -3.437426e+00 -1.154379e+00 -4.026992e+00 -2.021776e+00 2.759511e-02 1.639862e-01 5.518967e-03 4.452273e-02 -3.086458e-04 5.555918e-02 3.203858e-02 -4.970009e-02 5.496114e-03 1.668656e-02 -4.096231e-03 3.652150e-02 -4.200766e-03
<VARIANCE> 25
 1.208469e+01 2.142459e+01 2.373009e+01 3.961348e+01 3.682058e+01 5.173891e+01 5.672352e+01 5.332579e+01 4.683282e+01 4.602132e+01 4.674113e+01 3.888312e+01 1.179577e-01 3.001195e-01 3.698876e-01 4.988557e-01 5.999659e-01 6.959830e-01 7.931737e-01 9.532039e-01 8.649977e-01 8.974141e-01 8.152939e-01 7.527410e-01 8.591850e-05
<GCONST> 7.280949e+01
<MIXTURE> 25 1.118642e-02
<MEAN> 25
 2.952356e-01 3.481071e+00 1.678926e+01 -1.035272e+00 -1.133252e+01 -1.760772e+00 -4.993282e+00 -2.948172e+00 -6.940881e+00 -5.448619e+00 4.102754e+00 -1.643938e+00 -1.350939e-01 4.402058e-01 1.691288e-01 1.514146e-01 2.170434e-01 1.101749e-01 1.936638e-01 -1.686969e-01 -2.486881e-01 7.455101e-02 -7.322470e-02 -1.075581e-01 -1.293325e-02
<VARIANCE> 25
 8.848346e+00 2.222781e+01 2.084898e+01 2.867641e+01 3.162109e+01 4.109456e+01 2.735831e+01 2.999164e+01 2.837417e+01 3.661642e+01 2.095835e+01 2.760616e+01 5.959585e-01 1.445514e+00 1.405071e+00 1.383098e+00 2.275899e+00 2.037271e+00 1.748236e+00 1.631054e+00 1.535828e+00 1.650183e+00 1.348759e+00 1.297652e+00 1.282306e-03
<GCONST> 8.273578e+01
<MIXTURE> 26 7.727677e-03
<MEAN> 25
 2.178324e+00 -6.453896e+00 -1.040248e+01 -7.021672e-01 8.013347e+00 5.495774e+00 4.066421e+00 -2.780959e-01 2.276286e+00 -9.628904e-01 -2.899917e+00 -9.923837e-01 -6.548308e-01 6.287095e-01 3.665922e-01 6.969866e-01 1.752484e-01 2.425733e-01 2.890184e-01 3.359458e-01 2.889969e-01 8.438449e-02 3.874309e-01 4.283598e-01 -5.282814e-02
<VARIANCE> 25
 2.512554e+01 3.402645e+01 2.562771e+01 6.241748e+01 3.895016e+01 4.243850e+01 4.614036e+01 4.403383e+01 3.935471e+01 5.445558e+01 4.011318e+01 4.676859e+01 1.651274e+00 1.959150e+00 1.929740e+00 2.003005e+00 2.321601e+00 2.368549e+00 2.522578e+00 2.738986e+00 2.335030e+00 2.338789e+00 2.164470e+00 2.001550e+00 3.320714e-03
<GCONST> 9.392905e+01
<MIXTURE> 27 7.727677e-03
<MEAN> 25
 2.178324e+00 -6.453896e+00 -1.040248e+01 -7.021672e-01 8.013347e+00 5.495774e+00 4.066421e+00 -2.780959e-01 2.276286e+00 -9.628904e-01 -2.899917e+00 -9.923837e-01 -6.548308e-01 6.287095e-01 3.665922e-01 6.969866e-01 1.752484e-01 2.425733e-01 2.890184e-01 3.359458e-01 2.889969e-01 8.438449e-02 3.874309e-01 4.283598e-01 -5.282814e-02
<VARIANCE> 25
 2.512554e+01 3.402645e+01 2.562771e+01 6.241748e+01 3.895016e+01 4.243850e+01 4.614036e+01 4.403383e+01 3.935471e+01 5.445558e+01 4.011318e+01 4.676859e+01 1.651274e+00 1.959150e+00 1.929740e+00 2.003005e+00 2.321601e+00 2.368549e+00 2.522578e+00 2.738986e+00 2.335030e+00 2.338789e+00 2.164470e+00 2.001550e+00 3.320714e-03
<GCONST> 9.392905e+01
<MIXTURE> 28 5.036674e-03
<MEAN> 25
 -5.325087e+00 -6.134064e-02 -1.521535e+00 6.470236e+00 5.117435e+00 3.464077e+00 5.250932e+00 3.075152e+00 3.861778e+00 2.333399e+00 2.508927e+00 3.119857e+00 -1.161022e-01 2.144597e-01 5.313708e-01 7.938194e-01 8.483503e-01 7.073350e-01 5.236807e-01 3.839950e-01 4.106573e-01 4.833101e-01 3.960736e-01 1.912578e-01 -3.162110e-05
<VARIANCE> 25
 1.076602e+01 8.443631e+00 1.194653e+01 1.530505e+01 1.498541e+01 1.745453e+01 1.862779e+01 1.868007e+01 1.696810e+01 1.650002e+01 2.079000e+01 1.502188e+01 2.514649e-01 3.327039e-01 4.011678e-01 4.598130e-01 6.482775e-01 8.289405e-01 1.038525e+00 1.128204e+00 1.147202e+00 1.019124e+00 1.044355e+00 1.043471e+00 1.019730e-06
<GCONST> 6.027520e+01
<MIXTURE> 29 5.036674e-03
<MEAN> 25
 -5.325087e+00 -6.134064e-02 -1.521535e+00 6.470236e+00 5.117435e+00 3.464077e+00 5.250932e+00 3.075152e+00 3.861778e+00 2.333399e+00 2.508927e+00 3.119857e+00 -1.161022e-01 2.144597e-01 5.313708e-01 7.938194e-01 8.483503e-01 7.073350e-01 5.236807e-01 3.839950e-01 4.106573e-01 4.833101e-01 3.960736e-01 1.912578e-01 -3.162110e-05
<VARIANCE> 25
 1.076602e+01 8.443631e+00 1.194653e+01 1.530505e+01 1.498541e+01 1.745453e+01 1.862779e+01 1.868007e+01 1.696810e+01 1.650002e+01 2.079000e+01 1.502188e+01 2.514649e-01 3.327039e-01 4.011678e-01 4.598130e-01 6.482775e-01 8.289405e-01 1.038525e+00 1.128204e+00 1.147202e+00 1.019124e+00 1.044355e+00 1.043471e+00 1.019730e-06
<GCONST> 6.027520e+01
<MIXTURE> 30 8.917812e-03
<MEAN> 25
 -4.461670e+00 -2.056489e-01 6.561649e-01 9.045325e+00 7.766161e+00 7.483912e+00 7.563682e+00 6.854214e+00 6.507389e+00 4.873033e+00 6.977503e+00 3.489537e+00 -2.348234e-02 3.003640e-02 5.807587e-02 9.214987e-02 8.436003e-02 4.377754e-02 1.243125e-02 -5.348666e-03 1.043761e-02 5.266906e-02 6.480608e-02 3.554709e-02 -5.263144e-04
<VARIANCE> 25
 7.050463e+00 9.832354e+00 1.033707e+01 1.393563e+01 1.574382e+01 1.644780e+01 1.907285e+01 1.818069e+01 1.630672e+01 1.834536e+01 2.128827e+01 1.431141e+01 9.724505e-02 1.993030e-01 3.242345e-01 4.814757e-01 6.215414e-01 7.244781e-01 7.690043e-01 8.093405e-01 8.813400e-01 9.343259e-01 9.178202e-01 8.580753e-01 5.114420e-05
<GCONST> 6.059472e+01
<MIXTURE> 31 4.136493e-03
<MEAN> 25
 -3.212472e+00 -5.571802e+00 1.993797e-02 4.718202e+00 3.622302e+00 1.646560e+00 5.183798e+00 6.553057e+00 2.722170e+00 1.257221e+00 6.400656e+00 3.112846e+00 2.495174e-01 4.669318e-01 -2.024709e-01 3.165288e-01 1.118185e-01 4.054759e-01 1.818258e-01 2.836510e-02 3.800894e-01 3.963357e-01 1.244642e-01 1.221570e-01 -1.770586e-02
<VARIANCE> 25
 7.210484e+00 1.533260e+01 1.707953e+01 1.840341e+01 2.499701e+01 2.334118e+01 2.320825e+01 2.496165e+01 2.522195e+01 2.753269e+01 2.045483e+01 1.836138e+01 1.917897e-01 5.024632e-01 5.926610e-01 7.725219e-01 9.728687e-01 1.090029e+00 1.216038e+00 1.388754e+00 1.315042e+00 1.310174e+00 1.243602e+00 1.123709e+00 2.660964e-04
<GCONST> 7.171416e+01
<MIXTURE> 32 4.136493e-03
<MEAN> 25
 -3.212472e+00 -5.571802e+00 1.993797e-02 4.718202e+00 3.622302e+00 1.646560e+00 5.183798e+00 6.553057e+00 2.722170e+00 1.257221e+00 6.400656e+00 3.112846e+00 2.495174e-01 4.669318e-01 -2.024709e-01 3.165288e-01 1.118185e-01 4.054759e-01 1.818258e-01 2.836510e-02 3.800894e-01 3.963357e-01 1.244642e-01 1.221570e-01 -1.770586e-02
<VARIANCE> 25
 7.210484e+00 1.533260e+01 1.707953e+01 1.840341e+01 2.499701e+01 2.334118e+01 2.320825e+01 2.496165e+01 2.522195e+01 2.753269e+01 2.045483e+01 1.836138e+01 1.917897e-01 5.024632e-01 5.926610e-01 7.725219e-01 9.728687e-01 1.090029e+00 1.216038e+00 1.388754e+00 1.315042e+00 1.310174e+00 1.243602e+00 1.123709e+00 2.660964e-04
<GCONST> 7.171416e+01
<MIXTURE> 33 1.508826e-02
<MEAN> 25
 6.592579e+00 -4.017817e+00 -2.217914e+00 -2.635628e+00 -1.963455e+00 -5.625369e+00 -7.278027e+00 1.740101e+00 2.318967e+00 -4.609358e-01 -4.713870e+00 -3.006001e+00 6.534759e-01 -1.172680e+00 -2.442574e+00 -1.869271e+00 1.461378e+00 1.419584e+00 -7.537241e-01 6.576054e-01 1.025594e+00 5.596855e-01 -3.063543e-01 -1.334831e+00 3.767931e-02
<VARIANCE> 25
 9.904147e+00 2.114773e+01 2.902720e+01 3.613650e+01 4.064063e+01 4.405848e+01 4.310053e+01 4.670648e+01 4.052605e+01 4.385505e+01 3.493787e+01 2.840894e+01 1.160702e+00 1.943701e+00 2.200574e+00 2.192931e+00 4.213560e+00 3.438117e+00 4.321975e+00 5.624666e+00 3.785784e+00 4.404601e+00 3.381198e+00 2.604220e+00 1.476283e-03
<GCONST> 9.445049e+01
<MIXTURE> 34 1.588179e-02
<MEAN> 25
 8.926711e+00 4.702056e-02 1.345262e-01 1.215002e+00 -2.945212e+00 -1.522907e+00 -6.153873e+00 -4.691749e+00 -1.806942e+00 1.536788e-01 -2.653034e+00 -3.699159e+00 -1.728236e-02 1.346805e+00 1.474827e+00 2.397381e+00 -4.149233e-02 -1.530339e-01 7.907876e-01 -1.642228e+00 -9.015053e-01 2.590758e-01 -5.560211e-01 2.447520e-01 -6.237911e-02
<VARIANCE> 25
 7.674550e+00 3.104959e+01 2.944876e+01 4.993639e+01 4.238595e+01 4.946741e+01 5.501209e+01 5.671839e+01 5.267899e+01 4.326993e+01 4.834957e+01 3.153779e+01 1.263953e+00 1.984008e+00 4.268190e+00 4.051124e+00 5.634764e+00 5.835622e+00 5.513042e+00 6.166005e+00 5.201892e+00 4.982266e+00 5.025639e+00 3.879962e+00 1.153834e-03
<GCONST> 9.971822e+01
<MIXTURE> 35 1.467755e-02
<MEAN> 25
 -2.156368e+00 -5.253280e+00 -9.992173e+00 2.182948e-01 9.715794e+00 7.988632e-01 1.607754e+00 2.539988e+00 1.472157e+00 4.583341e+00 4.650346e-02 1.883740e+00 5.479804e-01 -1.117852e+00 -1.429212e+00 -1.387646e+00 4.083533e-01 -7.986742e-01 -6.816389e-01 -1.320448e-01 -1.599224e-01 1.642136e-01 -6.521662e-01 -4.975717e-01 1.077641e-01
<VARIANCE> 25
 1.959394e+01 2.946021e+01 4.335221e+01 6.242253e+01 4.209180e+01 5.750702e+01 5.104049e+01 4.364040e+01 5.043395e+01 3.853617e+01 3.660363e+01 3.097168e+01 3.466486e+00 3.575625e+00 6.785757e+00 5.560490e+00 5.224028e+00 5.584626e+00 4.926873e+00 4.748855e+00 5.056393e+00 4.519898e+00 4.080312e+00 3.798824e+00 5.300782e-03
<GCONST> 1.036181e+02
<MIXTURE> 36 1.093293e-02
<MEAN> 25
 4.987191e+00 -3.491739e+00 7.006586e+00 2.666378e+00 -1.008987e+01 -8.892609e+00 -6.216926e+00 3.081157e+00 -1.866674e+00 -4.541748e+00 2.794227e+00 -1.231703e-01 3.664491e-01 1.581690e-01 -9.051408e-01 7.668400e-03 8.587929e-01 3.183514e-02 -4.852518e-01 2.124854e-02 4.239318e-01 5.744088e-01 -4.077560e-01 -3.136823e-01 -1.565170e-02
<VARIANCE> 25
 9.919637e+00 1.679737e+01 2.220684e+01 2.784445e+01 3.164101e+01 3.200825e+01 4.621621e+01 3.494069e+01 3.915233e+01 3.265740e+01 2.769080e+01 2.669906e+01 4.618951e-01 7.376418e-01 1.514913e+00 1.239645e+00 1.639802e+00 1.626282e+00 2.161253e+00 1.736717e+00 2.027193e+00 1.689651e+00 1.431668e+00 1.457537e+00 7.241784e-04
<GCONST> 8.214970e+01
<MIXTURE> 37 1.246826e-02
<MEAN> 25
 5.455177e-01 7.774457e+00 1.205849e+01 -5.555157e+00 -8.031432e+00 -1.052838e+00 -5.080772e+00 -8.324491e+00 -3.710839e+00 -9.074681e-01 -3.669998e+00 -1.292323e+00 1.826137e-01 6.471883e-01 -1.354028e+00 3.583960e+00 1.988092e+00 -3.008035e-01 1.091383e+00 4.360720e-01 5.280645e-01 -3.233026e-01 5.375503e-01 -9.750196e-02 -9.494817e-02
<VARIANCE> 25
 1.593227e+01 2.598293e+01 3.083138e+01 5.101466e+01 3.393669e+01 3.201566e+01 4.398153e+01 3.505313e+01 3.861423e+01 3.597027e+01 3.775356e+01 3.089144e+01 2.956546e+00 3.416127e+00 3.018454e+00 4.091929e+00 4.617923e+00 3.753105e+00 4.208395e+00 3.810974e+00 3.449771e+00 3.621804e+00 3.870178e+00 2.792139e+00 3.927696e-03
<GCONST> 9.778206e+01
<MIXTURE> 38 1.154525e-02
<MEAN> 25
 -4.476925e+00 8.975993e+00 4.601865e+00 3.232454e+00 8.471134e-01 -5.220717e+00 -6.072919e-01 -2.745167e+00 -2.856310e+00 -3.103466e+00 -1.492068e+00 -5.423204e-01 -4.519026e+00 1.252010e+00 -3.116252e-01 1.455030e+00 2.563421e+00 1.392644e+00 2.051610e+00 9.537174e-01 7.858362e-01 6.377710e-01 1.004859e+00 3.258498e-01 4.857297e-02
<VARIANCE> 25
 3.140203e+01 2.955972e+01 3.901703e+01 3.301396e+01 4.886661e+01 3.559236e+01 3.636649e+01 4.165480e+01 3.488081e+01 3.250525e+01 2.429137e+01 2.873221e+01 2.351595e+00 3.941722e+00 3.909839e+00 5.163619e+00 4.248078e+00 5.021264e+00 4.782423e+00 4.644341e+00 4.447000e+00 4.939046e+00 4.390529e+00 3.264287e+00 2.049505e-03
<GCONST> 9.926125e+01
<MIXTURE> 39 9.501865e-03
<MEAN> 25
 1.340199e+00 2.605330e+00 1.021495e+01 -9.220728e+00 -1.129113e+01 -9.897268e-01 -2.967487e+00 -6.576322e+00 -4.524131e+00 8.715134e-01 -3.681077e+00 -2.296969e+00 -7.285944e-01 1.522703e+00 1.626309e+00 -1.390466e+00 7.889268e-02 1.222845e+00 -1.200765e+00 -1.253010e+00 4.291255e-01 4.453530e-01 -5.057469e-01 1.234403e-01 1.328242e-03
<VARIANCE> 25
 8.906116e+00 3.008940e+01 3.165473e+01 3.823600e+01 3.720654e+01 4.270167e+01 4.442388e+01 3.347275e+01 3.943857e+01 3.321459e+01 3.621286e+01 2.944156e+01 6.918349e-01 1.547335e+00 1.512015e+00 2.925176e+00 2.417833e+00 2.822755e+00 3.052876e+00 2.749139e+00 2.435769e+00 2.618613e+00 2.121738e+00 2.070146e+00 1.184347e-03
<GCONST> 8.965836e+01
<MIXTURE> 40 1.030800e-02
<MEAN> 25
 -9.184086e+00 2.083278e+00 -1.078706e+00 8.091754e+00 3.754197e+00 5.441923e+00 5.240578e+00 4.239980e+00 4.554584e+00 4.160123e+00 5.636057e+00 1.691651e+00 -8.941471e-02 -2.257386e-01 -2.960395e-02 -2.211447e-01 -1.116940e-01 -1.149879e-01 6.002700e-02 7.977427e-02 -6.441896e-03 2.086636e-02 6.954744e-02 3.301189e-02 3.903211e-03
<VARIANCE> 25
 4.319320e+01 2.052013e+01 2.912477e+01 2.758749e+01 2.601497e+01 1.906446e+01 1.946685e+01 1.818837e+01 1.712255e+01 1.849405e+01 1.899123e+01 1.447366e+01 7.361202e-01 7.410026e-01 8.661113e-01 1.099386e+00 1.140272e+00 1.252846e+00 1.313384e+00 1.275875e+00 1.232613e+00 1.222473e+00 1.168879e+00 1.074060e+00 8.430352e-04
<GCONST> 7.664993e+01
<MIXTURE> 41 6.713375e-03
<MEAN> 25
 1.308533e+00 1.785490e+00 1.047870e+01 -6.963626e+00 -1.047376e+01 -3.857812e+00 -2.486255e+00 -5.044148e+00 -4.655762e+00 2.663066e+00 -1.745242e+00 -9.518170e-01 7.796533e-02 -7.607518e-01 1.697224e+00 -3.559602e+00 -2.461392e+00 -1.131474e-01 -5.065092e-01 -3.570404e-01 -8.271141e-01 1.087005e+00 -1.045984e+00 8.312262e-02 8.630278e-02
<VARIANCE> 25
 1.169637e+01 2.965744e+01 3.259194e+01 4.003611e+01 3.868283e+01 4.016247e+01 3.714268e+01 2.987217e+01 3.309364e+01 2.877598e+01 3.186053e+01 2.719345e+01 3.178341e+00 3.311761e+00 3.824802e+00 3.795273e+00 4.904264e+00 5.875432e+00 4.715903e+00 4.558502e+00 3.976223e+00 4.220442e+00 3.833293e+00 3.223609e+00 2.929968e-03
<GCONST> 9.791267e+01
<MIXTURE> 42 1.106211e-02
<MEAN> 25
 -1.927006e+00 4.570205e+00 4.670883e+00 2.881267e+00 1.966313e-01 -6.301624e+00 -9.972638e-01 -1.870922e+00 -1.512462e+00 -1.232898e+00 -2.288947e+00 1.268647e+00 4.185201e+00 -3.489598e-01 1.528207e+00 1.976933e-01 -2.963423e+00 -1.153450e+00 -2.258584e+00 -8.182662e-01 -7.873556e-01 -7.353766e-01 5.324511e-01 -1.058154e+00 9.604026e-03
<VARIANCE> 25
 3.628939e+01 2.117037e+01 4.670775e+01 2.621449e+01 3.929275e+01 3.906211e+01 3.725610e+01 2.728530e+01 2.864287e+01 2.757473e+01 2.009486e+01 1.792025e+01 3.556599e+00 4.893503e+00 6.150935e+00 4.789331e+00 4.649193e+00 6.018167e+00 5.084767e+00 5.295414e+00 4.978371e+00 4.859461e+00 4.236267e+00 3.415461e+00 4.469722e-03
<GCONST> 9.983170e+01
<MIXTURE> 43 7.108249e-03
<MEAN> 25
 3.160439e+00 -6.291527e+00 -2.241718e+00 -5.174958e+00 -7.390172e+00 -3.403418e+00 4.137085e+00 1.314341e+00 -5.050735e+00 -7.084308e+00 -4.315518e+00 -1.234229e+00 2.390709e-01 2.162084e+00 1.910031e+00 -1.345598e-01 -1.428998e+00 -7.953845e-01 -9.715623e-01 -7.779410e-01 8.188514e-01 1.470140e+00 3.462707e-01 2.456398e-02 -4.496999e-02
<VARIANCE> 25
 9.594268e+00 1.976401e+01 2.732280e+01 3.521114e+01 3.835640e+01 3.654953e+01 3.321923e+01 3.971966e+01 3.963282e+01 3.860311e+01 2.653186e+01 2.960060e+01 6.898544e-01 1.249967e+00 1.573184e+00 2.485454e+00 2.370355e+00 2.379502e+00 2.649397e+00 3.020862e+00 2.604216e+00 2.572455e+00 2.330835e+00 1.920289e+00 9.484261e-04
<GCONST> 8.795592e+01
<MIXTURE> 44 7.328289e-03
<MEAN> 25
 -1.527335e+01 1.534573e+00 3.552797e+00 -3.283185e+00 3.301296e+00 2.044399e+00 -4.059868e-02 2.410180e+00 1.522578e+00 -7.473537e-01 1.797250e+00 1.977544e+00 -1.564829e-01 -7.757456e-03 1.671470e-01 3.016739e-01 -1.113192e-01 1.947302e-01 4.673581e-01 1.156829e-01 2.446352e-01 1.406171e-01 6.706146e-02 1.009484e-01 4.411646e-03
<VARIANCE> 25
 4.276327e+01 2.770991e+01 3.462603e+01 2.992699e+01 2.987458e+01 3.010426e+01 2.472701e+01 3.170017e+01 2.756890e+01 2.730969e+01 2.700025e+01 1.935386e+01 1.218207e+00 1.543897e+00 1.390662e+00 1.344106e+00 2.146002e+00 1.646448e+00 1.509395e+00 1.651722e+00 1.560067e+00 1.504740e+00 1.376092e+00 1.215506e+00 1.278897e-03
<GCONST> 8.445525e+01
<MIXTURE> 45 1.364932e-02
<MEAN> 25
 -1.245163e+01 3.422162e+00 -1.253487e+00 2.846589e+00 5.736646e+00 1.091488e-01 4.764374e+00 2.862980e+00 3.301405e+00 2.190823e+00 2.367296e+00 2.590987e+00 -2.941061e+00 5.944555e-01 -4.863721e-01 -5.341916e-01 1.939050e-01 -1.699827e-02 4.601609e-01 6.712513e-02 -6.891794e-02 -6.742959e-02 2.507206e-01 9.418228e-02 1.191302e-01
<VARIANCE> 25
 3.351101e+01 3.030346e+01 3.082201e+01 3.502352e+01 3.140602e+01 2.912807e+01 2.967917e+01 2.655514e+01 2.480691e+01 2.336496e+01 2.804416e+01 1.560479e+01 2.425056e+00 3.065833e+00 2.852271e+00 2.681891e+00 2.501306e+00 2.632733e+00 2.313381e+00 2.268533e+00 2.143429e+00 2.118504e+00 1.973817e+00 1.642092e+00 4.083262e-03
<GCONST> 9.055808e+01
<MIXTURE> 46 9.336259e-03
<MEAN> 25
 -9.465604e+00 2.309823e+00 1.199517e+00 7.570732e+00 5.943711e+00 3.337831e+00 7.069886e+00 4.497068e+00 5.709313e+00 4.694317e+00 5.041142e+00 2.927053e+00 1.061157e+00 -2.406385e-01 4.070946e-02 1.001965e+00 6.037437e-01 9.429777e-01 3.870391e-01 6.747091e-01 4.730729e-01 5.081503e-01 6.409117e-01 5.241908e-01 -1.057135e-01
<VARIANCE> 25
 3.422537e+01 4.384634e+01 3.853886e+01 4.994741e+01 5.084453e+01 4.080915e+01 3.706812e+01 3.537519e+01 3.316197e+01 3.095503e+01 2.824072e+01 2.023080e+01 3.912136e+00 4.144467e+00 3.883155e+00 4.140007e+00 4.176497e+00 3.698365e+00 3.382100e+00 3.115788e+00 2.982510e+00 2.866366e+00 2.309426e+00 1.784037e+00 7.951636e-03
<GCONST> 9.830444e+01
<MIXTURE> 47 7.116147e-03
<MEAN> 25
 7.331925e+00 -7.377443e+00 -7.759217e+00 -6.454565e+00 1.506338e+00 8.398193e-01 -2.390001e+00 1.224604e+00 3.017941e+00 1.481085e-01 -4.259049e+00 -6.713328e+00 -1.837211e-01 -1.257099e+00 -6.920042e-01 -4.193839e-01 6.234376e-01 8.176864e-01 8.772609e-01 3.000658e-01 1.176784e-01 -8.870705e-01 -4.681618e-01 -4.576971e-01 3.011592e-02
<VARIANCE> 25
 1.069878e+01 2.104791e+01 2.052312e+01 3.316818e+01 3.620676e+01 5.276725e+01 4.528533e+01 4.078098e+01 4.340328e+01 4.701411e+01 4.862671e+01 3.355053e+01 5.194082e-01 7.721873e-01 1.125325e+00 1.667689e+00 1.978202e+00 2.202544e+00 2.319653e+00 2.480644e+00 2.193181e+00 2.143743e+00 2.186891e+00 2.010852e+00 5.498304e-04
<GCONST> 8.644223e+01
<MIXTURE> 48 7.116147e-03
<MEAN> 25
 7.331925e+00 -7.377443e+00 -7.759217e+00 -6.454565e+00 1.506338e+00 8.398193e-01 -2.390001e+00 1.224604e+00 3.017941e+00 1.481085e-01 -4.259049e+00 -6.713328e+00 -1.837211e-01 -1.257099e+00 -6.920042e-01 -4.193839e-01 6.234376e-01 8.176864e-01 8.772609e-01 3.000658e-01 1.176784e-01 -8.870705e-01 -4.681618e-01 -4.576971e-01 3.011592e-02
<VARIANCE> 25
 1.069878e+01 2.104791e+01 2.052312e+01 3.316818e+01 3.620676e+01 5.276725e+01 4.528533e+01 4.078098e+01 4.340328e+01 4.701411e+01 4.862671e+01 3.355053e+01 5.194082e-01 7.721873e-01 1.125325e+00 1.667689e+00 1.978202e+00 2.202544e+00 2.319653e+00 2.480644e+00 2.193181e+00 2.143743e+00 2.186891e+00 2.010852e+00 5.498304e-04
<GCONST> 8.644223e+01
<MIXTURE> 49 5.548473e-03
<MEAN> 25
 -4.996338e+00 3.524008e-01 1.776186e-01 8.348572e+00 6.078690e+00 5.570755e+00 5.996285e+00 4.429415e+00 4.944607e+00 3.703407e+00 4.841862e+00 2.785366e+00 3.598761e-01 6.536404e-01 6.997086e-01 3.493182e-01 -1.923300e-01 -6.703039e-01 -1.009889e+00 -1.119754e+00 -9.498527e-01 -6.720552e-01 -4.856889e-01 -2.696939e-01 -4.667784e-05
<VARIANCE> 25
 9.862751e+00 9.919713e+00 1.400491e+01 1.619588e+01 1.597503e+01 1.705206e+01 1.956897e+01 1.936674e+01 1.836672e+01 1.785639e+01 2.088075e+01 1.446763e+01 2.786365e-01 2.604074e-01 3.563935e-01 6.063004e-01 8.694803e-01 9.637132e-01 9.853331e-01 1.047974e+00 1.125893e+00 1.221980e+00 1.269048e+00 1.200162e+00 1.450737e-05
<GCONST> 6.430153e+01
<MIXTURE> 50 6.234641e-03
<MEAN> 25
 -3.825783e+00 1.341043e-01 -1.040598e+00 5.217488e+00 3.496408e+00 1.850860e+00 3.088930e+00 1.825250e+00 2.422823e+00 1.104721e+00 1.708400e+00 2.213474e+00 8.496137e-02 1.625553e-01 7.416116e-02 -1.887127e-01 -5.756499e-01 -6.098614e-01 -4.071544e-01 -1.748569e-01 4.758405e-01 8.123068e-01 7.269680e-01 4.435793e-01 -2.094825e-05
<VARIANCE> 25
 1.187333e+01 9.693234e+00 1.302783e+01 1.728579e+01 1.600787e+01 1.705210e+01 1.894445e+01 1.749435e+01 1.739208e+01 1.769404e+01 1.951986e+01 1.512483e+01 1.363968e-01 2.260638e-01 3.834551e-01 4.809435e-01 6.200930e-01 6.648459e-01 8.613617e-01 1.164319e+00 1.039719e+00 9.938028e-01 9.265336e-01 9.287938e-01 1.054812e-06
<GCONST> 5.900695e+01
<MIXTURE> 51 6.234641e-03
<MEAN> 25
 -3.825783e+00 1.341043e-01 -1.040598e+00 5.217488e+00 3.496408e+00 1.850860e+00 3.088930e+00 1.825250e+00 2.422823e+00 1.104721e+00 1.708400e+00 2.213474e+00 8.496137e-02 1.625553e-01 7.416116e-02 -1.887127e-01 -5.756499e-01 -6.098614e-01 -4.071544e-01 -1.748569e-01 4.758405e-01 8.123068e-01 7.269680e-01 4.435793e-01 -2.094825e-05
<VARIANCE> 25
 1.187333e+01 9.693234e+00 1.302783e+01 1.728579e+01 1.600787e+01 1.705210e+01 1.894445e+01 1.749435e+01 1.739208e+01 1.769404e+01 1.951986e+01 1.512483e+01 1.363968e-01 2.260638e-01 3.834551e-01 4.809435e-01 6.200930e-01 6.648459e-01 8.613617e-01 1.164319e+00 1.039719e+00 9.938028e-01 9.265336e-01 9.287938e-01 1.054812e-06
<GCONST> 5.900695e+01
<MIXTURE> 52 6.367945e-03
<MEAN> 25
 1.012389e+01 2.049307e+00 -6.198499e+00 -1.428641e+01 -4.222349e+00 8.537456e+00 -2.752737e+00 -3.061106e+00 -4.408483e+00 -2.133043e+00 3.354537e+00 7.466091e-01 -3.855847e-01 -4.802840e-01 -6.964210e-02 1.140560e+00 1.339769e+00 -4.734974e-01 -6.029718e-01 -6.591499e-01 4.290438e-02 1.246367e+00 3.874617e-01 -5.458117e-01 -1.381946e-02
<VARIANCE> 25
 9.289028e+00 2.048933e+01 2.533428e+01 3.858602e+01 4.573140e+01 3.071778e+01 4.654761e+01 4.894419e+01 4.306404e+01 4.604026e+01 3.995192e+01 3.000850e+01 4.496094e-01 1.480731e+00 1.310572e+00 2.758037e+00 2.328805e+00 2.199816e+00 2.985941e+00 2.799554e+00 3.006228e+00 2.667073e+00 2.520462e+00 2.277586e+00 1.546084e-03
<GCONST> 8.973328e+01
<MIXTURE> 53 6.367945e-03
<MEAN> 25
 1.012389e+01 2.049307e+00 -6.198499e+00 -1.428641e+01 -4.222349e+00 8.537456e+00 -2.752737e+00 -3.061106e+00 -4.408483e+00 -2.133043e+00 3.354537e+00 7.466091e-01 -3.855847e-01 -4.802840e-01 -6.964210e-02 1.140560e+00 1.339769e+00 -4.734974e-01 -6.029718e-01 -6.591499e-01 4.290438e-02 1.246367e+00 3.874617e-01 -5.458117e-01 -1.381946e-02
<VARIANCE> 25
 9.289028e+00 2.048933e+01 2.533428e+01 3.858602e+01 4.573140e+01 3.071778e+01 4.654761e+01 4.894419e+01 4.306404e+01 4.604026e+01 3.995192e+01 3.000850e+01 4.496094e-01 1.480731e+00 1.310572e+00 2.758037e+00 2.328805e+00 2.199816e+00 2.985941e+00 2.799554e+00 3.006228e+00 2.667073e+00 2.520462e+00 2.277586e+00 1.546084e-03
<GCONST> 8.973328e+01
<MIXTURE> 54 7.368620e-03
<MEAN> 25
 -3.494177e+00 5.834031e-02 -6.558208e-01 7.774130e+00 6.242536e+00 4.549251e+00 4.639750e+00 4.511108e+00 3.955473e+00 3.534766e+00 4.358038e+00 2.224324e+00 1.455655e-04 2.797979e-02 2.530093e-02 3.447269e-02 4.814135e-02 4.606023e-02 3.473855e-02 3.478896e-02 4.884040e-02 3.428277e-02 7.420608e-03 -2.224116e-02 -4.476921e-06
<VARIANCE> 25
 9.465596e+00 1.011375e+01 9.151883e+00 1.956338e+01 1.463475e+01 1.327251e+01 1.171804e+01 1.120629e+01 1.148148e+01 1.340907e+01 1.756813e+01 1.250620e+01 4.074425e-02 8.763760e-02 1.547014e-01 2.282283e-01 3.030589e-01 3.897050e-01 4.537616e-01 5.189725e-01 5.473303e-01 5.162966e-01 5.045735e-01 5.243962e-01 1.070553e-06
<GCONST> 4.737019e+01
<MIXTURE> 55 7.368620e-03
<MEAN> 25
 -3.494177e+00 5.834031e-02 -6.558208e-01 7.774130e+00 6.242536e+00 4.549251e+00 4.639750e+00 4.511108e+00 3.955473e+00 3.534766e+00 4.358038e+00 2.224324e+00 1.455655e-04 2.797979e-02 2.530093e-02 3.447269e-02 4.814135e-02 4.606023e-02 3.473855e-02 3.478896e-02 4.884040e-02 3.428277e-02 7.420608e-03 -2.224116e-02 -4.476921e-06
<VARIANCE> 25
 9.465596e+00 1.011375e+01 9.151883e+00 1.956338e+01 1.463475e+01 1.327251e+01 1.171804e+01 1.120629e+01 1.148148e+01 1.340907e+01 1.756813e+01 1.250620e+01 4.074425e-02 8.763760e-02 1.547014e-01 2.282283e-01 3.030589e-01 3.897050e-01 4.537616e-01 5.189725e-01 5.473303e-01 5.162966e-01 5.045735e-01 5.243962e-01 1.070553e-06
<GCONST> 4.737019e+01
<MIXTURE> 56 6.132464e-03
<MEAN> 25
 7.550319e+00 -6.767168e+00 -9.145679e+00 -8.653627e+00 3.955102e+00 3.928022e+00 -2.176855e+00 -1.478733e+00 1.953967e+00 6.548452e-01 -2.484780e+00 -7.138403e+00 -1.036892e-02 2.564906e-02 -8.539784e-02 2.286154e-02 2.596972e-01 6.659900e-02 1.149098e-01 -1.376934e-01 -4.636760e-02 -3.719623e-02 -8.306760e-02 1.778593e-02 -7.044211e-03
<VARIANCE> 25
 9.372425e+00 2.330971e+01 2.007664e+01 4.125195e+01 3.314903e+01 5.096401e+01 6.187497e+01 3.678596e+01 3.892728e+01 3.766090e+01 4.021480e+01 3.114914e+01 2.060012e-01 4.317895e-01 4.529093e-01 7.724993e-01 7.982361e-01 1.111984e+00 9.098739e-01 9.078249e-01 9.079336e-01 9.270329e-01 1.034661e+00 7.855527e-01 2.391805e-04
<GCONST> 7.514037e+01
<MIXTURE> 57 6.132464e-03
<MEAN> 25
 7.550319e+00 -6.767168e+00 -9.145679e+00 -8.653627e+00 3.955102e+00 3.928022e+00 -2.176855e+00 -1.478733e+00 1.953967e+00 6.548452e-01 -2.484780e+00 -7.138403e+00 -1.036892e-02 2.564906e-02 -8.539784e-02 2.286154e-02 2.596972e-01 6.659900e-02 1.149098e-01 -1.376934e-01 -4.636760e-02 -3.719623e-02 -8.306760e-02 1.778593e-02 -7.044211e-03
<VARIANCE> 25
 9.372425e+00 2.330971e+01 2.007664e+01 4.125195e+01 3.314903e+01 5.096401e+01 6.187497e+01 3.678596e+01 3.892728e+01 3.766090e+01 4.021480e+01 3.114914e+01 2.060012e-01 4.317895e-01 4.529093e-01 7.724993e-01 7.982361e-01 1.111984e+00 9.098739e-01 9.078249e-01 9.079336e-01 9.270329e-01 1.034661e+00 7.855527e-01 2.391805e-04
<GCONST> 7.514037e+01
<MIXTURE> 58 6.172147e-03
<MEAN> 25
 2.409063e+00 -2.900782e+00 7.022933e+00 -5.080281e+00 -1.299777e+01 -5.568926e+00 1.462262e+00 6.119395e-01 -2.425814e+00 1.741575e+00 4.427568e-01 -6.877972e-01 -2.309668e-02 -1.690589e-01 -6.063266e-02 -1.755625e-01 -2.626863e-02 2.259232e-01 4.156553e-01 2.695469e-01 3.750689e-02 1.836236e-03 -3.216646e-02 -1.587079e-01 -3.023417e-03
<VARIANCE> 25
 7.573533e+00 1.496622e+01 2.110815e+01 2.631242e+01 2.575654e+01 4.464647e+01 3.179980e+01 3.423977e+01 3.177620e+01 3.072861e+01 2.187633e+01 1.964113e+01 3.001485e-01 7.904534e-01 7.231213e-01 1.026831e+00 8.564582e-01 1.162162e+00 1.147796e+00 1.314961e+00 1.032885e+00 1.079896e+00 9.326147e-01 8.813027e-01 6.852865e-04
<GCONST> 7.528241e+01
<MIXTURE> 59 6.172147e-03
<MEAN> 25
 2.409063e+00 -2.900782e+00 7.022933e+00 -5.080281e+00 -1.299777e+01 -5.568926e+00 1.462262e+00 6.119395e-01 -2.425814e+00 1.741575e+00 4.427568e-01 -6.877972e-01 -2.309668e-02 -1.690589e-01 -6.063266e-02 -1.755625e-01 -2.626863e-02 2.259232e-01 4.156553e-01 2.695469e-01 3.750689e-02 1.836236e-03 -3.216646e-02 -1.587079e-01 -3.023417e-03
<VARIANCE> 25
 7.573533e+00 1.496622e+01 2.110815e+01 2.631242e+01 2.575654e+01 4.464647e+01 3.179980e+01 3.423977e+01 3.177620e+01 3.072861e+01 2.187633e+01 1.964113e+01 3.001485e-01 7.904534e-01 7.231213e-01 1.026831e+00 8.564582e-01 1.162162e+00 1.147796e+00 1.314961e+00 1.032885e+00 1.079896e+00 9.326147e-01 8.813027e-01 6.852865e-04
<GCONST> 7.528241e+01
<MIXTURE> 60 4.479129e-03
<MEAN> 25
 -1.416263e+00 -2.230251e-01 -1.897470e-01 1.682427e+00 1.014820e+00 1.127974e+00 1.004022e+00 1.325569e+00 1.480397e+00 5.583390e-01 1.462113e+00 7.355478e-01 -2.734097e-02 2.222471e-02 -5.444639e-03 1.958356e-01 1.695897e-01 1.358174e-01 2.821404e-01 3.781723e-01 6.045265e-01 6.945586e-01 5.372963e-01 2.476453e-01 3.926747e-05
<VARIANCE> 25
 5.956553e+00 3.430106e+00 5.834856e+00 8.494571e+00 9.855089e+00 1.083009e+01 1.070509e+01 9.009295e+00 1.067467e+01 1.096942e+01 1.118348e+01 9.242472e+00 8.899613e-02 2.305956e-01 3.037086e-01 4.267808e-01 7.383700e-01 7.473354e-01 7.900485e-01 9.218586e-01 9.593189e-01 8.678407e-01 6.416196e-01 7.258851e-01 3.803940e-05
<GCONST> 5.354252e+01
<MIXTURE> 61 4.479129e-03
<MEAN> 25
 -1.416263e+00 -2.230251e-01 -1.897470e-01 1.682427e+00 1.014820e+00 1.127974e+00 1.004022e+00 1.325569e+00 1.480397e+00 5.583390e-01 1.462113e+00 7.355478e-01 -2.734097e-02 2.222471e-02 -5.444639e-03 1.958356e-01 1.695897e-01 1.358174e-01 2.821404e-01 3.781723e-01 6.045265e-01 6.945586e-01 5.372963e-01 2.476453e-01 3.926747e-05
<VARIANCE> 25
 5.956553e+00 3.430106e+00 5.834856e+00 8.494571e+00 9.855089e+00 1.083009e+01 1.070509e+01 9.009295e+00 1.067467e+01 1.096942e+01 1.118348e+01 9.242472e+00 8.899613e-02 2.305956e-01 3.037086e-01 4.267808e-01 7.383700e-01 7.473354e-01 7.900485e-01 9.218586e-01 9.593189e-01 8.678407e-01 6.416196e-01 7.258851e-01 3.803940e-05
<GCONST> 5.354252e+01
<MIXTURE> 62 3.278034e-03
<MEAN> 25
 -5.089679e+00 1.240946e+00 1.026204e+00 8.816809e+00 6.129958e+00 5.049687e+00 5.498856e+00 4.033469e+00 4.985165e+00 3.916909e+00 4.965488e+00 2.950621e+00 -1.003157e+00 -1.166582e+00 -9.530457e-01 -2.765841e-01 4.275916e-01 1.005082e+00 1.384606e+00 1.552097e+00 1.478647e+00 1.243512e+00 1.067035e+00 7.260593e-01 -1.265420e-03
<VARIANCE> 25
 9.879089e+00 9.958035e+00 1.311394e+01 1.674685e+01 1.741595e+01 1.752688e+01 1.969974e+01 1.911108e+01 1.886132e+01 1.872959e+01 2.156236e+01 1.479481e+01 4.017718e-01 4.320471e-01 5.542542e-01 7.794914e-01 1.035147e+00 1.192121e+00 1.252334e+00 1.279101e+00 1.329562e+00 1.363652e+00 1.399794e+00 1.371118e+00 1.632553e-05
<GCONST> 6.752734e+01
<MIXTURE> 63 4.351215e-03
<MEAN> 25
 -2.915392e+00 -1.733998e+00 -3.429373e+00 1.574236e+00 2.380006e+00 -2.207216e-01 2.052399e+00 1.091130e+00 1.626064e+00 -9.725600e-01 -1.059364e+00 1.546475e+00 -5.579619e-02 2.858019e-01 3.635132e-01 5.919006e-01 4.046650e-01 4.617133e-01 4.915938e-01 4.372574e-01 2.246457e-01 3.309534e-01 3.172955e-01 2.184121e-01 -2.449802e-03
<VARIANCE> 25
 8.389717e+00 1.166410e+01 1.376056e+01 1.478892e+01 1.631811e+01 2.126694e+01 1.889823e+01 1.953284e+01 1.927303e+01 1.924244e+01 1.740977e+01 1.470212e+01 2.419675e-01 4.747392e-01 5.456315e-01 6.554583e-01 9.580811e-01 1.048133e+00 1.283173e+00 1.219616e+00 1.173820e+00 1.618858e+00 1.408593e+00 1.031667e+00 1.496405e-04
<GCONST> 6.853593e+01
<MIXTURE> 64 4.351215e-03
<MEAN> 25
 -2.915392e+00 -1.733998e+00 -3.429373e+00 1.574236e+00 2.380006e+00 -2.207216e-01 2.052399e+00 1.091130e+00 1.626064e+00 -9.725600e-01 -1.059364e+00 1.546475e+00 -5.579619e-02 2.858019e-01 3.635132e-01 5.919006e-01 4.046650e-01 4.617133e-01 4.915938e-01 4.372574e-01 2.246457e-01 3.309534e-01 3.172955e-01 2.184121e-01 -2.449802e-03
<VARIANCE> 25
 8.389717e+00 1.166410e+01 1.376056e+01 1.478892e+01 1.631811e+01 2.126694e+01 1.889823e+01 1.953284e+01 1.927303e+01 1.924244e+01 1.740977e+01 1.470212e+01 2.419675e-01 4.747392e-01 5.456315e-01 6.554583e-01 9.580811e-01 1.048133e+00 1.283173e+00 1.219616e+00 1.173820e+00 1.618858e+00 1.408593e+00 1.031667e+00 1.496405e-04
<GCONST> 6.853593e+01
<MIXTURE> 65 1.721197e-02
<MEAN> 25
 7.912787e+00 2.069284e+00 1.937228e+00 6.036700e-01 -5.369280e+00 -4.317213e+00 -5.825179e+00 -6.749792e+00 -3.821683e+00 -2.326636e+00 -5.491606e+00 -1.861631e+00 1.784295e-01 1.172123e-01 1.646354e-02 1.356625e-01 -1.651028e-01 2.606199e-01 -1.160267e-01 -1.759193e-01 1.830687e-01 8.967176e-03 -4.305951e-02 -1.569967e-01 -4.386666e-03
<VARIANCE> 25
 1.068242e+01 1.898578e+01 2.548866e+01 3.596177e+01 3.785881e+01 5.765509e+01 5.786745e+01 5.876917e+01 5.533390e+01 5.766575e+01 5.598723e+01 5.091656e+01 5.502186e-01 9.458835e-01 1.597432e+00 1.811273e+00 2.007668e+00 2.193031e+00 2.313990e+00 2.979480e+00 2.440964e+00 2.496262e+00 2.401086e+00 2.128804e+00 4.163022e-04
<GCONST> 8.940031e+01
<MIXTURE> 66 1.191532e-02
<MEAN> 25
 6.681855e+00 -4.094317e+00 -5.623732e+00 -4.831116e+00 1.277545e+00 -5.092834e+00 -6.924521e+00 1.193149e+00 6.846190e-01 -2.051357e+00 -6.141012e+00 -3.475562e+00 -4.560442e-02 1.667479e+00 2.240474e+00 2.318000e+00 -1.251126e+00 -1.253505e+00 5.543760e-02 -5.470026e-01 -1.447632e-01 -1.945206e-01 -2.017138e-01 1.044887e+00 -6.380494e-02
<VARIANCE> 25
 8.927906e+00 2.234651e+01 2.706043e+01 3.306570e+01 3.851883e+01 5.342624e+01 5.600318e+01 4.541614e+01 5.411161e+01 6.678501e+01 3.698480e+01 3.644621e+01 1.283709e+00 2.445646e+00 2.352246e+00 2.470376e+00 4.197614e+00 4.308820e+00 4.369185e+00 4.845643e+00 4.249541e+00 4.994571e+00 3.900409e+00 3.262297e+00 1.468918e-03
<GCONST> 9.683603e+01
<MIXTURE> 67 1.559142e-02
<MEAN> 25
 8.985456e+00 2.035448e+00 -5.978737e+00 -8.274504e+00 9.031860e-01 3.083229e+00 -3.325229e+00 -2.242070e+00 -3.773560e+00 7.784979e-01 -5.461008e-02 -1.732939e+00 -1.074132e+00 1.831960e+00 1.062773e+00 3.073161e+00 1.392620e+00 -5.098513e-01 1.302791e+00 1.202588e-01 1.569752e-01 2.512395e-01 -2.766193e-01 6.252995e-01 -1.299931e-01
<VARIANCE> 25
 1.146567e+01 3.885957e+01 3.078913e+01 5.585363e+01 4.915367e+01 5.406945e+01 6.210220e+01 5.280804e+01 6.478790e+01 5.711977e+01 5.578411e+01 4.738020e+01 2.179849e+00 3.465775e+00 3.290490e+00 4.517694e+00 4.523180e+00 4.553678e+00 4.706660e+00 5.071122e+00 5.476764e+00 4.779429e+00 5.135092e+00 3.746339e+00 3.042452e-03
<GCONST> 1.029183e+02
<MIXTURE> 68 1.485092e-02
<MEAN> 25
 -2.018480e+00 -2.311389e+00 -4.105308e+00 1.255191e+00 5.263055e+00 -6.686173e-01 2.130923e+00 1.825861e+00 2.006366e+00 1.690553e+00 4.857442e-01 1.877530e+00 2.768722e+00 5.490218e-01 1.387393e-02 -2.585609e+00 -2.417610e+00 -1.591596e+00 -2.354167e+00 -1.792127e+00 -1.651302e+00 -1.481239e+00 -1.985797e+00 -1.059325e+00 1.033010e-01
<VARIANCE> 25
 2.600471e+01 3.204461e+01 5.877197e+01 5.261860e+01 4.670090e+01 5.512148e+01 4.528446e+01 4.228216e+01 4.044585e+01 4.351822e+01 3.739840e+01 2.576259e+01 1.863611e+00 3.745655e+00 5.939641e+00 5.868485e+00 4.699072e+00 5.611787e+00 5.773479e+00 4.975403e+00 4.979828e+00 5.263043e+00 5.044588e+00 3.422063e+00 6.138674e-03
<GCONST> 1.036093e+02
<MIXTURE> 69 1.204884e-02
<MEAN> 25
 4.674229e+00 -4.232566e+00 -3.568991e+00 -3.631232e+00 -3.506993e+00 -7.881956e+00 -1.110427e+00 2.214131e+00 -3.478417e-01 -4.740406e+00 -5.688839e+00 9.577830e-01 1.678579e+00 -2.236232e+00 -1.338662e+00 -2.244890e+00 -5.300450e-01 -3.492683e-01 -4.729559e-01 6.160604e-01 -6.424288e-01 -1.460832e+00 -2.205068e+00 -1.727170e-01 6.255747e-02
<VARIANCE> 25
 8.860035e+00 2.179608e+01 2.675494e+01 2.593614e+01 4.271275e+01 3.562765e+01 4.896858e+01 3.159987e+01 3.977869e+01 3.791888e+01 3.108742e+01 2.461641e+01 3.548429e+00 2.922179e+00 3.336034e+00 3.700905e+00 5.769107e+00 5.012022e+00 7.119207e+00 6.080649e+00 5.914396e+00 5.868218e+00 4.352046e+00 3.705709e+00 2.446620e-03
<GCONST> 9.868241e+01
<MIXTURE> 70 1.329190e-02
<MEAN> 25
 7.524468e+00 -2.035976e+00 -3.890080e+00 -3.609588e+00 -4.099251e-01 -6.676854e-01 -7.691652e+00 -4.028360e+00 5.708152e-01 2.893857e+00 -1.315100e-01 -4.912195e+00 1.936161e+00 -1.138615e+00 -8.204635e-01 -2.206562e+00 -1.519480e+00 1.178214e+00 -1.337909e+00 -8.800712e-02 3.375962e-01 -2.776979e-02 6.879070e-01 -1.455040e+00 5.869416e-02
<VARIANCE> 25
 9.917277e+00 2.257693e+01 2.833853e+01 4.698924e+01 3.550802e+01 4.451514e+01 4.988251e+01 4.410352e+01 4.709204e+01 3.279302e+01 4.500059e+01 2.729009e+01 3.501894e+00 3.212379e+00 4.743559e+00 4.958488e+00 5.217441e+00 6.448472e+00 6.795557e+00 7.556670e+00 6.176063e+00 5.389145e+00 5.868625e+00 4.306598e+00 2.537483e-03
<GCONST> 1.018606e+02
<MIXTURE> 71 1.406903e-02
<MEAN> 25
 6.402258e+00 5.195354e+00 4.272155e+00 3.117420e+00 -3.470059e+00 -3.429231e+00 -3.432661e+00 -6.657583e+00 -4.678507e+00 -2.515028e+00 -5.245242e+00 -3.244316e+00 -1.576926e+00 -6.988633e-01 -2.527232e-01 -1.780397e+00 1.130391e+00 -1.473720e-01 5.181972e-02 1.539306e+00 3.088981e-01 -1.800256e-01 6.872234e-01 1.837357e-01 4.096349e-02
<VARIANCE> 25
 1.884694e+01 2.571597e+01 2.409385e+01 4.504132e+01 4.075381e+01 4.064833e+01 4.263673e+01 4.153871e+01 3.906608e+01 4.416034e+01 3.654080e+01 3.456591e+01 1.754161e+00 3.047539e+00 5.305525e+00 4.888632e+00 4.710891e+00 4.743861e+00 4.880593e+00 5.394673e+00 4.310268e+00 4.101097e+00 3.633840e+00 3.302122e+00 1.422393e-03
<GCONST> 9.871724e+01
<MIXTURE> 72 8.134747e-03
<MEAN> 25
 3.790839e+00 -3.683659e+00 5.455976e+00 -2.467335e+00 -1.040391e+01 -9.624719e+00 -2.450939e+00 1.923629e+00 -4.942527e+00 -2.199233e+00 -1.887221e+00 6.182563e-01 9.325686e-01 -7.862886e-01 -2.576893e+00 4.629413e-01 2.137202e+00 -6.549130e-01 -1.316983e+00 1.525666e+00 1.814848e+00 -5.967366e-01 -1.289032e+00 4.025504e-01 -6.129539e-03
<VARIANCE> 25
 1.079300e+01 1.948138e+01 3.287241e+01 3.842577e+01 3.232129e+01 3.338204e+01 4.106829e+01 3.620951e+01 4.370691e+01 4.137105e+01 3.879474e+01 2.851517e+01 4.322126e-01 1.026119e+00 2.022352e+00 1.469670e+00 2.183768e+00 2.355525e+00 3.061979e+00 2.732266e+00 2.604065e+00 2.961033e+00 2.025168e+00 2.128910e+00 5.407088e-04
<GCONST> 8.725327e+01
<MIXTURE> 73 1.213625e-02
<MEAN> 25
 -5.640428e+00 -7.917796e-01 -1.304244e+00 4.916992e+00 4.240272e+00 2.343116e+00 5.519143e+00 3.455146e+00 4.368927e+00 3.435249e+00 4.270350e+00 3.028867e+00 8.031784e-01 -1.030897e+00 -9.459804e-01 -2.649090e+00 -1.261652e+00 -1.752341e+00 -9.020045e-01 -5.084089e-01 -9.206399e-01 -7.016922e-01 -1.105113e+00 -2.826905e-01 1.549232e-01
<VARIANCE> 25
 1.284242e+01 1.340037e+01 1.520362e+01 2.263432e+01 2.333892e+01 2.477573e+01 2.038686e+01 2.000510e+01 1.777409e+01 1.906380e+01 2.279755e+01 1.558017e+01 4.047394e+00 3.091529e+00 5.966895e+00 4.675795e+00 6.153773e+00 4.561547e+00 4.304257e+00 4.250823e+00 3.898938e+00 4.232544e+00 3.542383e+00 2.674418e+00 4.296479e-03
<GCONST> 9.270390e+01
<MIXTURE> 74 1.756491e-02
<MEAN> 25
 4.521574e+00 -1.596318e+00 5.275494e+00 -1.154600e+00 -8.774788e+00 -8.328790e+00 -2.707388e+00 7.609364e-01 -4.123583e+00 -2.842851e+00 -1.706228e+00 2.620599e-01 3.114564e-01 2.025643e+00 4.407056e-02 1.720800e+00 1.235862e+00 3.579623e-01 -3.589019e-03 -1.334859e+00 1.743997e-01 1.789028e-01 -2.383673e-01 -1.059561e-01 -7.877584e-02
<VARIANCE> 25
 1.170392e+01 2.203013e+01 3.767906e+01 3.873758e+01 3.718816e+01 3.972758e+01 5.170208e+01 4.673643e+01 4.816007e+01 4.481251e+01 4.122506e+01 3.448539e+01 2.103908e+00 2.052845e+00 3.931434e+00 2.596275e+00 3.933505e+00 3.920741e+00 5.071187e+00 4.288774e+00 4.177025e+00 4.045999e+00 3.659328e+00 3.206137e+00 1.754332e-03
<GCONST> 9.735532e+01
<MIXTURE> 75 9.711651e-03
<MEAN> 25
 2.664964e+00 -1.246688e+00 1.103937e+01 1.730581e+00 -1.184438e+01 -7.675261e+00 -4.580225e+00 -4.812693e-01 -4.510849e+00 -4.625326e+00 3.268155e+00 1.561219e-01 1.753959e+00 -1.768005e+00 2.013084e-01 -2.583168e-01 -2.403852e+00 -5.196244e-01 -1.468345e+00 9.665188e-01 -1.532453e-01 -3.527440e-01 1.083602e+00 -6.305293e-01 3.865628e-02
<VARIANCE> 25
 1.114048e+01 1.783227e+01 3.037599e+01 2.782236e+01 2.689363e+01 3.275821e+01 3.148967e+01 3.115308e+01 3.373075e+01 3.163362e+01 2.045043e+01 2.173161e+01 2.381357e+00 1.903186e+00 4.293712e+00 2.491696e+00 3.879842e+00 4.347923e+00 4.161440e+00 3.520193e+00 3.951157e+00 3.383801e+00 3.106543e+00 2.514007e+00 1.543727e-03
<GCONST> 9.228304e+01
<MIXTURE> 76 1.052359e-02
<MEAN> 25
 -6.348485e+00 -1.505671e+00 -2.551996e+00 3.700409e+00 3.859139e+00 1.678159e+00 3.991591e+00 2.177789e+00 2.412642e+00 5.286068e-01 1.704971e+00 2.631160e+00 -5.048287e-02 -4.949487e-01 -2.733712e-01 -8.138907e-01 -6.173835e-01 -8.660298e-01 -6.425264e-01 -3.303181e-01 -4.771037e-01 -3.428318e-01 -1.841908e-01 -7.931046e-02 2.009307e-02
<VARIANCE> 25
 3.724913e+01 2.631966e+01 2.886656e+01 2.691394e+01 3.173904e+01 3.063629e+01 2.640823e+01 2.637768e+01 2.283283e+01 2.344404e+01 2.594165e+01 1.858838e+01 1.060218e+00 1.140238e+00 1.335949e+00 1.185325e+00 1.380898e+00 1.574120e+00 1.657507e+00 1.666085e+00 1.547964e+00 1.690751e+00 1.550538e+00 1.362113e+00 1.173888e-03
<GCONST> 8.278123e+01
<MIXTURE> 77 1.244626e-02
<MEAN> 25
 -4.660043e-01 8.547754e+00 1.240247e+01 -1.157230e+01 -6.992654e+00 9.394137e-01 -9.241669e+00 -7.226557e+00 -3.379868e+00 -2.052929e-01 -4.642990e+00 -1.470071e+00 6.772590e-02 1.333377e-01 7.508371e-02 2.512531e-01 -2.112181e-02 7.967015e-02 -6.129733e-02 -5.912403e-02 8.245092e-02 -4.671491e-02 2.762691e-02 1.168109e-01 -9.882044e-03
<VARIANCE> 25
 1.040099e+01 2.026393e+01 2.808674e+01 4.181694e+01 3.308681e+01 3.370711e+01 3.683457e+01 3.167194e+01 3.519027e+01 3.318115e+01 3.744520e+01 3.484396e+01 2.980345e-01 7.789561e-01 6.442064e-01 1.088484e+00 1.234071e+00 9.820612e-01 1.224709e+00 1.080823e+00 1.038937e+00 1.069129e+00 9.718027e-01 9.208619e-01 5.375675e-04
<GCONST> 7.780437e+01
<MIXTURE> 78 9.702551e-03
<MEAN> 25
 -1.165463e+01 1.104998e+00 -1.644387e+00 2.262672e+00 4.445579e+00 -2.277030e+00 3.799701e+00 2.665980e+00 2.623437e+00 7.556793e-01 -4.798229e-01 3.065478e+00 2.411720e+00 -2.751247e-01 1.858257e-01 5.867537e-01 -3.202522e-02 1.919846e-02 -3.077646e-01 -8.911490e-02 2.186682e-01 1.455285e-01 -3.751068e-01 -4.606790e-01 -6.218346e-02
<VARIANCE> 25
 4.073204e+01 3.292985e+01 3.285455e+01 3.267532e+01 3.993388e+01 3.735927e+01 3.585998e+01 3.298461e+01 2.827051e+01 2.778091e+01 2.723927e+01 2.021708e+01 4.933548e+00 2.594496e+00 2.868667e+00 3.082463e+00 2.865769e+00 3.526084e+00 3.278764e+00 2.843077e+00 2.357002e+00 2.376717e+00 2.258726e+00 2.136020e+00 4.717804e-03
<GCONST> 9.470271e+01
<MIXTURE> 79 1.156824e-02
<MEAN> 25
 2.420954e+00 1.578515e+00 9.196105e+00 -6.611809e+00 -1.208077e+01 -1.819255e+00 -1.915323e+00 -6.478650e+00 -6.580651e+00 3.250208e-01 -3.519408e+00 -3.296918e+00 1.222068e+00 -5.261692e-01 -1.433044e+00 2.355180e+00 3.805939e-01 -1.473841e+00 5.351496e-01 8.878826e-01 -4.361060e-01 -5.430773e-01 3.585320e-01 2.798243e-01 -3.632719e-02
<VARIANCE> 25
 1.424342e+01 2.414856e+01 3.789747e+01 4.978262e+01 3.337199e+01 4.353683e+01 4.288113e+01 3.678886e+01 3.897284e+01 3.983079e+01 4.393875e+01 3.070156e+01 9.435622e-01 2.263108e+00 1.896177e+00 2.086262e+00 2.474352e+00 2.817137e+00 3.198973e+00 3.536313e+00 2.516856e+00 2.736468e+00 2.318128e+00 2.031916e+00 1.232927e-03
<GCONST> 9.181209e+01
<MIXTURE> 80 7.550998e-03
<MEAN> 25
 -1.460866e+01 3.982978e+00 6.888527e-01 2.865978e+00 2.449390e+00 1.410288e+00 6.397008e+00 2.496773e+00 2.719634e+00 2.373497e+00 4.852879e+00 1.186962e+00 4.286331e+00 -1.602020e-02 1.637934e+00 -1.135554e+00 -2.889475e+00 -2.777582e+00 -2.323244e+00 -2.021465e+00 -1.975032e+00 -1.685194e+00 -1.650844e+00 -6.027454e-01 -4.423228e-02
<VARIANCE> 25
 2.094969e+01 1.984664e+01 3.444448e+01 3.470766e+01 3.018093e+01 2.920889e+01 2.828683e+01 2.855507e+01 2.674643e+01 2.881129e+01 2.685423e+01 1.810697e+01 2.357266e+00 2.666195e+00 2.673126e+00 4.119907e+00 3.394136e+00 2.705081e+00 3.025253e+00 3.204086e+00 2.749122e+00 2.701698e+00 2.782157e+00 2.145745e+00 1.512166e-03
<GCONST> 9.139670e+01
<MIXTURE> 81 8.025434e-03
<MEAN> 25
 -1.117746e+00 4.065142e+00 1.017441e+01 -1.479733e+01 -9.077057e+00 -1.422963e+00 -6.764724e+00 -8.425098e+00 -4.152773e+00 -4.180835e-01 -7.572550e+00 -2.245145e+00 1.337716e-01 -5.872965e-01 -2.480151e-03 -5.561586e-01 -4.634864e-01 3.353768e-01 3.203112e-01 1.375908e-01 -1.403052e-01 1.058491e-01 -4.693709e-01 -1.254324e-01 1.150402e-02
<VARIANCE> 25
 1.014796e+01 3.279465e+01 2.649071e+01 2.933620e+01 3.371011e+01 3.050690e+01 4.543463e+01 2.824314e+01 3.798502e+01 3.188252e+01 2.529561e+01 3.104292e+01 7.718714e-01 2.276249e+00 1.545309e+00 2.871632e+00 2.662461e+00 2.125069e+00 3.279616e+00 2.288133e+00 2.354205e+00 2.539433e+00 2.297984e+00 2.077639e+00 1.182816e-03
<GCONST> 8.868198e+01
<MIXTURE> 82 8.213053e-03
<MEAN> 25
 -9.966270e+00 -3.903473e+00 1.640102e+00 -2.971876e+00 3.113833e+00 6.711991e-01 1.994745e+00 9.378460e-01 2.976421e+00 1.729321e+00 1.742751e+00 3.085362e+00 -1.314336e+00 -1.249191e-01 2.896840e-01 -2.604469e+00 -1.105539e+00 -1.265405e+00 -1.013555e+00 -8.702855e-01 -3.166782e-01 -4.782961e-01 -3.166651e-01 -9.515849e-02 1.784501e-01
<VARIANCE> 25
 1.801052e+01 2.493746e+01 3.237104e+01 3.088886e+01 3.302585e+01 3.229260e+01 3.178302e+01 3.298331e+01 3.085983e+01 2.512638e+01 3.079053e+01 1.750380e+01 3.754998e+00 3.049268e+00 3.316931e+00 3.268510e+00 3.562314e+00 3.286661e+00 2.943631e+00 3.016165e+00 2.795074e+00 2.490984e+00 2.449395e+00 1.865945e+00 3.429721e-03
<GCONST> 9.308212e+01
<MIXTURE> 83 1.167529e-02
<MEAN> 25
 -2.004081e+01 5.504238e+00 -1.789702e+00 -4.051103e-01 7.829639e+00 -1.234488e+00 5.460100e+00 3.044532e+00 1.192393e+00 2.190908e+00 7.244872e-01 2.881716e+00 -2.631321e-02 -4.501706e-01 4.872012e-03 -3.655977e-01 -4.974648e-01 -1.258521e-01 -1.343577e-01 -9.942717e-02 -4.144356e-02 -3.920248e-02 -3.058213e-02 -3.465528e-02 4.403248e-03
<VARIANCE> 25
 8.819281e+00 1.645402e+01 2.851271e+01 2.248555e+01 2.127508e+01 2.407955e+01 2.202746e+01 2.336420e+01 2.042958e+01 2.221887e+01 2.319599e+01 1.448780e+01 1.060910e+00 9.362046e-01 1.240790e+00 1.065688e+00 1.359398e+00 1.291389e+00 1.283447e+00 1.388157e+00 1.349015e+00 1.310737e+00 1.220778e+00 1.071650e+00 8.923843e-04
<GCONST> 7.703519e+01
<MIXTURE> 84 1.066614e-02
<MEAN> 25
 1.178644e+00 9.025377e+00 7.246973e+00 7.989994e+00 2.833973e+00 -9.177866e-01 -1.526964e+00 -4.482265e+00 -4.120943e+00 -2.911782e+00 -2.414149e+00 -1.596627e+00 -1.788083e+00 -1.185839e+00 -1.206568e+00 1.289482e+00 2.254671e+00 1.504469e+00 1.453725e+00 1.290443e+00 1.169407e+00 4.030752e-01 4.168854e-01 4.255596e-01 -7.173958e-02
<VARIANCE> 25
 2.350447e+01 1.824440e+01 2.160803e+01 2.412626e+01 2.918561e+01 2.831473e+01 2.795563e+01 2.655047e+01 2.529654e+01 2.525221e+01 2.360406e+01 2.461446e+01 2.102212e+00 2.541635e+00 3.850125e+00 3.302188e+00 3.275637e+00 3.378127e+00 3.291508e+00 3.408082e+00 3.484256e+00 3.251664e+00 3.589158e+00 2.806380e+00 3.526324e-03
<GCONST> 9.254495e+01
<MIXTURE> 85 7.591393e-03
<MEAN> 25
 -3.110719e+00 7.892380e+00 5.725119e+00 1.286123e+00 -3.493886e+00 -5.325594e+00 -2.980340e+00 -6.121626e+00 -3.542509e+00 -3.184667e+00 -4.793602e-01 -1.899521e+00 3.943540e+00 3.247992e-01 1.756039e+00 -2.091562e+00 -3.414684e+00 -2.583327e+00 -2.886126e+00 -2.341582e+00 -2.249178e+00 -1.264159e+00 -2.302943e+00 -6.158324e-01 9.208782e-03
<VARIANCE> 25
 4.247471e+01 2.343091e+01 3.647598e+01 3.822340e+01 3.974855e+01 4.119092e+01 3.216690e+01 2.789583e+01 2.664456e+01 2.611916e+01 2.622751e+01 2.056922e+01 2.704109e+00 4.326328e+00 4.058795e+00 5.182798e+00 4.408378e+00 3.880895e+00 3.853545e+00 3.987244e+00 3.849566e+00 4.040565e+00 3.941542e+00 3.485200e+00 5.446285e-03
<GCONST> 9.835508e+01
<MIXTURE> 86 1.273941e-02
<MEAN> 25
 -3.655118e+00 -1.118066e+00 -4.454350e-01 5.179428e+00 4.609384e+00 4.081391e+00 4.941895e+00 4.173069e+00 4.425116e+00 3.638947e+00 4.640289e+00 2.416028e+00 -4.160419e-02 -1.975134e-02 5.115562e-02 1.104317e-02 -9.448086e-02 -2.344354e-01 -2.467793e-01 -3.343482e-01 -4.829323e-01 -1.536237e-01 -1.594541e-01 -1.117749e-01 -7.072898e-04
<VARIANCE> 25
 1.026453e+01 5.024467e+00 8.440790e+00 1.333214e+01 1.601757e+01 1.361471e+01 1.174824e+01 1.127983e+01 1.233345e+01 1.250181e+01 1.277891e+01 1.098156e+01 9.727377e-02 1.946749e-01 3.090846e-01 4.626500e-01 7.006490e-01 7.356139e-01 6.343177e-01 7.070990e-01 8.391046e-01 9.579939e-01 7.996999e-01 7.628424e-01 5.767601e-05
<GCONST> 5.701755e+01
<MIXTURE> 87 1.100681e-02
<MEAN> 25
 -3.303522e+00 4.544512e+00 3.506717e+00 7.025293e+00 5.571700e+00 8.929085e-01 1.644097e+00 -9.469194e-01 -5.884900e-01 -8.887363e-01 -7.871211e-01 2.993544e-02 -2.152555e+00 -2.787756e+00 -2.103240e+00 -2.226367e+00 -3.753405e-02 -1.826360e-01 6.134878e-01 1.299865e+00 1.403998e+00 1.031019e+00 9.451357e-01 1.004003e+00 1.047332e-01
<VARIANCE> 25
 3.812500e+01 2.954855e+01 2.806401e+01 3.372167e+01 2.872537e+01 3.192323e+01 2.815100e+01 2.731556e+01 2.594788e+01 2.470424e+01 2.482530e+01 2.316701e+01 3.861048e+00 2.714152e+00 3.918003e+00 3.654011e+00 4.795400e+00 4.312676e+00 4.157089e+00 3.899232e+00 3.535980e+00 3.387114e+00 3.384387e+00 2.733408e+00 4.955920e-03
<GCONST> 9.633642e+01
<MIXTURE> 88 1.256585e-02
<MEAN> 25
 -4.024935e+00 -8.682442e-01 -1.307680e+00 5.170936e+00 4.384274e+00 3.312001e+00 4.798101e+00 3.351768e+00 3.408231e+00 2.185057e+00 2.636979e+00 2.516986e+00 5.901950e-02 2.228622e-01 2.646372e-01 3.493488e-01 1.518259e-01 8.910887e-02 -6.813471e-02 -1.458226e-01 -2.499954e-01 -1.431145e-01 5.530908e-03 8.904357e-02 -5.268830e-03
<VARIANCE> 25
 9.679810e+00 9.333672e+00 1.446352e+01 1.593344e+01 2.010109e+01 1.996511e+01 1.941409e+01 1.759731e+01 1.644035e+01 1.753188e+01 2.139538e+01 1.490085e+01 1.247248e+00 1.598865e+00 1.982898e+00 2.160123e+00 2.647711e+00 2.590400e+00 2.533604e+00 2.418475e+00 2.297147e+00 2.526313e+00 2.271572e+00 2.058081e+00 1.385325e-03
<GCONST> 8.174959e+01
<MIXTURE> 89 9.333527e-03
<MEAN> 25
 6.077631e+00 -6.831072e+00 -3.558245e+00 -3.167461e+00 -1.609893e+00 -5.590694e+00 -6.118595e+00 4.100917e+00 3.473937e+00 -2.808113e+00 -6.031225e+00 -3.288602e+00 -5.709391e-01 1.567457e-01 1.990643e+00 9.015269e-01 -1.869182e+00 -1.648310e+00 8.842211e-01 1.264914e+00 -7.893575e-01 -1.317042e+00 4.037902e-01 1.536330e+00 -4.879503e-03
<VARIANCE> 25
 8.997222e+00 2.672402e+01 3.107716e+01 3.020500e+01 3.610345e+01 4.165868e+01 5.965899e+01 4.211788e+01 3.908713e+01 4.241532e+01 3.581524e+01 3.239093e+01 3.539930e-01 8.414574e-01 1.471835e+00 1.316902e+00 1.918004e+00 2.127915e+00 2.576392e+00 2.040773e+00 2.248134e+00 2.127395e+00 2.331446e+00 1.470685e+00 3.665405e-04
<GCONST> 8.529111e+01
<MIXTURE> 90 7.114505e-03
<MEAN> 25
 2.439695e+00 -9.696493e+00 -4.748320e+00 -3.974642e+00 -3.378935e+00 -1.814681e+00 3.357308e+00 1.178487e+00 -7.521083e+00 -1.020813e+01 -3.436906e+00 -7.415034e-01 -1.631903e-01 9.082887e-01 1.165972e+00 -8.519673e-01 -1.611280e+00 -2.091256e-01 6.440552e-01 -2.076838e-01 -1.672063e-01 7.404558e-01 1.861377e-01 -5.460859e-01 -1.113243e-02
<VARIANCE> 25
 8.507605e+00 1.806896e+01 1.979648e+01 2.796585e+01 3.676942e+01 3.210978e+01 3.847401e+01 3.633727e+01 3.520275e+01 2.767311e+01 2.698528e+01 2.609042e+01 2.235119e-01 6.121153e-01 7.885835e-01 1.042474e+00 1.468582e+00 1.593189e+00 1.777593e+00 1.654763e+00 1.808128e+00 1.686077e+00 1.499478e+00 1.313643e+00 2.146508e-04
<GCONST> 7.814369e+01
<MIXTURE> 91 7.852945e-03
<MEAN> 25
 6.391376e+00 -7.647520e+00 -8.581756e+00 -5.166858e+00 3.970068e+00 -1.194102e-01 -2.192119e+00 7.293108e-01 7.829808e-01 -2.945404e+00 -4.936862e+00 -5.183529e+00 2.594958e-01 1.003501e+00 1.919564e-01 4.493081e-01 -7.029182e-02 -5.594329e-01 -3.890967e-01 -1.012736e-01 -1.029411e-01 4.572583e-01 -1.175284e-01 2.111149e-01 -3.500059e-02
<VARIANCE> 25
 1.012098e+01 2.265723e+01 1.991780e+01 4.058400e+01 3.519398e+01 5.549443e+01 5.444512e+01 3.967282e+01 5.195212e+01 6.425989e+01 3.827747e+01 4.150055e+01 4.458464e-01 8.870259e-01 1.127729e+00 1.386725e+00 2.196196e+00 2.379625e+00 2.372000e+00 2.390213e+00 2.245674e+00 2.218179e+00 2.014074e+00 1.821394e+00 5.857554e-04
<GCONST> 8.718696e+01
<MIXTURE> 92 7.852945e-03
<MEAN> 25
 6.391376e+00 -7.647520e+00 -8.581756e+00 -5.166858e+00 3.970068e+00 -1.194102e-01 -2.192119e+00 7.293108e-01 7.829808e-01 -2.945404e+00 -4.936862e+00 -5.183529e+00 2.594958e-01 1.003501e+00 1.919564e-01 4.493081e-01 -7.029182e-02 -5.594329e-01 -3.890967e-01 -1.012736e-01 -1.029411e-01 4.572583e-01 -1.175284e-01 2.111149e-01 -3.500059e-02
<VARIANCE> 25
 1.012098e+01 2.265723e+01 1.991780e+01 4.058400e+01 3.519398e+01 5.549443e+01 5.444512e+01 3.967282e+01 5.195212e+01 6.425989e+01 3.827747e+01 4.150055e+01 4.458464e-01 8.870259e-01 1.127729e+00 1.386725e+00 2.196196e+00 2.379625e+00 2.372000e+00 2.390213e+00 2.245674e+00 2.218179e+00 2.014074e+00 1.821394e+00 5.857554e-04
<GCONST> 8.718696e+01
<MIXTURE> 93 6.122769e-03
<MEAN> 25
 -6.799122e+00 -9.565422e-01 -2.392543e+00 5.776921e+00 5.887324e+00 3.909074e+00 6.106403e+00 3.595200e+00 4.110283e+00 2.503596e+00 1.812919e+00 3.688254e+00 -6.112639e-02 -1.540844e-01 -2.569503e-01 -3.321474e-01 -3.343252e-01 -2.839687e-01 -2.179244e-01 -1.754449e-01 -1.659506e-01 -1.496386e-01 -1.056848e-01 -3.738391e-02 -3.773713e-06
<VARIANCE> 25
 9.236675e+00 6.022991e+00 8.186238e+00 1.143321e+01 1.156768e+01 1.598152e+01 1.529608e+01 1.643431e+01 1.475712e+01 1.452055e+01 1.674686e+01 1.348150e+01 8.265544e-02 1.532394e-01 2.634576e-01 3.801880e-01 4.978031e-01 6.412230e-01 7.788649e-01 8.877262e-01 9.151418e-01 8.781670e-01 8.914225e-01 9.160286e-01 1.005197e-06
<GCONST> 5.362583e+01
<MIXTURE> 94 6.122769e-03
<MEAN> 25
 -6.799122e+00 -9.565422e-01 -2.392543e+00 5.776921e+00 5.887324e+00 3.909074e+00 6.106403e+00 3.595200e+00 4.110283e+00 2.503596e+00 1.812919e+00 3.688254e+00 -6.112639e-02 -1.540844e-01 -2.569503e-01 -3.321474e-01 -3.343252e-01 -2.839687e-01 -2.179244e-01 -1.754449e-01 -1.659506e-01 -1.496386e-01 -1.056848e-01 -3.738391e-02 -3.773713e-06
<VARIANCE> 25
 9.236675e+00 6.022991e+00 8.186238e+00 1.143321e+01 1.156768e+01 1.598152e+01 1.529608e+01 1.643431e+01 1.475712e+01 1.452055e+01 1.674686e+01 1.348150e+01 8.265544e-02 1.532394e-01 2.634576e-01 3.801880e-01 4.978031e-01 6.412230e-01 7.788649e-01 8.877262e-01 9.151418e-01 8.781670e-01 8.914225e-01 9.160286e-01 1.005197e-06
<GCONST> 5.362583e+01
<MIXTURE> 95 5.258835e-03
<MEAN> 25
 -3.551459e+00 -7.438642e-01 -1.146970e+00 3.418481e+00 3.160175e+00 2.135513e+00 3.071823e+00 1.446826e+00 1.216864e+00 1.258929e+00 9.203141e-01 1.438991e+00 7.412851e-02 2.073725e-01 1.414367e-01 -2.542816e-01 -5.042900e-01 -7.412208e-01 -1.148037e+00 -1.177949e+00 -1.240225e+00 -1.039806e+00 -5.951123e-01 -1.478877e-01 -1.125263e-03
<VARIANCE> 25
 1.140434e+01 5.151575e+00 8.819926e+00 1.185217e+01 1.237617e+01 1.480434e+01 1.563150e+01 1.589722e+01 1.289850e+01 1.376562e+01 1.667026e+01 1.403555e+01 1.695735e-01 2.355301e-01 3.489505e-01 5.875610e-01 7.393770e-01 6.971354e-01 8.020076e-01 8.441625e-01 8.541839e-01 1.263097e+00 9.463990e-01 9.846993e-01 3.784710e-05
<GCONST> 5.999612e+01
<MIXTURE> 96 7.034694e-03
<MEAN> 25
 -3.843289e+00 -4.525129e-01 -1.741014e+00 3.689738e+00 2.777766e+00 1.322791e+00 2.626117e+00 1.300432e+00 1.759560e+00 7.662249e-01 7.963065e-01 2.084680e+00 -8.774806e-03 7.137235e-02 2.066201e-01 4.152991e-01 6.321868e-01 5.876523e-01 1.615286e-01 -1.212092e-01 -5.402380e-01 -7.282332e-01 -6.214769e-01 -4.149524e-01 1.124824e-04
<VARIANCE> 25
 1.180663e+01 8.227356e+00 1.075239e+01 1.660599e+01 1.469834e+01 1.590849e+01 1.751955e+01 1.651420e+01 1.627487e+01 1.418421e+01 1.627806e+01 1.411520e+01 1.154327e-01 2.022917e-01 3.016891e-01 4.035105e-01 5.796921e-01 6.040114e-01 8.651089e-01 9.900530e-01 8.489209e-01 8.204167e-01 9.185128e-01 8.853828e-01 1.252451e-06
<GCONST> 5.648268e+01
<MIXTURE> 97 7.034694e-03
<MEAN> 25
 -3.843289e+00 -4.525129e-01 -1.741014e+00 3.689738e+00 2.777766e+00 1.322791e+00 2.626117e+00 1.300432e+00 1.759560e+00 7.662249e-01 7.963065e-01 2.084680e+00 -8.774806e-03 7.137235e-02 2.066201e-01 4.152991e-01 6.321868e-01 5.876523e-01 1.615286e-01 -1.212092e-01 -5.402380e-01 -7.282332e-01 -6.214769e-01 -4.149524e-01 1.124824e-04
<VARIANCE> 25
 1.180663e+01 8.227356e+00 1.075239e+01 1.660599e+01 1.469834e+01 1.590849e+01 1.751955e+01 1.651420e+01 1.627487e+01 1.418421e+01 1.627806e+01 1.411520e+01 1.154327e-01 2.022917e-01 3.016891e-01 4.035105e-01 5.796921e-01 6.040114e-01 8.651089e-01 9.900530e-01 8.489209e-01 8.204167e-01 9.185128e-01 8.853828e-01 1.252451e-06
<GCONST> 5.648268e+01
<MIXTURE> 98 9.917808e-03
<MEAN> 25
 -1.470204e+00 9.212633e-01 -1.825064e-01 4.543559e+00 3.672208e+00 2.642620e+00 3.133593e+00 1.653456e+00 1.565937e+00 8.792756e-01 7.368873e-01 9.791584e-01 -1.799566e+00 -1.482866e+00 -1.005856e+00 1.677271e-01 6.485127e-01 8.232069e-01 1.276839e+00 1.455673e+00 1.695498e+00 1.147410e+00 1.320495e+00 9.612219e-01 -3.482998e-02
<VARIANCE> 25
 1.419406e+01 1.994624e+01 3.142656e+01 3.265760e+01 4.264333e+01 3.630320e+01 3.222112e+01 2.899862e+01 2.750712e+01 3.010287e+01 2.648768e+01 2.364009e+01 1.360298e+00 1.508795e+00 2.364262e+00 2.442250e+00 2.858582e+00 2.891828e+00 2.868670e+00 2.758668e+00 2.591074e+00 2.983074e+00 2.746647e+00 2.123794e+00 2.363221e-03
<GCONST> 9.028395e+01
<MIXTURE> 99 6.696178e-03
<MEAN> 25
 -6.446830e+00 1.000254e+01 6.823019e+00 3.482428e+00 9.232064e-01 -5.318462e+00 -1.706948e+00 -4.160408e+00 -3.486057e+00 -3.757853e+00 -1.618642e+00 3.961820e-01 5.698146e-01 -7.265977e-01 3.170538e-01 -3.892700e-01 -1.146269e+00 -5.155154e-01 -3.332001e-01 -2.512761e-01 -1.056920e-01 -4.857882e-02 2.437253e-01 1.713658e-01 1.050498e-02
<VARIANCE> 25
 3.596754e+01 2.544660e+01 4.693971e+01 3.175644e+01 3.671469e+01 3.524942e+01 2.776616e+01 2.960912e+01 2.690458e+01 2.798693e+01 2.068828e+01 2.920431e+01 2.195446e+00 1.892288e+00 1.441049e+00 1.750443e+00 2.665344e+00 2.106449e+00 1.608107e+00 1.658840e+00 1.560497e+00 1.592790e+00 1.317380e+00 1.277161e+00 1.566784e-03
<GCONST> 8.700648e+01
<MIXTURE> 100 4.498084e-03
<MEAN> 25
 -1.598878e+00 6.344827e+00 1.027700e+01 -7.462759e+00 -1.078206e+01 -5.075294e+00 -4.941668e+00 -9.968847e+00 -4.718240e+00 -8.551691e-01 -2.733300e+00 -2.708267e+00 2.917895e+00 -1.260455e+00 1.299659e+00 -2.185945e+00 -3.419489e+00 -7.841161e-01 -1.218778e+00 -8.197802e-01 -1.475479e+00 3.466953e-01 -1.655620e+00 -2.862392e-01 2.015521e-03
<VARIANCE> 25
 1.362666e+01 2.105913e+01 2.246177e+01 2.642710e+01 2.301848e+01 2.372172e+01 2.911146e+01 2.170685e+01 2.748231e+01 2.265230e+01 2.241141e+01 2.134114e+01 1.799129e+00 3.953767e+00 2.919965e+00 4.286306e+00 4.184435e+00 4.537227e+00 4.015484e+00 4.340374e+00 4.167888e+00 3.896067e+00 3.910382e+00 3.225015e+00 1.674840e-03
<GCONST> 9.256865e+01
<MIXTURE> 101 6.007792e-03
<MEAN> 25
 8.095474e+00 -3.487898e+00 -6.311896e+00 -6.866741e+00 8.467672e-01 -1.258943e+00 -1.058859e+01 -2.059208e+00 1.622340e+00 2.714241e+00 -2.386870e+00 -5.142351e+00 6.734805e-01 6.510352e-01 -1.456972e+00 -1.610651e+00 1.032282e+00 2.318476e+00 1.967649e-01 -1.460624e+00 -1.064530e+00 1.036799e+00 1.373328e+00 -4.155110e-01 -4.808058e-03
<VARIANCE> 25
 9.274102e+00 1.671486e+01 2.984535e+01 4.279211e+01 3.622629e+01 3.581478e+01 3.703020e+01 3.622539e+01 3.786248e+01 4.398618e+01 5.178204e+01 2.423204e+01 2.936923e-01 6.692530e-01 1.172415e+00 1.551400e+00 1.687604e+00 2.096792e+00 2.086820e+00 1.992302e+00 2.349196e+00 2.216402e+00 1.785508e+00 1.935387e+00 3.449316e-04
<GCONST> 8.364290e+01
<MIXTURE> 102 6.007792e-03
<MEAN> 25
 8.095474e+00 -3.487898e+00 -6.311896e+00 -6.866741e+00 8.467672e-01 -1.258943e+00 -1.058859e+01 -2.059208e+00 1.622340e+00 2.714241e+00 -2.386870e+00 -5.142351e+00 6.734805e-01 6.510352e-01 -1.456972e+00 -1.610651e+00 1.032282e+00 2.318476e+00 1.967649e-01 -1.460624e+00 -1.064530e+00 1.036799e+00 1.373328e+00 -4.155110e-01 -4.808058e-03
<VARIANCE> 25
 9.274102e+00 1.671486e+01 2.984535e+01 4.279211e+01 3.622629e+01 3.581478e+01 3.703020e+01 3.622539e+01 3.786248e+01 4.398618e+01 5.178204e+01 2.423204e+01 2.936923e-01 6.692530e-01 1.172415e+00 1.551400e+00 1.687604e+00 2.096792e+00 2.086820e+00 1.992302e+00 2.349196e+00 2.216402e+00 1.785508e+00 1.935387e+00 3.449316e-04
<GCONST> 8.364290e+01
<MIXTURE> 103 5.694618e-03
<MEAN> 25
 3.363660e+00 -9.467726e+00 -6.126543e+00 -3.090871e+00 -1.335386e+00 -1.970255e+00 2.431040e+00 2.505759e+00 -4.613774e+00 -9.251397e+00 -5.061706e+00 3.607216e-01 -1.576562e-01 -1.487350e+00 -9.794346e-01 3.766182e-01 1.214159e+00 1.019029e+00 1.581295e-01 -2.678578e-01 -7.801439e-01 -9.462583e-01 -3.553215e-02 1.183118e-01 2.690701e-02
<VARIANCE> 25
 1.033309e+01 2.040593e+01 2.290370e+01 3.163814e+01 4.798978e+01 3.496326e+01 4.639428e+01 3.672492e+01 4.207121e+01 2.931815e+01 3.002357e+01 2.637398e+01 6.429293e-01 1.251793e+00 1.537087e+00 1.939068e+00 2.923637e+00 2.408768e+00 2.887966e+00 2.576165e+00 2.560514e+00 2.521014e+00 2.095192e+00 2.017624e+00 8.071824e-04
<GCONST> 8.755984e+01
<MIXTURE> 104 5.694618e-03
<MEAN> 25
 3.363660e+00 -9.467726e+00 -6.126543e+00 -3.090871e+00 -1.335386e+00 -1.970255e+00 2.431040e+00 2.505759e+00 -4.613774e+00 -9.251397e+00 -5.061706e+00 3.607216e-01 -1.576562e-01 -1.487350e+00 -9.794346e-01 3.766182e-01 1.214159e+00 1.019029e+00 1.581295e-01 -2.678578e-01 -7.801439e-01 -9.462583e-01 -3.553215e-02 1.183118e-01 2.690701e-02
<VARIANCE> 25
 1.033309e+01 2.040593e+01 2.290370e+01 3.163814e+01 4.798978e+01 3.496326e+01 4.639428e+01 3.672492e+01 4.207121e+01 2.931815e+01 3.002357e+01 2.637398e+01 6.429293e-01 1.251793e+00 1.537087e+00 1.939068e+00 2.923637e+00 2.408768e+00 2.887966e+00 2.576165e+00 2.560514e+00 2.521014e+00 2.095192e+00 2.017624e+00 8.071824e-04
<GCONST> 8.755984e+01
<MIXTURE> 105 4.710235e-03
<MEAN> 25
 2.176533e+00 -1.429677e+00 8.913045e+00 -2.646057e+00 -1.127418e+01 -4.911167e+00 -4.093885e+00 -7.962677e-01 -3.799154e+00 -3.253677e+00 1.442286e+00 -1.093445e+00 8.236377e-03 3.786049e-02 4.434150e-02 -5.255094e-02 -3.846416e-03 5.045497e-02 -1.546296e-02 2.642314e-02 -4.091855e-02 3.187459e-04 2.430532e-02 -2.460749e-02 -2.068223e-03
<VARIANCE> 25
 1.289214e+01 2.766186e+01 4.198557e+01 4.332097e+01 3.916114e+01 5.209896e+01 3.997510e+01 4.192314e+01 3.868708e+01 4.116999e+01 4.108966e+01 2.973681e+01 8.304258e-02 1.922614e-01 3.335118e-01 2.956795e-01 3.700410e-01 4.224522e-01 4.802671e-01 5.484865e-01 4.834455e-01 4.666970e-01 4.286971e-01 3.914821e-01 8.717732e-05
<GCONST> 6.659088e+01
<MIXTURE> 106 4.710235e-03
<MEAN> 25
 2.176533e+00 -1.429677e+00 8.913045e+00 -2.646057e+00 -1.127418e+01 -4.911167e+00 -4.093885e+00 -7.962677e-01 -3.799154e+00 -3.253677e+00 1.442286e+00 -1.093445e+00 8.236377e-03 3.786049e-02 4.434150e-02 -5.255094e-02 -3.846416e-03 5.045497e-02 -1.546296e-02 2.642314e-02 -4.091855e-02 3.187459e-04 2.430532e-02 -2.460749e-02 -2.068223e-03
<VARIANCE> 25
 1.289214e+01 2.766186e+01 4.198557e+01 4.332097e+01 3.916114e+01 5.209896e+01 3.997510e+01 4.192314e+01 3.868708e+01 4.116999e+01 4.108966e+01 2.973681e+01 8.304258e-02 1.922614e-01 3.335118e-01 2.956795e-01 3.700410e-01 4.224522e-01 4.802671e-01 5.484865e-01 4.834455e-01 4.666970e-01 4.286971e-01 3.914821e-01 8.717732e-05
<GCONST> 6.659088e+01
<MIXTURE> 107 5.452374e-03
<MEAN> 25
 8.641584e+00 -2.310591e+00 -8.040798e+00 -9.562043e+00 1.965638e+00 2.958366e+00 -8.641978e+00 -4.554196e+00 -8.844671e-01 3.388937e+00 8.546915e-01 -5.074701e+00 -6.099594e-01 -7.684808e-01 8.360257e-01 1.773383e+00 2.255282e-01 -2.012902e+00 -9.218003e-01 8.485562e-01 1.767424e+00 4.700436e-02 -1.658180e+00 -8.204069e-01 -1.792991e-03
<VARIANCE> 25
 9.246819e+00 2.046996e+01 2.835305e+01 4.281174e+01 3.577234e+01 3.848026e+01 5.117490e+01 3.627365e+01 4.579977e+01 4.174231e+01 5.138115e+01 3.037058e+01 3.557514e-01 9.686199e-01 1.461982e+00 2.414016e+00 2.286850e+00 2.824368e+00 2.614710e+00 2.542264e+00 2.297860e+00 3.031272e+00 1.945364e+00 2.206952e+00 7.029547e-04
<GCONST> 8.804707e+01
<MIXTURE> 108 5.452374e-03
<MEAN> 25
 8.641584e+00 -2.310591e+00 -8.040798e+00 -9.562043e+00 1.965638e+00 2.958366e+00 -8.641978e+00 -4.554196e+00 -8.844671e-01 3.388937e+00 8.546915e-01 -5.074701e+00 -6.099594e-01 -7.684808e-01 8.360257e-01 1.773383e+00 2.255282e-01 -2.012902e+00 -9.218003e-01 8.485562e-01 1.767424e+00 4.700436e-02 -1.658180e+00 -8.204069e-01 -1.792991e-03
<VARIANCE> 25
 9.246819e+00 2.046996e+01 2.835305e+01 4.281174e+01 3.577234e+01 3.848026e+01 5.117490e+01 3.627365e+01 4.579977e+01 4.174231e+01 5.138115e+01 3.037058e+01 3.557514e-01 9.686199e-01 1.461982e+00 2.414016e+00 2.286850e+00 2.824368e+00 2.614710e+00 2.542264e+00 2.297860e+00 3.031272e+00 1.945364e+00 2.206952e+00 7.029547e-04
<GCONST> 8.804707e+01
<MIXTURE> 109 6.661064e-03
<MEAN> 25
 4.014023e+00 -1.034438e+01 -8.160414e+00 -1.383634e+00 2.635547e+00 -7.969217e-02 -1.338023e-01 1.340248e+00 -2.612463e+00 -8.294403e+00 -5.358626e+00 2.238837e-02 -3.565240e-02 -1.380512e-01 -3.287371e-02 2.727396e-01 2.245006e-01 1.189072e-01 -1.321240e-01 -1.236889e-01 -3.799830e-02 -1.393844e-01 2.063514e-01 -1.671534e-02 -3.426475e-03
<VARIANCE> 25
 9.087396e+00 1.967844e+01 2.050527e+01 3.082731e+01 4.057800e+01 3.606267e+01 4.586337e+01 3.437312e+01 4.527219e+01 3.483080e+01 2.901109e+01 2.771493e+01 1.897384e-01 4.170762e-01 5.284227e-01 6.481088e-01 1.253630e+00 9.781411e-01 1.239290e+00 1.100665e+00 1.097735e+00 9.415459e-01 8.730595e-01 9.120188e-01 1.786135e-04
<GCONST> 7.436781e+01
<MIXTURE> 110 6.661064e-03
<MEAN> 25
 4.014023e+00 -1.034438e+01 -8.160414e+00 -1.383634e+00 2.635547e+00 -7.969217e-02 -1.338023e-01 1.340248e+00 -2.612463e+00 -8.294403e+00 -5.358626e+00 2.238837e-02 -3.565240e-02 -1.380512e-01 -3.287371e-02 2.727396e-01 2.245006e-01 1.189072e-01 -1.321240e-01 -1.236889e-01 -3.799830e-02 -1.393844e-01 2.063514e-01 -1.671534e-02 -3.426475e-03
<VARIANCE> 25
 9.087396e+00 1.967844e+01 2.050527e+01 3.082731e+01 4.057800e+01 3.606267e+01 4.586337e+01 3.437312e+01 4.527219e+01 3.483080e+01 2.901109e+01 2.771493e+01 1.897384e-01 4.170762e-01 5.284227e-01 6.481088e-01 1.253630e+00 9.781411e-01 1.239290e+00 1.100665e+00 1.097735e+00 9.415459e-01 8.730595e-01 9.120188e-01 1.786135e-04
<GCONST> 7.436781e+01
<MIXTURE> 111 4.337247e-03
<MEAN> 25
 -1.165292e+00 -5.299330e-02 -5.100997e-01 1.886140e-01 -7.990278e-02 4.662931e-02 -5.545712e-01 -5.248924e-01 -4.536844e-01 -3.163213e-01 -2.439537e-01 5.094065e-01 -4.095369e-03 -2.852609e-02 -6.110146e-02 -8.905873e-02 -5.171162e-02 -4.651424e-03 -3.749402e-03 -8.156112e-02 -2.030436e-01 -2.150322e-01 -1.544709e-01 -8.294011e-02 -4.101273e-04
<VARIANCE> 25
 4.458014e+00 3.202636e+00 4.502958e+00 6.959088e+00 7.396878e+00 1.220281e+01 1.075377e+01 9.586164e+00 9.119513e+00 1.033937e+01 9.868156e+00 7.714885e+00 1.074010e-01 1.960548e-01 2.918769e-01 5.074610e-01 6.035224e-01 8.086623e-01 8.528061e-01 1.098031e+00 9.525492e-01 8.573290e-01 7.560697e-01 6.427891e-01 2.674802e-05
<GCONST> 5.206100e+01
<MIXTURE> 112 4.337247e-03
<MEAN> 25
 -1.165292e+00 -5.299330e-02 -5.100997e-01 1.886140e-01 -7.990278e-02 4.662931e-02 -5.545712e-01 -5.248924e-01 -4.536844e-01 -3.163213e-01 -2.439537e-01 5.094065e-01 -4.095369e-03 -2.852609e-02 -6.110146e-02 -8.905873e-02 -5.171162e-02 -4.651424e-03 -3.749402e-03 -8.156112e-02 -2.030436e-01 -2.150322e-01 -1.544709e-01 -8.294011e-02 -4.101273e-04
<VARIANCE> 25
 4.458014e+00 3.202636e+00 4.502958e+00 6.959088e+00 7.396878e+00 1.220281e+01 1.075377e+01 9.586164e+00 9.119513e+00 1.033937e+01 9.868156e+00 7.714885e+00 1.074010e-01 1.960548e-01 2.918769e-01 5.074610e-01 6.035224e-01 8.086623e-01 8.528061e-01 1.098031e+00 9.525492e-01 8.573290e-01 7.560697e-01 6.427891e-01 2.674802e-05
<GCONST> 5.206100e+01
<MIXTURE> 113 5.938666e-03
<MEAN> 25
 9.976682e+00 1.754868e+00 -8.779985e+00 -1.704537e+01 -1.034335e+00 5.658526e+00 -5.280345e+00 -1.466351e+00 -5.695349e+00 -4.940417e-01 2.987620e-01 -1.975407e-01 4.836051e-03 1.378855e-02 -5.953093e-02 -1.133002e-01 1.044338e-01 1.506295e-01 5.943795e-02 3.605531e-02 -5.695947e-02 -5.141045e-02 1.797241e-01 3.512436e-02 -1.409066e-03
<VARIANCE> 25
 8.883903e+00 1.638884e+01 2.968219e+01 3.422462e+01 5.272995e+01 3.386653e+01 3.970385e+01 3.913790e+01 3.737239e+01 4.639768e+01 3.629422e+01 2.843783e+01 1.217798e-01 3.205748e-01 3.160872e-01 6.314765e-01 6.129713e-01 6.536006e-01 7.769102e-01 8.453251e-01 9.593443e-01 9.054084e-01 7.244743e-01 7.136656e-01 1.247716e-04
<GCONST> 7.110564e+01
<MIXTURE> 114 5.938666e-03
<MEAN> 25
 9.976682e+00 1.754868e+00 -8.779985e+00 -1.704537e+01 -1.034335e+00 5.658526e+00 -5.280345e+00 -1.466351e+00 -5.695349e+00 -4.940417e-01 2.987620e-01 -1.975407e-01 4.836051e-03 1.378855e-02 -5.953093e-02 -1.133002e-01 1.044338e-01 1.506295e-01 5.943795e-02 3.605531e-02 -5.695947e-02 -5.141045e-02 1.797241e-01 3.512436e-02 -1.409066e-03
<VARIANCE> 25
 8.883903e+00 1.638884e+01 2.968219e+01 3.422462e+01 5.272995e+01 3.386653e+01 3.970385e+01 3.913790e+01 3.737239e+01 4.639768e+01 3.629422e+01 2.843783e+01 1.217798e-01 3.205748e-01 3.160872e-01 6.314765e-01 6.129713e-01 6.536006e-01 7.769102e-01 8.453251e-01 9.593443e-01 9.054084e-01 7.244743e-01 7.136656e-01 1.247716e-04
<GCONST> 7.110564e+01
<MIXTURE> 115 2.935202e-03
<MEAN> 25
 -2.837562e+00 -4.402767e-01 -2.110814e+00 2.698059e+00 1.505939e+00 -5.070123e-01 1.325236e+00 -2.100233e-01 8.205078e-01 2.485953e-01 -3.920056e-01 1.538927e+00 3.809103e-02 -5.230861e-02 -2.138997e-01 -4.808133e-01 -5.975736e-01 -6.059910e-01 -7.137952e-01 -6.619712e-01 -4.383184e-01 -3.784992e-01 -3.339521e-01 -1.382778e-01 -6.373443e-05
<VARIANCE> 25
 8.809910e+00 7.812942e+00 1.185791e+01 1.189248e+01 1.248788e+01 1.367029e+01 1.508003e+01 1.762593e+01 1.728855e+01 1.506856e+01 1.673059e+01 1.420868e+01 1.758483e-01 3.801569e-01 4.115212e-01 4.612690e-01 6.557411e-01 7.607216e-01 9.936116e-01 1.505337e+00 9.539588e-01 9.945623e-01 9.325618e-01 9.435433e-01 1.086390e-06
<GCONST> 5.831094e+01
<MIXTURE> 116 2.935202e-03
<MEAN> 25
 -2.837562e+00 -4.402767e-01 -2.110814e+00 2.698059e+00 1.505939e+00 -5.070123e-01 1.325236e+00 -2.100233e-01 8.205078e-01 2.485953e-01 -3.920056e-01 1.538927e+00 3.809103e-02 -5.230861e-02 -2.138997e-01 -4.808133e-01 -5.975736e-01 -6.059910e-01 -7.137952e-01 -6.619712e-01 -4.383184e-01 -3.784992e-01 -3.339521e-01 -1.382778e-01 -6.373443e-05
<VARIANCE> 25
 8.809910e+00 7.812942e+00 1.185791e+01 1.189248e+01 1.248788e+01 1.367029e+01 1.508003e+01 1.762593e+01 1.728855e+01 1.506856e+01 1.673059e+01 1.420868e+01 1.758483e-01 3.801569e-01 4.115212e-01 4.612690e-01 6.557411e-01 7.607216e-01 9.936116e-01 1.505337e+00 9.539588e-01 9.945623e-01 9.325618e-01 9.435433e-01 1.086390e-06
<GCONST> 5.831094e+01
<MIXTURE> 117 6.506003e-03
<MEAN> 25
 -4.642798e+00 1.117239e+00 1.054556e+00 9.754999e+00 6.256653e+00 6.253004e+00 6.460985e+00 5.043379e+00 6.384846e+00 4.928890e+00 6.365044e+00 2.708716e+00 -7.513694e-02 -2.340478e-01 -3.585159e-01 -4.198798e-01 -3.678125e-01 -3.027685e-01 -2.881196e-01 -3.327063e-01 -3.916492e-01 -3.683351e-01 -2.632043e-01 -1.164396e-01 -9.313513e-06
<VARIANCE> 25
 7.191432e+00 8.750111e+00 9.805327e+00 1.432863e+01 1.563853e+01 1.537024e+01 1.772878e+01 1.795615e+01 1.639960e+01 1.636581e+01 1.674390e+01 1.475051e+01 2.165672e-01 3.073896e-01 4.260547e-01 6.168875e-01 8.535383e-01 1.054922e+00 1.178805e+00 1.236639e+00 1.223570e+00 1.195356e+00 1.166749e+00 1.113735e+00 9.999227e-07
<GCONST> 6.043393e+01
<MIXTURE> 118 6.506003e-03
<MEAN> 25
 -4.642798e+00 1.117239e+00 1.054556e+00 9.754999e+00 6.256653e+00 6.253004e+00 6.460985e+00 5.043379e+00 6.384846e+00 4.928890e+00 6.365044e+00 2.708716e+00 -7.513694e-02 -2.340478e-01 -3.585159e-01 -4.198798e-01 -3.678125e-01 -3.027685e-01 -2.881196e-01 -3.327063e-01 -3.916492e-01 -3.683351e-01 -2.632043e-01 -1.164396e-01 -9.313513e-06
<VARIANCE> 25
 7.191432e+00 8.750111e+00 9.805327e+00 1.432863e+01 1.563853e+01 1.537024e+01 1.772878e+01 1.795615e+01 1.639960e+01 1.636581e+01 1.674390e+01 1.475051e+01 2.165672e-01 3.073896e-01 4.260547e-01 6.168875e-01 8.535383e-01 1.054922e+00 1.178805e+00 1.236639e+00 1.223570e+00 1.195356e+00 1.166749e+00 1.113735e+00 9.999227e-07
<GCONST> 6.043393e+01
<MIXTURE> 119 4.297961e-03
<MEAN> 25
 -4.865368e+00 -7.522949e+00 2.145629e+00 1.943608e+00 2.246010e+00 1.961201e-01 5.199808e+00 5.867717e+00 1.217702e+00 1.054391e+00 6.534785e+00 1.575543e+00 -5.463947e-02 -8.625844e-02 3.387050e-02 -5.639466e-02 -1.393037e-01 -1.728296e-01 -7.414801e-02 -1.991742e-02 -8.653462e-02 -8.465745e-02 -4.680393e-02 -6.367069e-02 9.522274e-04
<VARIANCE> 25
 8.792704e+00 1.016515e+01 1.650395e+01 1.996166e+01 2.256406e+01 2.273578e+01 2.468561e+01 2.611398e+01 2.468992e+01 2.797675e+01 2.024056e+01 2.002641e+01 1.613309e-01 2.907030e-01 4.523082e-01 6.299539e-01 8.038385e-01 9.921030e-01 1.085118e+00 1.271819e+00 1.278758e+00 1.293656e+00 1.181636e+00 1.103072e+00 2.292568e-04
<GCONST> 6.965704e+01
<MIXTURE> 120 4.297961e-03
<MEAN> 25
 -4.865368e+00 -7.522949e+00 2.145629e+00 1.943608e+00 2.246010e+00 1.961201e-01 5.199808e+00 5.867717e+00 1.217702e+00 1.054391e+00 6.534785e+00 1.575543e+00 -5.463947e-02 -8.625844e-02 3.387050e-02 -5.639466e-02 -1.393037e-01 -1.728296e-01 -7.414801e-02 -1.991742e-02 -8.653462e-02 -8.465745e-02 -4.680393e-02 -6.367069e-02 9.522274e-04
<VARIANCE> 25
 8.792704e+00 1.016515e+01 1.650395e+01 1.996166e+01 2.256406e+01 2.273578e+01 2.468561e+01 2.611398e+01 2.468992e+01 2.797675e+01 2.024056e+01 2.002641e+01 1.613309e-01 2.907030e-01 4.523082e-01 6.299539e-01 8.038385e-01 9.921030e-01 1.085118e+00 1.271819e+00 1.278758e+00 1.293656e+00 1.181636e+00 1.103072e+00 2.292568e-04
<GCONST> 6.965704e+01
<MIXTURE> 121 4.567511e-03
<MEAN> 25
 2.157213e-01 -2.459728e+00 5.014515e+00 -1.264534e+01 -1.241115e+01 -1.680735e+00 8.970962e-01 -5.116400e+00 -4.227622e+00 -5.910391e-01 -5.465708e+00 -4.202313e+00 2.104671e-02 1.186428e-01 -3.988471e-02 8.972461e-02 1.752621e-01 8.242597e-02 -7.322419e-02 -1.804270e-01 -2.635447e-01 -2.718499e-01 -1.147356e-01 -1.845509e-02 -7.271898e-03
<VARIANCE> 25
 7.573750e+00 1.537624e+01 1.763750e+01 2.230256e+01 2.587447e+01 2.860763e+01 2.924991e+01 2.406816e+01 3.471018e+01 2.822947e+01 1.937650e+01 2.119471e+01 1.528325e-01 6.422297e-01 6.108894e-01 7.221104e-01 7.827333e-01 1.130878e+00 1.116214e+00 1.159623e+00 1.190061e+00 1.189103e+00 9.344268e-01 8.876980e-01 2.068311e-04
<GCONST> 7.142116e+01
<MIXTURE> 122 4.567511e-03
<MEAN> 25
 2.157213e-01 -2.459728e+00 5.014515e+00 -1.264534e+01 -1.241115e+01 -1.680735e+00 8.970962e-01 -5.116400e+00 -4.227622e+00 -5.910391e-01 -5.465708e+00 -4.202313e+00 2.104671e-02 1.186428e-01 -3.988471e-02 8.972461e-02 1.752621e-01 8.242597e-02 -7.322419e-02 -1.804270e-01 -2.635447e-01 -2.718499e-01 -1.147356e-01 -1.845509e-02 -7.271898e-03
<VARIANCE> 25
 7.573750e+00 1.537624e+01 1.763750e+01 2.230256e+01 2.587447e+01 2.860763e+01 2.924991e+01 2.406816e+01 3.471018e+01 2.822947e+01 1.937650e+01 2.119471e+01 1.528325e-01 6.422297e-01 6.108894e-01 7.221104e-01 7.827333e-01 1.130878e+00 1.116214e+00 1.159623e+00 1.190061e+00 1.189103e+00 9.344268e-01 8.876980e-01 2.068311e-04
<GCONST> 7.142116e+01
<MIXTURE> 123 4.393044e-03
<MEAN> 25
 -3.534525e+00 8.949078e-01 7.497161e-03 5.106999e+00 4.243438e+00 3.065002e+00 2.867439e+00 2.081661e-01 1.462678e-01 -4.423599e-01 -2.628306e-01 8.225185e-01 -3.653826e-01 -8.065224e-01 -7.440699e-01 -5.816990e-01 -2.361061e-01 6.672650e-02 4.078435e-01 6.428911e-01 7.468777e-01 6.859978e-01 7.275586e-01 4.268430e-01 -3.215143e-03
<VARIANCE> 25
 1.077616e+01 8.723466e+00 1.344006e+01 1.967778e+01 2.284634e+01 2.479165e+01 1.914654e+01 1.703465e+01 1.660769e+01 1.577475e+01 1.981801e+01 1.735835e+01 3.800914e-01 3.895855e-01 5.132656e-01 6.530818e-01 9.116878e-01 1.075312e+00 1.184886e+00 1.086314e+00 1.067450e+00 1.135815e+00 1.044571e+00 1.178477e+00 8.767581e-05
<GCONST> 6.789175e+01
<MIXTURE> 124 4.069876e-03
<MEAN> 25
 -6.192127e+00 -1.168891e+00 -2.776004e+00 4.862025e+00 4.788029e+00 3.219047e+00 5.228050e+00 2.523863e+00 3.141219e+00 1.278699e+00 1.147139e+00 2.909608e+00 -2.026046e-01 -3.292107e-01 -3.617505e-01 -2.026517e-01 1.445648e-01 5.322821e-01 8.070667e-01 8.457392e-01 6.365798e-01 3.352725e-01 8.487377e-02 -2.321501e-02 -8.272846e-05
<VARIANCE> 25
 1.300123e+01 6.796177e+00 1.113331e+01 1.305302e+01 1.232595e+01 1.966929e+01 1.542072e+01 1.651810e+01 1.517282e+01 1.564415e+01 1.852253e+01 1.426797e+01 1.035640e-01 1.683693e-01 2.669992e-01 4.216034e-01 5.966011e-01 7.036038e-01 7.419087e-01 8.184734e-01 8.974506e-01 9.808136e-01 9.804837e-01 9.667298e-01 1.899299e-05
<GCONST> 5.883203e+01
<MIXTURE> 125 4.069876e-03
<MEAN> 25
 -6.192127e+00 -1.168891e+00 -2.776004e+00 4.862025e+00 4.788029e+00 3.219047e+00 5.228050e+00 2.523863e+00 3.141219e+00 1.278699e+00 1.147139e+00 2.909608e+00 -2.026046e-01 -3.292107e-01 -3.617505e-01 -2.026517e-01 1.445648e-01 5.322821e-01 8.070667e-01 8.457392e-01 6.365798e-01 3.352725e-01 8.487377e-02 -2.321501e-02 -8.272846e-05
<VARIANCE> 25
 1.300123e+01 6.796177e+00 1.113331e+01 1.305302e+01 1.232595e+01 1.966929e+01 1.542072e+01 1.651810e+01 1.517282e+01 1.564415e+01 1.852253e+01 1.426797e+01 1.035640e-01 1.683693e-01 2.669992e-01 4.216034e-01 5.966011e-01 7.036038e-01 7.419087e-01 8.184734e-01 8.974506e-01 9.808136e-01 9.804837e-01 9.667298e-01 1.899299e-05
<GCONST> 5.883203e+01
<MIXTURE> 126 2.402244e-03
<MEAN> 25
 -3.693442e+00 -6.787598e+00 -5.154880e+00 2.241774e+00 4.168882e+00 -3.185880e+00 7.294084e-02 3.497409e+00 3.277070e+00 -2.582023e+00 -1.380286e+00 3.007568e+00 -2.429830e-03 -7.630219e-03 -3.757982e-02 -1.589439e-01 -3.227697e-01 -3.869407e-01 -2.762664e-01 -1.499588e-01 -1.100251e-01 -1.020269e-01 -8.629370e-02 -2.336887e-02 -1.506558e-03
<VARIANCE> 25
 7.572393e+00 1.314063e+01 1.406213e+01 1.507300e+01 2.468707e+01 2.332307e+01 2.232156e+01 2.791197e+01 3.076275e+01 2.639675e+01 2.151216e+01 1.892514e+01 1.745183e-01 3.666925e-01 4.753067e-01 5.662237e-01 7.509516e-01 9.887856e-01 1.116355e+00 1.265621e+00 1.324734e+00 1.333546e+00 1.208383e+00 1.142314e+00 2.070913e-04
<GCONST> 6.979799e+01
<MIXTURE> 127 2.402244e-03
<MEAN> 25
 -3.693442e+00 -6.787598e+00 -5.154880e+00 2.241774e+00 4.168882e+00 -3.185880e+00 7.294084e-02 3.497409e+00 3.277070e+00 -2.582023e+00 -1.380286e+00 3.007568e+00 -2.429830e-03 -7.630219e-03 -3.757982e-02 -1.589439e-01 -3.227697e-01 -3.869407e-01 -2.762664e-01 -1.499588e-01 -1.100251e-01 -1.020269e-01 -8.629370e-02 -2.336887e-02 -1.506558e-03
<VARIANCE> 25
 7.572393e+00 1.314063e+01 1.406213e+01 1.507300e+01 2.468707e+01 2.332307e+01 2.232156e+01 2.791197e+01 3.076275e+01 2.639675e+01 2.151216e+01 1.892514e+01 1.745183e-01 3.666925e-01 4.753067e-01 5.662237e-01 7.509516e-01 9.887856e-01 1.116355e+00 1.265621e+00 1.324734e+00 1.333546e+00 1.208383e+00 1.142314e+00 2.070913e-04
<GCONST> 6.979799e+01
<MIXTURE> 128 3.790457e-03
<MEAN> 25
 -3.794801e+00 1.463959e+00 -2.762380e-01 6.463151e+00 3.455311e+00 1.808247e+00 3.471882e+00 2.253404e+00 3.747152e+00 3.502747e+00 3.667353e+00 3.435143e+00 -3.741516e-01 -1.945370e-01 8.509137e-02 7.414930e-01 1.218829e+00 1.149895e+00 6.633320e-01 1.538790e-01 -4.249767e-01 -8.120951e-01 -6.771021e-01 -3.950243e-01 5.627562e-06
<VARIANCE> 25
 1.038634e+01 1.150842e+01 1.471384e+01 1.941042e+01 2.013482e+01 2.054904e+01 2.383399e+01 2.423198e+01 2.690587e+01 2.424117e+01 2.621316e+01 1.785616e+01 8.768006e-01 1.119989e+00 1.325637e+00 1.476160e+00 1.583121e+00 1.811880e+00 2.266369e+00 2.274217e+00 2.086172e+00 1.837282e+00 1.718726e+00 1.700198e+00 1.028114e-06
<GCONST> 7.337305e+01
<TRANSP> 3
 0.000000e+00 1.000000e+00 0.000000e+00
 0.000000e+00 9.999990e-01 9.999998e-07
 0.000000e+00 0.000000e+00 0.000000e+00
<ENDHMM>
