~o
<STREAMINFO> 1 25
<VECSIZE> 25<NULLD><MFCC_E_D_N><DIAGC>
~h "jmodel"
<BEGINHMM>
<NUMSTATES> 3
<STATE> 2
<NUMMIXES> 128
<MIXTURE> 1 5.748963e-03
<MEAN> 25
 -2.525954e+00 3.147348e+00 2.286025e+00 8.666947e+00 4.414473e+00 3.496621e+00 4.015244e+00 3.953472e+00 5.701016e+00 5.139453e+00 5.825163e+00 3.040389e+00 -1.973457e+00 -1.623312e+00 -8.318979e-01 1.090595e+00 1.552145e+00 2.258214e+00 2.152566e+00 2.085153e+00 1.665386e+00 1.253509e+00 1.553605e+00 5.921815e-01 -4.679577e-02
<VARIANCE> 25
 1.017501e+01 1.164312e+01 1.484134e+01 1.941592e+01 2.297337e+01 2.201470e+01 2.196748e+01 2.172093e+01 2.176183e+01 2.310034e+01 2.094438e+01 1.690391e+01 1.826863e+00 2.084245e+00 3.038581e+00 3.168792e+00 3.681615e+00 3.362921e+00 3.271043e+00 3.334802e+00 3.508575e+00 3.681636e+00 3.480813e+00 2.832576e+00 3.085645e-03
<GCONST> 8.844185e+01
<MIXTURE> 2 4.549242e-03
<MEAN> 25
 -4.875043e+00 1.311127e+00 9.938915e-01 9.899530e+00 6.692115e+00 7.425116e+00 7.847299e+00 6.958222e+00 8.373201e+00 6.372613e+00 7.624331e+00 3.074680e+00 -6.200653e-02 4.158553e-02 1.425175e-01 2.256732e-01 2.653506e-01 2.813171e-01 2.953865e-01 3.194489e-01 3.497163e-01 3.089443e-01 1.973516e-01 8.016552e-02 1.526335e-06
<VARIANCE> 25
 6.956029e+00 8.905157e+00 1.065268e+01 1.591038e+01 1.723471e+01 1.556411e+01 1.689824e+01 1.848428e+01 1.658533e+01 1.738646e+01 1.810872e+01 1.433888e+01 1.252406e-01 2.266221e-01 3.364498e-01 4.674993e-01 6.492646e-01 8.148613e-01 9.298410e-01 1.003211e+00 1.051637e+00 1.077701e+00 1.075926e+00 1.013955e+00 1.000927e-06
<GCONST> 5.804532e+01
<MIXTURE> 3 4.549242e-03
<MEAN> 25
 -4.875043e+00 1.311127e+00 9.938915e-01 9.899530e+00 6.692115e+00 7.425116e+00 7.847299e+00 6.958222e+00 8.373201e+00 6.372613e+00 7.624331e+00 3.074680e+00 -6.200653e-02 4.158553e-02 1.425175e-01 2.256732e-01 2.653506e-01 2.813171e-01 2.953865e-01 3.194489e-01 3.497163e-01 3.089443e-01 1.973516e-01 8.016552e-02 1.526335e-06
<VARIANCE> 25
 6.956029e+00 8.905157e+00 1.065268e+01 1.591038e+01 1.723471e+01 1.556411e+01 1.689824e+01 1.848428e+01 1.658533e+01 1.738646e+01 1.810872e+01 1.433888e+01 1.252406e-01 2.266221e-01 3.364498e-01 4.674993e-01 6.492646e-01 8.148613e-01 9.298410e-01 1.003211e+00 1.051637e+00 1.077701e+00 1.075926e+00 1.013955e+00 1.000927e-06
<GCONST> 5.804532e+01
<MIXTURE> 4 1.671429e-02
<MEAN> 25
 3.406871e+00 2.528414e+00 -3.828908e+00 1.047251e+00 4.185199e+00 -3.214558e-01 8.917614e-02 1.137381e-02 1.396019e+00 1.127015e+00 -1.942649e+00 1.631669e-01 -2.679219e+00 1.190716e+00 1.757623e+00 3.085153e+00 8.840271e-01 5.923717e-01 1.491028e+00 1.043395e+00 9.207447e-01 4.347896e-01 1.258310e+00 8.488585e-01 -1.034887e-01
<VARIANCE> 25
 2.065080e+01 2.892292e+01 2.860644e+01 3.996174e+01 4.534642e+01 6.863511e+01 6.393052e+01 5.239109e+01 5.426849e+01 6.138398e+01 4.912286e+01 3.521233e+01 2.556633e+00 4.959572e+00 3.647316e+00 4.844039e+00 4.961550e+00 6.380360e+00 6.026046e+00 5.427739e+00 5.901596e+00 6.275378e+00 5.948040e+00 4.436241e+00 5.987616e-03
<GCONST> 1.052283e+02
<MIXTURE> 5 3.206198e-03
<MEAN> 25
 -3.416549e+00 2.180510e+00 6.101362e-01 9.428426e+00 6.696710e+00 6.316564e+00 7.112683e+00 4.723546e+00 5.495928e+00 3.847740e+00 4.658826e+00 2.606575e+00 -3.246478e-01 7.527809e-01 1.224722e+00 1.032337e+00 3.076845e-01 -1.002363e-01 -8.385636e-02 3.342873e-02 4.579068e-01 6.836919e-01 4.039976e-01 8.812830e-02 -2.751903e-05
<VARIANCE> 25
 1.025255e+01 1.394740e+01 2.348640e+01 2.561597e+01 2.022214e+01 1.942565e+01 2.011373e+01 2.035806e+01 2.141788e+01 2.128336e+01 2.409551e+01 1.635842e+01 1.209963e+00 1.244376e+00 1.357153e+00 1.674353e+00 2.284597e+00 2.376119e+00 2.301336e+00 2.275263e+00 2.315429e+00 2.238005e+00 2.085499e+00 1.873828e+00 1.000546e-06
<GCONST> 7.516704e+01
<MIXTURE> 6 5.475854e-03
<MEAN> 25
 9.699747e+00 -4.203802e-01 -6.689565e+00 -1.103707e+01 -2.114271e+00 6.728239e+00 -5.900929e+00 -5.294807e+00 -3.652381e+00 1.827911e+00 4.634955e+00 -1.258487e+00 4.843285e-01 8.963978e-01 -3.507194e-01 -1.466508e+00 -6.382436e-01 1.311784e+00 1.537057e+00 2.468927e-01 -1.217773e+00 -1.216724e+00 3.232303e-01 1.228144e+00 -8.182508e-03
<VARIANCE> 25
 8.960175e+00 1.706749e+01 2.393618e+01 3.914973e+01 3.675107e+01 3.066065e+01 4.404011e+01 3.803867e+01 4.073364e+01 3.943338e+01 4.214360e+01 2.842312e+01 3.117809e-01 8.567471e-01 9.452803e-01 1.981609e+00 1.605646e+00 2.025824e+00 1.917457e+00 2.051280e+00 2.397642e+00 1.963641e+00 2.244708e+00 1.437152e+00 5.858293e-04
<GCONST> 8.387507e+01
<MIXTURE> 7 5.475854e-03
<MEAN> 25
 9.699747e+00 -4.203802e-01 -6.689565e+00 -1.103707e+01 -2.114271e+00 6.728239e+00 -5.900929e+00 -5.294807e+00 -3.652381e+00 1.827911e+00 4.634955e+00 -1.258487e+00 4.843285e-01 8.963978e-01 -3.507194e-01 -1.466508e+00 -6.382436e-01 1.311784e+00 1.537057e+00 2.468927e-01 -1.217773e+00 -1.216724e+00 3.232303e-01 1.228144e+00 -8.182508e-03
<VARIANCE> 25
 8.960175e+00 1.706749e+01 2.393618e+01 3.914973e+01 3.675107e+01 3.066065e+01 4.404011e+01 3.803867e+01 4.073364e+01 3.943338e+01 4.214360e+01 2.842312e+01 3.117809e-01 8.567471e-01 9.452803e-01 1.981609e+00 1.605646e+00 2.025824e+00 1.917457e+00 2.051280e+00 2.397642e+00 1.963641e+00 2.244708e+00 1.437152e+00 5.858293e-04
<GCONST> 8.387507e+01
<MIXTURE> 8 1.165917e-02
<MEAN> 25
 -4.714732e+00 1.288335e+00 1.258662e+00 9.495918e+00 6.525331e+00 6.260407e+00 6.432800e+00 5.647703e+00 6.547521e+00 5.624987e+00 6.584675e+00 3.135563e+00 -6.308700e-01 -1.398583e+00 -1.057956e+00 -1.719214e+00 -2.389474e-01 -9.742811e-01 -1.951437e-01 -2.948127e-01 -2.467612e-01 -1.774789e-01 -2.210341e-01 8.824040e-02 9.811392e-02
<VARIANCE> 25
 9.378222e+00 1.007684e+01 1.173563e+01 1.611928e+01 1.661125e+01 1.558240e+01 1.807390e+01 1.744860e+01 1.777862e+01 1.738587e+01 1.868715e+01 1.385369e+01 2.723703e+00 2.821331e+00 3.864727e+00 3.737524e+00 3.408955e+00 3.392275e+00 3.109210e+00 3.046938e+00 2.879004e+00 2.635451e+00 2.422913e+00 1.894343e+00 6.627936e-03
<GCONST> 8.627800e+01
<MIXTURE> 9 1.199672e-02
<MEAN> 25
 9.289329e+00 3.387158e+00 -6.200671e+00 -1.066078e+01 -2.210928e+00 4.960431e+00 -2.210990e+00 -2.302511e+00 -5.379162e+00 -1.259975e+00 5.615126e-01 -7.537522e-03 1.440239e+00 -1.282049e-01 -4.899049e-01 -2.702028e+00 -1.648797e+00 8.526455e-01 -9.707646e-01 -2.319619e-01 -1.804105e-01 -5.771865e-01 6.142002e-01 -1.528083e-01 7.328007e-02
<VARIANCE> 25
 1.230752e+01 2.142018e+01 3.361292e+01 5.357577e+01 5.017518e+01 3.236155e+01 4.317919e+01 5.211764e+01 4.220302e+01 4.156113e+01 3.612321e+01 2.689818e+01 2.086542e+00 2.451218e+00 4.568358e+00 4.884427e+00 5.010259e+00 4.105275e+00 4.240709e+00 6.038477e+00 5.033936e+00 4.085344e+00 4.013760e+00 2.802024e+00 2.213220e-03
<GCONST> 9.881181e+01
<MIXTURE> 10 6.596976e-03
<MEAN> 25
 9.344473e-01 7.483006e+00 4.788303e+00 7.275205e+00 1.476200e+00 -2.007942e+00 -3.895730e-01 -1.476398e+00 6.750199e-01 5.702513e-01 7.707152e-01 7.999650e-01 -1.776835e+00 -6.304542e-01 -3.474038e-01 3.039935e+00 2.358342e+00 2.879253e+00 2.339408e+00 2.198846e+00 1.749489e+00 1.502583e+00 2.303566e+00 4.335806e-01 -1.361258e-01
<VARIANCE> 25
 1.867018e+01 2.022162e+01 2.676678e+01 2.793532e+01 3.692281e+01 3.347437e+01 3.382523e+01 3.267482e+01 2.677866e+01 2.878784e+01 2.555939e+01 2.414655e+01 2.455729e+00 3.285604e+00 5.420040e+00 4.907370e+00 5.417439e+00 4.692617e+00 4.469840e+00 4.672135e+00 4.341473e+00 4.768844e+00 4.212347e+00 3.154533e+00 2.627042e-03
<GCONST> 9.701647e+01
<MIXTURE> 11 1.633820e-02
<MEAN> 25
 7.407052e+00 3.493766e+00 3.025379e+00 4.418585e+00 -2.795881e+00 -1.882300e+00 -2.664418e+00 -5.405327e+00 -2.877161e+00 1.088195e-01 -1.695371e+00 -2.819361e+00 -3.086205e-01 3.659605e-01 2.410829e-01 4.566863e-01 3.983336e-01 1.064904e-01 4.821470e-01 2.520910e-02 -2.597688e-01 -9.967125e-03 -2.047358e-03 1.602737e-01 -2.134260e-02
<VARIANCE> 25
 1.007854e+01 2.284384e+01 1.966495e+01 3.061644e+01 3.326823e+01 3.605112e+01 4.229660e+01 4.350475e+01 3.890881e+01 2.967532e+01 3.286903e+01 2.702036e+01 8.302667e-01 1.162377e+00 1.530661e+00 2.250372e+00 1.821815e+00 2.193457e+00 2.364889e+00 3.031605e+00 1.961665e+00 1.777621e+00 1.722872e+00 1.663274e+00 1.253401e-03
<GCONST> 8.641051e+01
<MIXTURE> 12 5.904134e-03
<MEAN> 25
 1.076501e+01 3.743057e+00 -4.502429e+00 -1.599208e+01 -8.695256e+00 8.641349e+00 -8.975291e-01 -1.922097e+00 -1.722656e+00 -4.885802e+00 1.773996e+00 7.158303e-01 6.771493e-02 2.938143e-01 7.968739e-02 -3.681032e-01 -3.103354e-01 2.950470e-02 3.056311e-01 4.477001e-01 1.410365e-01 -3.846520e-01 -3.853864e-01 5.395024e-02 -6.304556e-03
<VARIANCE> 25
 8.884331e+00 2.100284e+01 2.335519e+01 3.504858e+01 4.206429e+01 3.096974e+01 4.179554e+01 4.897757e+01 4.405952e+01 3.738945e+01 3.799835e+01 2.892988e+01 2.467865e-01 6.882973e-01 6.860713e-01 1.170180e+00 1.186406e+00 1.053959e+00 1.171027e+00 1.386200e+00 1.240536e+00 1.222146e+00 1.221853e+00 9.563752e-01 5.786561e-04
<GCONST> 7.892181e+01
<MIXTURE> 13 5.904134e-03
<MEAN> 25
 1.076501e+01 3.743057e+00 -4.502429e+00 -1.599208e+01 -8.695256e+00 8.641349e+00 -8.975291e-01 -1.922097e+00 -1.722656e+00 -4.885802e+00 1.773996e+00 7.158303e-01 6.771493e-02 2.938143e-01 7.968739e-02 -3.681032e-01 -3.103354e-01 2.950470e-02 3.056311e-01 4.477001e-01 1.410365e-01 -3.846520e-01 -3.853864e-01 5.395024e-02 -6.304556e-03
<VARIANCE> 25
 8.884331e+00 2.100284e+01 2.335519e+01 3.504858e+01 4.206429e+01 3.096974e+01 4.179554e+01 4.897757e+01 4.405952e+01 3.738945e+01 3.799835e+01 2.892988e+01 2.467865e-01 6.882973e-01 6.860713e-01 1.170180e+00 1.186406e+00 1.053959e+00 1.171027e+00 1.386200e+00 1.240536e+00 1.222146e+00 1.221853e+00 9.563752e-01 5.786561e-04
<GCONST> 7.892181e+01
<MIXTURE> 14 6.488954e-03
<MEAN> 25
 -4.030628e+00 -4.877973e-01 -1.623497e-01 8.540973e+00 7.373640e+00 7.709091e+00 7.717859e+00 7.385612e+00 7.292329e+00 4.940895e+00 6.730786e+00 3.970031e+00 -2.896270e-01 1.785258e-01 3.944619e-01 3.005826e-01 3.497756e-02 4.271183e-02 2.940394e-02 1.177232e-01 2.047312e-01 4.878926e-01 5.112153e-01 1.139514e-01 -8.149792e-03
<VARIANCE> 25
 1.006932e+01 1.341761e+01 1.892457e+01 1.911295e+01 2.010168e+01 2.007739e+01 2.102689e+01 1.961694e+01 1.984885e+01 2.362580e+01 2.077950e+01 1.540201e+01 9.146474e-01 1.558755e+00 1.721824e+00 1.934452e+00 2.136342e+00 2.172052e+00 2.279315e+00 2.199253e+00 2.406379e+00 2.438119e+00 2.189151e+00 1.759739e+00 9.918991e-04
<GCONST> 8.159212e+01
<MIXTURE> 15 2.475190e-03
<MEAN> 25
 -5.240366e+00 -6.829085e-01 -2.262745e-01 7.362985e+00 5.645585e+00 5.787748e+00 6.092460e+00 5.064703e+00 5.157716e+00 4.085049e+00 5.474530e+00 2.520672e+00 -1.214223e-01 -3.544628e-02 6.961542e-02 2.329683e-01 4.994703e-01 7.895201e-01 1.065778e+00 1.153810e+00 1.054176e+00 7.529717e-01 4.481376e-01 1.744523e-01 -8.151314e-05
<VARIANCE> 25
 8.330889e+00 5.572087e+00 8.923956e+00 1.259586e+01 1.405740e+01 1.455660e+01 1.476717e+01 1.498933e+01 1.409707e+01 1.412443e+01 1.497293e+01 1.240828e+01 1.234274e-01 2.078466e-01 3.216438e-01 5.108007e-01 6.925667e-01 7.837197e-01 7.588481e-01 8.194939e-01 8.953229e-01 1.024174e+00 1.111805e+00 1.046265e+00 2.864501e-05
<GCONST> 5.879497e+01
<MIXTURE> 16 2.475190e-03
<MEAN> 25
 -5.240366e+00 -6.829085e-01 -2.262745e-01 7.362985e+00 5.645585e+00 5.787748e+00 6.092460e+00 5.064703e+00 5.157716e+00 4.085049e+00 5.474530e+00 2.520672e+00 -1.214223e-01 -3.544628e-02 6.961542e-02 2.329683e-01 4.994703e-01 7.895201e-01 1.065778e+00 1.153810e+00 1.054176e+00 7.529717e-01 4.481376e-01 1.744523e-01 -8.151314e-05
<VARIANCE> 25
 8.330889e+00 5.572087e+00 8.923956e+00 1.259586e+01 1.405740e+01 1.455660e+01 1.476717e+01 1.498933e+01 1.409707e+01 1.412443e+01 1.497293e+01 1.240828e+01 1.234274e-01 2.078466e-01 3.216438e-01 5.108007e-01 6.925667e-01 7.837197e-01 7.588481e-01 8.194939e-01 8.953229e-01 1.024174e+00 1.111805e+00 1.046265e+00 2.864501e-05
<GCONST> 5.879497e+01
<MIXTURE> 17 9.518312e-03
<MEAN> 25
 3.700699e+00 -5.875152e-01 5.988839e+00 1.744699e+00 -5.304789e+00 -6.283778e+00 -3.185597e+00 5.487189e-02 -1.764026e+00 -2.840146e+00 4.156399e-01 -2.687035e-01 -7.260817e-01 -1.085196e+00 1.077630e+00 -1.893056e+00 -2.289163e+00 -3.708635e-01 4.894213e-01 2.774503e-01 -3.300830e-01 9.824600e-02 1.001572e+00 5.404799e-01 7.687283e-02
<VARIANCE> 25
 1.495049e+01 2.774491e+01 2.710149e+01 3.665593e+01 4.304768e+01 4.748586e+01 3.814833e+01 3.228175e+01 3.631907e+01 2.510799e+01 2.866554e+01 2.557381e+01 1.684594e+00 2.525737e+00 3.730134e+00 3.011516e+00 3.829774e+00 5.353700e+00 5.151276e+00 5.385021e+00 3.655039e+00 3.988420e+00 2.735511e+00 2.612944e+00 1.999686e-03
<GCONST> 9.566933e+01
<MIXTURE> 18 1.221018e-02
<MEAN> 25
 3.874296e+00 4.645066e+00 6.179069e+00 4.874613e+00 -4.491730e+00 -8.097993e+00 -1.662428e+00 -1.065365e+00 -3.301027e+00 -2.522600e+00 -9.117145e-01 7.216148e-01 -7.004051e-01 2.078204e+00 -1.273383e-01 2.088598e+00 2.983029e+00 1.645460e+00 8.146043e-01 -1.547688e-01 5.698882e-01 5.223804e-01 -1.930137e-01 -1.040312e-01 -1.230355e-01
<VARIANCE> 25
 1.555842e+01 2.438559e+01 3.788426e+01 2.605814e+01 3.872969e+01 3.402987e+01 3.731393e+01 3.396011e+01 3.751310e+01 3.311450e+01 3.165517e+01 3.006396e+01 2.524743e+00 3.034891e+00 4.631740e+00 3.956299e+00 4.274054e+00 5.139234e+00 4.509395e+00 4.324818e+00 4.341102e+00 4.137549e+00 4.551265e+00 3.504176e+00 3.954942e-03
<GCONST> 9.822103e+01
<MIXTURE> 19 9.912824e-03
<MEAN> 25
 -9.901441e+00 1.711177e+00 3.266042e-01 1.034913e+00 3.796309e+00 1.797666e+00 3.180822e+00 1.142789e+00 1.975549e+00 1.053958e+00 9.201794e-01 2.013170e+00 2.039295e+00 1.684851e+00 2.111681e+00 6.883563e-01 -1.095830e+00 -1.041098e+00 -1.032285e+00 -1.481536e+00 -1.467546e+00 -1.091399e+00 -8.862531e-01 -8.027316e-01 2.333692e-03
<VARIANCE> 25
 5.337206e+01 2.975002e+01 4.707856e+01 5.226554e+01 3.435526e+01 3.373872e+01 3.248771e+01 2.895811e+01 2.834122e+01 2.685998e+01 3.081989e+01 1.920061e+01 2.402621e+00 2.277972e+00 2.195478e+00 2.379450e+00 2.614726e+00 2.224548e+00 2.523852e+00 2.599850e+00 2.080548e+00 2.092425e+00 2.302560e+00 1.742459e+00 2.387816e-03
<GCONST> 9.186333e+01
<MIXTURE> 20 6.308331e-03
<MEAN> 25
 -1.393795e+01 7.712638e+00 -1.066378e-01 6.627782e+00 4.039759e+00 1.909020e+00 5.019542e+00 2.086281e-01 2.116279e-01 1.668027e+00 2.374007e+00 -6.459268e-01 -3.154964e+00 -7.166674e-01 -1.757634e+00 5.047326e-01 1.803464e+00 2.100917e+00 1.973700e+00 2.278112e+00 1.960546e+00 1.918645e+00 1.582213e+00 9.734737e-01 4.484370e-02
<VARIANCE> 25
 1.800577e+01 2.158567e+01 3.448646e+01 3.485219e+01 3.246508e+01 2.544893e+01 2.698049e+01 3.149469e+01 2.934581e+01 3.105952e+01 2.279316e+01 1.968743e+01 2.028327e+00 2.124218e+00 1.998313e+00 2.581483e+00 2.926464e+00 2.075626e+00 2.061940e+00 2.470937e+00 2.258807e+00 2.476946e+00 2.078403e+00 1.682534e+00 1.731067e-03
<GCONST> 8.853293e+01
<MIXTURE> 21 7.928653e-03
<MEAN> 25
 3.696634e+00 -3.897523e+00 5.436903e+00 -1.811910e+00 -9.813719e+00 -8.883209e+00 -1.669350e+00 3.102791e+00 -1.980094e+00 -2.299813e+00 1.080014e+00 1.595894e-01 -7.906044e-01 1.144840e+00 2.319522e+00 -8.172118e-02 -1.583814e+00 4.327661e-01 8.553491e-01 -1.599027e+00 -1.937450e+00 5.327858e-01 1.238103e+00 3.182796e-01 -7.779501e-03
<VARIANCE> 25
 8.292623e+00 1.840795e+01 2.686103e+01 2.500833e+01 2.802047e+01 2.969526e+01 4.359734e+01 4.061913e+01 3.723971e+01 3.443133e+01 3.416807e+01 2.061553e+01 3.623885e-01 1.044673e+00 2.040593e+00 1.133708e+00 1.926621e+00 2.060712e+00 3.623691e+00 2.279810e+00 1.901392e+00 2.548034e+00 1.865106e+00 2.046023e+00 5.285779e-04
<GCONST> 8.413140e+01
<MIXTURE> 22 8.827789e-03
<MEAN> 25
 -1.753090e+01 7.319008e+00 -4.594422e+00 7.752289e+00 3.864240e+00 3.213883e+00 8.423226e+00 1.793045e+00 4.392650e+00 3.661691e+00 5.387577e+00 1.009489e+00 -2.880332e-01 -2.496712e-01 -7.193718e-02 -1.469677e-01 -5.534390e-02 1.654095e-01 2.885199e-01 2.285557e-01 1.640498e-01 1.224686e-01 1.882066e-01 1.722766e-01 7.211597e-03
<VARIANCE> 25
 8.978816e+00 1.573461e+01 1.840798e+01 2.448047e+01 2.667129e+01 2.154419e+01 1.832548e+01 1.749289e+01 2.694377e+01 2.070359e+01 1.895536e+01 1.358754e+01 1.016898e+00 1.279502e+00 1.314269e+00 1.484683e+00 1.340316e+00 1.464712e+00 1.596226e+00 1.600312e+00 1.634110e+00 1.526259e+00 1.264549e+00 1.085611e+00 1.638480e-03
<GCONST> 7.836830e+01
<MIXTURE> 23 6.455497e-03
<MEAN> 25
 7.674923e+00 2.074368e+00 2.407081e+00 2.058758e+00 -4.119218e+00 -3.211709e+00 -4.019657e+00 -6.039861e+00 -2.848189e+00 -5.854498e-01 -3.936963e+00 -1.950378e+00 3.767043e-02 1.518937e-01 -1.999876e-03 3.814255e-02 8.816342e-04 1.087664e-01 4.665113e-02 -7.345939e-02 5.135369e-02 6.597214e-02 4.967169e-02 -1.516346e-02 -3.863165e-03
<VARIANCE> 25
 1.056639e+01 2.132257e+01 2.682487e+01 3.894080e+01 3.917940e+01 5.000282e+01 5.485385e+01 5.354242e+01 4.645977e+01 4.560096e+01 4.527528e+01 3.751854e+01 1.147852e-01 2.975813e-01 3.827676e-01 4.735289e-01 5.717040e-01 7.091533e-01 7.301940e-01 8.395736e-01 8.471334e-01 8.404588e-01 8.343272e-01 7.724720e-01 8.757597e-05
<GCONST> 7.237849e+01
<MIXTURE> 24 6.455497e-03
<MEAN> 25
 7.674923e+00 2.074368e+00 2.407081e+00 2.058758e+00 -4.119218e+00 -3.211709e+00 -4.019657e+00 -6.039861e+00 -2.848189e+00 -5.854498e-01 -3.936963e+00 -1.950378e+00 3.767043e-02 1.518937e-01 -1.999876e-03 3.814255e-02 8.816342e-04 1.087664e-01 4.665113e-02 -7.345939e-02 5.135369e-02 6.597214e-02 4.967169e-02 -1.516346e-02 -3.863165e-03
<VARIANCE> 25
 1.056639e+01 2.132257e+01 2.682487e+01 3.894080e+01 3.917940e+01 5.000282e+01 5.485385e+01 5.354242e+01 4.645977e+01 4.560096e+01 4.527528e+01 3.751854e+01 1.147852e-01 2.975813e-01 3.827676e-01 4.735289e-01 5.717040e-01 7.091533e-01 7.301940e-01 8.395736e-01 8.471334e-01 8.404588e-01 8.343272e-01 7.724720e-01 8.757597e-05
<GCONST> 7.237849e+01
<MIXTURE> 25 1.118642e-02
<MEAN> 25
 4.091390e-03 3.200389e+00 1.593699e+01 -1.082555e+00 -1.060272e+01 -1.770816e+00 -4.982704e+00 -2.714206e+00 -6.189558e+00 -4.991978e+00 3.870265e+00 -1.971898e+00 -1.431760e-01 4.706504e-01 1.037232e-01 8.576308e-02 3.045709e-01 -3.433765e-02 9.742878e-02 -6.895629e-02 -2.220481e-01 1.750437e-01 -2.671445e-02 -1.251801e-01 -1.142136e-02
<VARIANCE> 25
 8.800923e+00 2.097255e+01 2.466128e+01 2.645639e+01 3.300599e+01 3.776897e+01 2.579641e+01 2.876114e+01 3.078316e+01 3.543154e+01 1.955668e+01 2.612520e+01 5.426112e-01 1.333557e+00 1.404811e+00 1.336434e+00 2.230781e+00 2.149832e+00 1.720049e+00 1.583109e+00 1.440115e+00 1.653779e+00 1.258759e+00 1.303006e+00 1.183378e-03
<GCONST> 8.211304e+01
<MIXTURE> 26 7.727677e-03
<MEAN> 25
 2.188085e+00 -6.163083e+00 -1.003368e+01 -4.903361e-01 7.559002e+00 5.020271e+00 4.059752e+00 -2.862523e-01 2.070428e+00 -1.092106e+00 -3.118092e+00 -9.232815e-01 -6.489576e-01 6.088521e-01 3.882749e-01 7.121098e-01 1.571576e-01 2.580778e-01 2.467463e-01 3.662384e-01 2.532132e-01 9.488870e-02 4.031705e-01 4.123189e-01 -5.351328e-02
<VARIANCE> 25
 2.389100e+01 3.309513e+01 2.623207e+01 5.955271e+01 3.968340e+01 4.589229e+01 4.416822e+01 4.249692e+01 3.788558e+01 5.134808e+01 4.008379e+01 4.538445e+01 1.575617e+00 1.924148e+00 1.834748e+00 1.939972e+00 2.209193e+00 2.306221e+00 2.658505e+00 2.646299e+00 2.241010e+00 2.231299e+00 2.089770e+00 1.966361e+00 3.282602e-03
<GCONST> 9.335914e+01
<MIXTURE> 27 7.727677e-03
<MEAN> 25
 2.188085e+00 -6.163083e+00 -1.003368e+01 -4.903361e-01 7.559002e+00 5.020271e+00 4.059752e+00 -2.862523e-01 2.070428e+00 -1.092106e+00 -3.118092e+00 -9.232815e-01 -6.489576e-01 6.088521e-01 3.882749e-01 7.121098e-01 1.571576e-01 2.580778e-01 2.467463e-01 3.662384e-01 2.532132e-01 9.488870e-02 4.031705e-01 4.123189e-01 -5.351328e-02
<VARIANCE> 25
 2.389100e+01 3.309513e+01 2.623207e+01 5.955271e+01 3.968340e+01 4.589229e+01 4.416822e+01 4.249692e+01 3.788558e+01 5.134808e+01 4.008379e+01 4.538445e+01 1.575617e+00 1.924148e+00 1.834748e+00 1.939972e+00 2.209193e+00 2.306221e+00 2.658505e+00 2.646299e+00 2.241010e+00 2.231299e+00 2.089770e+00 1.966361e+00 3.282602e-03
<GCONST> 9.335914e+01
<MIXTURE> 28 5.036674e-03
<MEAN> 25
 -5.451564e+00 1.180142e-02 -1.569238e+00 6.615921e+00 5.232465e+00 3.518131e+00 5.416222e+00 3.130311e+00 3.922691e+00 2.394103e+00 2.638155e+00 3.220305e+00 -1.152240e-01 2.232369e-01 5.287558e-01 7.848567e-01 8.221285e-01 7.029357e-01 5.231836e-01 3.919874e-01 4.448467e-01 4.824273e-01 3.710071e-01 1.896208e-01 -1.246508e-05
<VARIANCE> 25
 1.043410e+01 8.352474e+00 1.216060e+01 1.484758e+01 1.471062e+01 1.773234e+01 1.804140e+01 1.901658e+01 1.718608e+01 1.673191e+01 2.061005e+01 1.500416e+01 2.565377e-01 3.365532e-01 4.068373e-01 4.641956e-01 6.216712e-01 8.470358e-01 1.056455e+00 1.144797e+00 1.102581e+00 1.029935e+00 1.036729e+00 1.066767e+00 1.000118e-06
<GCONST> 6.025304e+01
<MIXTURE> 29 5.036674e-03
<MEAN> 25
 -5.451564e+00 1.180142e-02 -1.569238e+00 6.615921e+00 5.232465e+00 3.518131e+00 5.416222e+00 3.130311e+00 3.922691e+00 2.394103e+00 2.638155e+00 3.220305e+00 -1.152240e-01 2.232369e-01 5.287558e-01 7.848567e-01 8.221285e-01 7.029357e-01 5.231836e-01 3.919874e-01 4.448467e-01 4.824273e-01 3.710071e-01 1.896208e-01 -1.246508e-05
<VARIANCE> 25
 1.043410e+01 8.352474e+00 1.216060e+01 1.484758e+01 1.471062e+01 1.773234e+01 1.804140e+01 1.901658e+01 1.718608e+01 1.673191e+01 2.061005e+01 1.500416e+01 2.565377e-01 3.365532e-01 4.068373e-01 4.641956e-01 6.216712e-01 8.470358e-01 1.056455e+00 1.144797e+00 1.102581e+00 1.029935e+00 1.036729e+00 1.066767e+00 1.000118e-06
<GCONST> 6.025304e+01
<MIXTURE> 30 8.917812e-03
<MEAN> 25
 -3.664443e+00 -5.622659e-01 3.062692e-01 8.838578e+00 7.320568e+00 7.924363e+00 7.766640e+00 7.141439e+00 6.454005e+00 4.512608e+00 6.800082e+00 3.367682e+00 -3.825432e-02 4.745817e-03 5.930174e-02 -1.051828e-02 1.613963e-01 7.231160e-02 4.325167e-02 -4.991125e-02 4.151862e-02 7.526284e-02 2.446572e-01 1.678704e-01 -6.428270e-04
<VARIANCE> 25
 1.114901e+01 1.023438e+01 1.053389e+01 1.282373e+01 1.568887e+01 1.640877e+01 1.791928e+01 1.683232e+01 1.562981e+01 1.731391e+01 1.981083e+01 1.335175e+01 9.306733e-02 1.959900e-01 3.038661e-01 6.614630e-01 6.101467e-01 6.934162e-01 7.463272e-01 7.737370e-01 8.332057e-01 9.289384e-01 1.175463e+00 9.002330e-01 5.239201e-05
<GCONST> 6.095415e+01
<MIXTURE> 31 4.136493e-03
<MEAN> 25
 -2.986434e+00 -5.312457e+00 6.739852e-02 4.707762e+00 3.597801e+00 1.946627e+00 4.993231e+00 6.497346e+00 2.533406e+00 1.067928e+00 6.242617e+00 2.990972e+00 2.434827e-01 4.444247e-01 -1.813766e-01 3.324541e-01 1.412494e-01 4.572696e-01 2.124523e-01 6.882869e-02 4.005489e-01 3.681842e-01 1.361320e-01 1.502822e-01 -1.821478e-02
<VARIANCE> 25
 8.794453e+00 1.626436e+01 1.650429e+01 1.768542e+01 2.512102e+01 2.480192e+01 2.371553e+01 2.476508e+01 2.501722e+01 2.690716e+01 2.036419e+01 1.870446e+01 1.835381e-01 5.041277e-01 5.927864e-01 7.500819e-01 9.264165e-01 1.072531e+00 1.292438e+00 1.409022e+00 1.307989e+00 1.281912e+00 1.208241e+00 1.129711e+00 2.555801e-04
<GCONST> 7.180933e+01
<MIXTURE> 32 4.136493e-03
<MEAN> 25
 -2.986434e+00 -5.312457e+00 6.739852e-02 4.707762e+00 3.597801e+00 1.946627e+00 4.993231e+00 6.497346e+00 2.533406e+00 1.067928e+00 6.242617e+00 2.990972e+00 2.434827e-01 4.444247e-01 -1.813766e-01 3.324541e-01 1.412494e-01 4.572696e-01 2.124523e-01 6.882869e-02 4.005489e-01 3.681842e-01 1.361320e-01 1.502822e-01 -1.821478e-02
<VARIANCE> 25
 8.794453e+00 1.626436e+01 1.650429e+01 1.768542e+01 2.512102e+01 2.480192e+01 2.371553e+01 2.476508e+01 2.501722e+01 2.690716e+01 2.036419e+01 1.870446e+01 1.835381e-01 5.041277e-01 5.927864e-01 7.500819e-01 9.264165e-01 1.072531e+00 1.292438e+00 1.409022e+00 1.307989e+00 1.281912e+00 1.208241e+00 1.129711e+00 2.555801e-04
<GCONST> 7.180933e+01
<MIXTURE> 33 1.508826e-02
<MEAN> 25
 6.508598e+00 -4.155860e+00 -1.953066e+00 -1.842187e+00 -2.677949e+00 -4.600429e+00 -7.433353e+00 1.628175e+00 2.601373e+00 -5.158735e-01 -4.695448e+00 -2.538026e+00 6.212356e-01 -1.087375e+00 -2.196940e+00 -1.726829e+00 1.198274e+00 1.453420e+00 -9.230724e-01 4.777518e-01 7.070516e-01 6.025543e-01 -4.376000e-01 -1.430529e+00 3.306799e-02
<VARIANCE> 25
 8.546765e+00 2.039954e+01 2.604150e+01 3.598585e+01 4.686165e+01 4.932798e+01 3.892200e+01 4.056396e+01 3.617871e+01 3.794008e+01 3.080459e+01 2.775289e+01 1.001936e+00 1.764139e+00 2.132672e+00 2.112523e+00 4.537532e+00 3.464360e+00 4.455414e+00 5.021755e+00 4.461322e+00 3.900090e+00 2.980414e+00 2.486886e+00 1.363900e-03
<GCONST> 9.323624e+01
<MIXTURE> 34 1.588179e-02
<MEAN> 25
 8.761008e+00 1.985153e-03 -1.130964e-01 1.106342e+00 -2.739380e+00 -1.462651e+00 -6.130775e+00 -4.605764e+00 -1.555447e+00 8.972958e-02 -2.359305e+00 -3.897534e+00 -5.126049e-02 1.218912e+00 1.447636e+00 2.390047e+00 -4.890854e-02 -1.199070e-02 8.284953e-01 -1.428959e+00 -9.060599e-01 2.092334e-01 -4.088353e-01 2.062991e-01 -6.190617e-02
<VARIANCE> 25
 7.538561e+00 2.879694e+01 2.807329e+01 4.690418e+01 3.976656e+01 4.653789e+01 5.119325e+01 5.309937e+01 4.964060e+01 4.003525e+01 4.616890e+01 3.038382e+01 1.194986e+00 2.033928e+00 3.951253e+00 3.784531e+00 5.310639e+00 5.704552e+00 5.238781e+00 6.193486e+00 4.807098e+00 4.635277e+00 4.896250e+00 3.646512e+00 1.105300e-03
<GCONST> 9.844402e+01
<MIXTURE> 35 1.467755e-02
<MEAN> 25
 -2.497539e+00 -5.172235e+00 -9.657105e+00 1.878586e+00 1.015500e+01 -9.966741e-02 6.763728e-01 2.097586e+00 1.405357e+00 4.788128e+00 -1.186372e+00 1.581933e+00 3.856764e-01 -8.433491e-01 -1.452231e+00 -1.309596e+00 7.893486e-01 -8.428233e-01 -7.141460e-01 -2.822813e-01 2.597478e-01 3.880542e-01 -8.988491e-01 -3.142678e-01 9.922357e-02
<VARIANCE> 25
 1.745601e+01 2.548139e+01 3.713426e+01 6.198185e+01 3.791610e+01 5.231992e+01 4.756208e+01 3.668700e+01 4.340166e+01 3.324128e+01 3.610088e+01 2.611296e+01 3.108484e+00 3.250616e+00 5.536728e+00 5.165783e+00 5.678216e+00 4.595885e+00 4.239297e+00 4.005504e+00 4.851002e+00 5.474458e+00 3.593481e+00 3.218110e+00 4.670254e-03
<GCONST> 1.010872e+02
<MIXTURE> 36 1.093293e-02
<MEAN> 25
 4.245856e+00 -2.289275e+00 6.181978e+00 1.691640e+00 -7.726568e+00 -8.265519e+00 -5.699761e+00 2.868607e+00 -1.179668e+00 -3.852865e+00 2.985541e+00 -6.327311e-01 3.591822e-01 2.550909e-01 -6.075243e-01 -5.260005e-03 7.869083e-01 5.531969e-02 -7.365566e-01 2.174779e-01 3.399479e-01 5.894970e-01 -2.888797e-01 -5.077440e-01 -1.469167e-02
<VARIANCE> 25
 1.054741e+01 1.602549e+01 2.127207e+01 2.306051e+01 3.615980e+01 2.779788e+01 3.755677e+01 2.931026e+01 3.213446e+01 2.588461e+01 2.190890e+01 2.706354e+01 3.998419e-01 6.457363e-01 1.567673e+00 1.023005e+00 1.529389e+00 1.644846e+00 2.464928e+00 1.660467e+00 1.705426e+00 1.479243e+00 1.158497e+00 1.632562e+00 7.884078e-04
<GCONST> 8.016505e+01
<MIXTURE> 37 1.246826e-02
<MEAN> 25
 3.106724e-01 7.501009e+00 1.113473e+01 -5.294839e+00 -8.341990e+00 -9.479700e-01 -4.910084e+00 -8.291628e+00 -3.587897e+00 -2.158493e-01 -3.257023e+00 -1.027217e+00 -3.734974e-02 6.515610e-01 -1.432694e+00 3.607332e+00 1.532038e+00 -2.608516e-01 1.318362e+00 2.282995e-01 1.547461e-01 -9.757955e-02 6.110273e-01 -3.633918e-01 -8.164560e-02
<VARIANCE> 25
 1.480759e+01 2.356336e+01 3.297175e+01 4.684144e+01 3.745907e+01 2.878534e+01 4.061773e+01 3.150701e+01 3.435650e+01 3.549599e+01 3.557285e+01 2.859468e+01 3.136209e+00 3.086989e+00 2.864501e+00 3.710585e+00 6.061929e+00 3.609539e+00 4.327454e+00 4.171437e+00 4.220179e+00 3.699887e+00 3.524775e+00 3.204248e+00 4.793112e-03
<GCONST> 9.775726e+01
<MIXTURE> 38 1.154525e-02
<MEAN> 25
 -4.975697e+00 8.884260e+00 3.758633e+00 3.754998e+00 -1.216317e+00 -4.429003e+00 -2.174346e-01 -3.825216e+00 -3.545091e+00 -1.886069e+00 -1.395848e+00 -1.215493e+00 -4.334691e+00 1.201488e+00 -8.062828e-01 1.893014e+00 2.523938e+00 1.440315e+00 2.106450e+00 9.874947e-01 4.813708e-01 7.542707e-01 9.817948e-01 1.405364e-01 4.584518e-02
<VARIANCE> 25
 2.964189e+01 2.586578e+01 3.937031e+01 3.170888e+01 7.423793e+01 3.538160e+01 3.236976e+01 4.250476e+01 3.392016e+01 3.579399e+01 2.091369e+01 2.725669e+01 2.206581e+00 3.416317e+00 4.667236e+00 5.506820e+00 4.045186e+00 4.424519e+00 4.182297e+00 4.376719e+00 4.448192e+00 4.373741e+00 3.781063e+00 3.270149e+00 1.804706e-03
<GCONST> 9.849046e+01
<MIXTURE> 39 9.501865e-03
<MEAN> 25
 1.234752e+00 2.485737e+00 9.928208e+00 -8.912689e+00 -1.094429e+01 -1.178233e+00 -2.519811e+00 -6.514157e+00 -4.377361e+00 1.173191e+00 -3.063375e+00 -2.237283e+00 -7.322437e-01 1.447937e+00 1.596894e+00 -1.326636e+00 1.946790e-02 1.205359e+00 -1.110836e+00 -1.246513e+00 3.786466e-01 4.919409e-01 -5.388827e-01 9.365277e-02 1.548100e-03
<VARIANCE> 25
 8.596608e+00 2.843576e+01 3.090962e+01 3.733298e+01 3.688422e+01 4.080792e+01 4.499994e+01 3.162184e+01 3.737073e+01 3.323022e+01 4.007603e+01 2.776954e+01 6.565179e-01 1.535401e+00 1.481376e+00 2.812097e+00 2.364928e+00 2.790824e+00 3.034688e+00 2.603326e+00 2.366248e+00 2.512421e+00 2.046585e+00 2.024985e+00 1.117200e-03
<GCONST> 8.900935e+01
<MIXTURE> 40 1.030800e-02
<MEAN> 25
 -8.433882e+00 2.780309e+00 -2.277262e+00 8.269033e+00 2.303037e+00 6.419473e+00 5.804502e+00 4.001366e+00 2.200798e+00 4.040769e+00 4.890672e+00 1.127057e+00 -1.484796e-01 -3.758590e-01 1.201259e-01 -2.478503e-01 -1.241399e-01 1.280480e-02 2.198105e-01 6.262498e-02 -1.401394e-01 -1.470275e-01 2.749671e-02 -4.569370e-02 1.070649e-03
<VARIANCE> 25
 4.855922e+01 2.420499e+01 3.084102e+01 2.478997e+01 2.890446e+01 1.593526e+01 1.909466e+01 1.577717e+01 2.969376e+01 1.844499e+01 1.702465e+01 1.370607e+01 6.378567e-01 7.127871e-01 8.014933e-01 1.095566e+00 9.571331e-01 1.119856e+00 1.440095e+00 1.568167e+00 1.159592e+00 1.099079e+00 1.119181e+00 1.003116e+00 7.027527e-04
<GCONST> 7.631782e+01
<MIXTURE> 41 6.713375e-03
<MEAN> 25
 1.238461e+00 1.835912e+00 9.877193e+00 -6.704256e+00 -1.040311e+01 -3.560607e+00 -2.435112e+00 -5.320698e+00 -4.418295e+00 2.698042e+00 -2.068723e+00 -7.366002e-01 1.506726e-01 -6.057432e-01 1.564767e+00 -3.249421e+00 -2.468646e+00 -4.875767e-01 -3.327633e-01 -5.502138e-01 -9.258533e-01 1.101539e+00 -7.888819e-01 9.830734e-02 8.346548e-02
<VARIANCE> 25
 1.098029e+01 2.820028e+01 3.280744e+01 3.736326e+01 3.936440e+01 3.913335e+01 3.599266e+01 3.018924e+01 3.197188e+01 2.724579e+01 3.080651e+01 2.564403e+01 2.998399e+00 3.285815e+00 3.642617e+00 4.413864e+00 5.171622e+00 6.692302e+00 4.584093e+00 4.574098e+00 3.826762e+00 3.965510e+00 4.245714e+00 3.117266e+00 2.733520e-03
<GCONST> 9.761877e+01
<MIXTURE> 42 1.106211e-02
<MEAN> 25
 -1.831813e+00 4.367024e+00 3.975157e+00 2.444235e+00 -3.131882e-01 -5.279468e+00 -1.471725e+00 -1.671304e+00 -1.322188e+00 -1.324409e+00 -2.484646e+00 1.399466e+00 3.788959e+00 -2.815497e-01 1.300030e+00 1.509435e-01 -3.088840e+00 -1.405947e+00 -1.856297e+00 -9.179265e-01 -5.927504e-01 -5.888208e-01 3.609990e-01 -9.074679e-01 1.226859e-02
<VARIANCE> 25
 3.144281e+01 2.107882e+01 4.530098e+01 3.119761e+01 3.599866e+01 4.101870e+01 3.714602e+01 2.443353e+01 2.909689e+01 2.358640e+01 1.897358e+01 1.674489e+01 4.342563e+00 4.909372e+00 5.508400e+00 4.562489e+00 5.308772e+00 5.999159e+00 5.283375e+00 5.296208e+00 4.673087e+00 5.423880e+00 4.076168e+00 3.530071e+00 4.040733e-03
<GCONST> 9.956186e+01
<MIXTURE> 43 7.108249e-03
<MEAN> 25
 2.984355e+00 -5.963744e+00 -2.640070e+00 -4.849518e+00 -6.615729e+00 -3.822109e+00 4.294889e+00 1.114930e+00 -4.577476e+00 -6.879654e+00 -4.610760e+00 -8.167153e-01 2.033291e-01 2.131155e+00 1.844156e+00 1.516329e-02 -1.356957e+00 -7.262589e-01 -1.088123e+00 -6.751372e-01 6.931170e-01 1.400398e+00 3.529669e-01 2.703164e-02 -4.776428e-02
<VARIANCE> 25
 9.249882e+00 1.942145e+01 2.700434e+01 3.379074e+01 4.222092e+01 3.583370e+01 3.145186e+01 3.805252e+01 3.899802e+01 3.622627e+01 2.697462e+01 2.911122e+01 6.572631e-01 1.191368e+00 1.496981e+00 2.726833e+00 2.334714e+00 2.313719e+00 2.603343e+00 2.999968e+00 2.570378e+00 2.452076e+00 2.225905e+00 1.795795e+00 1.001246e-03
<GCONST> 8.750691e+01
<MIXTURE> 44 7.328289e-03
<MEAN> 25
 -1.166055e+01 2.237431e+00 3.747996e+00 -4.217781e+00 3.807676e+00 1.555136e+00 -1.598764e+00 1.811401e+00 1.239131e+00 -7.715235e-01 2.175798e+00 2.032122e+00 -1.126942e-01 2.344356e-02 -2.340393e-02 2.488980e-01 1.481344e-01 3.682879e-01 5.222183e-01 3.586713e-01 5.395396e-02 9.270937e-02 -4.905351e-03 1.711262e-01 -9.411456e-04
<VARIANCE> 25
 4.985588e+01 2.111642e+01 2.499080e+01 2.755797e+01 2.388374e+01 2.849559e+01 2.448746e+01 2.740047e+01 2.271988e+01 1.995243e+01 2.106245e+01 1.662500e+01 9.346470e-01 1.256063e+00 1.124070e+00 1.720065e+00 2.017977e+00 1.434787e+00 1.190061e+00 1.466706e+00 1.696596e+00 1.242240e+00 1.243309e+00 1.053043e+00 1.147585e-03
<GCONST> 8.113232e+01
<MIXTURE> 45 1.364932e-02
<MEAN> 25
 -1.234238e+01 3.375742e+00 -1.253806e+00 2.852728e+00 5.706687e+00 1.557305e-01 4.744256e+00 2.863479e+00 3.249476e+00 2.173913e+00 2.370300e+00 2.559197e+00 -2.926627e+00 5.901994e-01 -4.860175e-01 -5.347608e-01 1.923050e-01 -2.588887e-02 4.535494e-01 6.445288e-02 -7.255750e-02 -5.161990e-02 2.556389e-01 1.040046e-01 1.185094e-01
<VARIANCE> 25
 3.457308e+01 3.031919e+01 3.063785e+01 3.492748e+01 3.125506e+01 2.928127e+01 2.989679e+01 2.640127e+01 2.492605e+01 2.333469e+01 2.784778e+01 1.569386e+01 2.434387e+00 3.046113e+00 2.827585e+00 2.668162e+00 2.497472e+00 2.639298e+00 2.306998e+00 2.253783e+00 2.135815e+00 2.148610e+00 1.981394e+00 1.641534e+00 4.091506e-03
<GCONST> 9.057644e+01
<MIXTURE> 46 9.336259e-03
<MEAN> 25
 -9.412893e+00 2.324477e+00 1.160531e+00 7.560281e+00 5.898112e+00 3.343637e+00 7.038393e+00 4.454497e+00 5.614588e+00 4.654318e+00 5.003817e+00 2.902522e+00 1.058915e+00 -2.489983e-01 4.711584e-02 1.001554e+00 6.039591e-01 9.506709e-01 3.882430e-01 6.786150e-01 4.693736e-01 4.992737e-01 6.394269e-01 5.151233e-01 -1.052553e-01
<VARIANCE> 25
 3.468898e+01 4.354862e+01 3.852295e+01 4.978907e+01 5.078494e+01 4.059660e+01 3.707339e+01 3.540319e+01 3.391921e+01 3.106365e+01 2.816533e+01 2.015977e+01 3.884920e+00 4.119562e+00 3.856790e+00 4.131823e+00 4.141875e+00 3.769948e+00 3.381826e+00 3.096343e+00 2.962356e+00 2.862245e+00 2.301001e+00 1.785430e+00 7.909875e-03
<GCONST> 9.828825e+01
<MIXTURE> 47 7.116147e-03
<MEAN> 25
 7.274395e+00 -7.306189e+00 -7.734444e+00 -6.384528e+00 1.511950e+00 7.338041e-01 -2.310899e+00 1.176121e+00 3.003234e+00 1.090949e-01 -4.284619e+00 -6.584044e+00 -1.752556e-01 -1.248906e+00 -6.833209e-01 -4.334117e-01 6.161618e-01 8.001067e-01 8.806517e-01 2.884649e-01 1.263686e-01 -8.791232e-01 -4.624804e-01 -4.541010e-01 3.015396e-02
<VARIANCE> 25
 1.079566e+01 2.110978e+01 2.066293e+01 3.331084e+01 3.593402e+01 5.319092e+01 4.566380e+01 4.060240e+01 4.279878e+01 4.703284e+01 4.812709e+01 3.429965e+01 5.223389e-01 7.691762e-01 1.121881e+00 1.683221e+00 1.978397e+00 2.203183e+00 2.299539e+00 2.468608e+00 2.216107e+00 2.170624e+00 2.170510e+00 2.004382e+00 5.545141e-04
<GCONST> 8.648311e+01
<MIXTURE> 48 7.116147e-03
<MEAN> 25
 7.274395e+00 -7.306189e+00 -7.734444e+00 -6.384528e+00 1.511950e+00 7.338041e-01 -2.310899e+00 1.176121e+00 3.003234e+00 1.090949e-01 -4.284619e+00 -6.584044e+00 -1.752556e-01 -1.248906e+00 -6.833209e-01 -4.334117e-01 6.161618e-01 8.001067e-01 8.806517e-01 2.884649e-01 1.263686e-01 -8.791232e-01 -4.624804e-01 -4.541010e-01 3.015396e-02
<VARIANCE> 25
 1.079566e+01 2.110978e+01 2.066293e+01 3.331084e+01 3.593402e+01 5.319092e+01 4.566380e+01 4.060240e+01 4.279878e+01 4.703284e+01 4.812709e+01 3.429965e+01 5.223389e-01 7.691762e-01 1.121881e+00 1.683221e+00 1.978397e+00 2.203183e+00 2.299539e+00 2.468608e+00 2.216107e+00 2.170624e+00 2.170510e+00 2.004382e+00 5.545141e-04
<GCONST> 8.648311e+01
<MIXTURE> 49 5.548473e-03
<MEAN> 25
 -4.921309e+00 3.094490e-01 3.771181e-01 8.194234e+00 6.106031e+00 5.932935e+00 6.058922e+00 4.668130e+00 5.254398e+00 3.615100e+00 4.925973e+00 2.804017e+00 3.243026e-01 6.412749e-01 7.312921e-01 3.824280e-01 -1.819590e-01 -6.756927e-01 -1.053732e+00 -1.126040e+00 -1.021128e+00 -6.925576e-01 -4.700744e-01 -2.292169e-01 4.325609e-04
<VARIANCE> 25
 9.920609e+00 9.718830e+00 1.480856e+01 1.693759e+01 1.534275e+01 1.890227e+01 1.871889e+01 1.949104e+01 1.886282e+01 1.756837e+01 1.986374e+01 1.383946e+01 3.128216e-01 2.587903e-01 3.668297e-01 6.149483e-01 8.420849e-01 9.387974e-01 1.007025e+00 1.014091e+00 1.199282e+00 1.178534e+00 1.246419e+00 1.207665e+00 1.886544e-05
<GCONST> 6.468929e+01
<MIXTURE> 50 6.234641e-03
<MEAN> 25
 -4.566769e+00 5.910095e-02 -1.344520e+00 6.101000e+00 4.074641e+00 2.394079e+00 3.648127e+00 1.996327e+00 2.707345e+00 1.288640e+00 2.172998e+00 2.831053e+00 4.969634e-02 1.694275e-01 1.056122e-01 -2.011873e-01 -5.091702e-01 -6.115651e-01 -4.355218e-01 -6.442544e-02 4.217245e-01 7.655278e-01 7.323418e-01 4.406930e-01 -1.679484e-05
<VARIANCE> 25
 1.087984e+01 1.101539e+01 1.477058e+01 1.577651e+01 1.612963e+01 1.884646e+01 1.868121e+01 1.943305e+01 1.847995e+01 1.773194e+01 2.150570e+01 1.491488e+01 1.471893e-01 2.426285e-01 4.025855e-01 5.322141e-01 5.877200e-01 7.220685e-01 9.425274e-01 1.122716e+00 1.059381e+00 9.081961e-01 9.048839e-01 9.725060e-01 1.021471e-06
<GCONST> 5.972441e+01
<MIXTURE> 51 6.234641e-03
<MEAN> 25
 -4.566769e+00 5.910095e-02 -1.344520e+00 6.101000e+00 4.074641e+00 2.394079e+00 3.648127e+00 1.996327e+00 2.707345e+00 1.288640e+00 2.172998e+00 2.831053e+00 4.969634e-02 1.694275e-01 1.056122e-01 -2.011873e-01 -5.091702e-01 -6.115651e-01 -4.355218e-01 -6.442544e-02 4.217245e-01 7.655278e-01 7.323418e-01 4.406930e-01 -1.679484e-05
<VARIANCE> 25
 1.087984e+01 1.101539e+01 1.477058e+01 1.577651e+01 1.612963e+01 1.884646e+01 1.868121e+01 1.943305e+01 1.847995e+01 1.773194e+01 2.150570e+01 1.491488e+01 1.471893e-01 2.426285e-01 4.025855e-01 5.322141e-01 5.877200e-01 7.220685e-01 9.425274e-01 1.122716e+00 1.059381e+00 9.081961e-01 9.048839e-01 9.725060e-01 1.021471e-06
<GCONST> 5.972441e+01
<MIXTURE> 52 6.367945e-03
<MEAN> 25
 1.011926e+01 2.039619e+00 -6.191863e+00 -1.426676e+01 -4.215067e+00 8.529137e+00 -2.766253e+00 -3.059781e+00 -4.396679e+00 -2.129427e+00 3.344604e+00 7.294190e-01 -3.850480e-01 -4.776844e-01 -6.868843e-02 1.139331e+00 1.341416e+00 -4.738607e-01 -5.985810e-01 -6.584980e-01 4.198066e-02 1.245233e+00 3.893241e-01 -5.453380e-01 -1.384469e-02
<VARIANCE> 25
 9.282276e+00 2.051415e+01 2.531159e+01 3.872278e+01 4.568323e+01 3.073779e+01 4.657898e+01 4.886345e+01 4.305427e+01 4.596003e+01 3.993750e+01 3.011068e+01 4.492118e-01 1.482901e+00 1.310367e+00 2.760442e+00 2.335550e+00 2.202238e+00 2.990717e+00 2.795840e+00 3.001343e+00 2.663717e+00 2.518740e+00 2.273727e+00 1.544482e-03
<GCONST> 8.973535e+01
<MIXTURE> 53 6.367945e-03
<MEAN> 25
 1.011926e+01 2.039619e+00 -6.191863e+00 -1.426676e+01 -4.215067e+00 8.529137e+00 -2.766253e+00 -3.059781e+00 -4.396679e+00 -2.129427e+00 3.344604e+00 7.294190e-01 -3.850480e-01 -4.776844e-01 -6.868843e-02 1.139331e+00 1.341416e+00 -4.738607e-01 -5.985810e-01 -6.584980e-01 4.198066e-02 1.245233e+00 3.893241e-01 -5.453380e-01 -1.384469e-02
<VARIANCE> 25
 9.282276e+00 2.051415e+01 2.531159e+01 3.872278e+01 4.568323e+01 3.073779e+01 4.657898e+01 4.886345e+01 4.305427e+01 4.596003e+01 3.993750e+01 3.011068e+01 4.492118e-01 1.482901e+00 1.310367e+00 2.760442e+00 2.335550e+00 2.202238e+00 2.990717e+00 2.795840e+00 3.001343e+00 2.663717e+00 2.518740e+00 2.273727e+00 1.544482e-03
<GCONST> 8.973535e+01
<MIXTURE> 54 7.368620e-03
<MEAN> 25
 -3.633593e+00 4.929237e-02 -6.832144e-01 8.036259e+00 6.483957e+00 4.625164e+00 4.675159e+00 4.600866e+00 4.053032e+00 3.593825e+00 4.457320e+00 2.326246e+00 -2.135647e-03 2.653409e-02 3.415787e-02 4.746476e-02 5.137340e-02 4.709353e-02 3.887910e-02 2.892028e-02 3.081125e-02 2.506183e-02 1.451454e-02 1.778035e-03 -1.214966e-05
<VARIANCE> 25
 9.139225e+00 1.036356e+01 9.296335e+00 1.818843e+01 1.332102e+01 1.353540e+01 1.197231e+01 1.128329e+01 1.134292e+01 1.354959e+01 1.780326e+01 1.253450e+01 4.087611e-02 8.734864e-02 1.540875e-01 2.265885e-01 3.079329e-01 3.969473e-01 4.608385e-01 5.215831e-01 5.420752e-01 5.211344e-01 5.144379e-01 5.164322e-01 1.000078e-06
<GCONST> 4.724924e+01
<MIXTURE> 55 7.368620e-03
<MEAN> 25
 -3.633593e+00 4.929237e-02 -6.832144e-01 8.036259e+00 6.483957e+00 4.625164e+00 4.675159e+00 4.600866e+00 4.053032e+00 3.593825e+00 4.457320e+00 2.326246e+00 -2.135647e-03 2.653409e-02 3.415787e-02 4.746476e-02 5.137340e-02 4.709353e-02 3.887910e-02 2.892028e-02 3.081125e-02 2.506183e-02 1.451454e-02 1.778035e-03 -1.214966e-05
<VARIANCE> 25
 9.139225e+00 1.036356e+01 9.296335e+00 1.818843e+01 1.332102e+01 1.353540e+01 1.197231e+01 1.128329e+01 1.134292e+01 1.354959e+01 1.780326e+01 1.253450e+01 4.087611e-02 8.734864e-02 1.540875e-01 2.265885e-01 3.079329e-01 3.969473e-01 4.608385e-01 5.215831e-01 5.420752e-01 5.211344e-01 5.144379e-01 5.164322e-01 1.000078e-06
<GCONST> 4.724924e+01
<MIXTURE> 56 6.132464e-03
<MEAN> 25
 7.371895e+00 -6.048883e+00 -8.567335e+00 -7.767182e+00 3.842232e+00 2.678670e+00 -2.362193e+00 -1.964170e+00 2.060747e+00 1.256208e+00 -2.782181e+00 -6.093083e+00 -2.995217e-02 3.489675e-02 -8.695567e-02 -4.984180e-03 1.620425e-01 5.290997e-02 1.497817e-01 -1.558639e-01 2.066824e-02 -4.997157e-02 -7.693695e-02 1.551937e-02 -6.384538e-03
<VARIANCE> 25
 8.055647e+00 2.190045e+01 1.835020e+01 3.849915e+01 2.870517e+01 5.034957e+01 5.295161e+01 3.282583e+01 3.335824e+01 3.412029e+01 3.452653e+01 3.307014e+01 1.863986e-01 4.327360e-01 4.037029e-01 6.805637e-01 7.749698e-01 1.133039e+00 8.408978e-01 8.652280e-01 8.588378e-01 8.264322e-01 1.105428e+00 7.263700e-01 2.165493e-04
<GCONST> 7.323685e+01
<MIXTURE> 57 6.132464e-03
<MEAN> 25
 7.371895e+00 -6.048883e+00 -8.567335e+00 -7.767182e+00 3.842232e+00 2.678670e+00 -2.362193e+00 -1.964170e+00 2.060747e+00 1.256208e+00 -2.782181e+00 -6.093083e+00 -2.995217e-02 3.489675e-02 -8.695567e-02 -4.984180e-03 1.620425e-01 5.290997e-02 1.497817e-01 -1.558639e-01 2.066824e-02 -4.997157e-02 -7.693695e-02 1.551937e-02 -6.384538e-03
<VARIANCE> 25
 8.055647e+00 2.190045e+01 1.835020e+01 3.849915e+01 2.870517e+01 5.034957e+01 5.295161e+01 3.282583e+01 3.335824e+01 3.412029e+01 3.452653e+01 3.307014e+01 1.863986e-01 4.327360e-01 4.037029e-01 6.805637e-01 7.749698e-01 1.133039e+00 8.408978e-01 8.652280e-01 8.588378e-01 8.264322e-01 1.105428e+00 7.263700e-01 2.165493e-04
<GCONST> 7.323685e+01
<MIXTURE> 58 6.172147e-03
<MEAN> 25
 1.830147e+00 -2.213142e+00 7.487622e+00 -5.116472e+00 -1.190679e+01 -5.759163e+00 2.075469e+00 -6.675878e-01 -2.200516e+00 3.065240e+00 1.010965e+00 -1.302428e+00 -1.101294e-01 -4.293599e-02 -1.832090e-02 -1.512479e-01 2.430719e-02 2.246477e-01 2.495928e-01 7.655134e-02 1.331450e-01 4.512665e-02 -1.851042e-01 -1.009132e-01 -2.015787e-03
<VARIANCE> 25
 7.700227e+00 1.388872e+01 1.695896e+01 2.228179e+01 2.517333e+01 3.824837e+01 2.803722e+01 3.607946e+01 2.675741e+01 3.162161e+01 1.956793e+01 1.860514e+01 3.049437e-01 7.272269e-01 9.094810e-01 8.830317e-01 8.897938e-01 1.277976e+00 1.043873e+00 1.319128e+00 1.248739e+00 1.091919e+00 8.808546e-01 9.932253e-01 5.984288e-04
<GCONST> 7.445914e+01
<MIXTURE> 59 6.172147e-03
<MEAN> 25
 1.830147e+00 -2.213142e+00 7.487622e+00 -5.116472e+00 -1.190679e+01 -5.759163e+00 2.075469e+00 -6.675878e-01 -2.200516e+00 3.065240e+00 1.010965e+00 -1.302428e+00 -1.101294e-01 -4.293599e-02 -1.832090e-02 -1.512479e-01 2.430719e-02 2.246477e-01 2.495928e-01 7.655134e-02 1.331450e-01 4.512665e-02 -1.851042e-01 -1.009132e-01 -2.015787e-03
<VARIANCE> 25
 7.700227e+00 1.388872e+01 1.695896e+01 2.228179e+01 2.517333e+01 3.824837e+01 2.803722e+01 3.607946e+01 2.675741e+01 3.162161e+01 1.956793e+01 1.860514e+01 3.049437e-01 7.272269e-01 9.094810e-01 8.830317e-01 8.897938e-01 1.277976e+00 1.043873e+00 1.319128e+00 1.248739e+00 1.091919e+00 8.808546e-01 9.932253e-01 5.984288e-04
<GCONST> 7.445914e+01
<MIXTURE> 60 4.479129e-03
<MEAN> 25
 -3.739464e+00 -5.515621e-01 -8.152432e-01 3.450698e+00 1.621657e+00 2.517018e+00 1.723545e+00 1.664356e+00 1.995978e+00 1.267843e+00 2.282185e+00 1.808183e+00 -2.959287e-02 6.109415e-02 1.222972e-01 1.386284e-01 1.315467e-01 1.818444e-01 1.477231e-01 2.794779e-01 5.769929e-01 7.472961e-01 6.118068e-01 2.625519e-01 -6.009669e-04
<VARIANCE> 25
 9.491692e+00 5.316671e+00 1.045347e+01 1.244561e+01 1.272831e+01 1.715150e+01 1.549926e+01 1.138353e+01 1.180766e+01 1.285533e+01 1.607287e+01 1.177261e+01 9.007975e-02 1.650190e-01 2.703424e-01 4.215565e-01 5.515037e-01 7.086875e-01 8.126074e-01 8.525400e-01 8.511461e-01 9.932870e-01 8.540438e-01 8.241753e-01 3.154493e-05
<GCONST> 5.699051e+01
<MIXTURE> 61 4.479129e-03
<MEAN> 25
 -3.739464e+00 -5.515621e-01 -8.152432e-01 3.450698e+00 1.621657e+00 2.517018e+00 1.723545e+00 1.664356e+00 1.995978e+00 1.267843e+00 2.282185e+00 1.808183e+00 -2.959287e-02 6.109415e-02 1.222972e-01 1.386284e-01 1.315467e-01 1.818444e-01 1.477231e-01 2.794779e-01 5.769929e-01 7.472961e-01 6.118068e-01 2.625519e-01 -6.009669e-04
<VARIANCE> 25
 9.491692e+00 5.316671e+00 1.045347e+01 1.244561e+01 1.272831e+01 1.715150e+01 1.549926e+01 1.138353e+01 1.180766e+01 1.285533e+01 1.607287e+01 1.177261e+01 9.007975e-02 1.650190e-01 2.703424e-01 4.215565e-01 5.515037e-01 7.086875e-01 8.126074e-01 8.525400e-01 8.511461e-01 9.932870e-01 8.540438e-01 8.241753e-01 3.154493e-05
<GCONST> 5.699051e+01
<MIXTURE> 62 3.278034e-03
<MEAN> 25
 -4.916215e+00 1.148399e+00 9.847584e-01 8.802503e+00 5.999039e+00 5.110199e+00 5.484042e+00 4.126386e+00 4.932403e+00 3.791301e+00 4.875311e+00 2.857741e+00 -9.778702e-01 -1.157581e+00 -9.542350e-01 -2.828140e-01 4.504255e-01 1.021483e+00 1.388374e+00 1.519114e+00 1.479185e+00 1.237918e+00 1.089220e+00 7.402388e-01 -1.106603e-03
<VARIANCE> 25
 1.081019e+01 1.006297e+01 1.289053e+01 1.639758e+01 1.769002e+01 1.733113e+01 1.927496e+01 1.897676e+01 1.861994e+01 1.889768e+01 2.145249e+01 1.485158e+01 4.167196e-01 4.245558e-01 5.436051e-01 7.656256e-01 1.029283e+00 1.177848e+00 1.224720e+00 1.295772e+00 1.299326e+00 1.331667e+00 1.388967e+00 1.345279e+00 1.708076e-05
<GCONST> 6.748625e+01
<MIXTURE> 63 4.351215e-03
<MEAN> 25
 -3.113773e+00 -2.119705e+00 -3.805701e+00 2.156155e+00 3.174125e+00 -2.706538e-01 3.009404e+00 1.775273e+00 2.020848e+00 -1.674287e+00 -6.377148e-01 2.406058e+00 -8.247262e-02 3.277496e-01 4.939294e-01 4.790039e-01 4.382630e-01 4.904067e-01 2.977360e-01 1.931899e-01 1.527293e-01 3.785152e-01 2.595488e-01 1.201460e-01 -3.695613e-03
<VARIANCE> 25
 1.123217e+01 1.278045e+01 1.720360e+01 1.585031e+01 1.858548e+01 3.687617e+01 2.237354e+01 2.258951e+01 2.130454e+01 2.098503e+01 1.945320e+01 1.429415e+01 2.462371e-01 4.225897e-01 6.123123e-01 6.637343e-01 8.195578e-01 1.101365e+00 1.382170e+00 1.232047e+00 1.175633e+00 1.287616e+00 1.285573e+00 1.083008e+00 2.190054e-04
<GCONST> 7.059366e+01
<MIXTURE> 64 4.351215e-03
<MEAN> 25
 -3.113773e+00 -2.119705e+00 -3.805701e+00 2.156155e+00 3.174125e+00 -2.706538e-01 3.009404e+00 1.775273e+00 2.020848e+00 -1.674287e+00 -6.377148e-01 2.406058e+00 -8.247262e-02 3.277496e-01 4.939294e-01 4.790039e-01 4.382630e-01 4.904067e-01 2.977360e-01 1.931899e-01 1.527293e-01 3.785152e-01 2.595488e-01 1.201460e-01 -3.695613e-03
<VARIANCE> 25
 1.123217e+01 1.278045e+01 1.720360e+01 1.585031e+01 1.858548e+01 3.687617e+01 2.237354e+01 2.258951e+01 2.130454e+01 2.098503e+01 1.945320e+01 1.429415e+01 2.462371e-01 4.225897e-01 6.123123e-01 6.637343e-01 8.195578e-01 1.101365e+00 1.382170e+00 1.232047e+00 1.175633e+00 1.287616e+00 1.285573e+00 1.083008e+00 2.190054e-04
<GCONST> 7.059366e+01
<MIXTURE> 65 1.721197e-02
<MEAN> 25
 7.395034e+00 1.798129e+00 1.538412e+00 2.652853e-01 -4.368560e+00 -4.740342e+00 -5.647954e+00 -5.553335e+00 -2.914411e+00 -1.962535e+00 -4.678644e+00 -1.528986e+00 2.173847e-01 9.802524e-02 3.801555e-02 2.121811e-01 -1.955327e-01 3.663387e-01 -1.829630e-01 -5.177047e-02 2.280688e-01 9.685043e-02 -1.848114e-02 -4.057434e-01 -6.483834e-03
<VARIANCE> 25
 1.023204e+01 1.678486e+01 2.368640e+01 3.105444e+01 3.762944e+01 5.083588e+01 4.918859e+01 5.719561e+01 5.034909e+01 5.046272e+01 5.360344e+01 4.669238e+01 5.035645e-01 8.344445e-01 1.600352e+00 1.673970e+00 1.992051e+00 2.076944e+00 2.315773e+00 2.980567e+00 2.365089e+00 2.458444e+00 2.232493e+00 2.275360e+00 5.205210e-04
<GCONST> 8.815273e+01
<MIXTURE> 66 1.191532e-02
<MEAN> 25
 5.981060e+00 -3.572323e+00 -5.795197e+00 -4.506390e+00 1.337317e+00 -6.044821e+00 -5.809051e+00 9.132884e-01 6.555607e-01 -2.714989e+00 -6.263906e+00 -2.577988e+00 -7.504252e-03 1.649392e+00 2.064630e+00 2.585541e+00 -1.361982e+00 -6.635248e-01 -1.158243e-01 -2.423245e-01 -3.394566e-01 -8.286457e-02 1.241516e-01 8.649633e-01 -6.690110e-02
<VARIANCE> 25
 9.869552e+00 1.977373e+01 2.329361e+01 2.859565e+01 3.406852e+01 5.206414e+01 5.501569e+01 3.944718e+01 4.640244e+01 5.805294e+01 3.327234e+01 3.451196e+01 1.076110e+00 2.315444e+00 2.068399e+00 2.578597e+00 3.733000e+00 5.112934e+00 3.910926e+00 4.443377e+00 3.792940e+00 4.424799e+00 3.651311e+00 2.903098e+00 1.490492e-03
<GCONST> 9.489409e+01
<MIXTURE> 67 1.559142e-02
<MEAN> 25
 8.966134e+00 2.019297e+00 -5.967080e+00 -8.220260e+00 8.987137e-01 3.047511e+00 -3.336571e+00 -2.253289e+00 -3.746578e+00 7.630189e-01 -5.626341e-02 -1.756293e+00 -1.069797e+00 1.820352e+00 1.062886e+00 3.071125e+00 1.383647e+00 -4.933842e-01 1.303021e+00 1.260051e-01 1.479201e-01 2.488656e-01 -2.664450e-01 6.209115e-01 -1.296174e-01
<VARIANCE> 25
 1.149261e+01 3.866557e+01 3.064342e+01 5.601611e+01 4.885411e+01 5.414306e+01 6.179311e+01 5.252950e+01 6.448866e+01 5.683606e+01 5.559527e+01 4.730310e+01 2.170111e+00 3.470333e+00 3.269985e+00 4.497869e+00 4.512894e+00 4.578839e+00 4.684008e+00 5.045400e+00 5.455100e+00 4.751568e+00 5.119032e+00 3.726386e+00 3.047786e-03
<GCONST> 1.028471e+02
<MIXTURE> 68 1.485092e-02
<MEAN> 25
 -2.143494e+00 -1.951905e+00 -3.333881e+00 1.252745e+00 4.568292e+00 5.836402e-01 9.880345e-01 1.730527e+00 2.366982e+00 1.155406e+00 -1.776547e+00 1.922624e+00 2.435882e+00 5.632560e-01 6.104283e-02 -2.551947e+00 -2.506208e+00 -1.859124e+00 -1.544106e+00 -2.065486e+00 -1.236011e+00 -1.252150e+00 -1.772850e+00 -8.119111e-01 8.895220e-02
<VARIANCE> 25
 2.023360e+01 2.527352e+01 5.579742e+01 4.523375e+01 4.709077e+01 5.925510e+01 4.153925e+01 3.305548e+01 3.563201e+01 3.948710e+01 4.525335e+01 1.988856e+01 1.800077e+00 3.194454e+00 4.709801e+00 5.046515e+00 3.856390e+00 4.743396e+00 6.390978e+00 4.710425e+00 4.452571e+00 6.363408e+00 4.333143e+00 2.872573e+00 5.123306e-03
<GCONST> 1.010483e+02
<MIXTURE> 69 1.204884e-02
<MEAN> 25
 3.996598e+00 -3.476663e+00 -5.041091e+00 -3.089991e+00 -2.509655e+00 -8.329555e+00 3.163080e-01 1.044434e+00 2.483336e-01 -5.464672e+00 -5.733762e+00 1.499434e+00 1.792561e+00 -1.720143e+00 -9.023323e-01 -2.425961e+00 -5.359904e-01 -9.869437e-01 5.531520e-02 1.824500e-01 -1.496358e-01 -2.159953e+00 -1.811143e+00 6.129641e-02 5.331414e-02
<VARIANCE> 25
 7.165217e+00 1.740936e+01 2.499192e+01 2.461477e+01 3.836441e+01 2.852070e+01 3.832384e+01 2.933324e+01 3.077900e+01 2.834899e+01 2.551221e+01 1.871929e+01 2.683789e+00 2.717643e+00 2.687108e+00 3.285927e+00 4.298880e+00 4.832798e+00 5.708721e+00 4.500049e+00 5.125910e+00 5.253052e+00 3.622818e+00 2.831623e+00 1.882253e-03
<GCONST> 9.394867e+01
<MIXTURE> 70 1.329190e-02
<MEAN> 25
 7.433587e+00 -2.148705e+00 -3.688166e+00 -3.284244e+00 -7.073727e-01 -6.066853e-01 -7.618587e+00 -3.767143e+00 9.890751e-01 2.599823e+00 -2.058251e-01 -4.626453e+00 1.870424e+00 -1.147761e+00 -7.570527e-01 -2.058144e+00 -1.607900e+00 1.253097e+00 -1.385236e+00 -6.327992e-02 2.842676e-01 -7.015586e-02 6.508002e-01 -1.451168e+00 5.607592e-02
<VARIANCE> 25
 9.697739e+00 2.211049e+01 2.806099e+01 4.718393e+01 3.671531e+01 4.321042e+01 4.802539e+01 4.350420e+01 4.876315e+01 3.315062e+01 4.322160e+01 2.788177e+01 3.426273e+00 3.076606e+00 4.639571e+00 5.283533e+00 5.236502e+00 6.396266e+00 6.671555e+00 7.278224e+00 6.023829e+00 5.240871e+00 5.685417e+00 4.159595e+00 2.558445e-03
<GCONST> 1.015953e+02
<MIXTURE> 71 1.406903e-02
<MEAN> 25
 6.242251e+00 5.098055e+00 4.254870e+00 2.945453e+00 -3.539795e+00 -3.415627e+00 -3.406535e+00 -6.546391e+00 -4.558491e+00 -2.368454e+00 -5.072065e+00 -3.180004e+00 -1.547288e+00 -6.717676e-01 -2.785158e-01 -1.710187e+00 1.073824e+00 -1.873588e-01 1.051597e-01 1.443623e+00 2.501980e-01 -1.391670e-01 7.013793e-01 1.737134e-01 4.089208e-02
<VARIANCE> 25
 1.931645e+01 2.541014e+01 2.355140e+01 4.481561e+01 4.099528e+01 4.000784e+01 4.186206e+01 4.179567e+01 3.882513e+01 4.387250e+01 3.665405e+01 3.400241e+01 1.774491e+00 3.005939e+00 5.191671e+00 5.040243e+00 4.823538e+00 4.739373e+00 4.927077e+00 5.608753e+00 4.357816e+00 4.101446e+00 3.577564e+00 3.333605e+00 1.394122e-03
<GCONST> 9.871645e+01
<MIXTURE> 72 8.134747e-03
<MEAN> 25
 3.635262e+00 -3.250854e+00 4.496003e+00 -2.358008e+00 -8.552995e+00 -9.190018e+00 -2.325356e+00 1.108524e+00 -4.950782e+00 -2.030018e+00 -1.687926e+00 1.750022e+00 9.183319e-01 -6.551929e-01 -2.445331e+00 4.916874e-01 2.463137e+00 -6.725070e-01 -1.367747e+00 1.510936e+00 1.744065e+00 -5.228305e-01 -1.256920e+00 4.438688e-01 -4.115839e-03
<VARIANCE> 25
 9.251079e+00 1.649958e+01 3.037364e+01 3.153992e+01 4.005384e+01 2.786006e+01 3.392505e+01 3.300694e+01 3.642688e+01 3.388309e+01 3.213356e+01 2.824441e+01 3.575616e-01 9.058063e-01 1.716236e+00 1.212267e+00 2.384293e+00 1.966097e+00 2.546708e+00 2.316903e+00 2.230646e+00 2.795841e+00 1.927141e+00 1.948693e+00 4.590088e-04
<GCONST> 8.419955e+01
<MIXTURE> 73 1.213625e-02
<MEAN> 25
 -5.678013e+00 -1.035658e+00 -1.539937e+00 5.006926e+00 3.857177e+00 2.494215e+00 5.292719e+00 3.349196e+00 3.718759e+00 4.144066e+00 4.760956e+00 2.925237e+00 8.000549e-01 -8.560168e-01 -9.338624e-01 -2.656331e+00 -1.239382e+00 -2.156056e+00 -9.180529e-01 -4.828693e-01 -5.992648e-01 -7.651433e-01 -1.151337e+00 -2.247079e-01 1.463457e-01
<VARIANCE> 25
 1.172202e+01 1.262903e+01 1.437708e+01 2.085562e+01 2.258573e+01 2.297439e+01 1.901850e+01 1.816981e+01 1.967352e+01 2.279281e+01 2.405573e+01 1.416683e+01 3.696671e+00 3.062815e+00 5.390494e+00 4.267775e+00 5.572606e+00 5.628950e+00 3.904792e+00 3.869187e+00 4.412464e+00 3.925479e+00 3.246577e+00 2.456492e+00 4.486871e-03
<GCONST> 9.192671e+01
<MIXTURE> 74 1.756491e-02
<MEAN> 25
 4.203966e+00 -1.323543e+00 4.362121e+00 -1.053251e+00 -8.081818e+00 -8.497811e+00 -2.738796e+00 4.969706e-01 -3.767953e+00 -2.930706e+00 -2.135677e+00 5.156633e-01 3.034305e-01 1.902134e+00 1.361635e-01 1.748003e+00 1.027579e+00 4.536025e-01 -1.446367e-01 -1.056905e+00 3.456731e-02 1.220278e-01 -6.008044e-02 -2.091489e-01 -7.991085e-02
<VARIANCE> 25
 1.171968e+01 2.067871e+01 4.217750e+01 3.592676e+01 3.804358e+01 3.708377e+01 4.754916e+01 4.342060e+01 4.467667e+01 4.097326e+01 4.236250e+01 3.205714e+01 1.913274e+00 2.021577e+00 3.633154e+00 2.547472e+00 3.950704e+00 3.745554e+00 4.885526e+00 4.588645e+00 3.974321e+00 3.738493e+00 3.656496e+00 3.061624e+00 1.708814e-03
<GCONST> 9.649569e+01
<MIXTURE> 75 9.711651e-03
<MEAN> 25
 2.795407e+00 -1.431508e+00 1.025676e+01 1.710907e+00 -1.150045e+01 -7.077677e+00 -4.532362e+00 -5.249876e-01 -3.542273e+00 -4.445919e+00 2.934121e+00 4.098033e-01 1.669795e+00 -1.717506e+00 1.915416e-01 -1.381350e-01 -2.410857e+00 -3.329175e-01 -1.534447e+00 9.658248e-01 -2.262340e-01 -4.197564e-01 1.049816e+00 -6.412797e-01 3.584360e-02
<VARIANCE> 25
 1.102091e+01 1.712710e+01 3.380075e+01 2.687071e+01 2.626766e+01 3.450691e+01 3.035807e+01 2.999414e+01 4.562894e+01 3.066079e+01 1.995082e+01 2.077760e+01 2.257389e+00 1.814564e+00 4.006373e+00 2.495829e+00 4.138304e+00 5.236872e+00 3.987091e+00 3.252800e+00 3.703297e+00 3.200989e+00 3.081625e+00 2.518190e+00 1.512580e-03
<GCONST> 9.227203e+01
<MIXTURE> 76 1.052359e-02
<MEAN> 25
 -5.239582e+00 -1.407300e+00 -1.524054e+00 3.884341e+00 3.749730e+00 3.905086e+00 3.314960e+00 2.536079e+00 8.619950e-01 2.972317e-02 1.899392e+00 1.978941e+00 -2.982069e-01 -4.537115e-01 -1.908027e-01 -7.653790e-01 -5.707361e-01 -7.571564e-01 -7.074349e-01 -4.923500e-01 -5.430067e-01 -4.572605e-01 -7.471573e-01 -1.913096e-01 1.923213e-02
<VARIANCE> 25
 3.189472e+01 2.249536e+01 2.662619e+01 2.348687e+01 2.444049e+01 2.835624e+01 2.763210e+01 2.459893e+01 2.319309e+01 2.350092e+01 2.545274e+01 1.985893e+01 9.275393e-01 1.089798e+00 1.162971e+00 1.208576e+00 1.268184e+00 1.495523e+00 1.990595e+00 1.564555e+00 1.480193e+00 1.438778e+00 2.155318e+00 1.291017e+00 1.114667e-03
<GCONST> 8.165758e+01
<MIXTURE> 77 1.244626e-02
<MEAN> 25
 -1.586083e+00 6.758785e+00 9.490009e+00 -1.046224e+01 -3.396557e+00 -6.990884e-01 -7.867887e+00 -5.674510e+00 -2.553413e+00 -1.066789e-02 -1.296307e+00 -1.180157e+00 2.709731e-02 7.427936e-02 -6.760069e-02 1.936763e-01 1.119413e-01 1.000416e-01 -2.083846e-01 -1.388318e-01 9.439374e-02 -9.490705e-02 1.060546e-01 3.096606e-01 -1.026332e-02
<VARIANCE> 25
 7.241569e+00 1.472983e+01 2.417288e+01 3.139523e+01 3.527216e+01 2.310988e+01 3.125312e+01 2.594915e+01 2.558245e+01 2.550897e+01 3.443433e+01 2.291484e+01 2.237129e-01 5.205793e-01 4.578972e-01 1.221535e+00 9.798011e-01 8.252989e-01 1.038012e+00 9.872609e-01 1.148299e+00 1.027747e+00 7.414145e-01 7.374356e-01 4.213051e-04
<GCONST> 7.267250e+01
<MIXTURE> 78 9.702551e-03
<MEAN> 25
 -1.124504e+01 1.354767e+00 -1.870217e+00 2.486408e+00 3.951565e+00 -1.899118e+00 3.770504e+00 2.173808e+00 1.956637e+00 8.840277e-01 -4.392249e-01 2.757765e+00 2.326463e+00 -3.768893e-01 1.954944e-01 5.140899e-01 -8.401690e-03 -8.192050e-02 -4.115535e-01 -8.463944e-03 2.227829e-01 1.324713e-02 -3.760955e-01 -4.127268e-01 -6.193046e-02
<VARIANCE> 25
 4.243232e+01 3.117344e+01 3.180734e+01 3.240045e+01 3.945963e+01 3.856767e+01 3.534121e+01 3.332745e+01 3.119873e+01 2.714827e+01 2.610262e+01 1.981916e+01 4.652274e+00 2.594735e+00 2.631289e+00 3.096807e+00 2.673101e+00 3.754520e+00 3.197049e+00 2.709443e+00 2.256617e+00 2.425927e+00 2.191263e+00 2.033688e+00 4.365154e-03
<GCONST> 9.427593e+01
<MIXTURE> 79 1.156824e-02
<MEAN> 25
 1.895714e+00 1.481604e+00 8.449840e+00 -5.952128e+00 -1.111865e+01 -2.296839e+00 -1.527354e+00 -6.586642e+00 -5.972355e+00 9.702296e-01 -2.861148e+00 -2.275068e+00 1.135561e+00 -5.294058e-01 -1.338771e+00 2.066408e+00 4.303567e-01 -1.404978e+00 3.551507e-01 1.009791e+00 -6.478887e-01 -7.416883e-01 6.018162e-01 2.735837e-01 -2.949461e-02
<VARIANCE> 25
 1.382198e+01 2.075894e+01 3.379031e+01 4.424773e+01 3.484442e+01 3.741813e+01 3.815258e+01 3.114533e+01 3.528983e+01 3.530103e+01 3.901492e+01 3.055447e+01 8.616188e-01 1.948139e+00 1.671739e+00 2.251434e+00 2.168755e+00 3.582746e+00 2.873696e+00 3.260560e+00 2.319297e+00 2.772350e+00 2.511991e+00 2.116757e+00 1.390115e-03
<GCONST> 9.046510e+01
<MIXTURE> 80 7.550998e-03
<MEAN> 25
 -1.429514e+01 3.828329e+00 1.124888e-02 3.123667e+00 1.745019e+00 1.648170e+00 6.791040e+00 2.376373e+00 1.765992e+00 2.517809e+00 4.248837e+00 8.039976e-01 4.225642e+00 -3.485630e-01 1.433489e+00 -1.270545e+00 -2.579577e+00 -2.934176e+00 -2.281296e+00 -1.803498e+00 -1.572569e+00 -1.799330e+00 -1.762275e+00 -4.241760e-01 -4.517332e-02
<VARIANCE> 25
 1.941006e+01 1.819229e+01 3.390742e+01 3.158186e+01 3.038452e+01 2.654876e+01 2.643739e+01 2.685097e+01 3.032672e+01 2.590167e+01 2.652603e+01 1.712490e+01 2.202312e+00 3.169360e+00 2.679885e+00 3.821648e+00 3.703588e+00 2.650450e+00 2.701209e+00 3.206732e+00 3.603457e+00 2.517546e+00 2.660857e+00 2.144104e+00 1.362676e-03
<GCONST> 9.089364e+01
<MIXTURE> 81 8.025434e-03
<MEAN> 25
 -1.143047e+00 4.037876e+00 1.009549e+01 -1.462568e+01 -8.973690e+00 -1.443875e+00 -6.699050e+00 -8.370491e+00 -4.106465e+00 -3.596496e-01 -7.424843e+00 -2.216845e+00 1.328212e-01 -5.757239e-01 -5.360383e-03 -5.469632e-01 -4.499601e-01 3.272898e-01 3.134484e-01 1.470314e-01 -1.525490e-01 1.011033e-01 -4.606853e-01 -1.294291e-01 1.123806e-02
<VARIANCE> 25
 1.004052e+01 3.233046e+01 2.646591e+01 3.070947e+01 3.419857e+01 3.014223e+01 4.548541e+01 2.816513e+01 3.755478e+01 3.183045e+01 2.621369e+01 3.069745e+01 7.626820e-01 2.263614e+00 1.536214e+00 2.876242e+00 2.665804e+00 2.141572e+00 3.245125e+00 2.286614e+00 2.346249e+00 2.552364e+00 2.282435e+00 2.063519e+00 1.178646e-03
<GCONST> 8.867450e+01
<MIXTURE> 82 8.213053e-03
<MEAN> 25
 -9.562312e+00 -3.735413e+00 1.645935e+00 -3.020363e+00 3.257507e+00 1.359667e+00 1.623976e+00 9.987267e-01 2.663516e+00 1.379511e+00 1.520581e+00 3.090683e+00 -1.217634e+00 2.754200e-02 2.494722e-01 -2.600741e+00 -1.188828e+00 -1.309506e+00 -1.082304e+00 -8.825999e-01 -2.318454e-01 -4.161460e-01 -4.362396e-01 -6.221472e-02 1.716438e-01
<VARIANCE> 25
 1.933509e+01 2.402800e+01 3.079012e+01 2.943304e+01 3.161142e+01 3.773666e+01 3.261464e+01 3.112431e+01 3.091371e+01 2.570599e+01 3.060863e+01 1.652995e+01 3.677759e+00 3.240178e+00 3.149810e+00 3.095402e+00 3.509819e+00 3.151833e+00 2.945931e+00 2.890298e+00 2.782813e+00 2.477817e+00 2.580810e+00 1.776142e+00 3.904570e-03
<GCONST> 9.301697e+01
<MIXTURE> 83 1.167529e-02
<MEAN> 25
 -2.003567e+01 5.506425e+00 -1.794616e+00 -3.965640e-01 7.820462e+00 -1.228126e+00 5.463545e+00 3.043095e+00 1.185969e+00 2.194597e+00 7.252246e-01 2.877585e+00 -2.610966e-02 -4.504861e-01 5.509612e-03 -3.656229e-01 -4.974743e-01 -1.258030e-01 -1.336753e-01 -9.941200e-02 -4.215959e-02 -4.003358e-02 -3.034161e-02 -3.479852e-02 4.386883e-03
<VARIANCE> 25
 8.848618e+00 1.644902e+01 2.852742e+01 2.256899e+01 2.137561e+01 2.411872e+01 2.203014e+01 2.335639e+01 2.047443e+01 2.222333e+01 2.318157e+01 1.450332e+01 1.060488e+00 9.359061e-01 1.240564e+00 1.065313e+00 1.358682e+00 1.291363e+00 1.284271e+00 1.388422e+00 1.349396e+00 1.310833e+00 1.220191e+00 1.071021e+00 8.923644e-04
<GCONST> 7.704968e+01
<MIXTURE> 84 1.066614e-02
<MEAN> 25
 1.228734e+00 8.723844e+00 6.923616e+00 7.980084e+00 2.848468e+00 -7.727053e-01 -1.342650e+00 -4.276656e+00 -4.128761e+00 -2.920469e+00 -2.309341e+00 -1.547388e+00 -1.701590e+00 -1.172870e+00 -1.118781e+00 1.322852e+00 2.206965e+00 1.611624e+00 1.485082e+00 1.295159e+00 1.119018e+00 3.990775e-01 4.535588e-01 3.637372e-01 -7.159317e-02
<VARIANCE> 25
 2.302245e+01 1.993363e+01 2.354594e+01 2.423303e+01 2.857287e+01 2.798338e+01 2.860454e+01 2.692892e+01 2.447377e+01 2.474056e+01 2.313454e+01 2.406347e+01 2.226553e+00 2.459195e+00 3.930185e+00 3.217177e+00 3.218510e+00 3.617787e+00 3.220680e+00 3.285849e+00 3.423842e+00 3.149690e+00 3.500106e+00 2.834118e+00 3.415632e-03
<GCONST> 9.252606e+01
<MIXTURE> 85 7.591393e-03
<MEAN> 25
 -3.099805e+00 7.843279e+00 5.665009e+00 1.258065e+00 -3.498699e+00 -5.245038e+00 -2.995573e+00 -6.060097e+00 -3.512098e+00 -3.167681e+00 -5.163504e-01 -1.853091e+00 3.915211e+00 3.230256e-01 1.736854e+00 -2.068776e+00 -3.423542e+00 -2.592705e+00 -2.844551e+00 -2.344421e+00 -2.222312e+00 -1.241784e+00 -2.288029e+00 -6.127251e-01 9.529904e-03
<VARIANCE> 25
 4.200777e+01 2.365784e+01 3.659810e+01 3.849970e+01 3.938573e+01 4.143921e+01 3.210328e+01 2.798249e+01 2.666504e+01 2.586704e+01 2.612006e+01 2.061566e+01 2.787609e+00 4.326357e+00 4.048021e+00 5.197116e+00 4.470440e+00 3.851910e+00 3.973533e+00 3.997274e+00 3.889345e+00 4.114031e+00 3.942579e+00 3.488700e+00 5.398904e-03
<GCONST> 9.844239e+01
<MIXTURE> 86 1.273941e-02
<MEAN> 25
 -3.907695e+00 -1.536342e+00 -9.620587e-01 6.125364e+00 4.490474e+00 5.017416e+00 5.521090e+00 4.529356e+00 4.463962e+00 3.558502e+00 5.505820e+00 2.537966e+00 -2.104026e-02 -1.569757e-02 5.123343e-03 -1.272837e-01 -4.098903e-02 -1.820195e-01 -2.595954e-01 -2.687397e-01 -2.772730e-01 -2.862400e-01 -1.112832e-01 -9.357914e-02 3.565381e-04
<VARIANCE> 25
 1.282255e+01 5.955214e+00 9.390562e+00 1.131410e+01 1.634123e+01 1.400486e+01 1.326894e+01 1.348721e+01 1.228059e+01 1.378353e+01 1.399615e+01 1.165073e+01 9.874255e-02 1.878109e-01 3.017825e-01 6.005576e-01 5.966341e-01 7.055416e-01 7.063859e-01 7.718040e-01 8.085959e-01 8.448877e-01 9.392959e-01 8.938660e-01 6.290242e-05
<GCONST> 5.839693e+01
<MIXTURE> 87 1.100681e-02
<MEAN> 25
 -3.077182e+00 4.293007e+00 3.291943e+00 7.011656e+00 5.442278e+00 1.181465e+00 1.903631e+00 -8.008930e-01 -7.765199e-01 -9.918131e-01 -6.942077e-01 1.018008e-01 -2.176192e+00 -2.702405e+00 -2.045816e+00 -2.136251e+00 -3.525489e-02 -1.876046e-01 5.663425e-01 1.227732e+00 1.333485e+00 1.138692e+00 9.934070e-01 1.035745e+00 1.040570e-01
<VARIANCE> 25
 3.804241e+01 3.002347e+01 2.829953e+01 3.264281e+01 2.824603e+01 3.377485e+01 2.947291e+01 2.688775e+01 2.629963e+01 2.425385e+01 2.435013e+01 2.271108e+01 3.778379e+00 2.797457e+00 3.856108e+00 3.725487e+00 4.689224e+00 4.164324e+00 4.076175e+00 3.890868e+00 3.543766e+00 3.589307e+00 3.397205e+00 2.677004e+00 4.794240e-03
<GCONST> 9.629434e+01
<MIXTURE> 88 1.256585e-02
<MEAN> 25
 -2.897526e+00 -1.104550e+00 -3.570641e-01 3.976094e+00 4.509756e+00 5.025671e+00 3.240381e+00 3.755929e+00 2.555462e+00 8.494404e-01 2.839744e+00 2.101901e+00 -2.330543e-01 -1.170099e-01 3.036724e-01 3.917093e-01 2.097625e-01 3.788038e-01 -1.621291e-01 -1.525515e-01 -2.740215e-01 -3.546557e-01 -5.535144e-01 -3.393440e-01 -2.291426e-03
<VARIANCE> 25
 9.555984e+00 8.140139e+00 1.347721e+01 1.603155e+01 1.557574e+01 2.271802e+01 1.858387e+01 1.506655e+01 1.497402e+01 1.539230e+01 1.759658e+01 1.307354e+01 1.027719e+00 1.360039e+00 1.630976e+00 2.057755e+00 2.090384e+00 2.243408e+00 2.019783e+00 2.542975e+00 1.993245e+00 1.942090e+00 2.816561e+00 1.722755e+00 1.280667e-03
<GCONST> 7.905850e+01
<MIXTURE> 89 9.333527e-03
<MEAN> 25
 5.862370e+00 -6.229627e+00 -3.721203e+00 -3.107533e+00 -1.064919e+00 -5.466388e+00 -5.546589e+00 3.158090e+00 3.933541e+00 -2.111758e+00 -6.170130e+00 -2.473214e+00 -4.928140e-01 7.004305e-02 1.898671e+00 1.046551e+00 -2.015779e+00 -1.258727e+00 6.825516e-01 1.306762e+00 -4.390323e-01 -1.496495e+00 5.204660e-01 1.310382e+00 -4.592967e-03
<VARIANCE> 25
 7.936693e+00 2.433220e+01 2.651804e+01 2.595779e+01 3.259548e+01 3.587152e+01 5.246218e+01 3.971545e+01 3.445274e+01 3.938797e+01 3.151762e+01 3.123471e+01 3.396843e-01 7.775303e-01 1.318388e+00 1.287150e+00 1.899382e+00 2.632973e+00 2.439592e+00 1.792177e+00 2.565127e+00 2.107783e+00 2.118356e+00 1.498399e+00 3.263751e-04
<GCONST> 8.365318e+01
<MIXTURE> 90 7.114505e-03
<MEAN> 25
 2.442369e+00 -9.675842e+00 -4.753087e+00 -3.982802e+00 -3.321785e+00 -1.852913e+00 3.377816e+00 1.174820e+00 -7.448840e+00 -1.018664e+01 -3.431321e+00 -7.182773e-01 -1.624834e-01 9.055148e-01 1.167086e+00 -8.479569e-01 -1.605261e+00 -2.177440e-01 6.321972e-01 -2.032964e-01 -1.737689e-01 7.367187e-01 1.830668e-01 -5.440310e-01 -1.101343e-02
<VARIANCE> 25
 8.462629e+00 1.797657e+01 1.972694e+01 2.792764e+01 3.721678e+01 3.228616e+01 3.831670e+01 3.617524e+01 3.585732e+01 2.764739e+01 2.696650e+01 2.604310e+01 2.228334e-01 6.108587e-01 7.834163e-01 1.040805e+00 1.471423e+00 1.593062e+00 1.796381e+00 1.653244e+00 1.801869e+00 1.668463e+00 1.490627e+00 1.304788e+00 2.188223e-04
<GCONST> 7.814314e+01
<MIXTURE> 91 7.852945e-03
<MEAN> 25
 6.288896e+00 -7.075252e+00 -8.009856e+00 -4.802882e+00 3.689461e+00 5.283264e-04 -2.588367e+00 4.644110e-01 9.986430e-01 -2.619076e+00 -4.845967e+00 -5.087271e+00 2.182852e-01 1.042558e+00 1.466895e-01 3.986020e-01 5.268367e-02 -7.547367e-01 -1.834853e-01 -1.770262e-01 -1.248678e-01 4.756425e-01 -1.053193e-01 2.126013e-01 -3.375969e-02
<VARIANCE> 25
 1.012234e+01 2.166816e+01 1.967553e+01 3.660231e+01 3.132779e+01 5.176815e+01 5.604781e+01 3.531769e+01 4.572517e+01 5.671758e+01 3.402193e+01 3.944956e+01 4.090616e-01 8.182685e-01 1.055827e+00 1.297106e+00 2.423375e+00 2.572037e+00 3.037639e+00 2.193040e+00 1.979281e+00 1.982577e+00 1.840945e+00 1.653475e+00 5.832931e-04
<GCONST> 8.594134e+01
<MIXTURE> 92 7.852945e-03
<MEAN> 25
 6.288896e+00 -7.075252e+00 -8.009856e+00 -4.802882e+00 3.689461e+00 5.283264e-04 -2.588367e+00 4.644110e-01 9.986430e-01 -2.619076e+00 -4.845967e+00 -5.087271e+00 2.182852e-01 1.042558e+00 1.466895e-01 3.986020e-01 5.268367e-02 -7.547367e-01 -1.834853e-01 -1.770262e-01 -1.248678e-01 4.756425e-01 -1.053193e-01 2.126013e-01 -3.375969e-02
<VARIANCE> 25
 1.012234e+01 2.166816e+01 1.967553e+01 3.660231e+01 3.132779e+01 5.176815e+01 5.604781e+01 3.531769e+01 4.572517e+01 5.671758e+01 3.402193e+01 3.944956e+01 4.090616e-01 8.182685e-01 1.055827e+00 1.297106e+00 2.423375e+00 2.572037e+00 3.037639e+00 2.193040e+00 1.979281e+00 1.982577e+00 1.840945e+00 1.653475e+00 5.832931e-04
<GCONST> 8.594134e+01
<MIXTURE> 93 6.122769e-03
<MEAN> 25
 -6.803512e+00 -9.658008e-01 -2.397216e+00 5.798243e+00 5.893153e+00 3.932773e+00 6.124646e+00 3.609591e+00 4.114890e+00 2.497395e+00 1.829704e+00 3.704103e+00 -6.305052e-02 -1.555318e-01 -2.579562e-01 -3.345086e-01 -3.331002e-01 -2.858061e-01 -2.193925e-01 -1.778698e-01 -1.666309e-01 -1.512042e-01 -1.017226e-01 -3.344794e-02 -4.721632e-06
<VARIANCE> 25
 9.275023e+00 6.028165e+00 8.184745e+00 1.134315e+01 1.157841e+01 1.599273e+01 1.525249e+01 1.641323e+01 1.474312e+01 1.457458e+01 1.680183e+01 1.341771e+01 8.345499e-02 1.536801e-01 2.634597e-01 3.831665e-01 4.970843e-01 6.415281e-01 7.785931e-01 8.906429e-01 9.145343e-01 8.744960e-01 8.934484e-01 9.174925e-01 1.003385e-06
<GCONST> 5.364100e+01
<MIXTURE> 94 6.122769e-03
<MEAN> 25
 -6.803512e+00 -9.658008e-01 -2.397216e+00 5.798243e+00 5.893153e+00 3.932773e+00 6.124646e+00 3.609591e+00 4.114890e+00 2.497395e+00 1.829704e+00 3.704103e+00 -6.305052e-02 -1.555318e-01 -2.579562e-01 -3.345086e-01 -3.331002e-01 -2.858061e-01 -2.193925e-01 -1.778698e-01 -1.666309e-01 -1.512042e-01 -1.017226e-01 -3.344794e-02 -4.721632e-06
<VARIANCE> 25
 9.275023e+00 6.028165e+00 8.184745e+00 1.134315e+01 1.157841e+01 1.599273e+01 1.525249e+01 1.641323e+01 1.474312e+01 1.457458e+01 1.680183e+01 1.341771e+01 8.345499e-02 1.536801e-01 2.634597e-01 3.831665e-01 4.970843e-01 6.415281e-01 7.785931e-01 8.906429e-01 9.145343e-01 8.744960e-01 8.934484e-01 9.174925e-01 1.003385e-06
<GCONST> 5.364100e+01
<MIXTURE> 95 5.258835e-03
<MEAN> 25
 -5.486417e+00 -7.811033e-01 -1.601342e+00 4.780004e+00 4.235984e+00 3.158981e+00 4.010619e+00 1.767323e+00 2.156569e+00 7.514322e-01 1.456831e+00 2.621185e+00 9.630188e-02 1.293102e-01 8.241527e-02 -1.496650e-01 -4.105332e-01 -6.900754e-01 -1.102779e+00 -1.295311e+00 -1.292144e+00 -9.811741e-01 -6.707725e-01 -2.931845e-01 7.970188e-04
<VARIANCE> 25
 1.124973e+01 6.211067e+00 1.376741e+01 1.223436e+01 1.345255e+01 1.928382e+01 1.742669e+01 1.678385e+01 1.526508e+01 1.533792e+01 2.151895e+01 1.389055e+01 2.377505e-01 3.052707e-01 4.778737e-01 7.092176e-01 8.002759e-01 8.706145e-01 9.983125e-01 8.984944e-01 1.076472e+00 1.031700e+00 1.205251e+00 1.088642e+00 5.258754e-05
<GCONST> 6.406139e+01
<MIXTURE> 96 7.034694e-03
<MEAN> 25
 -5.080039e+00 -4.541233e-01 -2.241824e+00 5.143782e+00 3.865753e+00 1.781208e+00 3.528882e+00 1.799619e+00 2.449960e+00 9.549962e-01 1.140711e+00 2.830041e+00 -2.968748e-02 8.766471e-02 2.137551e-01 4.040142e-01 5.377912e-01 4.997213e-01 2.451218e-01 -1.261793e-01 -4.621404e-01 -6.507017e-01 -6.071802e-01 -3.670032e-01 -1.389105e-05
<VARIANCE> 25
 1.115753e+01 9.728447e+00 1.292640e+01 1.444862e+01 1.499917e+01 1.955619e+01 1.811814e+01 1.931763e+01 1.799803e+01 1.660708e+01 1.977897e+01 1.454956e+01 1.204276e-01 2.182750e-01 3.169621e-01 3.990940e-01 4.954404e-01 6.595373e-01 8.662260e-01 9.956921e-01 9.568879e-01 8.647991e-01 8.860772e-01 9.389555e-01 1.004230e-06
<GCONST> 5.760822e+01
<MIXTURE> 97 7.034694e-03
<MEAN> 25
 -5.080039e+00 -4.541233e-01 -2.241824e+00 5.143782e+00 3.865753e+00 1.781208e+00 3.528882e+00 1.799619e+00 2.449960e+00 9.549962e-01 1.140711e+00 2.830041e+00 -2.968748e-02 8.766471e-02 2.137551e-01 4.040142e-01 5.377912e-01 4.997213e-01 2.451218e-01 -1.261793e-01 -4.621404e-01 -6.507017e-01 -6.071802e-01 -3.670032e-01 -1.389105e-05
<VARIANCE> 25
 1.115753e+01 9.728447e+00 1.292640e+01 1.444862e+01 1.499917e+01 1.955619e+01 1.811814e+01 1.931763e+01 1.799803e+01 1.660708e+01 1.977897e+01 1.454956e+01 1.204276e-01 2.182750e-01 3.169621e-01 3.990940e-01 4.954404e-01 6.595373e-01 8.662260e-01 9.956921e-01 9.568879e-01 8.647991e-01 8.860772e-01 9.389555e-01 1.004230e-06
<GCONST> 5.760822e+01
<MIXTURE> 98 9.917808e-03
<MEAN> 25
 -5.390272e-01 4.568559e-01 -4.094625e-01 4.634448e+00 3.414458e+00 3.306216e+00 3.372364e+00 2.123097e+00 5.756008e-01 1.075186e-01 8.222283e-01 5.650254e-01 -1.661970e+00 -1.313722e+00 -7.499268e-01 3.339000e-01 5.870042e-01 9.419642e-01 1.180205e+00 1.349077e+00 1.263197e+00 1.205606e+00 1.300668e+00 8.776455e-01 -2.665412e-02
<VARIANCE> 25
 1.450404e+01 1.673021e+01 2.598771e+01 2.833963e+01 3.599357e+01 3.356842e+01 3.051844e+01 2.462522e+01 2.643769e+01 2.656931e+01 2.230171e+01 2.187840e+01 1.524600e+00 1.296559e+00 2.107874e+00 2.172421e+00 2.525438e+00 2.902937e+00 2.666721e+00 2.579140e+00 2.639887e+00 3.030585e+00 2.440551e+00 2.192898e+00 2.988214e-03
<GCONST> 8.857146e+01
<MIXTURE> 99 6.696178e-03
<MEAN> 25
 -6.348045e+00 9.720162e+00 6.651582e+00 3.185966e+00 9.064221e-01 -5.122707e+00 -1.804672e+00 -4.060404e+00 -3.430601e+00 -3.539692e+00 -1.467734e+00 3.124543e-01 5.547949e-01 -6.905355e-01 2.844923e-01 -4.108389e-01 -1.065956e+00 -5.010718e-01 -3.268842e-01 -2.286462e-01 -1.306147e-01 -7.324474e-02 2.358872e-01 1.633400e-01 9.750231e-03
<VARIANCE> 25
 3.519918e+01 2.598476e+01 4.625811e+01 3.364729e+01 3.559043e+01 3.541129e+01 2.850620e+01 2.900421e+01 2.647249e+01 2.818859e+01 2.052501e+01 2.830720e+01 2.125091e+00 1.907646e+00 1.417305e+00 1.795223e+00 2.780821e+00 2.092067e+00 1.600857e+00 1.684897e+00 1.570288e+00 1.632875e+00 1.271329e+00 1.250357e+00 1.564486e-03
<GCONST> 8.698369e+01
<MIXTURE> 100 4.498084e-03
<MEAN> 25
 -1.565444e+00 6.323451e+00 1.015506e+01 -7.436471e+00 -1.074393e+01 -5.002099e+00 -4.918928e+00 -9.920012e+00 -4.646070e+00 -7.984309e-01 -2.762570e+00 -2.606562e+00 2.870013e+00 -1.211345e+00 1.280087e+00 -2.131665e+00 -3.435466e+00 -8.525057e-01 -1.166062e+00 -8.591036e-01 -1.479385e+00 3.736939e-01 -1.594858e+00 -2.922165e-01 3.035319e-03
<VARIANCE> 25
 1.347127e+01 2.103990e+01 2.276097e+01 2.604453e+01 2.325061e+01 2.357071e+01 2.901157e+01 2.174200e+01 2.750021e+01 2.260169e+01 2.204181e+01 2.156548e+01 1.889079e+00 4.007905e+00 2.882817e+00 4.376407e+00 4.344588e+00 4.685630e+00 4.076391e+00 4.360475e+00 4.103836e+00 3.890156e+00 4.045120e+00 3.215962e+00 1.695252e-03
<GCONST> 9.273496e+01
<MIXTURE> 101 6.007792e-03
<MEAN> 25
 7.962971e+00 -3.902752e+00 -5.999553e+00 -6.379519e+00 -3.286588e-02 -2.513917e-01 -1.103453e+01 -1.826788e+00 1.608723e+00 2.178014e+00 -2.752161e+00 -5.287939e+00 6.305997e-01 6.668903e-01 -1.390337e+00 -1.674477e+00 1.302577e+00 2.081310e+00 1.523293e-01 -1.385876e+00 -1.075746e+00 1.034128e+00 1.264875e+00 -5.831279e-01 -4.268811e-03
<VARIANCE> 25
 8.532142e+00 1.688438e+01 2.758679e+01 4.112536e+01 4.254869e+01 4.197025e+01 3.632027e+01 3.305006e+01 3.443535e+01 4.230441e+01 4.799530e+01 2.300693e+01 2.790492e-01 6.540450e-01 1.095986e+00 1.509365e+00 2.286488e+00 2.569606e+00 2.102254e+00 1.834791e+00 2.307299e+00 1.998429e+00 1.732543e+00 2.076275e+00 3.157611e-04
<GCONST> 8.349120e+01
<MIXTURE> 102 6.007792e-03
<MEAN> 25
 7.962971e+00 -3.902752e+00 -5.999553e+00 -6.379519e+00 -3.286588e-02 -2.513917e-01 -1.103453e+01 -1.826788e+00 1.608723e+00 2.178014e+00 -2.752161e+00 -5.287939e+00 6.305997e-01 6.668903e-01 -1.390337e+00 -1.674477e+00 1.302577e+00 2.081310e+00 1.523293e-01 -1.385876e+00 -1.075746e+00 1.034128e+00 1.264875e+00 -5.831279e-01 -4.268811e-03
<VARIANCE> 25
 8.532142e+00 1.688438e+01 2.758679e+01 4.112536e+01 4.254869e+01 4.197025e+01 3.632027e+01 3.305006e+01 3.443535e+01 4.230441e+01 4.799530e+01 2.300693e+01 2.790492e-01 6.540450e-01 1.095986e+00 1.509365e+00 2.286488e+00 2.569606e+00 2.102254e+00 1.834791e+00 2.307299e+00 1.998429e+00 1.732543e+00 2.076275e+00 3.157611e-04
<GCONST> 8.349120e+01
<MIXTURE> 103 5.694618e-03
<MEAN> 25
 3.210044e+00 -8.922789e+00 -6.182525e+00 -2.577769e+00 -1.484323e+00 -2.232879e+00 2.857269e+00 2.450088e+00 -4.358726e+00 -8.977503e+00 -4.964995e+00 5.361030e-01 -1.750097e-01 -1.490451e+00 -9.476481e-01 3.272803e-01 1.349041e+00 9.447214e-01 1.866658e-01 -2.517049e-01 -6.404834e-01 -7.751158e-01 -4.371827e-02 1.051901e-01 3.028450e-02
<VARIANCE> 25
 9.704658e+00 2.161890e+01 2.164319e+01 3.332613e+01 4.481533e+01 3.348227e+01 4.491678e+01 3.510138e+01 4.019456e+01 2.800677e+01 2.863740e+01 2.519805e+01 6.650574e-01 1.169510e+00 1.452775e+00 2.151187e+00 3.204459e+00 2.300344e+00 2.832113e+00 2.357584e+00 2.760996e+00 3.017338e+00 1.970512e+00 1.906352e+00 8.592100e-04
<GCONST> 8.732684e+01
<MIXTURE> 104 5.694618e-03
<MEAN> 25
 3.210044e+00 -8.922789e+00 -6.182525e+00 -2.577769e+00 -1.484323e+00 -2.232879e+00 2.857269e+00 2.450088e+00 -4.358726e+00 -8.977503e+00 -4.964995e+00 5.361030e-01 -1.750097e-01 -1.490451e+00 -9.476481e-01 3.272803e-01 1.349041e+00 9.447214e-01 1.866658e-01 -2.517049e-01 -6.404834e-01 -7.751158e-01 -4.371827e-02 1.051901e-01 3.028450e-02
<VARIANCE> 25
 9.704658e+00 2.161890e+01 2.164319e+01 3.332613e+01 4.481533e+01 3.348227e+01 4.491678e+01 3.510138e+01 4.019456e+01 2.800677e+01 2.863740e+01 2.519805e+01 6.650574e-01 1.169510e+00 1.452775e+00 2.151187e+00 3.204459e+00 2.300344e+00 2.832113e+00 2.357584e+00 2.760996e+00 3.017338e+00 1.970512e+00 1.906352e+00 8.592100e-04
<GCONST> 8.732684e+01
<MIXTURE> 105 4.710235e-03
<MEAN> 25
 1.458078e+00 -5.805073e-01 8.705948e+00 -3.392894e+00 -9.190797e+00 -4.791849e+00 -4.179917e+00 -5.540611e-01 -3.554361e+00 -2.251099e+00 1.734778e+00 -1.640582e+00 1.908602e-02 4.166838e-02 1.161979e-01 -1.348770e-01 7.092649e-02 6.328838e-02 -1.047270e-01 6.692780e-03 6.962432e-03 2.054302e-02 9.779255e-03 5.750339e-03 -2.153738e-03
<VARIANCE> 25
 1.364536e+01 2.581094e+01 3.400230e+01 4.036071e+01 5.049375e+01 4.543566e+01 3.669652e+01 4.041730e+01 3.313011e+01 4.156922e+01 3.374739e+01 2.618496e+01 8.786447e-02 1.770064e-01 3.736447e-01 3.200214e-01 3.525975e-01 4.229097e-01 5.252027e-01 4.681239e-01 5.084182e-01 4.178826e-01 3.608652e-01 4.543167e-01 7.885308e-05
<GCONST> 6.568887e+01
<MIXTURE> 106 4.710235e-03
<MEAN> 25
 1.458078e+00 -5.805073e-01 8.705948e+00 -3.392894e+00 -9.190797e+00 -4.791849e+00 -4.179917e+00 -5.540611e-01 -3.554361e+00 -2.251099e+00 1.734778e+00 -1.640582e+00 1.908602e-02 4.166838e-02 1.161979e-01 -1.348770e-01 7.092649e-02 6.328838e-02 -1.047270e-01 6.692780e-03 6.962432e-03 2.054302e-02 9.779255e-03 5.750339e-03 -2.153738e-03
<VARIANCE> 25
 1.364536e+01 2.581094e+01 3.400230e+01 4.036071e+01 5.049375e+01 4.543566e+01 3.669652e+01 4.041730e+01 3.313011e+01 4.156922e+01 3.374739e+01 2.618496e+01 8.786447e-02 1.770064e-01 3.736447e-01 3.200214e-01 3.525975e-01 4.229097e-01 5.252027e-01 4.681239e-01 5.084182e-01 4.178826e-01 3.608652e-01 4.543167e-01 7.885308e-05
<GCONST> 6.568887e+01
<MIXTURE> 107 5.452374e-03
<MEAN> 25
 8.635701e+00 -2.310569e+00 -8.032537e+00 -9.545828e+00 1.968442e+00 2.946017e+00 -8.633558e+00 -4.551596e+00 -8.714287e-01 3.391118e+00 8.399704e-01 -5.064005e+00 -6.093863e-01 -7.667335e-01 8.353579e-01 1.771268e+00 2.228771e-01 -2.008034e+00 -9.184816e-01 8.483657e-01 1.765119e+00 4.457496e-02 -1.654451e+00 -8.183118e-01 -1.815200e-03
<VARIANCE> 25
 9.241142e+00 2.042493e+01 2.831799e+01 4.282654e+01 3.569924e+01 3.847035e+01 5.109380e+01 3.621003e+01 4.576992e+01 4.166343e+01 5.139077e+01 3.039965e+01 3.552572e-01 9.683713e-01 1.459741e+00 2.412595e+00 2.288180e+00 2.831448e+00 2.615732e+00 2.537677e+00 2.297274e+00 3.029452e+00 1.949591e+00 2.204046e+00 7.028909e-04
<GCONST> 8.803411e+01
<MIXTURE> 108 5.452374e-03
<MEAN> 25
 8.635701e+00 -2.310569e+00 -8.032537e+00 -9.545828e+00 1.968442e+00 2.946017e+00 -8.633558e+00 -4.551596e+00 -8.714287e-01 3.391118e+00 8.399704e-01 -5.064005e+00 -6.093863e-01 -7.667335e-01 8.353579e-01 1.771268e+00 2.228771e-01 -2.008034e+00 -9.184816e-01 8.483657e-01 1.765119e+00 4.457496e-02 -1.654451e+00 -8.183118e-01 -1.815200e-03
<VARIANCE> 25
 9.241142e+00 2.042493e+01 2.831799e+01 4.282654e+01 3.569924e+01 3.847035e+01 5.109380e+01 3.621003e+01 4.576992e+01 4.166343e+01 5.139077e+01 3.039965e+01 3.552572e-01 9.683713e-01 1.459741e+00 2.412595e+00 2.288180e+00 2.831448e+00 2.615732e+00 2.537677e+00 2.297274e+00 3.029452e+00 1.949591e+00 2.204046e+00 7.028909e-04
<GCONST> 8.803411e+01
<MIXTURE> 109 6.661064e-03
<MEAN> 25
 3.973420e+00 -1.000265e+01 -8.121647e+00 -1.484352e+00 2.840331e+00 -4.969827e-01 2.832986e-01 1.250020e+00 -2.035902e+00 -7.976622e+00 -5.438654e+00 2.034574e-01 -5.404994e-02 -1.041268e-01 1.862330e-02 2.254822e-01 1.735931e-01 6.614399e-02 -1.204737e-01 -5.883946e-02 -4.026093e-02 -9.712666e-02 1.930895e-01 1.162657e-02 -2.405048e-03
<VARIANCE> 25
 8.742429e+00 1.965267e+01 1.896492e+01 3.064956e+01 3.907938e+01 3.660450e+01 4.510021e+01 3.201740e+01 4.496314e+01 3.626345e+01 2.764888e+01 2.626407e+01 1.892038e-01 4.086135e-01 5.386739e-01 6.007697e-01 1.297437e+00 1.037201e+00 1.187811e+00 1.087801e+00 1.113254e+00 9.307289e-01 8.438601e-01 8.319025e-01 1.892087e-04
<GCONST> 7.395802e+01
<MIXTURE> 110 6.661064e-03
<MEAN> 25
 3.973420e+00 -1.000265e+01 -8.121647e+00 -1.484352e+00 2.840331e+00 -4.969827e-01 2.832986e-01 1.250020e+00 -2.035902e+00 -7.976622e+00 -5.438654e+00 2.034574e-01 -5.404994e-02 -1.041268e-01 1.862330e-02 2.254822e-01 1.735931e-01 6.614399e-02 -1.204737e-01 -5.883946e-02 -4.026093e-02 -9.712666e-02 1.930895e-01 1.162657e-02 -2.405048e-03
<VARIANCE> 25
 8.742429e+00 1.965267e+01 1.896492e+01 3.064956e+01 3.907938e+01 3.660450e+01 4.510021e+01 3.201740e+01 4.496314e+01 3.626345e+01 2.764888e+01 2.626407e+01 1.892038e-01 4.086135e-01 5.386739e-01 6.007697e-01 1.297437e+00 1.037201e+00 1.187811e+00 1.087801e+00 1.113254e+00 9.307289e-01 8.438601e-01 8.319025e-01 1.892087e-04
<GCONST> 7.395802e+01
<MIXTURE> 111 4.337247e-03
<MEAN> 25
 -4.078515e+00 -8.595346e-01 -9.803557e-01 1.628094e+00 6.327480e-01 1.016470e+00 1.100231e-01 1.661456e-01 1.666133e-01 -1.079439e+00 -5.377169e-01 1.369977e+00 -1.825390e-02 -3.903612e-02 1.746813e-03 -1.505166e-01 -5.230916e-02 1.703866e-01 -5.350379e-02 -6.046702e-03 -4.651055e-02 -2.897910e-01 -2.202815e-01 -1.245485e-01 3.234346e-04
<VARIANCE> 25
 7.976217e+00 4.630754e+00 1.314701e+01 9.277076e+00 1.327259e+01 2.273040e+01 1.402588e+01 1.446336e+01 1.180089e+01 1.300591e+01 1.300998e+01 1.350057e+01 7.430241e-02 1.805274e-01 3.217744e-01 5.144593e-01 5.413011e-01 8.780224e-01 7.379127e-01 8.693392e-01 9.312284e-01 1.128765e+00 7.929353e-01 7.927115e-01 2.559312e-05
<GCONST> 5.729835e+01
<MIXTURE> 112 4.337247e-03
<MEAN> 25
 -4.078515e+00 -8.595346e-01 -9.803557e-01 1.628094e+00 6.327480e-01 1.016470e+00 1.100231e-01 1.661456e-01 1.666133e-01 -1.079439e+00 -5.377169e-01 1.369977e+00 -1.825390e-02 -3.903612e-02 1.746813e-03 -1.505166e-01 -5.230916e-02 1.703866e-01 -5.350379e-02 -6.046702e-03 -4.651055e-02 -2.897910e-01 -2.202815e-01 -1.245485e-01 3.234346e-04
<VARIANCE> 25
 7.976217e+00 4.630754e+00 1.314701e+01 9.277076e+00 1.327259e+01 2.273040e+01 1.402588e+01 1.446336e+01 1.180089e+01 1.300591e+01 1.300998e+01 1.350057e+01 7.430241e-02 1.805274e-01 3.217744e-01 5.144593e-01 5.413011e-01 8.780224e-01 7.379127e-01 8.693392e-01 9.312284e-01 1.128765e+00 7.929353e-01 7.927115e-01 2.559312e-05
<GCONST> 5.729835e+01
<MIXTURE> 113 5.938666e-03
<MEAN> 25
 9.956607e+00 1.733400e+00 -8.762159e+00 -1.696715e+01 -1.005387e+00 5.598754e+00 -5.263610e+00 -1.481404e+00 -5.648538e+00 -4.621109e-01 2.763812e-01 -1.907936e-01 4.275236e-03 1.268943e-02 -5.994476e-02 -1.145197e-01 1.036757e-01 1.525557e-01 5.928867e-02 3.489978e-02 -5.396796e-02 -5.055938e-02 1.785197e-01 3.398594e-02 -1.399713e-03
<VARIANCE> 25
 8.907308e+00 1.638344e+01 2.957677e+01 3.513482e+01 5.259989e+01 3.431883e+01 3.954514e+01 3.897981e+01 3.756548e+01 4.632835e+01 3.619237e+01 2.832797e+01 1.215987e-01 3.199722e-01 3.152360e-01 6.291075e-01 6.108647e-01 6.526226e-01 7.730872e-01 8.438280e-01 9.570332e-01 9.019568e-01 7.272301e-01 7.125056e-01 1.243457e-04
<GCONST> 7.110141e+01
<MIXTURE> 114 5.938666e-03
<MEAN> 25
 9.956607e+00 1.733400e+00 -8.762159e+00 -1.696715e+01 -1.005387e+00 5.598754e+00 -5.263610e+00 -1.481404e+00 -5.648538e+00 -4.621109e-01 2.763812e-01 -1.907936e-01 4.275236e-03 1.268943e-02 -5.994476e-02 -1.145197e-01 1.036757e-01 1.525557e-01 5.928867e-02 3.489978e-02 -5.396796e-02 -5.055938e-02 1.785197e-01 3.398594e-02 -1.399713e-03
<VARIANCE> 25
 8.907308e+00 1.638344e+01 2.957677e+01 3.513482e+01 5.259989e+01 3.431883e+01 3.954514e+01 3.897981e+01 3.756548e+01 4.632835e+01 3.619237e+01 2.832797e+01 1.215987e-01 3.199722e-01 3.152360e-01 6.291075e-01 6.108647e-01 6.526226e-01 7.730872e-01 8.438280e-01 9.570332e-01 9.019568e-01 7.272301e-01 7.125056e-01 1.243457e-04
<GCONST> 7.110141e+01
<MIXTURE> 115 2.935202e-03
<MEAN> 25
 -3.825012e+00 -7.935030e-01 -2.980084e+00 3.662169e+00 2.288823e+00 -2.187039e-01 2.272274e+00 4.637437e-01 1.383999e+00 -9.777474e-02 1.783442e-01 2.692582e+00 1.156715e-02 -8.716480e-02 -2.297539e-01 -4.606970e-01 -6.246073e-01 -6.694601e-01 -6.005118e-01 -5.332294e-01 -4.711297e-01 -4.546947e-01 -3.104319e-01 -1.418595e-01 -2.093139e-05
<VARIANCE> 25
 1.029502e+01 9.621624e+00 1.383715e+01 1.265224e+01 1.366263e+01 1.868343e+01 1.702355e+01 2.039096e+01 1.744635e+01 1.713052e+01 1.977661e+01 1.420995e+01 2.113568e-01 3.451084e-01 4.924596e-01 5.682605e-01 6.218529e-01 7.782626e-01 9.795300e-01 1.143258e+00 1.055870e+00 9.778098e-01 1.027282e+00 1.050281e+00 1.006336e-06
<GCONST> 6.023273e+01
<MIXTURE> 116 2.935202e-03
<MEAN> 25
 -3.825012e+00 -7.935030e-01 -2.980084e+00 3.662169e+00 2.288823e+00 -2.187039e-01 2.272274e+00 4.637437e-01 1.383999e+00 -9.777474e-02 1.783442e-01 2.692582e+00 1.156715e-02 -8.716480e-02 -2.297539e-01 -4.606970e-01 -6.246073e-01 -6.694601e-01 -6.005118e-01 -5.332294e-01 -4.711297e-01 -4.546947e-01 -3.104319e-01 -1.418595e-01 -2.093139e-05
<VARIANCE> 25
 1.029502e+01 9.621624e+00 1.383715e+01 1.265224e+01 1.366263e+01 1.868343e+01 1.702355e+01 2.039096e+01 1.744635e+01 1.713052e+01 1.977661e+01 1.420995e+01 2.113568e-01 3.451084e-01 4.924596e-01 5.682605e-01 6.218529e-01 7.782626e-01 9.795300e-01 1.143258e+00 1.055870e+00 9.778098e-01 1.027282e+00 1.050281e+00 1.006336e-06
<GCONST> 6.023273e+01
<MIXTURE> 117 6.506003e-03
<MEAN> 25
 -4.579471e+00 1.082508e+00 1.043688e+00 9.722590e+00 6.195768e+00 6.270380e+00 6.462115e+00 5.030319e+00 6.345019e+00 4.859300e+00 6.368922e+00 2.713143e+00 -8.057564e-02 -2.381022e-01 -3.599573e-01 -4.293799e-01 -3.651378e-01 -3.078066e-01 -2.930397e-01 -3.440367e-01 -3.891390e-01 -3.696633e-01 -2.516856e-01 -1.073148e-01 -1.382778e-05
<VARIANCE> 25
 7.569149e+00 8.821333e+00 9.758800e+00 1.431211e+01 1.597147e+01 1.525409e+01 1.759855e+01 1.783764e+01 1.645752e+01 1.676649e+01 1.658566e+01 1.461917e+01 2.181554e-01 3.065872e-01 4.232163e-01 6.217648e-01 8.474181e-01 1.048379e+00 1.170226e+00 1.238974e+00 1.213776e+00 1.184622e+00 1.170996e+00 1.111376e+00 1.008879e-06
<GCONST> 6.047652e+01
<MIXTURE> 118 6.506003e-03
<MEAN> 25
 -4.579471e+00 1.082508e+00 1.043688e+00 9.722590e+00 6.195768e+00 6.270380e+00 6.462115e+00 5.030319e+00 6.345019e+00 4.859300e+00 6.368922e+00 2.713143e+00 -8.057564e-02 -2.381022e-01 -3.599573e-01 -4.293799e-01 -3.651378e-01 -3.078066e-01 -2.930397e-01 -3.440367e-01 -3.891390e-01 -3.696633e-01 -2.516856e-01 -1.073148e-01 -1.382778e-05
<VARIANCE> 25
 7.569149e+00 8.821333e+00 9.758800e+00 1.431211e+01 1.597147e+01 1.525409e+01 1.759855e+01 1.783764e+01 1.645752e+01 1.676649e+01 1.658566e+01 1.461917e+01 2.181554e-01 3.065872e-01 4.232163e-01 6.217648e-01 8.474181e-01 1.048379e+00 1.170226e+00 1.238974e+00 1.213776e+00 1.184622e+00 1.170996e+00 1.111376e+00 1.008879e-06
<GCONST> 6.047652e+01
<MIXTURE> 119 4.297961e-03
<MEAN> 25
 -4.863854e+00 -7.506636e+00 2.216500e+00 2.026276e+00 2.190727e+00 2.662511e-01 5.237817e+00 5.850613e+00 1.162245e+00 9.077069e-01 6.561790e+00 1.545411e+00 -5.127111e-02 -8.188343e-02 4.232072e-02 -5.646876e-02 -1.177363e-01 -1.702855e-01 -7.254145e-02 -2.474908e-03 -8.592954e-02 -1.293099e-01 -5.951966e-02 -7.216360e-02 1.247035e-03
<VARIANCE> 25
 8.987918e+00 1.044862e+01 1.657772e+01 1.995867e+01 2.277476e+01 2.347402e+01 2.477179e+01 2.650809e+01 2.470840e+01 2.790907e+01 2.038020e+01 2.017916e+01 1.603543e-01 2.858482e-01 4.595438e-01 6.420674e-01 7.994749e-01 1.002154e+00 1.089546e+00 1.277938e+00 1.285935e+00 1.289176e+00 1.191090e+00 1.113194e+00 2.304673e-04
<GCONST> 6.983332e+01
<MIXTURE> 120 4.297961e-03
<MEAN> 25
 -4.863854e+00 -7.506636e+00 2.216500e+00 2.026276e+00 2.190727e+00 2.662511e-01 5.237817e+00 5.850613e+00 1.162245e+00 9.077069e-01 6.561790e+00 1.545411e+00 -5.127111e-02 -8.188343e-02 4.232072e-02 -5.646876e-02 -1.177363e-01 -1.702855e-01 -7.254145e-02 -2.474908e-03 -8.592954e-02 -1.293099e-01 -5.951966e-02 -7.216360e-02 1.247035e-03
<VARIANCE> 25
 8.987918e+00 1.044862e+01 1.657772e+01 1.995867e+01 2.277476e+01 2.347402e+01 2.477179e+01 2.650809e+01 2.470840e+01 2.790907e+01 2.038020e+01 2.017916e+01 1.603543e-01 2.858482e-01 4.595438e-01 6.420674e-01 7.994749e-01 1.002154e+00 1.089546e+00 1.277938e+00 1.285935e+00 1.289176e+00 1.191090e+00 1.113194e+00 2.304673e-04
<GCONST> 6.983332e+01
<MIXTURE> 121 4.567511e-03
<MEAN> 25
 -6.250470e-02 -2.037339e+00 5.450165e+00 -1.207820e+01 -1.189846e+01 -1.907153e+00 1.176760e+00 -5.353473e+00 -3.769590e+00 1.799928e-01 -4.789778e+00 -4.080706e+00 -8.583651e-03 1.533470e-01 -5.173538e-03 9.891579e-02 1.549144e-01 2.342100e-02 -1.556268e-01 -1.633925e-01 -2.213421e-01 -1.903666e-01 -1.381919e-01 -1.937471e-02 -7.225984e-03
<VARIANCE> 25
 7.487952e+00 1.567346e+01 1.619938e+01 2.331451e+01 2.655817e+01 2.795482e+01 2.791984e+01 2.299748e+01 3.344940e+01 3.147972e+01 2.115590e+01 2.012491e+01 1.600773e-01 6.149581e-01 6.807247e-01 7.097210e-01 7.584749e-01 1.222701e+00 1.081390e+00 1.095897e+00 1.277487e+00 1.215167e+00 9.339169e-01 9.172745e-01 1.970758e-04
<GCONST> 7.153594e+01
<MIXTURE> 122 4.567511e-03
<MEAN> 25
 -6.250470e-02 -2.037339e+00 5.450165e+00 -1.207820e+01 -1.189846e+01 -1.907153e+00 1.176760e+00 -5.353473e+00 -3.769590e+00 1.799928e-01 -4.789778e+00 -4.080706e+00 -8.583651e-03 1.533470e-01 -5.173538e-03 9.891579e-02 1.549144e-01 2.342100e-02 -1.556268e-01 -1.633925e-01 -2.213421e-01 -1.903666e-01 -1.381919e-01 -1.937471e-02 -7.225984e-03
<VARIANCE> 25
 7.487952e+00 1.567346e+01 1.619938e+01 2.331451e+01 2.655817e+01 2.795482e+01 2.791984e+01 2.299748e+01 3.344940e+01 3.147972e+01 2.115590e+01 2.012491e+01 1.600773e-01 6.149581e-01 6.807247e-01 7.097210e-01 7.584749e-01 1.222701e+00 1.081390e+00 1.095897e+00 1.277487e+00 1.215167e+00 9.339169e-01 9.172745e-01 1.970758e-04
<GCONST> 7.153594e+01
<MIXTURE> 123 4.393044e-03
<MEAN> 25
 -3.043696e+00 6.404341e-01 1.832351e-01 5.962788e+00 4.797595e+00 4.311038e+00 3.361681e+00 1.164001e+00 2.883702e-02 -9.700744e-01 7.119729e-02 6.012572e-01 -4.687322e-01 -7.531571e-01 -7.522265e-01 -5.588973e-01 -2.432135e-01 1.698300e-01 3.805991e-01 4.673274e-01 7.182071e-01 6.605416e-01 7.545826e-01 5.799751e-01 -3.300569e-03
<VARIANCE> 25
 1.521298e+01 9.222581e+00 1.361486e+01 1.653753e+01 2.046473e+01 2.499205e+01 2.080958e+01 1.822645e+01 1.648201e+01 1.596908e+01 1.906269e+01 1.835830e+01 3.549754e-01 3.216408e-01 4.890196e-01 6.940227e-01 9.451966e-01 1.070362e+00 1.076166e+00 1.267099e+00 1.059928e+00 1.103171e+00 1.264247e+00 1.138340e+00 9.767489e-05
<GCONST> 6.827151e+01
<MIXTURE> 124 4.069876e-03
<MEAN> 25
 -6.244641e+00 -1.251717e+00 -2.865538e+00 5.171390e+00 4.858015e+00 3.499503e+00 5.404081e+00 2.668776e+00 3.150770e+00 1.175115e+00 1.128306e+00 2.896223e+00 -2.004326e-01 -3.336885e-01 -3.659807e-01 -2.294386e-01 1.366245e-01 5.401630e-01 8.142360e-01 8.340001e-01 6.574652e-01 3.422530e-01 1.200140e-01 3.760377e-04 6.927605e-05
<VARIANCE> 25
 1.361377e+01 6.828249e+00 1.094641e+01 1.227970e+01 1.213172e+01 1.987864e+01 1.511521e+01 1.717544e+01 1.536032e+01 1.612649e+01 1.887658e+01 1.491156e+01 1.029794e-01 1.681804e-01 2.717407e-01 4.141935e-01 6.165299e-01 7.060438e-01 7.400810e-01 8.137617e-01 9.017593e-01 9.694093e-01 1.063385e+00 9.957860e-01 1.860330e-05
<GCONST> 5.902850e+01
<MIXTURE> 125 4.069876e-03
<MEAN> 25
 -6.244641e+00 -1.251717e+00 -2.865538e+00 5.171390e+00 4.858015e+00 3.499503e+00 5.404081e+00 2.668776e+00 3.150770e+00 1.175115e+00 1.128306e+00 2.896223e+00 -2.004326e-01 -3.336885e-01 -3.659807e-01 -2.294386e-01 1.366245e-01 5.401630e-01 8.142360e-01 8.340001e-01 6.574652e-01 3.422530e-01 1.200140e-01 3.760377e-04 6.927605e-05
<VARIANCE> 25
 1.361377e+01 6.828249e+00 1.094641e+01 1.227970e+01 1.213172e+01 1.987864e+01 1.511521e+01 1.717544e+01 1.536032e+01 1.612649e+01 1.887658e+01 1.491156e+01 1.029794e-01 1.681804e-01 2.717407e-01 4.141935e-01 6.165299e-01 7.060438e-01 7.400810e-01 8.137617e-01 9.017593e-01 9.694093e-01 1.063385e+00 9.957860e-01 1.860330e-05
<GCONST> 5.902850e+01
<MIXTURE> 126 2.402244e-03
<MEAN> 25
 -3.671582e+00 -6.709213e+00 -5.167171e+00 2.140065e+00 4.231108e+00 -3.193877e+00 2.112666e-01 3.546761e+00 3.270601e+00 -2.880889e+00 -1.509687e+00 3.082209e+00 -1.098694e-02 6.871870e-03 -2.628250e-02 -1.748044e-01 -3.434194e-01 -3.918861e-01 -2.586354e-01 -1.484012e-01 -1.188741e-01 -9.065590e-02 -1.182229e-01 -3.752717e-02 -7.950595e-04
<VARIANCE> 25
 7.829143e+00 1.338317e+01 1.382335e+01 1.562184e+01 2.407350e+01 2.575549e+01 2.315938e+01 2.857515e+01 3.051611e+01 2.618365e+01 2.164926e+01 1.864738e+01 1.690936e-01 3.575763e-01 5.031317e-01 5.600237e-01 7.896816e-01 9.839898e-01 1.117615e+00 1.232653e+00 1.289352e+00 1.283466e+00 1.307718e+00 1.115894e+00 2.220392e-04
<GCONST> 7.004728e+01
<MIXTURE> 127 2.402244e-03
<MEAN> 25
 -3.671582e+00 -6.709213e+00 -5.167171e+00 2.140065e+00 4.231108e+00 -3.193877e+00 2.112666e-01 3.546761e+00 3.270601e+00 -2.880889e+00 -1.509687e+00 3.082209e+00 -1.098694e-02 6.871870e-03 -2.628250e-02 -1.748044e-01 -3.434194e-01 -3.918861e-01 -2.586354e-01 -1.484012e-01 -1.188741e-01 -9.065590e-02 -1.182229e-01 -3.752717e-02 -7.950595e-04
<VARIANCE> 25
 7.829143e+00 1.338317e+01 1.382335e+01 1.562184e+01 2.407350e+01 2.575549e+01 2.315938e+01 2.857515e+01 3.051611e+01 2.618365e+01 2.164926e+01 1.864738e+01 1.690936e-01 3.575763e-01 5.031317e-01 5.600237e-01 7.896816e-01 9.839898e-01 1.117615e+00 1.232653e+00 1.289352e+00 1.283466e+00 1.307718e+00 1.115894e+00 2.220392e-04
<GCONST> 7.004728e+01
<MIXTURE> 128 3.790457e-03
<MEAN> 25
 -3.930018e+00 1.541163e+00 -3.381412e-01 6.572087e+00 3.618436e+00 1.858003e+00 3.576877e+00 2.370605e+00 3.961202e+00 3.698696e+00 3.770485e+00 3.524302e+00 -3.958596e-01 -1.972682e-01 9.850077e-02 7.264441e-01 1.184222e+00 1.135198e+00 7.172760e-01 1.312374e-01 -4.386851e-01 -7.883824e-01 -7.022420e-01 -3.938931e-01 -3.706542e-05
<VARIANCE> 25
 1.021997e+01 1.169650e+01 1.499593e+01 1.932995e+01 2.005354e+01 2.117858e+01 2.430561e+01 2.466419e+01 2.641316e+01 2.387703e+01 2.679738e+01 1.820478e+01 8.922584e-01 1.146173e+00 1.365730e+00 1.502665e+00 1.581018e+00 1.862802e+00 2.248965e+00 2.325168e+00 2.147881e+00 1.858166e+00 1.743918e+00 1.748124e+00 1.002871e-06
<GCONST> 7.364612e+01
<TRANSP> 3
 0.000000e+00 1.000000e+00 0.000000e+00
 0.000000e+00 9.999990e-01 9.999998e-07
 0.000000e+00 0.000000e+00 0.000000e+00
<ENDHMM>
