~o
<STREAMINFO> 1 25
<VECSIZE> 25<NULLD><MFCC_E_D_N><DIAGC>
~h "jmodel"
<BEGINHMM>
<NUMSTATES> 3
<STATE> 2
<NUMMIXES> 128
<MIXTURE> 1 5.748963e-03
<MEAN> 25
 -2.581956e+00 3.179744e+00 2.309773e+00 8.753579e+00 4.366792e+00 3.451116e+00 4.058008e+00 3.932094e+00 5.826518e+00 5.250557e+00 5.878470e+00 3.077434e+00 -2.002883e+00 -1.632190e+00 -8.643945e-01 1.075905e+00 1.559816e+00 2.230771e+00 2.153069e+00 2.083310e+00 1.691611e+00 1.267941e+00 1.567021e+00 6.122387e-01 -4.687898e-02
<VARIANCE> 25
 1.007053e+01 1.175228e+01 1.493968e+01 1.866785e+01 2.321074e+01 2.213809e+01 2.189872e+01 2.199045e+01 2.100644e+01 2.253665e+01 2.096528e+01 1.709137e+01 1.790326e+00 2.116469e+00 3.023786e+00 3.208049e+00 3.737887e+00 3.357686e+00 3.319061e+00 3.380282e+00 3.523839e+00 3.726765e+00 3.510460e+00 2.833023e+00 3.120774e-03
<GCONST> 8.846600e+01
<MIXTURE> 2 4.549242e-03
<MEAN> 25
 -4.875071e+00 1.311358e+00 9.951293e-01 9.898815e+00 6.691647e+00 7.423117e+00 7.846743e+00 6.956682e+00 8.372282e+00 6.373220e+00 7.622876e+00 3.074265e+00 -6.205305e-02 4.175485e-02 1.425502e-01 2.256240e-01 2.652663e-01 2.814043e-01 2.952879e-01 3.195250e-01 3.498601e-01 3.087469e-01 1.974735e-01 8.001137e-02 1.419433e-06
<VARIANCE> 25
 6.953308e+00 8.901407e+00 1.065448e+01 1.591427e+01 1.723527e+01 1.557389e+01 1.689750e+01 1.849313e+01 1.658962e+01 1.738406e+01 1.811975e+01 1.433869e+01 1.252541e-01 2.267052e-01 3.364434e-01 4.673322e-01 6.491585e-01 8.147677e-01 9.298821e-01 1.003052e+00 1.051617e+00 1.077787e+00 1.076068e+00 1.013796e+00 1.000103e-06
<GCONST> 5.804568e+01
<MIXTURE> 3 4.549242e-03
<MEAN> 25
 -4.875071e+00 1.311358e+00 9.951293e-01 9.898815e+00 6.691647e+00 7.423117e+00 7.846743e+00 6.956682e+00 8.372282e+00 6.373220e+00 7.622876e+00 3.074265e+00 -6.205305e-02 4.175485e-02 1.425502e-01 2.256240e-01 2.652663e-01 2.814043e-01 2.952879e-01 3.195250e-01 3.498601e-01 3.087469e-01 1.974735e-01 8.001137e-02 1.419433e-06
<VARIANCE> 25
 6.953308e+00 8.901407e+00 1.065448e+01 1.591427e+01 1.723527e+01 1.557389e+01 1.689750e+01 1.849313e+01 1.658962e+01 1.738406e+01 1.811975e+01 1.433869e+01 1.252541e-01 2.267052e-01 3.364434e-01 4.673322e-01 6.491585e-01 8.147677e-01 9.298821e-01 1.003052e+00 1.051617e+00 1.077787e+00 1.076068e+00 1.013796e+00 1.000103e-06
<GCONST> 5.804568e+01
<MIXTURE> 4 1.671429e-02
<MEAN> 25
 3.438273e+00 2.549479e+00 -3.794415e+00 9.361798e-01 4.317288e+00 -2.168683e-01 7.159334e-02 1.107810e-02 1.507918e+00 1.302113e+00 -1.884767e+00 1.026646e-01 -2.769010e+00 1.216984e+00 1.774790e+00 3.090160e+00 9.209908e-01 5.035424e-01 1.516266e+00 1.043302e+00 9.748302e-01 4.300441e-01 1.238743e+00 8.979414e-01 -1.039593e-01
<VARIANCE> 25
 2.115683e+01 2.950626e+01 2.924154e+01 3.982952e+01 4.573788e+01 6.873757e+01 6.530689e+01 5.382889e+01 5.542070e+01 6.217936e+01 4.974001e+01 3.589987e+01 2.352049e+00 5.050713e+00 3.739175e+00 4.953446e+00 5.016610e+00 6.159575e+00 6.102631e+00 5.572948e+00 5.965135e+00 6.433790e+00 6.119465e+00 4.463379e+00 6.096721e-03
<GCONST> 1.055004e+02
<MIXTURE> 5 3.206198e-03
<MEAN> 25
 -3.412933e+00 2.180064e+00 6.091336e-01 9.421564e+00 6.691518e+00 6.314014e+00 7.108876e+00 4.720317e+00 5.496008e+00 3.849638e+00 4.654313e+00 2.606505e+00 -3.243201e-01 7.529796e-01 1.224446e+00 1.031253e+00 3.076644e-01 -9.964852e-02 -8.328093e-02 3.358950e-02 4.575486e-01 6.824396e-01 4.046393e-01 8.810005e-02 -2.626517e-05
<VARIANCE> 25
 1.026464e+01 1.393398e+01 2.348360e+01 2.565898e+01 2.024171e+01 1.942498e+01 2.011727e+01 2.035427e+01 2.141358e+01 2.127246e+01 2.409731e+01 1.635079e+01 1.209259e+00 1.243358e+00 1.356494e+00 1.674769e+00 2.282928e+00 2.374772e+00 2.300478e+00 2.273844e+00 2.314657e+00 2.239311e+00 2.084846e+00 1.872696e+00 1.002765e-06
<GCONST> 7.516625e+01
<MIXTURE> 6 5.475854e-03
<MEAN> 25
 9.701783e+00 -4.176184e-01 -6.691667e+00 -1.104450e+01 -2.117009e+00 6.734898e+00 -5.899462e+00 -5.296497e+00 -3.656989e+00 1.829439e+00 4.643921e+00 -1.251704e+00 4.850492e-01 8.961970e-01 -3.509887e-01 -1.468735e+00 -6.383020e-01 1.315004e+00 1.536591e+00 2.475310e-01 -1.218677e+00 -1.218112e+00 3.230736e-01 1.228620e+00 -8.163861e-03
<VARIANCE> 25
 8.967498e+00 1.707824e+01 2.395408e+01 3.913284e+01 3.677968e+01 3.064615e+01 4.407562e+01 3.807173e+01 4.075898e+01 3.947307e+01 4.210441e+01 2.841821e+01 3.116164e-01 8.572993e-01 9.455949e-01 1.978015e+00 1.605897e+00 2.015728e+00 1.919456e+00 2.051750e+00 2.398763e+00 1.963970e+00 2.245983e+00 1.438526e+00 5.859450e-04
<GCONST> 8.387675e+01
<MIXTURE> 7 5.475854e-03
<MEAN> 25
 9.701783e+00 -4.176184e-01 -6.691667e+00 -1.104450e+01 -2.117009e+00 6.734898e+00 -5.899462e+00 -5.296497e+00 -3.656989e+00 1.829439e+00 4.643921e+00 -1.251704e+00 4.850492e-01 8.961970e-01 -3.509887e-01 -1.468735e+00 -6.383020e-01 1.315004e+00 1.536591e+00 2.475310e-01 -1.218677e+00 -1.218112e+00 3.230736e-01 1.228620e+00 -8.163861e-03
<VARIANCE> 25
 8.967498e+00 1.707824e+01 2.395408e+01 3.913284e+01 3.677968e+01 3.064615e+01 4.407562e+01 3.807173e+01 4.075898e+01 3.947307e+01 4.210441e+01 2.841821e+01 3.116164e-01 8.572993e-01 9.455949e-01 1.978015e+00 1.605897e+00 2.015728e+00 1.919456e+00 2.051750e+00 2.398763e+00 1.963970e+00 2.245983e+00 1.438526e+00 5.859450e-04
<GCONST> 8.387675e+01
<MIXTURE> 8 1.165917e-02
<MEAN> 25
 -4.711887e+00 1.363736e+00 1.286541e+00 9.546641e+00 6.566549e+00 6.245857e+00 6.462306e+00 5.689903e+00 6.648194e+00 5.621985e+00 6.558101e+00 3.146999e+00 -6.271553e-01 -1.422960e+00 -1.068175e+00 -1.727607e+00 -2.249373e-01 -9.464670e-01 -1.762758e-01 -2.873366e-01 -2.573542e-01 -1.718492e-01 -2.097585e-01 7.871573e-02 9.857325e-02
<VARIANCE> 25
 9.432045e+00 9.821432e+00 1.159396e+01 1.608414e+01 1.664658e+01 1.570789e+01 1.817062e+01 1.747688e+01 1.702625e+01 1.741495e+01 1.888937e+01 1.398083e+01 2.752276e+00 2.808811e+00 3.900624e+00 3.754855e+00 3.461622e+00 3.307044e+00 3.124002e+00 3.073956e+00 2.871471e+00 2.653393e+00 2.432265e+00 1.903526e+00 6.690728e-03
<GCONST> 8.628475e+01
<MIXTURE> 9 1.199672e-02
<MEAN> 25
 9.211445e+00 3.400732e+00 -6.144885e+00 -1.057786e+01 -2.218850e+00 4.953622e+00 -2.221623e+00 -2.287750e+00 -5.342478e+00 -1.270856e+00 5.722502e-01 -4.406821e-03 1.429967e+00 -1.130995e-01 -4.733184e-01 -2.711713e+00 -1.622593e+00 8.302684e-01 -1.001193e+00 -2.433892e-01 -1.563839e-01 -5.856809e-01 6.129309e-01 -1.219902e-01 7.295585e-02
<VARIANCE> 25
 1.284038e+01 2.121988e+01 3.360216e+01 5.384666e+01 4.978178e+01 3.206805e+01 4.283197e+01 5.176780e+01 4.199971e+01 4.120950e+01 3.575251e+01 2.670404e+01 2.078799e+00 2.453161e+00 4.561416e+00 4.838328e+00 5.013553e+00 4.112454e+00 4.288616e+00 5.995358e+00 5.052953e+00 4.046999e+00 3.979879e+00 2.883912e+00 2.205735e-03
<GCONST> 9.879065e+01
<MIXTURE> 10 6.596976e-03
<MEAN> 25
 8.389794e-01 7.611031e+00 5.362937e+00 7.114573e+00 1.538090e+00 -2.132809e+00 -5.635911e-01 -1.733425e+00 9.138783e-01 8.600361e-01 8.162480e-01 6.368371e-01 -1.915201e+00 -6.702235e-01 -4.704849e-01 3.035159e+00 2.448918e+00 2.710231e+00 2.369876e+00 2.267605e+00 1.841977e+00 1.540338e+00 2.308764e+00 5.126212e-01 -1.375706e-01
<VARIANCE> 25
 1.947469e+01 2.058790e+01 2.216825e+01 2.907064e+01 3.830985e+01 3.474722e+01 3.525601e+01 3.386383e+01 2.762239e+01 2.882000e+01 2.681694e+01 2.489829e+01 2.228631e+00 3.400804e+00 5.510277e+00 5.147898e+00 5.533315e+00 4.433883e+00 4.665539e+00 4.818634e+00 4.404661e+00 4.985827e+00 4.500700e+00 3.184859e+00 2.715712e-03
<GCONST> 9.739800e+01
<MIXTURE> 11 1.633820e-02
<MEAN> 25
 7.469711e+00 4.244657e+00 3.224689e+00 5.149085e+00 -3.299131e+00 -1.611308e+00 -2.516182e+00 -5.848800e+00 -3.066015e+00 1.132422e-01 -2.417675e+00 -1.837234e+00 -2.871177e-01 4.798250e-01 1.517736e-01 2.809819e-01 5.928263e-01 1.744128e-02 2.671724e-01 -2.928486e-02 -1.501109e-01 5.050503e-02 -6.715760e-02 2.093951e-01 -1.594843e-02
<VARIANCE> 25
 1.100906e+01 2.206277e+01 1.956090e+01 2.857676e+01 3.587426e+01 3.804691e+01 4.475291e+01 4.487151e+01 4.194834e+01 3.266984e+01 3.255164e+01 2.784177e+01 8.833705e-01 1.210801e+00 1.642059e+00 2.336598e+00 2.006012e+00 2.188486e+00 2.108144e+00 2.682707e+00 2.052919e+00 1.910613e+00 1.918612e+00 1.695782e+00 9.708687e-04
<GCONST> 8.685475e+01
<MIXTURE> 12 5.904134e-03
<MEAN> 25
 1.076522e+01 3.743675e+00 -4.502457e+00 -1.599294e+01 -8.696099e+00 8.642566e+00 -8.969929e-01 -1.921978e+00 -1.722961e+00 -4.886374e+00 1.774549e+00 7.167824e-01 6.774031e-02 2.937804e-01 7.963936e-02 -3.682544e-01 -3.102485e-01 2.958960e-02 3.055243e-01 4.477817e-01 1.410484e-01 -3.846814e-01 -3.855375e-01 5.393929e-02 -6.302577e-03
<VARIANCE> 25
 8.885227e+00 2.100129e+01 2.335640e+01 3.504552e+01 4.206017e+01 3.095852e+01 4.179630e+01 4.898061e+01 4.406280e+01 3.738876e+01 3.799731e+01 2.892632e+01 2.468092e-01 6.883205e-01 6.860265e-01 1.169897e+00 1.186576e+00 1.053929e+00 1.171026e+00 1.386210e+00 1.240559e+00 1.222293e+00 1.221549e+00 9.565613e-01 5.786214e-04
<GCONST> 7.892129e+01
<MIXTURE> 13 5.904134e-03
<MEAN> 25
 1.076522e+01 3.743675e+00 -4.502457e+00 -1.599294e+01 -8.696099e+00 8.642566e+00 -8.969929e-01 -1.921978e+00 -1.722961e+00 -4.886374e+00 1.774549e+00 7.167824e-01 6.774031e-02 2.937804e-01 7.963936e-02 -3.682544e-01 -3.102485e-01 2.958960e-02 3.055243e-01 4.477817e-01 1.410484e-01 -3.846814e-01 -3.855375e-01 5.393929e-02 -6.302577e-03
<VARIANCE> 25
 8.885227e+00 2.100129e+01 2.335640e+01 3.504552e+01 4.206017e+01 3.095852e+01 4.179630e+01 4.898061e+01 4.406280e+01 3.738876e+01 3.799731e+01 2.892632e+01 2.468092e-01 6.883205e-01 6.860265e-01 1.169897e+00 1.186576e+00 1.053929e+00 1.171026e+00 1.386210e+00 1.240559e+00 1.222293e+00 1.221549e+00 9.565613e-01 5.786214e-04
<GCONST> 7.892129e+01
<MIXTURE> 14 6.488954e-03
<MEAN> 25
 -4.274107e+00 -3.527796e-01 -3.141712e-01 8.870537e+00 7.452892e+00 7.342659e+00 7.755306e+00 7.299632e+00 7.198411e+00 5.209515e+00 6.798716e+00 4.069761e+00 -2.712142e-01 1.929173e-01 3.566853e-01 3.075467e-01 1.760419e-02 5.812211e-02 9.772139e-02 1.790193e-01 2.856611e-01 5.308155e-01 5.098124e-01 7.029564e-02 -9.206587e-03
<VARIANCE> 25
 9.456000e+00 1.378435e+01 1.851378e+01 1.788512e+01 2.118463e+01 1.962134e+01 2.178574e+01 2.058994e+01 2.015723e+01 2.389256e+01 2.156414e+01 1.599474e+01 9.596013e-01 1.632492e+00 1.772465e+00 1.929922e+00 2.251525e+00 2.259666e+00 2.255610e+00 2.224890e+00 2.289660e+00 2.518010e+00 2.177481e+00 1.810777e+00 1.024371e-03
<GCONST> 8.193477e+01
<MIXTURE> 15 2.475190e-03
<MEAN> 25
 -5.341524e+00 -6.322864e-01 -2.012197e-01 7.348549e+00 5.674275e+00 5.681746e+00 6.015458e+00 4.954473e+00 5.138311e+00 4.146850e+00 5.460323e+00 2.527413e+00 -1.222189e-01 -2.809869e-02 7.288707e-02 2.415531e-01 4.879507e-01 7.842355e-01 1.073757e+00 1.166925e+00 1.058348e+00 7.450764e-01 4.213735e-01 1.548215e-01 -5.995406e-05
<VARIANCE> 25
 7.523023e+00 5.575327e+00 9.165404e+00 1.277503e+01 1.417018e+01 1.419539e+01 1.498849e+01 1.480916e+01 1.416418e+01 1.407007e+01 1.516482e+01 1.241270e+01 1.242599e-01 2.055823e-01 3.235574e-01 5.060046e-01 6.943697e-01 7.887515e-01 7.626838e-01 8.057604e-01 9.116916e-01 1.034689e+00 1.073592e+00 1.034341e+00 2.830024e-05
<GCONST> 5.869319e+01
<MIXTURE> 16 2.475190e-03
<MEAN> 25
 -5.341524e+00 -6.322864e-01 -2.012197e-01 7.348549e+00 5.674275e+00 5.681746e+00 6.015458e+00 4.954473e+00 5.138311e+00 4.146850e+00 5.460323e+00 2.527413e+00 -1.222189e-01 -2.809869e-02 7.288707e-02 2.415531e-01 4.879507e-01 7.842355e-01 1.073757e+00 1.166925e+00 1.058348e+00 7.450764e-01 4.213735e-01 1.548215e-01 -5.995406e-05
<VARIANCE> 25
 7.523023e+00 5.575327e+00 9.165404e+00 1.277503e+01 1.417018e+01 1.419539e+01 1.498849e+01 1.480916e+01 1.416418e+01 1.407007e+01 1.516482e+01 1.241270e+01 1.242599e-01 2.055823e-01 3.235574e-01 5.060046e-01 6.943697e-01 7.887515e-01 7.626838e-01 8.057604e-01 9.116916e-01 1.034689e+00 1.073592e+00 1.034341e+00 2.830024e-05
<GCONST> 5.869319e+01
<MIXTURE> 17 9.518312e-03
<MEAN> 25
 3.480515e+00 -6.539578e-01 6.127670e+00 1.687743e+00 -5.719137e+00 -6.181055e+00 -3.101827e+00 -5.197381e-01 -2.494620e+00 -3.381975e+00 8.732702e-04 1.945487e-01 -7.637176e-01 -1.087000e+00 1.272426e+00 -2.214823e+00 -2.173156e+00 -2.475978e-01 1.923777e-01 4.709702e-01 -1.163224e-01 -1.886521e-01 9.601060e-01 3.918442e-01 8.123800e-02
<VARIANCE> 25
 1.623875e+01 3.415416e+01 2.945233e+01 4.402235e+01 4.424533e+01 4.827186e+01 4.338496e+01 3.788701e+01 4.018291e+01 2.602280e+01 2.661527e+01 2.773160e+01 1.715951e+00 2.848260e+00 3.751975e+00 2.989088e+00 4.228289e+00 5.271219e+00 5.162360e+00 5.395223e+00 4.159155e+00 3.807190e+00 3.048933e+00 2.832606e+00 2.079497e-03
<GCONST> 9.723793e+01
<MIXTURE> 18 1.221018e-02
<MEAN> 25
 3.941701e+00 4.630116e+00 6.683004e+00 4.599020e+00 -4.611735e+00 -8.254627e+00 -1.879377e+00 -1.376825e+00 -3.034542e+00 -2.343215e+00 -8.884252e-01 5.400761e-01 -7.598803e-01 2.090346e+00 -2.466291e-01 2.116590e+00 3.041583e+00 1.524627e+00 8.323938e-01 -1.802489e-01 5.961964e-01 5.327074e-01 -3.284605e-01 -8.995910e-02 -1.220478e-01
<VARIANCE> 25
 1.560011e+01 2.452079e+01 3.209346e+01 2.658878e+01 3.877946e+01 3.293076e+01 3.822326e+01 3.525909e+01 4.144539e+01 3.382769e+01 3.158361e+01 3.016165e+01 2.483468e+00 3.091286e+00 4.659559e+00 4.160977e+00 4.131003e+00 4.570254e+00 4.543669e+00 4.345095e+00 4.381639e+00 4.184098e+00 4.481416e+00 3.540215e+00 4.075996e-03
<GCONST> 9.820016e+01
<MIXTURE> 19 9.912824e-03
<MEAN> 25
 -1.008011e+01 1.819272e+00 2.822903e-01 1.097006e+00 3.996458e+00 1.586911e+00 3.290254e+00 1.202742e+00 2.032080e+00 1.125617e+00 1.124088e+00 2.006598e+00 2.081244e+00 1.736642e+00 2.148272e+00 7.515949e-01 -1.049426e+00 -1.013920e+00 -1.052414e+00 -1.416202e+00 -1.484128e+00 -1.156331e+00 -8.347575e-01 -8.017400e-01 1.480045e-03
<VARIANCE> 25
 5.379409e+01 2.999497e+01 4.798272e+01 5.325237e+01 3.375259e+01 3.261049e+01 3.274446e+01 3.014469e+01 2.881900e+01 2.719482e+01 3.005572e+01 1.978269e+01 2.403692e+00 2.222054e+00 2.207422e+00 2.338570e+00 2.555488e+00 2.247307e+00 2.445125e+00 2.380295e+00 2.119378e+00 2.048913e+00 2.237521e+00 1.772046e+00 2.392459e-03
<GCONST> 9.176596e+01
<MIXTURE> 20 6.308331e-03
<MEAN> 25
 -1.418124e+01 7.416108e+00 8.452944e-01 6.152315e+00 4.843280e+00 1.637137e+00 5.209297e+00 8.534170e-01 9.223310e-01 7.987591e-01 2.568446e+00 -3.025568e-01 -3.285888e+00 -8.668733e-01 -1.565179e+00 3.325828e-01 1.541017e+00 2.063152e+00 1.979221e+00 2.056198e+00 2.144500e+00 2.040185e+00 1.684719e+00 9.452907e-01 4.731911e-02
<VARIANCE> 25
 1.966488e+01 2.345540e+01 3.096011e+01 3.717539e+01 3.085238e+01 2.788979e+01 2.993220e+01 3.147791e+01 2.796349e+01 2.821329e+01 2.515999e+01 2.091799e+01 2.092136e+00 2.182213e+00 1.909898e+00 2.541304e+00 2.702715e+00 2.313048e+00 2.310077e+00 2.319970e+00 2.235772e+00 2.652341e+00 2.241406e+00 1.865637e+00 1.886599e-03
<GCONST> 8.921914e+01
<MIXTURE> 21 7.928653e-03
<MEAN> 25
 4.005377e+00 -4.525986e+00 5.770594e+00 -1.560101e+00 -1.057292e+01 -8.725001e+00 -2.610729e+00 4.171149e+00 -2.089490e+00 -3.420475e+00 2.503588e-01 3.462375e-01 -7.167161e-01 1.340532e+00 2.586430e+00 -4.535201e-02 -1.551980e+00 3.341659e-01 5.882122e-01 -1.494252e+00 -1.950747e+00 3.134305e-01 1.322423e+00 2.475148e-01 -1.279123e-02
<VARIANCE> 25
 8.884931e+00 1.870731e+01 2.965870e+01 2.846915e+01 2.876031e+01 3.312405e+01 4.286444e+01 3.940955e+01 4.300166e+01 3.159479e+01 3.376816e+01 2.319918e+01 3.786003e-01 9.536991e-01 1.856068e+00 1.292235e+00 2.213106e+00 2.195033e+00 3.637927e+00 2.510310e+00 2.177776e+00 2.589859e+00 2.026521e+00 2.288378e+00 4.310202e-04
<GCONST> 8.513123e+01
<MIXTURE> 22 8.827789e-03
<MEAN> 25
 -1.792091e+01 7.154785e+00 -4.131347e+00 7.392482e+00 4.602546e+00 2.761039e+00 8.399819e+00 1.748462e+00 5.379299e+00 3.301012e+00 5.716434e+00 1.185148e+00 -3.095726e-01 -2.075880e-01 -1.255633e-01 -1.492641e-01 -7.208806e-03 1.369678e-01 1.807591e-01 1.779423e-01 2.484757e-01 2.073076e-01 1.726615e-01 1.924446e-01 8.857626e-03
<VARIANCE> 25
 8.116920e+00 1.682541e+01 1.738343e+01 2.517213e+01 2.289636e+01 2.083704e+01 1.943101e+01 1.871084e+01 1.813996e+01 2.086667e+01 1.924184e+01 1.378720e+01 1.090756e+00 1.357369e+00 1.363971e+00 1.572030e+00 1.408815e+00 1.526971e+00 1.508942e+00 1.532825e+00 1.614233e+00 1.544764e+00 1.357418e+00 1.168007e+00 1.745583e-03
<GCONST> 7.830949e+01
<MIXTURE> 23 6.455497e-03
<MEAN> 25
 7.661285e+00 2.370938e+00 2.697393e+00 2.575791e+00 -4.600807e+00 -2.851786e+00 -4.222167e+00 -6.127213e+00 -3.239351e+00 -8.698379e-01 -3.946064e+00 -2.042019e+00 3.274685e-02 1.928040e-01 3.608989e-02 5.849358e-02 -5.256867e-03 5.307029e-02 1.069023e-02 -4.936388e-02 -2.949991e-03 6.771413e-02 -4.043139e-03 4.708584e-02 -3.966853e-03
<VARIANCE> 25
 1.109167e+01 2.114553e+01 2.510950e+01 3.945752e+01 3.724705e+01 5.227029e+01 5.598872e+01 5.457480e+01 4.628812e+01 4.549579e+01 4.650526e+01 3.858361e+01 1.171657e-01 2.956164e-01 3.816227e-01 4.839332e-01 6.357001e-01 7.602645e-01 7.640710e-01 8.593832e-01 8.764418e-01 8.771297e-01 8.116897e-01 7.796217e-01 8.727114e-05
<GCONST> 7.277985e+01
<MIXTURE> 24 6.455497e-03
<MEAN> 25
 7.661285e+00 2.370938e+00 2.697393e+00 2.575791e+00 -4.600807e+00 -2.851786e+00 -4.222167e+00 -6.127213e+00 -3.239351e+00 -8.698379e-01 -3.946064e+00 -2.042019e+00 3.274685e-02 1.928040e-01 3.608989e-02 5.849358e-02 -5.256867e-03 5.307029e-02 1.069023e-02 -4.936388e-02 -2.949991e-03 6.771413e-02 -4.043139e-03 4.708584e-02 -3.966853e-03
<VARIANCE> 25
 1.109167e+01 2.114553e+01 2.510950e+01 3.945752e+01 3.724705e+01 5.227029e+01 5.598872e+01 5.457480e+01 4.628812e+01 4.549579e+01 4.650526e+01 3.858361e+01 1.171657e-01 2.956164e-01 3.816227e-01 4.839332e-01 6.357001e-01 7.602645e-01 7.640710e-01 8.593832e-01 8.764418e-01 8.771297e-01 8.116897e-01 7.796217e-01 8.727114e-05
<GCONST> 7.277985e+01
<MIXTURE> 25 1.118642e-02
<MEAN> 25
 3.409681e-01 3.261147e+00 1.654792e+01 -1.388192e+00 -1.144743e+01 -1.920106e+00 -4.984041e+00 -3.045588e+00 -6.827636e+00 -5.299197e+00 4.113643e+00 -1.549030e+00 -1.322033e-01 4.850447e-01 1.681454e-01 1.224223e-01 2.460661e-01 5.943193e-02 2.092143e-01 -1.616959e-01 -1.907356e-01 5.845758e-02 -4.210248e-02 -1.227163e-01 -1.222173e-02
<VARIANCE> 25
 8.666316e+00 2.312677e+01 2.192735e+01 3.186317e+01 3.113378e+01 4.094325e+01 2.683352e+01 2.971169e+01 2.801072e+01 3.622263e+01 2.039312e+01 2.773163e+01 5.869991e-01 1.494885e+00 1.387954e+00 1.389537e+00 2.269521e+00 2.081908e+00 1.747635e+00 1.695281e+00 1.590713e+00 1.625278e+00 1.348238e+00 1.310861e+00 1.278513e-03
<GCONST> 8.291063e+01
<MIXTURE> 26 7.727677e-03
<MEAN> 25
 2.149977e+00 -6.405623e+00 -1.032685e+01 -7.348632e-01 7.944619e+00 5.393368e+00 4.035542e+00 -2.500018e-01 2.216590e+00 -9.878392e-01 -2.876037e+00 -1.010599e+00 -6.552722e-01 6.306025e-01 3.639067e-01 6.900339e-01 1.673850e-01 2.499552e-01 2.914946e-01 3.292076e-01 2.873086e-01 7.572876e-02 3.862324e-01 4.231206e-01 -5.209509e-02
<VARIANCE> 25
 2.495159e+01 3.399117e+01 2.591090e+01 6.256451e+01 3.922550e+01 4.312356e+01 4.652705e+01 4.431867e+01 3.943489e+01 5.461780e+01 3.979474e+01 4.635086e+01 1.651024e+00 1.947635e+00 1.917196e+00 1.993827e+00 2.324677e+00 2.373320e+00 2.524673e+00 2.755299e+00 2.335564e+00 2.360376e+00 2.147840e+00 1.998991e+00 3.332111e-03
<GCONST> 9.395712e+01
<MIXTURE> 27 7.727677e-03
<MEAN> 25
 2.149977e+00 -6.405623e+00 -1.032685e+01 -7.348632e-01 7.944619e+00 5.393368e+00 4.035542e+00 -2.500018e-01 2.216590e+00 -9.878392e-01 -2.876037e+00 -1.010599e+00 -6.552722e-01 6.306025e-01 3.639067e-01 6.900339e-01 1.673850e-01 2.499552e-01 2.914946e-01 3.292076e-01 2.873086e-01 7.572876e-02 3.862324e-01 4.231206e-01 -5.209509e-02
<VARIANCE> 25
 2.495159e+01 3.399117e+01 2.591090e+01 6.256451e+01 3.922550e+01 4.312356e+01 4.652705e+01 4.431867e+01 3.943489e+01 5.461780e+01 3.979474e+01 4.635086e+01 1.651024e+00 1.947635e+00 1.917196e+00 1.993827e+00 2.324677e+00 2.373320e+00 2.524673e+00 2.755299e+00 2.335564e+00 2.360376e+00 2.147840e+00 1.998991e+00 3.332111e-03
<GCONST> 9.395712e+01
<MIXTURE> 28 5.036674e-03
<MEAN> 25
 -4.758199e+00 8.645419e-02 -1.681187e+00 6.508861e+00 5.022681e+00 3.774720e+00 5.047307e+00 2.810434e+00 3.605970e+00 2.319272e+00 2.378379e+00 2.910544e+00 -1.033423e-01 2.325407e-01 5.108553e-01 8.195702e-01 8.527145e-01 7.493851e-01 5.923668e-01 4.474410e-01 4.718487e-01 5.537925e-01 4.066048e-01 1.130269e-01 -1.918142e-05
<VARIANCE> 25
 1.510635e+01 7.878298e+00 1.159680e+01 1.398643e+01 1.453179e+01 1.748005e+01 1.842447e+01 1.889903e+01 1.800183e+01 1.589036e+01 1.999036e+01 1.511624e+01 2.411687e-01 3.187256e-01 3.836961e-01 4.624636e-01 5.961323e-01 8.380059e-01 1.062798e+00 1.132321e+00 1.046693e+00 1.040156e+00 9.772445e-01 1.059453e+00 1.000661e-06
<GCONST> 6.007363e+01
<MIXTURE> 29 5.036674e-03
<MEAN> 25
 -4.758199e+00 8.645419e-02 -1.681187e+00 6.508861e+00 5.022681e+00 3.774720e+00 5.047307e+00 2.810434e+00 3.605970e+00 2.319272e+00 2.378379e+00 2.910544e+00 -1.033423e-01 2.325407e-01 5.108553e-01 8.195702e-01 8.527145e-01 7.493851e-01 5.923668e-01 4.474410e-01 4.718487e-01 5.537925e-01 4.066048e-01 1.130269e-01 -1.918142e-05
<VARIANCE> 25
 1.510635e+01 7.878298e+00 1.159680e+01 1.398643e+01 1.453179e+01 1.748005e+01 1.842447e+01 1.889903e+01 1.800183e+01 1.589036e+01 1.999036e+01 1.511624e+01 2.411687e-01 3.187256e-01 3.836961e-01 4.624636e-01 5.961323e-01 8.380059e-01 1.062798e+00 1.132321e+00 1.046693e+00 1.040156e+00 9.772445e-01 1.059453e+00 1.000661e-06
<GCONST> 6.007363e+01
<MIXTURE> 30 8.917812e-03
<MEAN> 25
 -4.308186e+00 -1.090229e-01 6.032929e-01 8.917571e+00 7.532158e+00 7.397214e+00 7.402736e+00 6.613774e+00 6.542629e+00 4.823796e+00 6.780178e+00 3.425175e+00 -2.784061e-02 4.256283e-02 3.922454e-02 8.166406e-02 7.976729e-02 5.342252e-02 4.834620e-02 -2.775518e-02 5.991115e-02 2.560677e-02 5.862350e-02 3.325657e-02 -6.645808e-05
<VARIANCE> 25
 7.410399e+00 9.584995e+00 1.163098e+01 1.408143e+01 1.609515e+01 1.606598e+01 1.909854e+01 1.865600e+01 1.617127e+01 1.784748e+01 2.195992e+01 1.420397e+01 9.685877e-02 2.052566e-01 3.334723e-01 4.680915e-01 5.924385e-01 7.237785e-01 7.998747e-01 8.005435e-01 9.063058e-01 9.252524e-01 9.326620e-01 8.467249e-01 5.392737e-05
<GCONST> 6.083950e+01
<MIXTURE> 31 4.136493e-03
<MEAN> 25
 -3.365920e+00 -5.418251e+00 2.453957e-01 4.569300e+00 3.429096e+00 1.621514e+00 5.416763e+00 6.356349e+00 2.743339e+00 1.341738e+00 6.244039e+00 2.954967e+00 2.416903e-01 4.842253e-01 -2.475496e-01 3.510175e-01 5.054714e-02 5.162863e-01 1.792367e-01 7.650377e-02 4.347584e-01 4.218072e-01 9.340653e-02 1.770325e-01 -1.824216e-02
<VARIANCE> 25
 7.301501e+00 1.566371e+01 1.736756e+01 1.959043e+01 2.497203e+01 2.322248e+01 2.478777e+01 2.519390e+01 2.449789e+01 2.685748e+01 2.050969e+01 1.866395e+01 1.862828e-01 4.777984e-01 6.133088e-01 7.785031e-01 1.009253e+00 1.209036e+00 1.192636e+00 1.419756e+00 1.334227e+00 1.338082e+00 1.200002e+00 1.194048e+00 2.491059e-04
<GCONST> 7.196145e+01
<MIXTURE> 32 4.136493e-03
<MEAN> 25
 -3.365920e+00 -5.418251e+00 2.453957e-01 4.569300e+00 3.429096e+00 1.621514e+00 5.416763e+00 6.356349e+00 2.743339e+00 1.341738e+00 6.244039e+00 2.954967e+00 2.416903e-01 4.842253e-01 -2.475496e-01 3.510175e-01 5.054714e-02 5.162863e-01 1.792367e-01 7.650377e-02 4.347584e-01 4.218072e-01 9.340653e-02 1.770325e-01 -1.824216e-02
<VARIANCE> 25
 7.301501e+00 1.566371e+01 1.736756e+01 1.959043e+01 2.497203e+01 2.322248e+01 2.478777e+01 2.519390e+01 2.449789e+01 2.685748e+01 2.050969e+01 1.866395e+01 1.862828e-01 4.777984e-01 6.133088e-01 7.785031e-01 1.009253e+00 1.209036e+00 1.192636e+00 1.419756e+00 1.334227e+00 1.338082e+00 1.200002e+00 1.194048e+00 2.491059e-04
<GCONST> 7.196145e+01
<MIXTURE> 33 1.508826e-02
<MEAN> 25
 5.868373e+00 -3.459432e+00 -2.325994e+00 -2.314612e+00 -6.501640e-01 -5.632400e+00 -7.890296e+00 2.263684e+00 1.079334e+00 -1.219439e+00 -4.041795e+00 -3.613391e+00 6.416810e-01 -1.064038e+00 -2.348444e+00 -1.763649e+00 1.412491e+00 1.101074e+00 -6.781186e-01 3.759565e-01 8.101168e-01 2.759816e-01 -4.440061e-01 -1.196966e+00 4.094519e-02
<VARIANCE> 25
 1.204489e+01 2.073557e+01 2.578329e+01 3.269241e+01 4.626174e+01 3.896254e+01 4.458492e+01 4.367088e+01 4.505630e+01 4.396432e+01 3.415556e+01 2.832022e+01 1.110754e+00 1.788441e+00 2.041445e+00 2.014865e+00 3.761940e+00 3.611108e+00 4.194564e+00 5.508184e+00 3.757433e+00 4.453706e+00 3.205785e+00 2.485199e+00 1.403008e-03
<GCONST> 9.391429e+01
<MIXTURE> 34 1.588179e-02
<MEAN> 25
 8.866030e+00 8.745293e-02 1.706972e-01 1.200561e+00 -2.939993e+00 -1.582119e+00 -6.132656e+00 -4.662838e+00 -1.773543e+00 1.211800e-01 -2.617377e+00 -3.654383e+00 -2.110755e-02 1.327524e+00 1.449776e+00 2.410603e+00 -4.522425e-02 -1.218173e-01 7.921972e-01 -1.619775e+00 -8.906687e-01 2.673903e-01 -5.675677e-01 2.413191e-01 -6.236674e-02
<VARIANCE> 25
 7.870902e+00 3.086113e+01 2.928460e+01 4.951708e+01 4.196906e+01 4.918018e+01 5.452047e+01 5.682527e+01 5.323389e+01 4.318280e+01 4.792764e+01 3.134643e+01 1.254153e+00 1.990251e+00 4.308733e+00 4.057454e+00 5.599904e+00 5.843789e+00 5.468686e+00 6.141699e+00 5.151374e+00 4.926351e+00 4.976797e+00 3.862476e+00 1.140817e-03
<GCONST> 9.963703e+01
<MIXTURE> 35 1.467755e-02
<MEAN> 25
 -1.996869e+00 -5.004900e+00 -9.403375e+00 2.299607e-01 9.706447e+00 5.264138e-01 1.083021e+00 3.022155e+00 1.003784e+00 4.104086e+00 3.662505e-01 1.363301e+00 4.667486e-01 -1.054425e+00 -1.389291e+00 -1.404921e+00 4.211066e-01 -8.224949e-01 -8.274018e-01 -2.016450e-01 -2.909733e-01 6.653992e-02 -6.442915e-01 -5.750452e-01 1.037419e-01
<VARIANCE> 25
 1.883629e+01 2.868624e+01 4.578462e+01 5.887075e+01 3.986298e+01 5.521064e+01 5.326457e+01 4.553968e+01 5.075256e+01 3.989601e+01 3.617791e+01 3.323502e+01 3.368444e+00 3.426795e+00 6.403027e+00 5.247909e+00 4.933952e+00 5.260505e+00 5.101091e+00 4.571792e+00 5.062782e+00 4.416911e+00 3.909733e+00 3.695141e+00 5.210063e-03
<GCONST> 1.032213e+02
<MIXTURE> 36 1.093293e-02
<MEAN> 25
 4.995542e+00 -3.464979e+00 6.951172e+00 2.620322e+00 -1.003347e+01 -8.802433e+00 -6.228062e+00 3.103778e+00 -1.823563e+00 -4.514485e+00 2.830493e+00 -1.525989e-01 3.663375e-01 1.489734e-01 -8.967063e-01 2.461939e-03 8.776341e-01 1.746740e-02 -4.624805e-01 2.436706e-02 4.207200e-01 5.687715e-01 -4.206388e-01 -3.484284e-01 -1.566039e-02
<VARIANCE> 25
 9.768610e+00 1.678731e+01 2.281087e+01 2.951310e+01 3.271042e+01 3.268888e+01 4.564949e+01 3.492571e+01 3.910215e+01 3.271371e+01 2.728543e+01 2.624885e+01 4.777875e-01 7.747527e-01 1.513186e+00 1.258755e+00 1.614393e+00 1.652907e+00 2.163986e+00 1.730928e+00 1.994751e+00 1.700489e+00 1.407771e+00 1.475426e+00 7.189448e-04
<GCONST> 8.230299e+01
<MIXTURE> 37 1.246826e-02
<MEAN> 25
 7.661858e-01 7.262586e+00 1.118211e+01 -5.838261e+00 -7.784145e+00 -1.960084e+00 -4.947860e+00 -8.527232e+00 -2.077295e+00 -8.545164e-01 -2.682376e+00 -9.387155e-01 1.560518e-01 7.000286e-01 -1.311529e+00 3.814456e+00 1.911090e+00 9.014451e-02 9.361506e-01 3.503510e-01 6.895224e-01 -1.947528e-01 1.248113e-01 -6.304110e-02 -9.062533e-02
<VARIANCE> 25
 1.395451e+01 2.302280e+01 2.929365e+01 4.680761e+01 2.920887e+01 3.092051e+01 3.755575e+01 3.002866e+01 4.564842e+01 3.106566e+01 3.676626e+01 2.695376e+01 2.585627e+00 2.956598e+00 2.554957e+00 3.872815e+00 3.982559e+00 3.901741e+00 3.863649e+00 3.308610e+00 3.209096e+00 3.117325e+00 4.015329e+00 2.472137e+00 3.391931e-03
<GCONST> 9.546160e+01
<MIXTURE> 38 1.154525e-02
<MEAN> 25
 -4.475165e+00 8.974240e+00 4.601957e+00 3.227746e+00 8.446019e-01 -5.218563e+00 -6.094517e-01 -2.750409e+00 -2.849951e+00 -3.102688e+00 -1.490962e+00 -5.400256e-01 -4.516742e+00 1.251793e+00 -3.112749e-01 1.452798e+00 2.562156e+00 1.391256e+00 2.050749e+00 9.518923e-01 7.861366e-01 6.369578e-01 1.004904e+00 3.260123e-01 4.857774e-02
<VARIANCE> 25
 3.139130e+01 2.956000e+01 3.899778e+01 3.307016e+01 4.885096e+01 3.559069e+01 3.638042e+01 4.169785e+01 3.494577e+01 3.249406e+01 2.428413e+01 2.874067e+01 2.358587e+00 3.939684e+00 3.908801e+00 5.172055e+00 4.248177e+00 5.024585e+00 4.781572e+00 4.650076e+00 4.446578e+00 4.937365e+00 4.388221e+00 3.263119e+00 2.050829e-03
<GCONST> 9.926955e+01
<MIXTURE> 39 9.501865e-03
<MEAN> 25
 9.506168e-01 1.537074e+00 8.648976e+00 -9.875929e+00 -1.029820e+01 -1.936965e+00 -1.908463e+00 -6.706481e+00 -3.826743e+00 -9.434892e-02 -2.694666e+00 -2.156541e+00 -6.830886e-01 1.584669e+00 1.234607e+00 -1.257644e+00 1.377170e-01 1.006644e+00 -9.596071e-01 -1.412763e+00 8.077961e-01 3.752473e-01 -2.878914e-01 9.270914e-02 4.689464e-03
<VARIANCE> 25
 7.953031e+00 3.365714e+01 3.450976e+01 3.650222e+01 3.753714e+01 4.093942e+01 5.092119e+01 3.010221e+01 3.661926e+01 3.033340e+01 3.455865e+01 2.622250e+01 6.753252e-01 1.381915e+00 1.769200e+00 3.120176e+00 2.500776e+00 3.385929e+00 3.637489e+00 2.612074e+00 2.288508e+00 2.258224e+00 1.865750e+00 2.488419e+00 1.266265e-03
<GCONST> 8.970280e+01
<MIXTURE> 40 1.030800e-02
<MEAN> 25
 -6.051093e+00 2.341711e+00 -1.513938e+00 7.575099e+00 2.586716e+00 5.431629e+00 4.024620e+00 3.572707e+00 4.554683e+00 3.637734e+00 4.490461e+00 1.399065e+00 1.417708e-01 -2.124146e-01 -1.710254e-01 -3.414263e-01 3.304570e-02 -2.216126e-01 -5.566525e-02 8.679858e-02 -1.292017e-04 -1.789247e-02 1.602206e-01 -5.616093e-04 -6.041197e-04
<VARIANCE> 25
 4.370213e+01 1.621290e+01 2.145903e+01 2.271486e+01 2.217585e+01 1.532038e+01 1.777781e+01 1.548862e+01 1.370914e+01 1.758853e+01 1.582926e+01 1.219826e+01 8.430357e-01 5.860801e-01 8.419279e-01 1.095168e+00 1.180212e+00 1.115592e+00 1.241213e+00 9.746901e-01 1.107703e+00 1.304731e+00 9.574615e-01 9.992386e-01 7.134787e-04
<GCONST> 7.365203e+01
<MIXTURE> 41 6.713375e-03
<MEAN> 25
 1.203894e+00 1.900847e+00 1.021589e+01 -7.005245e+00 -1.022462e+01 -3.825047e+00 -2.649945e+00 -5.287229e+00 -4.167608e+00 2.396158e+00 -1.631421e+00 -6.824566e-01 4.549590e-02 -6.748232e-01 1.673815e+00 -3.532792e+00 -2.312495e+00 -2.046590e-01 -4.866525e-01 -4.835384e-01 -6.754531e-01 9.926305e-01 -9.323573e-01 1.302921e-01 8.579916e-02
<VARIANCE> 25
 1.144147e+01 3.117223e+01 3.238591e+01 3.919090e+01 3.946898e+01 3.950393e+01 3.789432e+01 3.116304e+01 3.960702e+01 2.902055e+01 3.067827e+01 2.790454e+01 3.067162e+00 3.374238e+00 3.663785e+00 3.742461e+00 5.022775e+00 5.810250e+00 4.738698e+00 4.778125e+00 4.213666e+00 4.180597e+00 3.871477e+00 3.215640e+00 2.911428e-03
<GCONST> 9.819509e+01
<MIXTURE> 42 1.106211e-02
<MEAN> 25
 -1.918270e+00 4.564282e+00 4.647890e+00 2.862261e+00 1.857199e-01 -6.257648e+00 -1.014794e+00 -1.863450e+00 -1.507830e+00 -1.237347e+00 -2.274801e+00 1.264597e+00 4.167264e+00 -3.433466e-01 1.526305e+00 1.863382e-01 -2.948527e+00 -1.152322e+00 -2.261066e+00 -8.213302e-01 -7.762296e-01 -7.382097e-01 5.305166e-01 -1.044463e+00 9.694969e-03
<VARIANCE> 25
 3.615538e+01 2.110892e+01 4.663422e+01 2.622579e+01 3.924156e+01 3.932492e+01 3.725399e+01 2.729905e+01 2.860608e+01 2.748787e+01 2.005576e+01 1.786672e+01 3.609141e+00 4.883844e+00 6.126759e+00 4.817896e+00 4.677360e+00 5.997225e+00 5.075304e+00 5.278844e+00 4.990942e+00 4.844019e+00 4.221178e+00 3.455011e+00 4.458076e-03
<GCONST> 9.983736e+01
<MIXTURE> 43 7.108249e-03
<MEAN> 25
 2.764238e+00 -5.992150e+00 -2.611884e+00 -5.754367e+00 -5.571094e+00 -4.796445e+00 4.314434e+00 1.853392e+00 -6.054089e+00 -7.633440e+00 -3.367925e+00 -1.340185e+00 3.154568e-01 1.951670e+00 1.868100e+00 7.601991e-02 -1.607838e+00 -4.210712e-01 -7.717983e-01 -6.609242e-01 6.054472e-01 1.448809e+00 3.332240e-01 2.113001e-01 -4.547362e-02
<VARIANCE> 25
 1.019256e+01 1.772572e+01 2.575140e+01 3.327405e+01 4.965395e+01 4.196403e+01 3.049154e+01 4.326278e+01 3.928296e+01 3.489127e+01 2.720057e+01 2.559199e+01 7.643688e-01 1.325610e+00 1.543115e+00 2.344475e+00 2.151410e+00 2.790407e+00 2.631246e+00 3.000389e+00 2.652864e+00 2.182663e+00 2.260265e+00 1.919566e+00 9.900731e-04
<GCONST> 8.795562e+01
<MIXTURE> 44 7.328289e-03
<MEAN> 25
 -1.487924e+01 1.546846e+00 3.425797e+00 -3.064563e+00 3.248839e+00 2.116878e+00 -2.935347e-01 2.588394e+00 1.548125e+00 -8.523535e-01 1.780943e+00 1.938602e+00 -1.223705e-01 -8.640673e-03 1.658548e-01 3.379008e-01 -1.168942e-01 2.200586e-01 4.345243e-01 7.688420e-02 2.661324e-01 9.056745e-02 5.925055e-02 9.838810e-02 3.990442e-03
<VARIANCE> 25
 4.670467e+01 2.702917e+01 3.464359e+01 3.079760e+01 2.904423e+01 2.925863e+01 2.779249e+01 3.285194e+01 2.699814e+01 2.722320e+01 2.640353e+01 1.892358e+01 1.248417e+00 1.516840e+00 1.387801e+00 1.389663e+00 2.109899e+00 1.657983e+00 1.534123e+00 1.653570e+00 1.545903e+00 1.612656e+00 1.333952e+00 1.200344e+00 1.257997e-03
<GCONST> 8.462019e+01
<MIXTURE> 45 1.364932e-02
<MEAN> 25
 -1.238397e+01 3.411537e+00 -1.263054e+00 2.845461e+00 5.720007e+00 1.067380e-01 4.743715e+00 2.876286e+00 3.294242e+00 2.206787e+00 2.362534e+00 2.573719e+00 -2.933789e+00 5.956514e-01 -4.825095e-01 -5.340628e-01 1.985112e-01 -1.578710e-02 4.554081e-01 7.319552e-02 -7.288536e-02 -7.568746e-02 2.513847e-01 9.523202e-02 1.186410e-01
<VARIANCE> 25
 3.424626e+01 3.020676e+01 3.076064e+01 3.493747e+01 3.135431e+01 2.902074e+01 2.967684e+01 2.667733e+01 2.472847e+01 2.337304e+01 2.792200e+01 1.562841e+01 2.425314e+00 3.052279e+00 2.843761e+00 2.677292e+00 2.498737e+00 2.625419e+00 2.315155e+00 2.279987e+00 2.146897e+00 2.134207e+00 1.965986e+00 1.637197e+00 4.111714e-03
<GCONST> 9.056760e+01
<MIXTURE> 46 9.336259e-03
<MEAN> 25
 -9.439743e+00 2.308136e+00 1.204885e+00 7.548576e+00 5.899189e+00 3.348140e+00 7.048633e+00 4.479934e+00 5.688751e+00 4.695119e+00 5.003882e+00 2.916645e+00 1.056455e+00 -2.332963e-01 3.311168e-02 1.005683e+00 5.971234e-01 9.500569e-01 3.788789e-01 6.745749e-01 4.719078e-01 5.094504e-01 6.381714e-01 5.214134e-01 -1.052587e-01
<VARIANCE> 25
 3.419254e+01 4.363903e+01 3.837490e+01 4.983882e+01 5.100470e+01 4.070975e+01 3.703855e+01 3.536066e+01 3.307453e+01 3.085755e+01 2.837792e+01 2.019961e+01 3.897485e+00 4.137039e+00 3.876021e+00 4.125312e+00 4.167654e+00 3.697217e+00 3.383814e+00 3.101729e+00 2.970946e+00 2.864793e+00 2.300972e+00 1.779373e+00 7.949270e-03
<GCONST> 9.826090e+01
<MIXTURE> 47 7.116147e-03
<MEAN> 25
 6.976263e+00 -7.081930e+00 -7.847924e+00 -6.244859e+00 2.427083e+00 3.184452e-01 -2.953808e+00 1.324875e+00 2.228470e+00 -5.985863e-01 -4.097456e+00 -6.752244e+00 -1.813939e-01 -1.245724e+00 -7.079666e-01 -4.804741e-01 6.061214e-01 7.216169e-01 8.225788e-01 2.639779e-01 9.560888e-02 -8.835553e-01 -4.830424e-01 -4.542862e-01 3.131692e-02
<VARIANCE> 25
 1.148489e+01 2.072457e+01 1.964884e+01 3.181164e+01 4.416798e+01 5.216759e+01 4.620035e+01 3.848934e+01 4.761443e+01 5.109127e+01 4.570578e+01 3.153110e+01 5.153015e-01 7.506266e-01 1.101284e+00 1.596960e+00 1.980556e+00 2.182302e+00 2.285111e+00 2.360249e+00 2.081099e+00 2.059085e+00 2.056464e+00 1.932309e+00 5.508579e-04
<GCONST> 8.624739e+01
<MIXTURE> 48 7.116147e-03
<MEAN> 25
 6.976263e+00 -7.081930e+00 -7.847924e+00 -6.244859e+00 2.427083e+00 3.184452e-01 -2.953808e+00 1.324875e+00 2.228470e+00 -5.985863e-01 -4.097456e+00 -6.752244e+00 -1.813939e-01 -1.245724e+00 -7.079666e-01 -4.804741e-01 6.061214e-01 7.216169e-01 8.225788e-01 2.639779e-01 9.560888e-02 -8.835553e-01 -4.830424e-01 -4.542862e-01 3.131692e-02
<VARIANCE> 25
 1.148489e+01 2.072457e+01 1.964884e+01 3.181164e+01 4.416798e+01 5.216759e+01 4.620035e+01 3.848934e+01 4.761443e+01 5.109127e+01 4.570578e+01 3.153110e+01 5.153015e-01 7.506266e-01 1.101284e+00 1.596960e+00 1.980556e+00 2.182302e+00 2.285111e+00 2.360249e+00 2.081099e+00 2.059085e+00 2.056464e+00 1.932309e+00 5.508579e-04
<GCONST> 8.624739e+01
<MIXTURE> 49 5.548473e-03
<MEAN> 25
 -4.567420e+00 3.848196e-01 8.548554e-05 7.988710e+00 5.725038e+00 5.594602e+00 5.765774e+00 4.505974e+00 4.810165e+00 3.511666e+00 4.617753e+00 2.703054e+00 3.638414e-01 6.600080e-01 7.142583e-01 3.753216e-01 -1.621793e-01 -6.708319e-01 -9.905826e-01 -1.096605e+00 -9.991168e-01 -7.440079e-01 -4.486901e-01 -2.648464e-01 -9.055287e-06
<VARIANCE> 25
 1.237981e+01 9.382495e+00 1.408526e+01 1.887926e+01 1.720751e+01 1.605405e+01 2.023916e+01 1.894837e+01 1.850148e+01 1.764568e+01 2.031723e+01 1.388909e+01 2.654777e-01 2.658740e-01 3.497814e-01 6.049781e-01 8.291553e-01 9.286664e-01 9.927353e-01 1.017339e+00 1.124209e+00 1.304448e+00 1.233679e+00 1.150902e+00 1.492172e-05
<GCONST> 6.445189e+01
<MIXTURE> 50 6.234641e-03
<MEAN> 25
 -3.891057e+00 1.935681e-01 -1.154001e+00 6.063047e+00 3.948832e+00 2.238950e+00 3.451225e+00 1.927261e+00 2.612770e+00 1.811480e+00 1.981188e+00 2.587090e+00 6.815810e-03 1.982381e-01 9.008031e-02 -2.150253e-01 -5.169238e-01 -6.009377e-01 -4.496053e-01 -1.983215e-02 4.953060e-01 7.840434e-01 7.527311e-01 3.679649e-01 4.815045e-05
<VARIANCE> 25
 1.336932e+01 1.014507e+01 1.547462e+01 1.375293e+01 1.403342e+01 1.755198e+01 1.823732e+01 1.716936e+01 1.678843e+01 1.713430e+01 1.929245e+01 1.385408e+01 1.421443e-01 2.323021e-01 3.320304e-01 4.888852e-01 5.745885e-01 7.060862e-01 8.728244e-01 1.068248e+00 9.794151e-01 9.387044e-01 9.479432e-01 1.106604e+00 1.282722e-06
<GCONST> 5.891694e+01
<MIXTURE> 51 6.234641e-03
<MEAN> 25
 -3.891057e+00 1.935681e-01 -1.154001e+00 6.063047e+00 3.948832e+00 2.238950e+00 3.451225e+00 1.927261e+00 2.612770e+00 1.811480e+00 1.981188e+00 2.587090e+00 6.815810e-03 1.982381e-01 9.008031e-02 -2.150253e-01 -5.169238e-01 -6.009377e-01 -4.496053e-01 -1.983215e-02 4.953060e-01 7.840434e-01 7.527311e-01 3.679649e-01 4.815045e-05
<VARIANCE> 25
 1.336932e+01 1.014507e+01 1.547462e+01 1.375293e+01 1.403342e+01 1.755198e+01 1.823732e+01 1.716936e+01 1.678843e+01 1.713430e+01 1.929245e+01 1.385408e+01 1.421443e-01 2.323021e-01 3.320304e-01 4.888852e-01 5.745885e-01 7.060862e-01 8.728244e-01 1.068248e+00 9.794151e-01 9.387044e-01 9.479432e-01 1.106604e+00 1.282722e-06
<GCONST> 5.891694e+01
<MIXTURE> 52 6.367945e-03
<MEAN> 25
 1.012174e+01 2.049342e+00 -6.196648e+00 -1.427854e+01 -4.220821e+00 8.534973e+00 -2.753197e+00 -3.059215e+00 -4.406162e+00 -2.131149e+00 3.354775e+00 7.467716e-01 -3.854429e-01 -4.805185e-01 -6.964327e-02 1.139450e+00 1.339526e+00 -4.737630e-01 -6.034098e-01 -6.586049e-01 4.241902e-02 1.246713e+00 3.870546e-01 -5.455396e-01 -1.381387e-02
<VARIANCE> 25
 9.296253e+00 2.048068e+01 2.533232e+01 3.871381e+01 4.571992e+01 3.072112e+01 4.652962e+01 4.893351e+01 4.305860e+01 4.603365e+01 3.993718e+01 2.999662e+01 4.496040e-01 1.480558e+00 1.310064e+00 2.759941e+00 2.328632e+00 2.199699e+00 2.986002e+00 2.799211e+00 3.005632e+00 2.666525e+00 2.520329e+00 2.277007e+00 1.545566e-03
<GCONST> 8.973401e+01
<MIXTURE> 53 6.367945e-03
<MEAN> 25
 1.012174e+01 2.049342e+00 -6.196648e+00 -1.427854e+01 -4.220821e+00 8.534973e+00 -2.753197e+00 -3.059215e+00 -4.406162e+00 -2.131149e+00 3.354775e+00 7.467716e-01 -3.854429e-01 -4.805185e-01 -6.964327e-02 1.139450e+00 1.339526e+00 -4.737630e-01 -6.034098e-01 -6.586049e-01 4.241902e-02 1.246713e+00 3.870546e-01 -5.455396e-01 -1.381387e-02
<VARIANCE> 25
 9.296253e+00 2.048068e+01 2.533232e+01 3.871381e+01 4.571992e+01 3.072112e+01 4.652962e+01 4.893351e+01 4.305860e+01 4.603365e+01 3.993718e+01 2.999662e+01 4.496040e-01 1.480558e+00 1.310064e+00 2.759941e+00 2.328632e+00 2.199699e+00 2.986002e+00 2.799211e+00 3.005632e+00 2.666525e+00 2.520329e+00 2.277007e+00 1.545566e-03
<GCONST> 8.973401e+01
<MIXTURE> 54 7.368620e-03
<MEAN> 25
 -3.473369e+00 1.300295e-01 -6.559961e-01 8.051673e+00 6.290970e+00 4.537610e+00 4.477905e+00 4.534060e+00 3.880366e+00 3.644674e+00 4.323638e+00 2.322982e+00 2.045400e-03 2.064491e-02 4.958760e-02 3.716000e-02 4.310612e-02 4.025608e-02 6.526363e-02 4.999080e-02 3.565370e-02 -3.294608e-03 1.526647e-02 2.653741e-02 8.070593e-06
<VARIANCE> 25
 9.677518e+00 1.026916e+01 9.103341e+00 1.774612e+01 1.409593e+01 1.338687e+01 1.288316e+01 1.112867e+01 1.202024e+01 1.324500e+01 1.784497e+01 1.219268e+01 4.114247e-02 8.627099e-02 1.580794e-01 2.240072e-01 3.057547e-01 3.909334e-01 4.791161e-01 5.285043e-01 5.296566e-01 5.417758e-01 4.999145e-01 5.347527e-01 9.963261e-07
<GCONST> 4.742276e+01
<MIXTURE> 55 7.368620e-03
<MEAN> 25
 -3.473369e+00 1.300295e-01 -6.559961e-01 8.051673e+00 6.290970e+00 4.537610e+00 4.477905e+00 4.534060e+00 3.880366e+00 3.644674e+00 4.323638e+00 2.322982e+00 2.045400e-03 2.064491e-02 4.958760e-02 3.716000e-02 4.310612e-02 4.025608e-02 6.526363e-02 4.999080e-02 3.565370e-02 -3.294608e-03 1.526647e-02 2.653741e-02 8.070593e-06
<VARIANCE> 25
 9.677518e+00 1.026916e+01 9.103341e+00 1.774612e+01 1.409593e+01 1.338687e+01 1.288316e+01 1.112867e+01 1.202024e+01 1.324500e+01 1.784497e+01 1.219268e+01 4.114247e-02 8.627099e-02 1.580794e-01 2.240072e-01 3.057547e-01 3.909334e-01 4.791161e-01 5.285043e-01 5.296566e-01 5.417758e-01 4.999145e-01 5.347527e-01 9.963261e-07
<GCONST> 4.742276e+01
<MIXTURE> 56 6.132464e-03
<MEAN> 25
 7.466387e+00 -6.686574e+00 -9.123842e+00 -8.483291e+00 4.123715e+00 3.764669e+00 -2.347070e+00 -1.326719e+00 1.805925e+00 5.088646e-01 -2.508046e+00 -7.136444e+00 -1.732234e-02 1.896732e-02 -7.645769e-02 -5.503503e-04 2.393326e-01 5.890475e-02 1.227376e-01 -1.232239e-01 -4.790252e-02 -3.199890e-02 -9.589686e-02 1.703943e-02 -6.397659e-03
<VARIANCE> 25
 9.452272e+00 2.313126e+01 1.966467e+01 4.170162e+01 3.527980e+01 5.124393e+01 6.182652e+01 3.728765e+01 3.917275e+01 3.818802e+01 3.934679e+01 3.070825e+01 2.049350e-01 4.268073e-01 4.475063e-01 7.845534e-01 8.056084e-01 1.110877e+00 8.952380e-01 9.090213e-01 8.918298e-01 9.233750e-01 1.022030e+00 7.720174e-01 2.547950e-04
<GCONST> 7.518762e+01
<MIXTURE> 57 6.132464e-03
<MEAN> 25
 7.466387e+00 -6.686574e+00 -9.123842e+00 -8.483291e+00 4.123715e+00 3.764669e+00 -2.347070e+00 -1.326719e+00 1.805925e+00 5.088646e-01 -2.508046e+00 -7.136444e+00 -1.732234e-02 1.896732e-02 -7.645769e-02 -5.503503e-04 2.393326e-01 5.890475e-02 1.227376e-01 -1.232239e-01 -4.790252e-02 -3.199890e-02 -9.589686e-02 1.703943e-02 -6.397659e-03
<VARIANCE> 25
 9.452272e+00 2.313126e+01 1.966467e+01 4.170162e+01 3.527980e+01 5.124393e+01 6.182652e+01 3.728765e+01 3.917275e+01 3.818802e+01 3.934679e+01 3.070825e+01 2.049350e-01 4.268073e-01 4.475063e-01 7.845534e-01 8.056084e-01 1.110877e+00 8.952380e-01 9.090213e-01 8.918298e-01 9.233750e-01 1.022030e+00 7.720174e-01 2.547950e-04
<GCONST> 7.518762e+01
<MIXTURE> 58 6.172147e-03
<MEAN> 25
 2.549544e+00 -3.218938e+00 7.512193e+00 -5.827721e+00 -1.359402e+01 -5.560097e+00 1.092320e+00 1.755239e-01 -2.480943e+00 1.519079e+00 9.048230e-01 -4.236294e-01 -1.621834e-02 1.456818e-02 -2.928375e-02 -2.825304e-01 6.747809e-02 2.230885e-02 4.772199e-01 2.811736e-01 1.613106e-01 -4.188289e-02 1.991967e-02 -2.222803e-01 -4.370704e-04
<VARIANCE> 25
 6.774202e+00 1.395771e+01 1.865347e+01 2.798913e+01 2.174038e+01 4.263836e+01 3.417757e+01 3.683593e+01 2.992078e+01 2.944754e+01 2.194484e+01 2.060285e+01 2.980136e-01 1.010254e+00 7.552752e-01 1.069524e+00 9.293558e-01 1.498003e+00 1.151619e+00 1.294609e+00 1.153445e+00 1.055274e+00 9.288667e-01 1.174149e+00 7.287065e-04
<GCONST> 7.599448e+01
<MIXTURE> 59 6.172147e-03
<MEAN> 25
 2.549544e+00 -3.218938e+00 7.512193e+00 -5.827721e+00 -1.359402e+01 -5.560097e+00 1.092320e+00 1.755239e-01 -2.480943e+00 1.519079e+00 9.048230e-01 -4.236294e-01 -1.621834e-02 1.456818e-02 -2.928375e-02 -2.825304e-01 6.747809e-02 2.230885e-02 4.772199e-01 2.811736e-01 1.613106e-01 -4.188289e-02 1.991967e-02 -2.222803e-01 -4.370704e-04
<VARIANCE> 25
 6.774202e+00 1.395771e+01 1.865347e+01 2.798913e+01 2.174038e+01 4.263836e+01 3.417757e+01 3.683593e+01 2.992078e+01 2.944754e+01 2.194484e+01 2.060285e+01 2.980136e-01 1.010254e+00 7.552752e-01 1.069524e+00 9.293558e-01 1.498003e+00 1.151619e+00 1.294609e+00 1.153445e+00 1.055274e+00 9.288667e-01 1.174149e+00 7.287065e-04
<GCONST> 7.599448e+01
<MIXTURE> 60 4.479129e-03
<MEAN> 25
 -2.084796e+00 -2.203703e-01 -9.192698e-02 3.859801e+00 1.496371e+00 2.090439e+00 1.003783e+00 1.812553e+00 1.815771e+00 2.173227e+00 1.326875e+00 1.436266e+00 -7.516687e-02 7.038929e-02 1.855635e-01 9.018042e-02 1.637517e-01 1.021476e-01 1.652445e-01 2.297801e-01 5.050279e-01 6.346669e-01 5.911702e-01 4.248426e-01 1.173997e-03
<VARIANCE> 25
 1.219006e+01 3.863609e+00 1.495549e+01 1.123373e+01 1.023248e+01 1.136435e+01 1.585434e+01 1.003048e+01 1.020504e+01 1.269729e+01 1.427487e+01 1.168378e+01 7.792854e-02 1.751115e-01 2.725525e-01 4.449313e-01 5.811577e-01 7.010283e-01 8.326832e-01 7.587417e-01 7.980442e-01 9.923888e-01 8.450347e-01 9.753125e-01 3.690373e-05
<GCONST> 5.633424e+01
<MIXTURE> 61 4.479129e-03
<MEAN> 25
 -2.084796e+00 -2.203703e-01 -9.192698e-02 3.859801e+00 1.496371e+00 2.090439e+00 1.003783e+00 1.812553e+00 1.815771e+00 2.173227e+00 1.326875e+00 1.436266e+00 -7.516687e-02 7.038929e-02 1.855635e-01 9.018042e-02 1.637517e-01 1.021476e-01 1.652445e-01 2.297801e-01 5.050279e-01 6.346669e-01 5.911702e-01 4.248426e-01 1.173997e-03
<VARIANCE> 25
 1.219006e+01 3.863609e+00 1.495549e+01 1.123373e+01 1.023248e+01 1.136435e+01 1.585434e+01 1.003048e+01 1.020504e+01 1.269729e+01 1.427487e+01 1.168378e+01 7.792854e-02 1.751115e-01 2.725525e-01 4.449313e-01 5.811577e-01 7.010283e-01 8.326832e-01 7.587417e-01 7.980442e-01 9.923888e-01 8.450347e-01 9.753125e-01 3.690373e-05
<GCONST> 5.633424e+01
<MIXTURE> 62 3.278034e-03
<MEAN> 25
 -5.068983e+00 1.237510e+00 1.017881e+00 8.809846e+00 6.118373e+00 5.040729e+00 5.477859e+00 4.034105e+00 4.976203e+00 3.921565e+00 4.955224e+00 2.946755e+00 -1.002521e+00 -1.164032e+00 -9.531875e-01 -2.767955e-01 4.290596e-01 1.003262e+00 1.384547e+00 1.549572e+00 1.476340e+00 1.240068e+00 1.064947e+00 7.230502e-01 -1.270426e-03
<VARIANCE> 25
 1.001265e+01 9.937870e+00 1.311557e+01 1.672609e+01 1.742674e+01 1.752822e+01 1.986286e+01 1.906657e+01 1.884728e+01 1.869608e+01 2.155192e+01 1.476277e+01 4.017757e-01 4.334384e-01 5.527984e-01 7.781932e-01 1.035009e+00 1.192437e+00 1.250573e+00 1.281081e+00 1.333562e+00 1.366890e+00 1.402471e+00 1.371527e+00 1.635073e-05
<GCONST> 6.754739e+01
<MIXTURE> 63 4.351215e-03
<MEAN> 25
 -2.948914e+00 -1.791144e+00 -3.802439e+00 2.934418e+00 2.779299e+00 4.303753e-01 2.002292e+00 1.631468e+00 2.037748e+00 -1.967018e-01 -1.133270e+00 2.149735e+00 -1.195428e-01 2.895330e-01 4.955416e-01 4.613069e-01 4.417493e-01 4.066226e-01 3.846349e-01 1.581092e-01 1.074649e-01 2.341227e-01 1.939879e-01 2.091949e-01 -2.353255e-03
<VARIANCE> 25
 1.182863e+01 1.305458e+01 1.758246e+01 1.452299e+01 1.706530e+01 2.350487e+01 2.389040e+01 2.228699e+01 2.284180e+01 2.105739e+01 1.765406e+01 1.538322e+01 2.664125e-01 4.275468e-01 5.955101e-01 7.461236e-01 8.841978e-01 1.072152e+00 1.271697e+00 1.217839e+00 1.214615e+00 1.546953e+00 1.165869e+00 1.313744e+00 1.720929e-04
<GCONST> 7.037103e+01
<MIXTURE> 64 4.351215e-03
<MEAN> 25
 -2.948914e+00 -1.791144e+00 -3.802439e+00 2.934418e+00 2.779299e+00 4.303753e-01 2.002292e+00 1.631468e+00 2.037748e+00 -1.967018e-01 -1.133270e+00 2.149735e+00 -1.195428e-01 2.895330e-01 4.955416e-01 4.613069e-01 4.417493e-01 4.066226e-01 3.846349e-01 1.581092e-01 1.074649e-01 2.341227e-01 1.939879e-01 2.091949e-01 -2.353255e-03
<VARIANCE> 25
 1.182863e+01 1.305458e+01 1.758246e+01 1.452299e+01 1.706530e+01 2.350487e+01 2.389040e+01 2.228699e+01 2.284180e+01 2.105739e+01 1.765406e+01 1.538322e+01 2.664125e-01 4.275468e-01 5.955101e-01 7.461236e-01 8.841978e-01 1.072152e+00 1.271697e+00 1.217839e+00 1.214615e+00 1.546953e+00 1.165869e+00 1.313744e+00 1.720929e-04
<GCONST> 7.037103e+01
<MIXTURE> 65 1.721197e-02
<MEAN> 25
 7.614751e+00 2.008700e+00 1.598010e+00 8.128256e-01 -5.046919e+00 -3.845888e+00 -5.735713e+00 -6.128389e+00 -3.762323e+00 -2.278457e+00 -5.057884e+00 -1.601819e+00 1.820987e-01 5.784750e-02 5.210417e-02 1.104717e-01 -1.860910e-01 2.811993e-01 -1.401177e-01 -2.009975e-01 1.775349e-01 4.107481e-02 -1.083488e-01 -1.762128e-01 -4.341808e-03
<VARIANCE> 25
 1.111233e+01 1.800057e+01 2.543852e+01 3.412055e+01 3.695618e+01 5.681350e+01 5.466874e+01 6.038890e+01 5.338374e+01 5.551497e+01 5.486749e+01 4.820630e+01 5.535955e-01 9.864479e-01 1.531934e+00 1.789212e+00 2.080244e+00 2.177666e+00 2.276304e+00 2.932164e+00 2.317256e+00 2.539913e+00 2.394860e+00 2.153292e+00 4.077509e-04
<GCONST> 8.905807e+01
<MIXTURE> 66 1.191532e-02
<MEAN> 25
 6.445278e+00 -4.070437e+00 -5.470564e+00 -4.999307e+00 1.562991e+00 -5.719103e+00 -6.203588e+00 1.784494e+00 -3.541844e-01 -2.678875e+00 -5.445656e+00 -3.206349e+00 3.024849e-02 1.584896e+00 2.245048e+00 2.272009e+00 -1.370146e+00 -1.031869e+00 -7.194376e-03 -5.462534e-01 -1.646196e-01 -1.080496e-01 -2.266978e-01 1.086874e+00 -6.435474e-02
<VARIANCE> 25
 9.171225e+00 2.131354e+01 2.595140e+01 3.243908e+01 3.733383e+01 5.565885e+01 5.905860e+01 4.653094e+01 6.357721e+01 6.685792e+01 4.030522e+01 3.486810e+01 1.274179e+00 2.387203e+00 2.188934e+00 2.351595e+00 4.079087e+00 4.632149e+00 4.135852e+00 4.550276e+00 3.986743e+00 4.745263e+00 3.701452e+00 3.078566e+00 1.399748e-03
<GCONST> 9.654515e+01
<MIXTURE> 67 1.559142e-02
<MEAN> 25
 8.983722e+00 2.035414e+00 -5.975910e+00 -8.273298e+00 9.024599e-01 3.079632e+00 -3.324682e+00 -2.241861e+00 -3.772310e+00 7.773179e-01 -5.413454e-02 -1.732184e+00 -1.073826e+00 1.831498e+00 1.062457e+00 3.073437e+00 1.392018e+00 -5.089214e-01 1.302530e+00 1.202166e-01 1.569996e-01 2.514209e-01 -2.770108e-01 6.251521e-01 -1.299730e-01
<VARIANCE> 25
 1.147197e+01 3.885322e+01 3.081208e+01 5.584791e+01 4.914793e+01 5.410046e+01 6.208923e+01 5.281443e+01 6.481083e+01 5.711730e+01 5.576892e+01 4.736794e+01 2.179708e+00 3.465484e+00 3.290744e+00 4.517695e+00 4.524024e+00 4.555109e+00 4.705887e+00 5.069749e+00 5.475278e+00 4.778051e+00 5.134193e+00 3.745775e+00 3.042831e-03
<GCONST> 1.029187e+02
<MIXTURE> 68 1.485092e-02
<MEAN> 25
 -1.984231e+00 -2.278873e+00 -4.035324e+00 1.234979e+00 5.340827e+00 -7.017816e-01 1.908505e+00 1.948103e+00 1.825794e+00 1.562348e+00 5.686483e-01 1.712898e+00 2.703089e+00 5.447816e-01 -8.495101e-04 -2.562227e+00 -2.363441e+00 -1.582669e+00 -2.369370e+00 -1.790294e+00 -1.648874e+00 -1.489567e+00 -1.968716e+00 -1.059835e+00 1.021192e-01
<VARIANCE> 25
 2.553983e+01 3.151524e+01 5.787401e+01 5.156813e+01 4.636243e+01 5.413786e+01 4.711403e+01 4.279601e+01 4.134962e+01 4.344846e+01 3.705847e+01 2.668758e+01 2.033198e+00 3.677293e+00 5.839657e+00 5.792720e+00 4.741644e+00 5.503441e+00 5.706123e+00 4.878167e+00 4.918557e+00 5.166568e+00 4.975793e+00 3.398004e+00 6.080051e-03
<GCONST> 1.035476e+02
<MIXTURE> 69 1.204884e-02
<MEAN> 25
 4.085321e+00 -4.730618e+00 -2.972176e+00 -4.321758e+00 -2.980993e+00 -8.360160e+00 -5.669194e-01 2.153955e+00 -2.185391e+00 -5.416963e+00 -5.295054e+00 9.844977e-01 1.186797e+00 -2.109658e+00 -1.136463e+00 -2.391274e+00 -5.040343e-01 -3.175520e-01 1.238211e-01 -8.068192e-02 -3.272578e-01 -1.105613e+00 -2.066835e+00 -3.966154e-01 6.492048e-02
<VARIANCE> 25
 8.632811e+00 2.284746e+01 2.353829e+01 2.782725e+01 4.009960e+01 3.224344e+01 5.241661e+01 2.764290e+01 4.497030e+01 3.348583e+01 2.661297e+01 2.587787e+01 3.946249e+00 2.625468e+00 3.030918e+00 3.438522e+00 4.925702e+00 4.162789e+00 7.522316e+00 6.915187e+00 5.292921e+00 5.473793e+00 3.757719e+00 3.405555e+00 2.100836e-03
<GCONST> 9.741547e+01
<MIXTURE> 70 1.329190e-02
<MEAN> 25
 7.430443e+00 -2.007206e+00 -3.859674e+00 -3.550517e+00 -3.219137e-01 -7.038504e-01 -7.720756e+00 -3.888632e+00 4.955389e-01 2.815834e+00 -9.139916e-02 -4.927886e+00 1.908142e+00 -1.125483e+00 -8.217450e-01 -2.196215e+00 -1.489181e+00 1.143307e+00 -1.343778e+00 -1.063167e-01 3.169408e-01 -4.321992e-02 6.633598e-01 -1.441783e+00 5.845024e-02
<VARIANCE> 25
 1.043484e+01 2.240724e+01 2.803530e+01 4.669859e+01 3.586707e+01 4.412488e+01 5.001499e+01 4.515388e+01 4.697720e+01 3.294199e+01 4.459620e+01 2.723945e+01 3.514723e+00 3.187369e+00 4.692898e+00 4.906697e+00 5.210987e+00 6.442573e+00 6.746172e+00 7.495268e+00 6.154449e+00 5.370081e+00 5.849886e+00 4.286961e+00 2.515308e-03
<GCONST> 1.018390e+02
<MIXTURE> 71 1.406903e-02
<MEAN> 25
 5.914347e+00 5.324595e+00 4.270828e+00 2.444684e+00 -3.438155e+00 -3.335680e+00 -3.700795e+00 -6.893346e+00 -3.795158e+00 -2.594652e+00 -4.782428e+00 -2.654008e+00 -1.497439e+00 -5.662168e-01 -1.637958e-01 -1.901458e+00 1.094297e+00 -2.915876e-01 2.011855e-03 1.222209e+00 4.440086e-01 -2.293627e-01 7.188787e-01 2.758568e-01 4.376857e-02
<VARIANCE> 25
 2.047542e+01 2.509942e+01 2.316390e+01 4.890673e+01 3.853955e+01 3.944118e+01 4.172668e+01 4.420574e+01 4.917633e+01 4.151405e+01 3.668822e+01 3.756744e+01 1.728102e+00 3.071749e+00 5.060009e+00 4.769351e+00 4.408581e+00 4.726833e+00 4.890222e+00 6.330712e+00 4.326126e+00 3.863064e+00 3.443056e+00 3.281853e+00 1.509087e-03
<GCONST> 9.898499e+01
<MIXTURE> 72 8.134747e-03
<MEAN> 25
 3.789169e+00 -3.688659e+00 5.456657e+00 -2.473847e+00 -1.040614e+01 -9.615823e+00 -2.456844e+00 1.914834e+00 -4.942938e+00 -2.197193e+00 -1.884082e+00 6.157337e-01 9.327368e-01 -7.866575e-01 -2.572792e+00 4.628930e-01 2.135380e+00 -6.547354e-01 -1.317623e+00 1.523255e+00 1.813748e+00 -5.972481e-01 -1.288241e+00 4.041715e-01 -6.121013e-03
<VARIANCE> 25
 1.078758e+01 1.952373e+01 3.284862e+01 3.846814e+01 3.232163e+01 3.345078e+01 4.107157e+01 3.630614e+01 4.367055e+01 4.134566e+01 3.877839e+01 2.850112e+01 4.320916e-01 1.027395e+00 2.039789e+00 1.469615e+00 2.186028e+00 2.354643e+00 3.061283e+00 2.735541e+00 2.602997e+00 2.960432e+00 2.024349e+00 2.132508e+00 5.409470e-04
<GCONST> 8.727002e+01
<MIXTURE> 73 1.213625e-02
<MEAN> 25
 -5.630068e+00 -7.887409e-01 -1.303883e+00 4.913447e+00 4.238044e+00 2.342150e+00 5.509774e+00 3.457563e+00 4.364439e+00 3.432086e+00 4.269143e+00 3.024250e+00 8.019419e-01 -1.029399e+00 -9.437311e-01 -2.648041e+00 -1.259213e+00 -1.751665e+00 -9.037971e-01 -5.075750e-01 -9.203424e-01 -7.014385e-01 -1.103221e+00 -2.822762e-01 1.547319e-01
<VARIANCE> 25
 1.290691e+01 1.339646e+01 1.519197e+01 2.262524e+01 2.334343e+01 2.475947e+01 2.044028e+01 2.002826e+01 1.778232e+01 1.906435e+01 2.277549e+01 1.559183e+01 4.044558e+00 3.090334e+00 5.963047e+00 4.672152e+00 6.151524e+00 4.556823e+00 4.304461e+00 4.248546e+00 3.899031e+00 4.230980e+00 3.540699e+00 2.675727e+00 4.316947e-03
<GCONST> 9.271106e+01
<MIXTURE> 74 1.756491e-02
<MEAN> 25
 4.265368e+00 -1.352759e+00 5.279316e+00 -2.020361e+00 -8.639770e+00 -8.377994e+00 -2.670486e+00 1.265866e-01 -3.951656e+00 -2.765173e+00 -1.230977e+00 6.048761e-02 2.947101e-01 1.980739e+00 2.538279e-02 1.773730e+00 1.230908e+00 4.138048e-01 -5.694321e-02 -1.344213e+00 3.171730e-01 2.140439e-01 -3.155459e-01 -3.697861e-02 -7.627615e-02
<VARIANCE> 25
 1.159938e+01 2.126464e+01 3.534834e+01 4.544971e+01 3.643859e+01 3.682306e+01 4.804056e+01 5.157176e+01 4.735640e+01 4.249452e+01 4.022672e+01 3.245514e+01 1.954146e+00 2.016239e+00 3.724735e+00 2.612765e+00 3.918154e+00 3.691550e+00 4.750182e+00 4.005927e+00 4.125308e+00 3.722716e+00 3.458963e+00 3.078494e+00 1.699500e-03
<GCONST> 9.661881e+01
<MIXTURE> 75 9.711651e-03
<MEAN> 25
 2.604040e+00 -1.231820e+00 1.077435e+01 1.103092e+00 -1.219416e+01 -7.456417e+00 -4.547537e+00 -6.378701e-01 -4.710910e+00 -4.281060e+00 3.261086e+00 7.309667e-02 1.735711e+00 -1.789405e+00 3.042026e-01 -1.954075e-01 -2.294343e+00 -4.425340e-01 -1.591538e+00 8.767356e-01 -1.676729e-01 -3.506210e-01 1.067020e+00 -4.884626e-01 3.494369e-02
<VARIANCE> 25
 1.065133e+01 1.706526e+01 3.012543e+01 3.319176e+01 2.777111e+01 3.192139e+01 2.996223e+01 3.007527e+01 3.273986e+01 3.219593e+01 1.941063e+01 2.096739e+01 2.270787e+00 1.914941e+00 4.261178e+00 2.468194e+00 3.885622e+00 4.293988e+00 4.397629e+00 3.523378e+00 3.771978e+00 3.211932e+00 2.958604e+00 2.779724e+00 1.721349e-03
<GCONST> 9.223219e+01
<MIXTURE> 76 1.052359e-02
<MEAN> 25
 -3.890986e+00 -9.345201e-01 -2.301290e+00 3.901092e+00 3.765552e+00 1.785148e+00 2.090027e+00 2.844037e+00 1.770360e+00 7.396175e-01 2.038537e+00 1.782568e+00 3.197532e-02 -5.607792e-01 -1.976685e-01 -8.833060e-01 -3.919651e-01 -8.868825e-01 -8.694696e-01 -2.230171e-01 -5.993065e-01 -2.960118e-01 -2.885807e-01 -3.484186e-01 1.554858e-02
<VARIANCE> 25
 3.759628e+01 2.023392e+01 2.250548e+01 2.021999e+01 2.670613e+01 2.541755e+01 3.013465e+01 2.705195e+01 2.434730e+01 2.139348e+01 2.213768e+01 1.827172e+01 1.117654e+00 8.794559e-01 1.123049e+00 1.164026e+00 1.582705e+00 1.415219e+00 1.924709e+00 1.434820e+00 1.679930e+00 2.020982e+00 1.328621e+00 1.341605e+00 1.013388e-03
<GCONST> 8.116238e+01
<MIXTURE> 77 1.244626e-02
<MEAN> 25
 -4.814291e-01 8.550802e+00 1.240199e+01 -1.162655e+01 -7.013339e+00 9.253989e-01 -9.223213e+00 -7.269454e+00 -3.332667e+00 -2.111507e-01 -4.614381e+00 -1.467625e+00 6.704745e-02 1.408596e-01 7.296352e-02 2.424342e-01 -1.998992e-02 7.302254e-02 -6.084746e-02 -6.448778e-02 8.782480e-02 -4.637689e-02 3.363511e-02 1.165946e-01 -9.715118e-03
<VARIANCE> 25
 1.045255e+01 2.029007e+01 2.799161e+01 4.141090e+01 3.316304e+01 3.380056e+01 3.712967e+01 3.180186e+01 3.555760e+01 3.305686e+01 3.773374e+01 3.490008e+01 2.980369e-01 7.791845e-01 6.437018e-01 1.106552e+00 1.238657e+00 9.898639e-01 1.227915e+00 1.079791e+00 1.050550e+00 1.064297e+00 9.789382e-01 9.240804e-01 5.518011e-04
<GCONST> 7.790331e+01
<MIXTURE> 78 9.702551e-03
<MEAN> 25
 -1.132295e+01 1.098505e+00 -1.590537e+00 2.268375e+00 4.318565e+00 -2.135389e+00 3.532736e+00 2.756899e+00 2.597567e+00 6.725794e-01 -4.724680e-01 3.001722e+00 2.362772e+00 -2.638891e-01 1.730310e-01 6.190436e-01 -4.419579e-02 5.830698e-02 -3.265153e-01 -1.009889e-01 2.300715e-01 1.354689e-01 -3.662091e-01 -4.478566e-01 -6.055976e-02
<VARIANCE> 25
 4.279530e+01 3.194170e+01 3.227739e+01 3.199870e+01 3.934232e+01 3.696522e+01 3.863188e+01 3.323201e+01 2.750025e+01 2.774537e+01 2.658517e+01 1.977950e+01 4.860367e+00 2.557405e+00 2.822935e+00 3.053068e+00 2.809505e+00 3.527595e+00 3.231806e+00 2.784428e+00 2.303023e+00 2.448437e+00 2.195719e+00 2.102036e+00 4.640243e-03
<GCONST> 9.450031e+01
<MIXTURE> 79 1.156824e-02
<MEAN> 25
 1.648498e+00 1.393448e+00 7.995177e+00 -7.437489e+00 -1.236491e+01 -2.312033e+00 -1.171714e+00 -6.519427e+00 -6.331150e+00 6.163279e-01 -2.816401e+00 -3.403954e+00 1.261031e+00 -6.933610e-01 -9.703006e-01 2.132409e+00 2.163816e-01 -1.197671e+00 5.334523e-02 8.145347e-01 -5.744020e-01 -3.074239e-01 3.875700e-01 4.008578e-01 -3.849895e-02
<VARIANCE> 25
 1.571036e+01 2.129956e+01 3.984856e+01 4.646207e+01 3.002049e+01 3.845202e+01 4.177585e+01 3.212843e+01 3.508490e+01 3.447170e+01 4.071144e+01 2.649117e+01 8.426713e-01 2.410591e+00 2.682069e+00 2.051661e+00 2.323892e+00 2.838674e+00 4.112885e+00 3.215238e+00 2.421254e+00 2.697067e+00 2.051779e+00 1.869487e+00 1.093808e-03
<GCONST> 9.090350e+01
<MIXTURE> 80 7.550998e-03
<MEAN> 25
 -1.460866e+01 3.982978e+00 6.888527e-01 2.865978e+00 2.449390e+00 1.410288e+00 6.397008e+00 2.496773e+00 2.719634e+00 2.373497e+00 4.852879e+00 1.186962e+00 4.286331e+00 -1.602020e-02 1.637934e+00 -1.135554e+00 -2.889475e+00 -2.777582e+00 -2.323244e+00 -2.021465e+00 -1.975032e+00 -1.685194e+00 -1.650844e+00 -6.027454e-01 -4.423228e-02
<VARIANCE> 25
 2.094969e+01 1.984664e+01 3.444448e+01 3.470766e+01 3.018093e+01 2.920889e+01 2.828683e+01 2.855507e+01 2.674643e+01 2.881129e+01 2.685423e+01 1.810697e+01 2.357266e+00 2.666195e+00 2.673126e+00 4.119907e+00 3.394136e+00 2.705081e+00 3.025253e+00 3.204086e+00 2.749122e+00 2.701698e+00 2.782157e+00 2.145745e+00 1.512166e-03
<GCONST> 9.139670e+01
<MIXTURE> 81 8.025434e-03
<MEAN> 25
 -1.187236e+00 2.969176e+00 9.141778e+00 -1.433420e+01 -8.791029e+00 -1.689041e+00 -6.094893e+00 -9.033710e+00 -3.208117e+00 -5.199879e-01 -6.037634e+00 -1.713284e+00 1.834526e-01 -5.566478e-01 1.596460e-01 -6.119686e-01 -3.932627e-01 1.696461e-01 2.568965e-01 -5.397306e-02 1.181242e-02 -3.629700e-02 -2.503134e-01 1.045035e-01 1.339652e-02
<VARIANCE> 25
 9.147635e+00 4.860232e+01 2.696646e+01 2.556878e+01 3.398597e+01 2.704113e+01 4.562628e+01 2.669920e+01 4.566149e+01 2.782410e+01 3.249737e+01 2.984282e+01 7.811859e-01 2.215083e+00 1.627719e+00 2.942076e+00 2.301386e+00 2.172876e+00 3.402009e+00 2.273657e+00 2.211704e+00 2.386221e+00 2.223973e+00 2.350207e+00 1.262951e-03
<GCONST> 8.894569e+01
<MIXTURE> 82 8.213053e-03
<MEAN> 25
 -9.557343e+00 -3.245612e+00 1.903364e+00 -2.853549e+00 2.832380e+00 8.298441e-01 1.372908e+00 4.705715e-01 3.188893e+00 1.705909e+00 1.594889e+00 3.120161e+00 -1.300346e+00 -1.648205e-02 3.961432e-01 -2.690999e+00 -1.015880e+00 -1.322117e+00 -1.034215e+00 -1.043525e+00 -1.518677e-01 -5.392062e-01 -2.476484e-01 2.324193e-02 1.745140e-01
<VARIANCE> 25
 1.952205e+01 3.012259e+01 3.156829e+01 2.953969e+01 3.236478e+01 3.093961e+01 3.589041e+01 3.463735e+01 2.986808e+01 2.372909e+01 2.939981e+01 1.655612e+01 3.540907e+00 3.054432e+00 3.307336e+00 3.195807e+00 3.477850e+00 3.145490e+00 2.797454e+00 3.307347e+00 3.058089e+00 2.403835e+00 2.381909e+00 1.980684e+00 3.471630e-03
<GCONST> 9.318665e+01
<MIXTURE> 83 1.167529e-02
<MEAN> 25
 -2.004081e+01 5.504238e+00 -1.789702e+00 -4.051103e-01 7.829639e+00 -1.234488e+00 5.460100e+00 3.044532e+00 1.192393e+00 2.190908e+00 7.244872e-01 2.881716e+00 -2.631321e-02 -4.501706e-01 4.872012e-03 -3.655977e-01 -4.974648e-01 -1.258521e-01 -1.343577e-01 -9.942717e-02 -4.144356e-02 -3.920248e-02 -3.058213e-02 -3.465528e-02 4.403248e-03
<VARIANCE> 25
 8.819281e+00 1.645402e+01 2.851271e+01 2.248555e+01 2.127508e+01 2.407955e+01 2.202746e+01 2.336420e+01 2.042958e+01 2.221887e+01 2.319599e+01 1.448780e+01 1.060910e+00 9.362046e-01 1.240790e+00 1.065688e+00 1.359398e+00 1.291389e+00 1.283447e+00 1.388157e+00 1.349015e+00 1.310737e+00 1.220778e+00 1.071650e+00 8.923843e-04
<GCONST> 7.703519e+01
<MIXTURE> 84 1.066614e-02
<MEAN> 25
 9.685090e-01 8.631177e+00 6.933612e+00 7.828833e+00 2.128580e+00 -8.278348e-01 -1.400046e+00 -4.888681e+00 -3.541487e+00 -2.592291e+00 -2.455158e+00 -1.820607e+00 -1.701904e+00 -1.118304e+00 -1.272495e+00 1.327941e+00 2.110065e+00 1.589659e+00 1.450441e+00 1.299705e+00 9.589499e-01 3.809316e-01 3.772272e-01 3.552341e-01 -7.067304e-02
<VARIANCE> 25
 2.368593e+01 1.845331e+01 2.093662e+01 2.269819e+01 3.229919e+01 2.761499e+01 2.969169e+01 2.656676e+01 2.708721e+01 2.433632e+01 2.175809e+01 2.346818e+01 2.012948e+00 2.388562e+00 3.592464e+00 3.282607e+00 3.239927e+00 3.188252e+00 3.054764e+00 3.143980e+00 3.709125e+00 3.058946e+00 3.360091e+00 2.663291e+00 3.266124e-03
<GCONST> 9.191267e+01
<MIXTURE> 85 7.591393e-03
<MEAN> 25
 -3.108280e+00 7.888768e+00 5.720745e+00 1.282704e+00 -3.493698e+00 -5.318594e+00 -2.981616e+00 -6.118110e+00 -3.539761e+00 -3.183178e+00 -4.782506e-01 -1.897806e+00 3.940268e+00 3.254862e-01 1.755674e+00 -2.092304e+00 -3.411252e+00 -2.582265e+00 -2.886477e+00 -2.341019e+00 -2.245697e+00 -1.264215e+00 -2.300570e+00 -6.131403e-01 9.237423e-03
<VARIANCE> 25
 4.244596e+01 2.343114e+01 3.647143e+01 3.821400e+01 3.974419e+01 4.122083e+01 3.216112e+01 2.789502e+01 2.665001e+01 2.610440e+01 2.620718e+01 2.056389e+01 2.714118e+00 4.324509e+00 4.056048e+00 5.181274e+00 4.417774e+00 3.879229e+00 3.851665e+00 3.985312e+00 3.861990e+00 4.037674e+00 3.945107e+00 3.491705e+00 5.444005e-03
<GCONST> 9.836092e+01
<MIXTURE> 86 1.273941e-02
<MEAN> 25
 -3.251628e+00 -6.030453e-01 -2.139243e-02 5.309459e+00 3.917984e+00 4.218690e+00 4.152474e+00 3.711675e+00 4.500917e+00 4.107660e+00 4.033691e+00 2.607075e+00 -7.367292e-02 -3.333462e-02 5.119320e-03 -1.253688e-01 -9.303084e-02 -1.840414e-01 -1.935279e-01 -4.067308e-01 -1.583405e-01 -3.159090e-01 -3.033477e-01 -2.917238e-02 1.936327e-03
<VARIANCE> 25
 1.223642e+01 4.341628e+00 1.618269e+01 1.167006e+01 1.278284e+01 1.136452e+01 1.406230e+01 1.270290e+01 1.244909e+01 1.146805e+01 1.467493e+01 1.114903e+01 1.050829e-01 1.782300e-01 3.548180e-01 4.295032e-01 4.777645e-01 7.680866e-01 9.502650e-01 7.453285e-01 9.142916e-01 8.858624e-01 1.026710e+00 1.217122e+00 6.169238e-05
<GCONST> 5.849550e+01
<MIXTURE> 87 1.100681e-02
<MEAN> 25
 -3.296346e+00 4.542458e+00 3.502440e+00 7.016884e+00 5.561426e+00 8.968612e-01 1.635165e+00 -9.478365e-01 -5.839067e-01 -8.883206e-01 -7.836114e-01 3.179080e-02 -2.149561e+00 -2.782044e+00 -2.098632e+00 -2.226184e+00 -3.540036e-02 -1.841422e-01 6.106913e-01 1.295764e+00 1.401864e+00 1.028992e+00 9.444552e-01 1.003754e+00 1.046081e-01
<VARIANCE> 25
 3.810495e+01 2.951215e+01 2.804477e+01 3.372661e+01 2.876572e+01 3.189273e+01 2.817699e+01 2.733533e+01 2.593872e+01 2.467971e+01 2.480285e+01 2.314652e+01 3.860030e+00 2.729750e+00 3.925941e+00 3.652181e+00 4.792022e+00 4.309587e+00 4.160403e+00 3.908297e+00 3.539478e+00 3.387085e+00 3.379918e+00 2.733402e+00 4.960055e-03
<GCONST> 9.634228e+01
<MIXTURE> 88 1.256585e-02
<MEAN> 25
 -2.667717e+00 1.808883e-01 -1.027099e+00 5.117766e+00 3.076358e+00 3.385059e+00 2.866968e+00 3.600578e+00 2.596257e+00 2.662643e+00 1.681157e+00 2.027137e+00 4.504058e-03 2.717625e-01 -7.567267e-02 4.410725e-01 3.559029e-01 3.061450e-01 -2.123111e-01 1.152896e-01 -2.031267e-01 -3.217674e-01 1.484606e-01 -9.802213e-02 -4.662676e-03
<VARIANCE> 25
 1.145848e+01 7.105206e+00 1.378949e+01 1.378000e+01 1.828145e+01 1.728123e+01 1.778550e+01 1.884131e+01 1.206839e+01 1.872537e+01 1.433033e+01 1.279544e+01 1.282176e+00 1.376497e+00 1.626485e+00 1.974303e+00 2.231828e+00 2.509648e+00 2.499334e+00 1.877674e+00 2.034070e+00 3.028195e+00 1.540880e+00 1.604054e+00 9.784275e-04
<GCONST> 7.859256e+01
<MIXTURE> 89 9.333527e-03
<MEAN> 25
 5.592525e+00 -6.615019e+00 -4.097837e+00 -3.501739e+00 -2.715185e-01 -5.962723e+00 -6.163869e+00 4.067829e+00 2.300925e+00 -3.915353e+00 -5.881411e+00 -3.520766e+00 -6.123435e-01 1.219045e-01 1.828124e+00 7.285331e-01 -1.810979e+00 -1.646739e+00 1.074898e+00 1.117475e+00 -7.075918e-01 -1.329259e+00 4.141657e-01 1.573746e+00 -2.680765e-03
<VARIANCE> 25
 1.005107e+01 2.456709e+01 3.040489e+01 2.819070e+01 4.719004e+01 3.879417e+01 5.417327e+01 3.808839e+01 4.644992e+01 4.888055e+01 3.248004e+01 3.010600e+01 3.382921e-01 7.713860e-01 1.540092e+00 1.439034e+00 1.759593e+00 1.919829e+00 2.670557e+00 2.050034e+00 2.089677e+00 1.993875e+00 2.135150e+00 1.369847e+00 3.706111e-04
<GCONST> 8.493708e+01
<MIXTURE> 90 7.114505e-03
<MEAN> 25
 2.019813e+00 -9.078460e+00 -5.055413e+00 -4.564464e+00 -1.710475e+00 -3.051108e+00 2.969277e+00 1.229455e+00 -7.415895e+00 -1.077850e+01 -3.294598e+00 -9.306832e-01 -1.769407e-01 7.831767e-01 1.077815e+00 -8.273268e-01 -1.591264e+00 -3.358725e-01 9.489024e-01 -9.881695e-02 -2.424182e-01 7.335055e-01 3.540981e-01 -3.350293e-01 -8.466018e-03
<VARIANCE> 25
 8.511952e+00 1.770260e+01 1.865616e+01 2.696385e+01 5.186637e+01 3.792832e+01 3.834575e+01 3.382931e+01 3.084007e+01 2.824685e+01 2.349741e+01 2.334342e+01 2.341685e-01 7.074348e-01 7.601827e-01 9.516687e-01 1.289235e+00 1.718286e+00 2.262399e+00 1.717934e+00 1.757951e+00 1.492795e+00 1.655062e+00 1.446712e+00 2.392296e-04
<GCONST> 7.854334e+01
<MIXTURE> 91 7.852945e-03
<MEAN> 25
 6.255986e+00 -7.578309e+00 -8.568753e+00 -5.190855e+00 4.038975e+00 -3.482555e-01 -2.144466e+00 8.204963e-01 5.598427e-01 -3.148760e+00 -4.834423e+00 -5.151751e+00 2.688352e-01 9.934543e-01 2.196454e-01 4.478689e-01 -1.083175e-01 -5.512355e-01 -3.513931e-01 -7.866018e-02 -1.253304e-01 4.658896e-01 -9.222455e-02 2.298307e-01 -3.482528e-02
<VARIANCE> 25
 1.077415e+01 2.245422e+01 1.962341e+01 4.002241e+01 3.493563e+01 5.706176e+01 5.414889e+01 3.936750e+01 5.316434e+01 6.499457e+01 3.803014e+01 4.084647e+01 4.590230e-01 8.835053e-01 1.153192e+00 1.372463e+00 2.224241e+00 2.354857e+00 2.418051e+00 2.391388e+00 2.236481e+00 2.229372e+00 2.035688e+00 1.813823e+00 5.983924e-04
<GCONST> 8.731892e+01
<MIXTURE> 92 7.852945e-03
<MEAN> 25
 6.255986e+00 -7.578309e+00 -8.568753e+00 -5.190855e+00 4.038975e+00 -3.482555e-01 -2.144466e+00 8.204963e-01 5.598427e-01 -3.148760e+00 -4.834423e+00 -5.151751e+00 2.688352e-01 9.934543e-01 2.196454e-01 4.478689e-01 -1.083175e-01 -5.512355e-01 -3.513931e-01 -7.866018e-02 -1.253304e-01 4.658896e-01 -9.222455e-02 2.298307e-01 -3.482528e-02
<VARIANCE> 25
 1.077415e+01 2.245422e+01 1.962341e+01 4.002241e+01 3.493563e+01 5.706176e+01 5.414889e+01 3.936750e+01 5.316434e+01 6.499457e+01 3.803014e+01 4.084647e+01 4.590230e-01 8.835053e-01 1.153192e+00 1.372463e+00 2.224241e+00 2.354857e+00 2.418051e+00 2.391388e+00 2.236481e+00 2.229372e+00 2.035688e+00 1.813823e+00 5.983924e-04
<GCONST> 8.731892e+01
<MIXTURE> 93 6.122769e-03
<MEAN> 25
 -6.763984e+00 -9.433929e-01 -2.385458e+00 5.779059e+00 5.881861e+00 3.905316e+00 6.079283e+00 3.595562e+00 4.098251e+00 2.512976e+00 1.818027e+00 3.695802e+00 -6.253570e-02 -1.545913e-01 -2.572247e-01 -3.331651e-01 -3.369732e-01 -2.856077e-01 -2.155682e-01 -1.774098e-01 -1.671906e-01 -1.478115e-01 -1.068416e-01 -3.605783e-02 -5.742415e-06
<VARIANCE> 25
 9.537511e+00 6.025799e+00 8.271581e+00 1.139410e+01 1.151677e+01 1.593804e+01 1.549979e+01 1.640543e+01 1.476719e+01 1.445594e+01 1.666681e+01 1.338525e+01 8.268043e-02 1.535945e-01 2.629655e-01 3.788861e-01 4.980955e-01 6.425688e-01 7.775009e-01 8.912042e-01 9.146575e-01 8.781060e-01 8.893150e-01 9.289946e-01 1.014199e-06
<GCONST> 5.367605e+01
<MIXTURE> 94 6.122769e-03
<MEAN> 25
 -6.763984e+00 -9.433929e-01 -2.385458e+00 5.779059e+00 5.881861e+00 3.905316e+00 6.079283e+00 3.595562e+00 4.098251e+00 2.512976e+00 1.818027e+00 3.695802e+00 -6.253570e-02 -1.545913e-01 -2.572247e-01 -3.331651e-01 -3.369732e-01 -2.856077e-01 -2.155682e-01 -1.774098e-01 -1.671906e-01 -1.478115e-01 -1.068416e-01 -3.605783e-02 -5.742415e-06
<VARIANCE> 25
 9.537511e+00 6.025799e+00 8.271581e+00 1.139410e+01 1.151677e+01 1.593804e+01 1.549979e+01 1.640543e+01 1.476719e+01 1.445594e+01 1.666681e+01 1.338525e+01 8.268043e-02 1.535945e-01 2.629655e-01 3.788861e-01 4.980955e-01 6.425688e-01 7.775009e-01 8.912042e-01 9.146575e-01 8.781060e-01 8.893150e-01 9.289946e-01 1.014199e-06
<GCONST> 5.367605e+01
<MIXTURE> 95 5.258835e-03
<MEAN> 25
 -3.453982e+00 -4.274371e-01 -1.363234e+00 4.485696e+00 3.274420e+00 3.079813e+00 2.577530e+00 1.429580e+00 2.188536e+00 9.752706e-01 1.005248e+00 2.207035e+00 1.680012e-01 1.062951e-01 1.737193e-01 1.565578e-01 -2.601007e-01 -7.613204e-01 -1.067529e+00 -9.506592e-01 -1.225568e+00 -1.073563e+00 -5.282789e-01 -3.231545e-01 6.604069e-04
<VARIANCE> 25
 1.687160e+01 4.995431e+00 1.600299e+01 1.172775e+01 1.121567e+01 1.311091e+01 2.152666e+01 1.745267e+01 1.776321e+01 1.380817e+01 1.496834e+01 1.092321e+01 2.045904e-01 2.824223e-01 3.863780e-01 7.824685e-01 7.755595e-01 7.777144e-01 7.939834e-01 9.018494e-01 9.929385e-01 1.179784e+00 1.059928e+00 1.153789e+00 4.859017e-05
<GCONST> 6.267508e+01
<MIXTURE> 96 7.034694e-03
<MEAN> 25
 -4.680192e+00 -3.261465e-01 -1.946037e+00 4.979077e+00 3.646083e+00 1.780245e+00 3.448775e+00 1.676315e+00 2.397006e+00 1.081748e+00 1.145409e+00 2.663227e+00 -3.095187e-02 8.780418e-02 2.185892e-01 3.615594e-01 5.231956e-01 5.011001e-01 2.462522e-01 -1.167181e-01 -4.570927e-01 -6.671663e-01 -5.606142e-01 -3.695224e-01 7.803501e-05
<VARIANCE> 25
 1.279563e+01 9.200399e+00 1.436935e+01 1.438895e+01 1.478089e+01 1.860978e+01 1.821995e+01 1.909225e+01 1.740815e+01 1.614381e+01 1.860134e+01 1.398261e+01 1.213939e-01 2.166804e-01 3.074921e-01 4.310643e-01 4.905773e-01 6.907998e-01 8.831114e-01 9.975358e-01 9.223146e-01 8.746555e-01 8.808715e-01 9.148004e-01 1.159783e-06
<GCONST> 5.774952e+01
<MIXTURE> 97 7.034694e-03
<MEAN> 25
 -4.680192e+00 -3.261465e-01 -1.946037e+00 4.979077e+00 3.646083e+00 1.780245e+00 3.448775e+00 1.676315e+00 2.397006e+00 1.081748e+00 1.145409e+00 2.663227e+00 -3.095187e-02 8.780418e-02 2.185892e-01 3.615594e-01 5.231956e-01 5.011001e-01 2.462522e-01 -1.167181e-01 -4.570927e-01 -6.671663e-01 -5.606142e-01 -3.695224e-01 7.803501e-05
<VARIANCE> 25
 1.279563e+01 9.200399e+00 1.436935e+01 1.438895e+01 1.478089e+01 1.860978e+01 1.821995e+01 1.909225e+01 1.740815e+01 1.614381e+01 1.860134e+01 1.398261e+01 1.213939e-01 2.166804e-01 3.074921e-01 4.310643e-01 4.905773e-01 6.907998e-01 8.831114e-01 9.975358e-01 9.223146e-01 8.746555e-01 8.808715e-01 9.148004e-01 1.159783e-06
<GCONST> 5.774952e+01
<MIXTURE> 98 9.917808e-03
<MEAN> 25
 -1.488284e+00 1.064348e+00 -8.791497e-02 4.690905e+00 3.237542e+00 2.717033e+00 3.103985e+00 1.289426e+00 1.595279e+00 9.699991e-01 6.223485e-01 8.136333e-01 -1.747648e+00 -1.398474e+00 -1.034344e+00 1.490881e-01 6.534667e-01 8.523651e-01 1.230782e+00 1.434741e+00 1.520844e+00 1.068635e+00 1.280870e+00 9.237598e-01 -3.437492e-02
<VARIANCE> 25
 1.448655e+01 1.907114e+01 3.042299e+01 3.101419e+01 4.429918e+01 3.470610e+01 3.162155e+01 3.245678e+01 2.601662e+01 2.904226e+01 2.573225e+01 2.387616e+01 1.345913e+00 1.563320e+00 2.273851e+00 2.356207e+00 2.769380e+00 2.871532e+00 2.757918e+00 2.650362e+00 2.951708e+00 2.962654e+00 2.656120e+00 2.082850e+00 2.296736e-03
<GCONST> 9.002557e+01
<MIXTURE> 99 6.696178e-03
<MEAN> 25
 -6.403467e+00 9.938073e+00 6.760024e+00 3.409639e+00 9.166106e-01 -5.265004e+00 -1.730397e+00 -4.179733e+00 -3.420123e+00 -3.751733e+00 -1.583002e+00 3.860927e-01 5.651365e-01 -7.250872e-01 3.084269e-01 -3.962392e-01 -1.134260e+00 -5.108001e-01 -3.172407e-01 -2.608739e-01 -1.023296e-01 -6.162119e-02 2.411153e-01 1.626413e-01 1.052373e-02
<VARIANCE> 25
 3.585026e+01 2.573818e+01 4.696709e+01 3.290215e+01 3.660610e+01 3.533184e+01 2.805123e+01 3.061362e+01 2.774955e+01 2.785223e+01 2.072424e+01 2.907004e+01 2.184765e+00 1.874730e+00 1.446416e+00 1.776167e+00 2.668421e+00 2.116169e+00 1.622853e+00 1.670026e+00 1.564241e+00 1.595626e+00 1.324898e+00 1.271818e+00 1.579979e-03
<GCONST> 8.715659e+01
<MIXTURE> 100 4.498084e-03
<MEAN> 25
 -1.613139e+00 6.084240e+00 9.904060e+00 -7.668530e+00 -1.099120e+01 -5.059406e+00 -4.639709e+00 -9.762557e+00 -4.818245e+00 -6.827233e-01 -2.512504e+00 -2.780391e+00 2.862041e+00 -1.313978e+00 1.324052e+00 -2.051144e+00 -3.299809e+00 -7.231570e-01 -1.316011e+00 -7.827162e-01 -1.474126e+00 3.631363e-01 -1.565914e+00 -2.227709e-01 -2.896805e-04
<VARIANCE> 25
 1.325077e+01 2.160017e+01 2.467122e+01 2.622779e+01 2.320424e+01 2.273057e+01 3.042045e+01 2.182452e+01 2.679551e+01 2.236458e+01 2.268044e+01 2.064090e+01 1.786720e+00 3.882309e+00 2.809087e+00 4.483716e+00 4.308362e+00 4.434087e+00 4.086464e+00 4.214398e+00 3.999173e+00 3.756104e+00 3.921649e+00 3.195371e+00 1.717107e-03
<GCONST> 9.252357e+01
<MIXTURE> 101 6.007792e-03
<MEAN> 25
 8.087908e+00 -3.482116e+00 -6.310869e+00 -6.857958e+00 8.420244e-01 -1.253925e+00 -1.058362e+01 -2.063871e+00 1.616473e+00 2.706980e+00 -2.390338e+00 -5.133534e+00 6.730632e-01 6.506414e-01 -1.454105e+00 -1.607332e+00 1.032490e+00 2.318627e+00 1.973851e-01 -1.460415e+00 -1.063590e+00 1.037380e+00 1.370291e+00 -4.163724e-01 -4.798660e-03
<VARIANCE> 25
 9.302043e+00 1.671569e+01 2.980132e+01 4.278914e+01 3.619316e+01 3.578323e+01 3.699664e+01 3.620095e+01 3.783850e+01 4.396103e+01 5.171119e+01 2.425348e+01 2.934692e-01 6.686065e-01 1.176762e+00 1.557165e+00 1.685136e+00 2.093659e+00 2.083600e+00 1.989525e+00 2.346436e+00 2.213672e+00 1.789564e+00 1.932950e+00 3.445293e-04
<GCONST> 8.363655e+01
<MIXTURE> 102 6.007792e-03
<MEAN> 25
 8.087908e+00 -3.482116e+00 -6.310869e+00 -6.857958e+00 8.420244e-01 -1.253925e+00 -1.058362e+01 -2.063871e+00 1.616473e+00 2.706980e+00 -2.390338e+00 -5.133534e+00 6.730632e-01 6.506414e-01 -1.454105e+00 -1.607332e+00 1.032490e+00 2.318627e+00 1.973851e-01 -1.460415e+00 -1.063590e+00 1.037380e+00 1.370291e+00 -4.163724e-01 -4.798660e-03
<VARIANCE> 25
 9.302043e+00 1.671569e+01 2.980132e+01 4.278914e+01 3.619316e+01 3.578323e+01 3.699664e+01 3.620095e+01 3.783850e+01 4.396103e+01 5.171119e+01 2.425348e+01 2.934692e-01 6.686065e-01 1.176762e+00 1.557165e+00 1.685136e+00 2.093659e+00 2.083600e+00 1.989525e+00 2.346436e+00 2.213672e+00 1.789564e+00 1.932950e+00 3.445293e-04
<GCONST> 8.363655e+01
<MIXTURE> 103 5.694618e-03
<MEAN> 25
 3.135687e+00 -8.677734e+00 -6.098270e+00 -3.128483e+00 4.835260e-02 -2.514414e+00 1.241552e+00 2.359143e+00 -5.106639e+00 -9.452980e+00 -4.650009e+00 -3.271087e-01 -1.364279e-01 -1.393730e+00 -9.538714e-01 1.977188e-01 1.104523e+00 8.690826e-01 2.531285e-01 -3.637627e-01 -6.628726e-01 -9.155583e-01 -1.522835e-01 9.215107e-02 2.988026e-02
<VARIANCE> 25
 9.689145e+00 2.257612e+01 2.224054e+01 3.011695e+01 5.791298e+01 3.323817e+01 5.442382e+01 3.382178e+01 3.854486e+01 2.749282e+01 2.824929e+01 2.735690e+01 6.737294e-01 1.282673e+00 1.504118e+00 1.927060e+00 3.058300e+00 2.383898e+00 2.934377e+00 2.536293e+00 2.456305e+00 2.421948e+00 2.060362e+00 1.930850e+00 8.337041e-04
<GCONST> 8.752464e+01
<MIXTURE> 104 5.694618e-03
<MEAN> 25
 3.135687e+00 -8.677734e+00 -6.098270e+00 -3.128483e+00 4.835260e-02 -2.514414e+00 1.241552e+00 2.359143e+00 -5.106639e+00 -9.452980e+00 -4.650009e+00 -3.271087e-01 -1.364279e-01 -1.393730e+00 -9.538714e-01 1.977188e-01 1.104523e+00 8.690826e-01 2.531285e-01 -3.637627e-01 -6.628726e-01 -9.155583e-01 -1.522835e-01 9.215107e-02 2.988026e-02
<VARIANCE> 25
 9.689145e+00 2.257612e+01 2.224054e+01 3.011695e+01 5.791298e+01 3.323817e+01 5.442382e+01 3.382178e+01 3.854486e+01 2.749282e+01 2.824929e+01 2.735690e+01 6.737294e-01 1.282673e+00 1.504118e+00 1.927060e+00 3.058300e+00 2.383898e+00 2.934377e+00 2.536293e+00 2.456305e+00 2.421948e+00 2.060362e+00 1.930850e+00 8.337041e-04
<GCONST> 8.752464e+01
<MIXTURE> 105 4.710235e-03
<MEAN> 25
 2.166428e+00 -1.469271e+00 9.137575e+00 -2.683138e+00 -1.145677e+01 -4.965034e+00 -4.082128e+00 -7.749225e-01 -3.773265e+00 -3.107708e+00 1.448735e+00 -1.155420e+00 7.414625e-03 3.163449e-02 5.546110e-02 -4.833696e-02 1.848313e-03 4.695553e-02 -1.263475e-02 5.584711e-02 -3.962156e-02 3.335257e-02 3.123504e-02 -2.160188e-02 -2.068178e-03
<VARIANCE> 25
 1.351756e+01 2.824067e+01 4.122365e+01 4.478651e+01 3.895430e+01 5.309421e+01 4.120700e+01 4.312942e+01 3.929464e+01 4.223229e+01 4.165831e+01 3.054478e+01 8.345120e-02 1.873376e-01 3.446567e-01 2.883790e-01 3.736525e-01 4.267280e-01 4.669637e-01 4.878013e-01 4.988471e-01 4.409495e-01 4.204191e-01 4.031969e-01 9.011403e-05
<GCONST> 6.670687e+01
<MIXTURE> 106 4.710235e-03
<MEAN> 25
 2.166428e+00 -1.469271e+00 9.137575e+00 -2.683138e+00 -1.145677e+01 -4.965034e+00 -4.082128e+00 -7.749225e-01 -3.773265e+00 -3.107708e+00 1.448735e+00 -1.155420e+00 7.414625e-03 3.163449e-02 5.546110e-02 -4.833696e-02 1.848313e-03 4.695553e-02 -1.263475e-02 5.584711e-02 -3.962156e-02 3.335257e-02 3.123504e-02 -2.160188e-02 -2.068178e-03
<VARIANCE> 25
 1.351756e+01 2.824067e+01 4.122365e+01 4.478651e+01 3.895430e+01 5.309421e+01 4.120700e+01 4.312942e+01 3.929464e+01 4.223229e+01 4.165831e+01 3.054478e+01 8.345120e-02 1.873376e-01 3.446567e-01 2.883790e-01 3.736525e-01 4.267280e-01 4.669637e-01 4.878013e-01 4.988471e-01 4.409495e-01 4.204191e-01 4.031969e-01 9.011403e-05
<GCONST> 6.670687e+01
<MIXTURE> 107 5.452374e-03
<MEAN> 25
 8.638972e+00 -2.307935e+00 -8.036524e+00 -9.552356e+00 1.964140e+00 2.956684e+00 -8.639246e+00 -4.548931e+00 -8.835101e-01 3.388591e+00 8.567339e-01 -5.071426e+00 -6.094280e-01 -7.689292e-01 8.354319e-01 1.770972e+00 2.252453e-01 -2.012445e+00 -9.225774e-01 8.485547e-01 1.765401e+00 4.826283e-02 -1.657941e+00 -8.201091e-01 -1.794636e-03
<VARIANCE> 25
 9.250928e+00 2.046747e+01 2.836080e+01 4.291184e+01 3.576292e+01 3.846042e+01 5.115157e+01 3.628333e+01 4.577859e+01 4.172938e+01 5.135371e+01 3.036925e+01 3.559957e-01 9.684467e-01 1.461569e+00 2.420363e+00 2.285655e+00 2.823029e+00 2.615102e+00 2.540683e+00 2.301973e+00 3.033011e+00 1.944093e+00 2.205778e+00 7.025770e-04
<GCONST> 8.804969e+01
<MIXTURE> 108 5.452374e-03
<MEAN> 25
 8.638972e+00 -2.307935e+00 -8.036524e+00 -9.552356e+00 1.964140e+00 2.956684e+00 -8.639246e+00 -4.548931e+00 -8.835101e-01 3.388591e+00 8.567339e-01 -5.071426e+00 -6.094280e-01 -7.689292e-01 8.354319e-01 1.770972e+00 2.252453e-01 -2.012445e+00 -9.225774e-01 8.485547e-01 1.765401e+00 4.826283e-02 -1.657941e+00 -8.201091e-01 -1.794636e-03
<VARIANCE> 25
 9.250928e+00 2.046747e+01 2.836080e+01 4.291184e+01 3.576292e+01 3.846042e+01 5.115157e+01 3.628333e+01 4.577859e+01 4.172938e+01 5.135371e+01 3.036925e+01 3.559957e-01 9.684467e-01 1.461569e+00 2.420363e+00 2.285655e+00 2.823029e+00 2.615102e+00 2.540683e+00 2.301973e+00 3.033011e+00 1.944093e+00 2.205778e+00 7.025770e-04
<GCONST> 8.804969e+01
<MIXTURE> 109 6.661064e-03
<MEAN> 25
 3.966279e+00 -1.014813e+01 -8.312939e+00 -1.530385e+00 3.307836e+00 -4.378426e-01 -6.130081e-01 1.611162e+00 -2.841618e+00 -8.538199e+00 -5.263008e+00 -3.717893e-01 -6.251173e-02 -1.411046e-01 -1.041551e-02 1.904320e-01 1.229194e-01 6.082607e-02 -2.539587e-02 -6.704123e-02 -4.905213e-02 -1.553121e-01 1.964025e-01 4.412701e-02 -2.054869e-03
<VARIANCE> 25
 8.859904e+00 1.950489e+01 1.899075e+01 3.070039e+01 4.470221e+01 3.785957e+01 4.823580e+01 3.329361e+01 4.474112e+01 3.586056e+01 2.794214e+01 2.980908e+01 2.028864e-01 4.044183e-01 5.145460e-01 6.708786e-01 1.266654e+00 1.030959e+00 1.445387e+00 1.070055e+00 1.057888e+00 9.770380e-01 8.868749e-01 9.048036e-01 2.067066e-04
<GCONST> 7.485587e+01
<MIXTURE> 110 6.661064e-03
<MEAN> 25
 3.966279e+00 -1.014813e+01 -8.312939e+00 -1.530385e+00 3.307836e+00 -4.378426e-01 -6.130081e-01 1.611162e+00 -2.841618e+00 -8.538199e+00 -5.263008e+00 -3.717893e-01 -6.251173e-02 -1.411046e-01 -1.041551e-02 1.904320e-01 1.229194e-01 6.082607e-02 -2.539587e-02 -6.704123e-02 -4.905213e-02 -1.553121e-01 1.964025e-01 4.412701e-02 -2.054869e-03
<VARIANCE> 25
 8.859904e+00 1.950489e+01 1.899075e+01 3.070039e+01 4.470221e+01 3.785957e+01 4.823580e+01 3.329361e+01 4.474112e+01 3.586056e+01 2.794214e+01 2.980908e+01 2.028864e-01 4.044183e-01 5.145460e-01 6.708786e-01 1.266654e+00 1.030959e+00 1.445387e+00 1.070055e+00 1.057888e+00 9.770380e-01 8.868749e-01 9.048036e-01 2.067066e-04
<GCONST> 7.485587e+01
<MIXTURE> 111 4.337247e-03
<MEAN> 25
 -2.865949e+00 -6.546503e-01 -2.615626e-01 1.829743e+00 8.670760e-01 8.096479e-01 3.909400e-01 9.989278e-02 3.370692e-01 4.156604e-02 -5.591245e-01 1.329027e+00 -1.207949e-02 -4.660288e-02 2.962940e-02 -6.715380e-02 -4.451784e-02 6.913340e-03 1.177509e-02 -2.529370e-02 -2.700309e-01 -2.749191e-01 -3.555762e-01 -2.436015e-01 1.070407e-03
<VARIANCE> 25
 1.372654e+01 3.724693e+00 1.643633e+01 9.046065e+00 9.433748e+00 1.659794e+01 1.578650e+01 1.148571e+01 9.414960e+00 1.097727e+01 1.098501e+01 1.190053e+01 7.659209e-02 1.883225e-01 2.853514e-01 3.839355e-01 6.480693e-01 8.647494e-01 8.394095e-01 9.132949e-01 8.098413e-01 8.344604e-01 7.802017e-01 9.953372e-01 3.062331e-05
<GCONST> 5.631462e+01
<MIXTURE> 112 4.337247e-03
<MEAN> 25
 -2.865949e+00 -6.546503e-01 -2.615626e-01 1.829743e+00 8.670760e-01 8.096479e-01 3.909400e-01 9.989278e-02 3.370692e-01 4.156604e-02 -5.591245e-01 1.329027e+00 -1.207949e-02 -4.660288e-02 2.962940e-02 -6.715380e-02 -4.451784e-02 6.913340e-03 1.177509e-02 -2.529370e-02 -2.700309e-01 -2.749191e-01 -3.555762e-01 -2.436015e-01 1.070407e-03
<VARIANCE> 25
 1.372654e+01 3.724693e+00 1.643633e+01 9.046065e+00 9.433748e+00 1.659794e+01 1.578650e+01 1.148571e+01 9.414960e+00 1.097727e+01 1.098501e+01 1.190053e+01 7.659209e-02 1.883225e-01 2.853514e-01 3.839355e-01 6.480693e-01 8.647494e-01 8.394095e-01 9.132949e-01 8.098413e-01 8.344604e-01 7.802017e-01 9.953372e-01 3.062331e-05
<GCONST> 5.631462e+01
<MIXTURE> 113 5.938666e-03
<MEAN> 25
 9.976783e+00 1.754731e+00 -8.780927e+00 -1.704417e+01 -1.033821e+00 5.658616e+00 -5.281247e+00 -1.466133e+00 -5.695149e+00 -4.940501e-01 2.981467e-01 -1.979476e-01 4.824327e-03 1.387439e-02 -5.939775e-02 -1.133619e-01 1.043780e-01 1.508061e-01 5.939327e-02 3.591277e-02 -5.700792e-02 -5.102011e-02 1.795798e-01 3.515777e-02 -1.408605e-03
<VARIANCE> 25
 8.880453e+00 1.638943e+01 2.967065e+01 3.425453e+01 5.273746e+01 3.386463e+01 3.970189e+01 3.914035e+01 3.737100e+01 4.639783e+01 3.629527e+01 2.844040e+01 1.217957e-01 3.205618e-01 3.161549e-01 6.314915e-01 6.129436e-01 6.541592e-01 7.764950e-01 8.452938e-01 9.593342e-01 9.054988e-01 7.244914e-01 7.135642e-01 1.247850e-04
<GCONST> 7.110660e+01
<MIXTURE> 114 5.938666e-03
<MEAN> 25
 9.976783e+00 1.754731e+00 -8.780927e+00 -1.704417e+01 -1.033821e+00 5.658616e+00 -5.281247e+00 -1.466133e+00 -5.695149e+00 -4.940501e-01 2.981467e-01 -1.979476e-01 4.824327e-03 1.387439e-02 -5.939775e-02 -1.133619e-01 1.043780e-01 1.508061e-01 5.939327e-02 3.591277e-02 -5.700792e-02 -5.102011e-02 1.795798e-01 3.515777e-02 -1.408605e-03
<VARIANCE> 25
 8.880453e+00 1.638943e+01 2.967065e+01 3.425453e+01 5.273746e+01 3.386463e+01 3.970189e+01 3.914035e+01 3.737100e+01 4.639783e+01 3.629527e+01 2.844040e+01 1.217957e-01 3.205618e-01 3.161549e-01 6.314915e-01 6.129436e-01 6.541592e-01 7.764950e-01 8.452938e-01 9.593342e-01 9.054988e-01 7.244914e-01 7.135642e-01 1.247850e-04
<GCONST> 7.110660e+01
<MIXTURE> 115 2.935202e-03
<MEAN> 25
 -3.034452e+00 -3.790419e-01 -3.114981e+00 3.403265e+00 2.161498e+00 -1.396382e-01 1.854632e+00 7.602089e-01 1.371381e+00 4.777479e-02 3.718675e-01 2.666227e+00 1.426012e-02 -1.368394e-01 -3.304443e-01 -4.690903e-01 -6.566844e-01 -6.392147e-01 -5.401890e-01 -4.558085e-01 -5.176286e-01 -4.177674e-01 -4.610913e-01 -2.452480e-01 -7.653308e-05
<VARIANCE> 25
 1.278478e+01 9.124409e+00 1.256740e+01 1.177153e+01 1.329565e+01 1.680309e+01 1.563346e+01 1.874857e+01 1.691943e+01 1.639614e+01 1.681819e+01 1.300592e+01 1.811612e-01 3.264286e-01 5.219563e-01 6.194677e-01 5.911404e-01 7.873406e-01 9.683599e-01 1.045051e+00 9.828089e-01 9.452431e-01 1.045526e+00 1.042345e+00 1.060659e-06
<GCONST> 5.935168e+01
<MIXTURE> 116 2.935202e-03
<MEAN> 25
 -3.034452e+00 -3.790419e-01 -3.114981e+00 3.403265e+00 2.161498e+00 -1.396382e-01 1.854632e+00 7.602089e-01 1.371381e+00 4.777479e-02 3.718675e-01 2.666227e+00 1.426012e-02 -1.368394e-01 -3.304443e-01 -4.690903e-01 -6.566844e-01 -6.392147e-01 -5.401890e-01 -4.558085e-01 -5.176286e-01 -4.177674e-01 -4.610913e-01 -2.452480e-01 -7.653308e-05
<VARIANCE> 25
 1.278478e+01 9.124409e+00 1.256740e+01 1.177153e+01 1.329565e+01 1.680309e+01 1.563346e+01 1.874857e+01 1.691943e+01 1.639614e+01 1.681819e+01 1.300592e+01 1.811612e-01 3.264286e-01 5.219563e-01 6.194677e-01 5.911404e-01 7.873406e-01 9.683599e-01 1.045051e+00 9.828089e-01 9.452431e-01 1.045526e+00 1.042345e+00 1.060659e-06
<GCONST> 5.935168e+01
<MIXTURE> 117 6.506003e-03
<MEAN> 25
 -4.629633e+00 1.117708e+00 1.063038e+00 9.736222e+00 6.246317e+00 6.237021e+00 6.451645e+00 5.021027e+00 6.374108e+00 4.923880e+00 6.353062e+00 2.703192e+00 -7.615378e-02 -2.331100e-01 -3.579867e-01 -4.217389e-01 -3.664920e-01 -2.990942e-01 -2.873852e-01 -3.321013e-01 -3.898113e-01 -3.707024e-01 -2.617857e-01 -1.166146e-01 -9.692642e-06
<VARIANCE> 25
 7.243618e+00 8.725083e+00 9.858518e+00 1.440289e+01 1.562681e+01 1.541981e+01 1.773005e+01 1.808986e+01 1.639089e+01 1.633698e+01 1.674495e+01 1.471701e+01 2.164721e-01 3.073447e-01 4.259572e-01 6.163595e-01 8.516711e-01 1.057515e+00 1.174674e+00 1.230833e+00 1.221753e+00 1.194251e+00 1.166392e+00 1.111874e+00 1.000165e-06
<GCONST> 6.044057e+01
<MIXTURE> 118 6.506003e-03
<MEAN> 25
 -4.629633e+00 1.117708e+00 1.063038e+00 9.736222e+00 6.246317e+00 6.237021e+00 6.451645e+00 5.021027e+00 6.374108e+00 4.923880e+00 6.353062e+00 2.703192e+00 -7.615378e-02 -2.331100e-01 -3.579867e-01 -4.217389e-01 -3.664920e-01 -2.990942e-01 -2.873852e-01 -3.321013e-01 -3.898113e-01 -3.707024e-01 -2.617857e-01 -1.166146e-01 -9.692642e-06
<VARIANCE> 25
 7.243618e+00 8.725083e+00 9.858518e+00 1.440289e+01 1.562681e+01 1.541981e+01 1.773005e+01 1.808986e+01 1.639089e+01 1.633698e+01 1.674495e+01 1.471701e+01 2.164721e-01 3.073447e-01 4.259572e-01 6.163595e-01 8.516711e-01 1.057515e+00 1.174674e+00 1.230833e+00 1.221753e+00 1.194251e+00 1.166392e+00 1.111874e+00 1.000165e-06
<GCONST> 6.044057e+01
<MIXTURE> 119 4.297961e-03
<MEAN> 25
 -4.904290e+00 -7.404459e+00 2.358222e+00 1.991858e+00 2.232029e+00 2.350899e-01 5.224741e+00 5.722798e+00 1.203027e+00 1.049233e+00 6.342587e+00 1.581554e+00 -5.677535e-02 -8.055636e-02 4.168424e-02 -5.905441e-02 -1.369586e-01 -1.877934e-01 -6.074221e-02 -1.818729e-02 -1.014684e-01 -1.308761e-01 -6.523225e-02 -6.548360e-02 1.363748e-03
<VARIANCE> 25
 8.632524e+00 1.083449e+01 1.657140e+01 1.969767e+01 2.216325e+01 2.257370e+01 2.456624e+01 2.703216e+01 2.446467e+01 2.748586e+01 2.198384e+01 2.011320e+01 1.573303e-01 2.782667e-01 4.583912e-01 6.217028e-01 7.860471e-01 1.003778e+00 1.107191e+00 1.278153e+00 1.282565e+00 1.267454e+00 1.190894e+00 1.122637e+00 2.267340e-04
<GCONST> 6.970047e+01
<MIXTURE> 120 4.297961e-03
<MEAN> 25
 -4.904290e+00 -7.404459e+00 2.358222e+00 1.991858e+00 2.232029e+00 2.350899e-01 5.224741e+00 5.722798e+00 1.203027e+00 1.049233e+00 6.342587e+00 1.581554e+00 -5.677535e-02 -8.055636e-02 4.168424e-02 -5.905441e-02 -1.369586e-01 -1.877934e-01 -6.074221e-02 -1.818729e-02 -1.014684e-01 -1.308761e-01 -6.523225e-02 -6.548360e-02 1.363748e-03
<VARIANCE> 25
 8.632524e+00 1.083449e+01 1.657140e+01 1.969767e+01 2.216325e+01 2.257370e+01 2.456624e+01 2.703216e+01 2.446467e+01 2.748586e+01 2.198384e+01 2.011320e+01 1.573303e-01 2.782667e-01 4.583912e-01 6.217028e-01 7.860471e-01 1.003778e+00 1.107191e+00 1.278153e+00 1.282565e+00 1.267454e+00 1.190894e+00 1.122637e+00 2.267340e-04
<GCONST> 6.970047e+01
<MIXTURE> 121 4.567511e-03
<MEAN> 25
 -1.429171e+00 -1.660588e+00 3.067903e+00 -1.304205e+01 -1.174744e+01 -1.779792e+00 2.735834e+00 -6.997566e+00 -3.327293e+00 -1.534950e+00 -5.154701e+00 -4.009893e+00 -2.569655e-02 3.087807e-01 9.152961e-04 5.839003e-02 -1.126719e-01 3.303315e-02 -3.247960e-01 -6.712200e-02 -1.316228e-01 -2.646286e-02 6.675610e-02 -2.990823e-02 -6.413097e-03
<VARIANCE> 25
 9.048668e+00 1.347970e+01 1.797811e+01 1.414478e+01 1.847483e+01 1.992981e+01 2.898860e+01 2.241212e+01 2.805669e+01 2.127868e+01 1.660221e+01 1.627759e+01 1.459605e-01 6.558148e-01 4.502270e-01 5.407001e-01 7.584131e-01 8.831146e-01 1.309099e+00 9.484791e-01 1.512746e+00 1.102124e+00 9.760520e-01 8.942385e-01 1.522499e-04
<GCONST> 6.830721e+01
<MIXTURE> 122 4.567511e-03
<MEAN> 25
 -1.429171e+00 -1.660588e+00 3.067903e+00 -1.304205e+01 -1.174744e+01 -1.779792e+00 2.735834e+00 -6.997566e+00 -3.327293e+00 -1.534950e+00 -5.154701e+00 -4.009893e+00 -2.569655e-02 3.087807e-01 9.152961e-04 5.839003e-02 -1.126719e-01 3.303315e-02 -3.247960e-01 -6.712200e-02 -1.316228e-01 -2.646286e-02 6.675610e-02 -2.990823e-02 -6.413097e-03
<VARIANCE> 25
 9.048668e+00 1.347970e+01 1.797811e+01 1.414478e+01 1.847483e+01 1.992981e+01 2.898860e+01 2.241212e+01 2.805669e+01 2.127868e+01 1.660221e+01 1.627759e+01 1.459605e-01 6.558148e-01 4.502270e-01 5.407001e-01 7.584131e-01 8.831146e-01 1.309099e+00 9.484791e-01 1.512746e+00 1.102124e+00 9.760520e-01 8.942385e-01 1.522499e-04
<GCONST> 6.830721e+01
<MIXTURE> 123 4.393044e-03
<MEAN> 25
 -3.142713e+00 7.895733e-01 5.068644e-01 5.779730e+00 4.496124e+00 3.146413e+00 2.616933e+00 4.759319e-01 6.807728e-01 2.813502e-01 -2.121369e-01 7.837247e-01 -4.217176e-01 -6.917771e-01 -7.937778e-01 -6.680645e-01 -2.116941e-01 3.359872e-02 4.395886e-01 5.131195e-01 6.533720e-01 5.987740e-01 5.105346e-01 2.702923e-01 -2.051848e-03
<VARIANCE> 25
 1.287822e+01 8.154703e+00 1.692338e+01 1.607114e+01 1.845862e+01 2.432402e+01 2.476730e+01 1.919707e+01 1.809605e+01 1.572471e+01 2.095565e+01 1.555471e+01 3.282067e-01 3.192310e-01 4.414413e-01 6.529444e-01 1.076061e+00 1.210343e+00 1.132144e+00 1.043876e+00 1.111063e+00 1.084139e+00 1.191980e+00 1.424300e+00 1.043036e-04
<GCONST> 6.839429e+01
<MIXTURE> 124 4.069876e-03
<MEAN> 25
 -5.892516e+00 -1.098498e+00 -2.574054e+00 5.140655e+00 4.683828e+00 3.335968e+00 5.055228e+00 2.561320e+00 3.175000e+00 1.474808e+00 9.688418e-01 2.904159e+00 -2.148375e-01 -3.363307e-01 -3.740109e-01 -2.177884e-01 1.067039e-01 5.019581e-01 8.280608e-01 7.705433e-01 6.554185e-01 2.923055e-01 5.306185e-02 -7.552788e-02 2.257494e-04
<VARIANCE> 25
 1.465830e+01 6.571339e+00 1.329514e+01 1.196092e+01 1.204263e+01 1.868402e+01 1.770432e+01 1.689541e+01 1.478597e+01 1.529470e+01 1.908629e+01 1.380373e+01 1.015407e-01 1.679678e-01 2.677874e-01 4.166324e-01 5.870380e-01 7.268257e-01 7.526931e-01 8.565229e-01 9.092982e-01 1.010910e+00 1.021576e+00 1.016434e+00 2.172951e-05
<GCONST> 5.935725e+01
<MIXTURE> 125 4.069876e-03
<MEAN> 25
 -5.892516e+00 -1.098498e+00 -2.574054e+00 5.140655e+00 4.683828e+00 3.335968e+00 5.055228e+00 2.561320e+00 3.175000e+00 1.474808e+00 9.688418e-01 2.904159e+00 -2.148375e-01 -3.363307e-01 -3.740109e-01 -2.177884e-01 1.067039e-01 5.019581e-01 8.280608e-01 7.705433e-01 6.554185e-01 2.923055e-01 5.306185e-02 -7.552788e-02 2.257494e-04
<VARIANCE> 25
 1.465830e+01 6.571339e+00 1.329514e+01 1.196092e+01 1.204263e+01 1.868402e+01 1.770432e+01 1.689541e+01 1.478597e+01 1.529470e+01 1.908629e+01 1.380373e+01 1.015407e-01 1.679678e-01 2.677874e-01 4.166324e-01 5.870380e-01 7.268257e-01 7.526931e-01 8.565229e-01 9.092982e-01 1.010910e+00 1.021576e+00 1.016434e+00 2.172951e-05
<GCONST> 5.935725e+01
<MIXTURE> 126 2.402244e-03
<MEAN> 25
 -3.685572e+00 -6.808252e+00 -5.144252e+00 2.318420e+00 4.221936e+00 -3.152147e+00 3.103679e-02 3.533936e+00 3.272357e+00 -2.585494e+00 -1.456776e+00 3.027851e+00 -3.988212e-03 -8.744855e-03 -2.037705e-02 -1.620245e-01 -3.273283e-01 -3.924161e-01 -2.798373e-01 -1.534543e-01 -1.268754e-01 -1.309161e-01 -1.162961e-01 -2.978695e-02 -1.186265e-03
<VARIANCE> 25
 7.805887e+00 1.312359e+01 1.467877e+01 1.488287e+01 2.434767e+01 2.357218e+01 2.252547e+01 2.808724e+01 3.113088e+01 2.637696e+01 2.158514e+01 1.892879e+01 1.700672e-01 3.471898e-01 4.932995e-01 5.621665e-01 7.521011e-01 9.930378e-01 1.118124e+00 1.247087e+00 1.318847e+00 1.326902e+00 1.209831e+00 1.142916e+00 2.123253e-04
<GCONST> 6.984349e+01
<MIXTURE> 127 2.402244e-03
<MEAN> 25
 -3.685572e+00 -6.808252e+00 -5.144252e+00 2.318420e+00 4.221936e+00 -3.152147e+00 3.103679e-02 3.533936e+00 3.272357e+00 -2.585494e+00 -1.456776e+00 3.027851e+00 -3.988212e-03 -8.744855e-03 -2.037705e-02 -1.620245e-01 -3.273283e-01 -3.924161e-01 -2.798373e-01 -1.534543e-01 -1.268754e-01 -1.309161e-01 -1.162961e-01 -2.978695e-02 -1.186265e-03
<VARIANCE> 25
 7.805887e+00 1.312359e+01 1.467877e+01 1.488287e+01 2.434767e+01 2.357218e+01 2.252547e+01 2.808724e+01 3.113088e+01 2.637696e+01 2.158514e+01 1.892879e+01 1.700672e-01 3.471898e-01 4.932995e-01 5.621665e-01 7.521011e-01 9.930378e-01 1.118124e+00 1.247087e+00 1.318847e+00 1.326902e+00 1.209831e+00 1.142916e+00 2.123253e-04
<GCONST> 6.984349e+01
<MIXTURE> 128 3.790457e-03
<MEAN> 25
 -3.413288e+00 1.335202e+00 -6.438155e-01 6.366576e+00 3.554327e+00 1.703345e+00 2.805637e+00 2.458849e+00 3.642028e+00 4.048404e+00 3.363744e+00 3.312562e+00 -4.808299e-01 -1.870183e-01 2.829009e-03 6.150272e-01 1.238321e+00 1.007060e+00 8.166759e-01 2.761335e-01 -4.557095e-01 -6.504037e-01 -7.200751e-01 -4.413974e-01 -1.586257e-04
<VARIANCE> 25
 1.214202e+01 1.122190e+01 1.480128e+01 1.823109e+01 1.854952e+01 1.989164e+01 2.876250e+01 2.280721e+01 2.556001e+01 2.342832e+01 2.635576e+01 1.719401e+01 9.093817e-01 1.056548e+00 1.362375e+00 1.514089e+00 1.506310e+00 1.890476e+00 2.185587e+00 2.375319e+00 1.976359e+00 1.921576e+00 1.617261e+00 1.634101e+00 1.118540e-06
<GCONST> 7.334772e+01
<TRANSP> 3
 0.000000e+00 1.000000e+00 0.000000e+00
 0.000000e+00 9.999990e-01 9.999998e-07
 0.000000e+00 0.000000e+00 0.000000e+00
<ENDHMM>
