~o
<STREAMINFO> 1 25
<VECSIZE> 25<NULLD><MFCC_E_D_N><DIAGC>
~h "jmodel"
<BEGINHMM>
<NUMSTATES> 3
<STATE> 2
<NUMMIXES> 128
<MIXTURE> 1 5.748963e-03
<MEAN> 25
 -2.584069e+00 3.181165e+00 2.312101e+00 8.754951e+00 4.371923e+00 3.449100e+00 4.062331e+00 3.935408e+00 5.832182e+00 5.253361e+00 5.884191e+00 3.080029e+00 -2.004558e+00 -1.634780e+00 -8.643214e-01 1.076133e+00 1.560754e+00 2.232474e+00 2.154503e+00 2.084999e+00 1.693580e+00 1.269909e+00 1.567608e+00 6.134303e-01 -4.692555e-02
<VARIANCE> 25
 1.006331e+01 1.176170e+01 1.494464e+01 1.868291e+01 2.319117e+01 2.215199e+01 2.189591e+01 2.197574e+01 2.099906e+01 2.253657e+01 2.095403e+01 1.708610e+01 1.789314e+00 2.111844e+00 3.025953e+00 3.209660e+00 3.739500e+00 3.356607e+00 3.318962e+00 3.380315e+00 3.521389e+00 3.727226e+00 3.513746e+00 2.834139e+00 3.121519e-03
<GCONST> 8.846459e+01
<MIXTURE> 2 4.549242e-03
<MEAN> 25
 -4.873131e+00 1.309322e+00 9.942822e-01 9.896036e+00 6.689638e+00 7.420749e+00 7.843601e+00 6.956636e+00 8.371570e+00 6.374079e+00 7.624081e+00 3.075190e+00 -6.205929e-02 4.143000e-02 1.428927e-01 2.262759e-01 2.653982e-01 2.816960e-01 2.948906e-01 3.195732e-01 3.502401e-01 3.089952e-01 1.967461e-01 7.999532e-02 2.346819e-06
<VARIANCE> 25
 6.960029e+00 8.908154e+00 1.064538e+01 1.592738e+01 1.723891e+01 1.558259e+01 1.691117e+01 1.847900e+01 1.658278e+01 1.738099e+01 1.810158e+01 1.433248e+01 1.251867e-01 2.265663e-01 3.365996e-01 4.672257e-01 6.490184e-01 8.146269e-01 9.298843e-01 1.002913e+00 1.052094e+00 1.077278e+00 1.075553e+00 1.013412e+00 1.001967e-06
<GCONST> 5.804570e+01
<MIXTURE> 3 4.549242e-03
<MEAN> 25
 -4.873131e+00 1.309322e+00 9.942822e-01 9.896036e+00 6.689638e+00 7.420749e+00 7.843601e+00 6.956636e+00 8.371570e+00 6.374079e+00 7.624081e+00 3.075190e+00 -6.205929e-02 4.143000e-02 1.428927e-01 2.262759e-01 2.653982e-01 2.816960e-01 2.948906e-01 3.195732e-01 3.502401e-01 3.089952e-01 1.967461e-01 7.999532e-02 2.346819e-06
<VARIANCE> 25
 6.960029e+00 8.908154e+00 1.064538e+01 1.592738e+01 1.723891e+01 1.558259e+01 1.691117e+01 1.847900e+01 1.658278e+01 1.738099e+01 1.810158e+01 1.433248e+01 1.251867e-01 2.265663e-01 3.365996e-01 4.672257e-01 6.490184e-01 8.146269e-01 9.298843e-01 1.002913e+00 1.052094e+00 1.077278e+00 1.075553e+00 1.013412e+00 1.001967e-06
<GCONST> 5.804570e+01
<MIXTURE> 4 1.671429e-02
<MEAN> 25
 3.441306e+00 2.550884e+00 -3.800864e+00 9.392669e-01 4.324522e+00 -2.123193e-01 7.338279e-02 9.893748e-03 1.507305e+00 1.302673e+00 -1.888625e+00 1.038184e-01 -2.771912e+00 1.218143e+00 1.778053e+00 3.092285e+00 9.218850e-01 5.017809e-01 1.518140e+00 1.044216e+00 9.764653e-01 4.321720e-01 1.241757e+00 9.000140e-01 -1.041093e-01
<VARIANCE> 25
 2.117721e+01 2.952871e+01 2.922071e+01 3.982624e+01 4.574348e+01 6.881132e+01 6.535010e+01 5.379182e+01 5.544954e+01 6.222224e+01 4.980361e+01 3.594460e+01 2.349733e+00 5.057307e+00 3.736769e+00 4.945593e+00 5.022031e+00 6.164487e+00 6.105484e+00 5.576899e+00 5.969853e+00 6.437443e+00 6.122052e+00 4.466148e+00 6.090067e-03
<GCONST> 1.055087e+02
<MIXTURE> 5 3.206198e-03
<MEAN> 25
 -3.416857e+00 2.181109e+00 6.103905e-01 9.428342e+00 6.696776e+00 6.315774e+00 7.112164e+00 4.723330e+00 5.495811e+00 3.848057e+00 4.658551e+00 2.606634e+00 -3.246298e-01 7.528568e-01 1.224794e+00 1.032635e+00 3.076745e-01 -1.001523e-01 -8.380602e-02 3.355186e-02 4.580481e-01 6.837360e-01 4.038829e-01 8.807526e-02 -2.771063e-05
<VARIANCE> 25
 1.025115e+01 1.394281e+01 2.348539e+01 2.561948e+01 2.022223e+01 1.942611e+01 2.011404e+01 2.035850e+01 2.141884e+01 2.128299e+01 2.409676e+01 1.635922e+01 1.210022e+00 1.244340e+00 1.357112e+00 1.673444e+00 2.284754e+00 2.376228e+00 2.301435e+00 2.275367e+00 2.315814e+00 2.238147e+00 2.085491e+00 1.873869e+00 1.000020e-06
<GCONST> 7.516623e+01
<MIXTURE> 6 5.475854e-03
<MEAN> 25
 9.699152e+00 -4.179217e-01 -6.689250e+00 -1.104042e+01 -2.115574e+00 6.732177e+00 -5.899190e+00 -5.295032e+00 -3.655948e+00 1.831682e+00 4.644567e+00 -1.251745e+00 4.851641e-01 8.962094e-01 -3.510021e-01 -1.468247e+00 -6.381690e-01 1.314611e+00 1.536109e+00 2.469665e-01 -1.218767e+00 -1.217275e+00 3.237939e-01 1.228779e+00 -8.166268e-03
<VARIANCE> 25
 8.984361e+00 1.707183e+01 2.396048e+01 3.916641e+01 3.677147e+01 3.065448e+01 4.406002e+01 3.806354e+01 4.074453e+01 3.947402e+01 4.209066e+01 2.840832e+01 3.114860e-01 8.569873e-01 9.451819e-01 1.977939e+00 1.605186e+00 2.015352e+00 1.919534e+00 2.051921e+00 2.397794e+00 1.965322e+00 2.246389e+00 1.437565e+00 5.857495e-04
<GCONST> 8.387553e+01
<MIXTURE> 7 5.475854e-03
<MEAN> 25
 9.699152e+00 -4.179217e-01 -6.689250e+00 -1.104042e+01 -2.115574e+00 6.732177e+00 -5.899190e+00 -5.295032e+00 -3.655948e+00 1.831682e+00 4.644567e+00 -1.251745e+00 4.851641e-01 8.962094e-01 -3.510021e-01 -1.468247e+00 -6.381690e-01 1.314611e+00 1.536109e+00 2.469665e-01 -1.218767e+00 -1.217275e+00 3.237939e-01 1.228779e+00 -8.166268e-03
<VARIANCE> 25
 8.984361e+00 1.707183e+01 2.396048e+01 3.916641e+01 3.677147e+01 3.065448e+01 4.406002e+01 3.806354e+01 4.074453e+01 3.947402e+01 4.209066e+01 2.840832e+01 3.114860e-01 8.569873e-01 9.451819e-01 1.977939e+00 1.605186e+00 2.015352e+00 1.919534e+00 2.051921e+00 2.397794e+00 1.965322e+00 2.246389e+00 1.437565e+00 5.857495e-04
<GCONST> 8.387553e+01
<MIXTURE> 8 1.165917e-02
<MEAN> 25
 -4.730123e+00 1.362709e+00 1.292746e+00 9.559259e+00 6.575033e+00 6.254639e+00 6.479629e+00 5.688724e+00 6.658986e+00 5.632423e+00 6.573447e+00 3.152837e+00 -6.297633e-01 -1.425797e+00 -1.071264e+00 -1.731203e+00 -2.311509e-01 -9.455952e-01 -1.777998e-01 -2.895837e-01 -2.531086e-01 -1.740834e-01 -2.134234e-01 8.123000e-02 9.888784e-02
<VARIANCE> 25
 9.339998e+00 9.846885e+00 1.161048e+01 1.605736e+01 1.663632e+01 1.570989e+01 1.813037e+01 1.751074e+01 1.704241e+01 1.737427e+01 1.887456e+01 1.399792e+01 2.757155e+00 2.815231e+00 3.906932e+00 3.761690e+00 3.455796e+00 3.315754e+00 3.128807e+00 3.080804e+00 2.871933e+00 2.655710e+00 2.434741e+00 1.901986e+00 6.682348e-03
<GCONST> 8.628776e+01
<MIXTURE> 9 1.199672e-02
<MEAN> 25
 9.301920e+00 3.394484e+00 -6.209800e+00 -1.067620e+01 -2.213480e+00 4.968994e+00 -2.208714e+00 -2.304523e+00 -5.395258e+00 -1.256771e+00 5.693449e-01 -1.029423e-02 1.441238e+00 -1.286786e-01 -4.914103e-01 -2.704859e+00 -1.646775e+00 8.552940e-01 -9.725385e-01 -2.307305e-01 -1.804392e-01 -5.770796e-01 6.150074e-01 -1.526492e-01 7.334769e-02
<VARIANCE> 25
 1.221827e+01 2.140644e+01 3.355610e+01 5.350341e+01 5.017757e+01 3.229093e+01 4.320257e+01 5.216835e+01 4.207879e+01 4.159647e+01 3.612024e+01 2.692383e+01 2.088160e+00 2.451010e+00 4.573507e+00 4.876288e+00 5.010317e+00 4.096212e+00 4.237762e+00 6.042561e+00 5.039406e+00 4.079877e+00 4.016107e+00 2.804699e+00 2.212843e-03
<GCONST> 9.879801e+01
<MIXTURE> 10 6.596976e-03
<MEAN> 25
 8.210022e-01 7.634313e+00 5.375926e+00 7.148977e+00 1.587367e+00 -2.115169e+00 -5.182000e-01 -1.685360e+00 8.743951e-01 8.599638e-01 8.389928e-01 6.573715e-01 -1.924924e+00 -6.733305e-01 -4.586004e-01 3.028201e+00 2.463262e+00 2.710460e+00 2.373896e+00 2.277879e+00 1.861635e+00 1.545148e+00 2.335878e+00 5.248780e-01 -1.381426e-01
<VARIANCE> 25
 1.954177e+01 2.068609e+01 2.230450e+01 2.906110e+01 3.831301e+01 3.494062e+01 3.514576e+01 3.384111e+01 2.761295e+01 2.904956e+01 2.695902e+01 2.501452e+01 2.234882e+00 3.426173e+00 5.535573e+00 5.169562e+00 5.552361e+00 4.469530e+00 4.699831e+00 4.843585e+00 4.388580e+00 5.021100e+00 4.442196e+00 3.191082e+00 2.696810e-03
<GCONST> 9.745960e+01
<MIXTURE> 11 1.633820e-02
<MEAN> 25
 7.836344e+00 4.290758e+00 3.547695e+00 5.223315e+00 -3.252067e+00 -2.076122e+00 -2.448032e+00 -6.536091e+00 -3.583330e+00 1.397393e-01 -2.615503e+00 -2.237976e+00 -2.581330e-01 5.263449e-01 1.690471e-01 2.713301e-01 4.989802e-01 -6.089381e-02 2.716815e-01 -1.629205e-01 -1.879696e-01 -3.360662e-02 -1.458384e-01 1.563814e-01 -1.692243e-02
<VARIANCE> 25
 1.096309e+01 2.453204e+01 2.025125e+01 3.141858e+01 3.920557e+01 3.910054e+01 4.858975e+01 4.374766e+01 4.366085e+01 3.595654e+01 3.538633e+01 2.917811e+01 9.475822e-01 1.250841e+00 1.701658e+00 2.227665e+00 2.090274e+00 2.185831e+00 2.146275e+00 2.798407e+00 2.160818e+00 1.975346e+00 1.880108e+00 1.596733e+00 9.665982e-04
<GCONST> 8.771577e+01
<MIXTURE> 12 5.904134e-03
<MEAN> 25
 1.076560e+01 3.743735e+00 -4.502602e+00 -1.599388e+01 -8.696410e+00 8.642797e+00 -8.969009e-01 -1.922052e+00 -1.722980e+00 -4.886589e+00 1.774710e+00 7.166889e-01 6.774627e-02 2.937798e-01 7.962041e-02 -3.682872e-01 -3.103059e-01 2.955552e-02 3.055291e-01 4.477949e-01 1.410529e-01 -3.846962e-01 -3.855875e-01 5.392561e-02 -6.303085e-03
<VARIANCE> 25
 8.882922e+00 2.100217e+01 2.335674e+01 3.503046e+01 4.206025e+01 3.095905e+01 4.179796e+01 4.898256e+01 4.406412e+01 3.738961e+01 3.799839e+01 2.892757e+01 2.468068e-01 6.883447e-01 6.860434e-01 1.169912e+00 1.186473e+00 1.053881e+00 1.171063e+00 1.386203e+00 1.240587e+00 1.222250e+00 1.221483e+00 9.564718e-01 5.786435e-04
<GCONST> 7.892069e+01
<MIXTURE> 13 5.904134e-03
<MEAN> 25
 1.076560e+01 3.743735e+00 -4.502602e+00 -1.599388e+01 -8.696410e+00 8.642797e+00 -8.969009e-01 -1.922052e+00 -1.722980e+00 -4.886589e+00 1.774710e+00 7.166889e-01 6.774627e-02 2.937798e-01 7.962041e-02 -3.682872e-01 -3.103059e-01 2.955552e-02 3.055291e-01 4.477949e-01 1.410529e-01 -3.846962e-01 -3.855875e-01 5.392561e-02 -6.303085e-03
<VARIANCE> 25
 8.882922e+00 2.100217e+01 2.335674e+01 3.503046e+01 4.206025e+01 3.095905e+01 4.179796e+01 4.898256e+01 4.406412e+01 3.738961e+01 3.799839e+01 2.892757e+01 2.468068e-01 6.883447e-01 6.860434e-01 1.169912e+00 1.186473e+00 1.053881e+00 1.171063e+00 1.386203e+00 1.240587e+00 1.222250e+00 1.221483e+00 9.564718e-01 5.786435e-04
<GCONST> 7.892069e+01
<MIXTURE> 14 6.488954e-03
<MEAN> 25
 -4.317510e+00 -3.804747e-01 -3.111962e-01 8.908163e+00 7.511671e+00 7.375840e+00 7.827271e+00 7.325919e+00 7.251694e+00 5.227132e+00 6.863679e+00 4.098972e+00 -2.739073e-01 1.935307e-01 3.649636e-01 3.103639e-01 6.931191e-03 6.004700e-02 9.697202e-02 1.774190e-01 2.955721e-01 5.405242e-01 5.074356e-01 7.573792e-02 -9.345146e-03
<VARIANCE> 25
 9.291203e+00 1.385282e+01 1.861904e+01 1.785182e+01 2.091691e+01 1.961599e+01 2.152081e+01 2.062561e+01 2.007602e+01 2.390396e+01 2.140791e+01 1.599692e+01 9.622409e-01 1.640231e+00 1.773915e+00 1.935032e+00 2.244776e+00 2.257412e+00 2.255076e+00 2.240404e+00 2.284635e+00 2.509670e+00 2.197390e+00 1.813815e+00 1.029497e-03
<GCONST> 8.191567e+01
<MIXTURE> 15 2.475190e-03
<MEAN> 25
 -5.394252e+00 -6.552446e-01 -1.941694e-01 7.338725e+00 5.695266e+00 5.667182e+00 6.034594e+00 4.974093e+00 5.161168e+00 4.170162e+00 5.506474e+00 2.540740e+00 -1.213807e-01 -3.027744e-02 7.980426e-02 2.467593e-01 4.882355e-01 7.852200e-01 1.063479e+00 1.179802e+00 1.059976e+00 7.550964e-01 4.145531e-01 1.514554e-01 -6.679272e-05
<VARIANCE> 25
 7.093508e+00 5.610168e+00 8.988496e+00 1.286935e+01 1.408810e+01 1.439738e+01 1.494559e+01 1.483057e+01 1.404014e+01 1.423227e+01 1.505282e+01 1.247461e+01 1.241036e-01 2.056112e-01 3.228742e-01 5.037601e-01 6.958830e-01 7.929097e-01 7.724833e-01 7.915199e-01 9.068567e-01 1.020030e+00 1.074052e+00 1.036225e+00 2.789926e-05
<GCONST> 5.859870e+01
<MIXTURE> 16 2.475190e-03
<MEAN> 25
 -5.394252e+00 -6.552446e-01 -1.941694e-01 7.338725e+00 5.695266e+00 5.667182e+00 6.034594e+00 4.974093e+00 5.161168e+00 4.170162e+00 5.506474e+00 2.540740e+00 -1.213807e-01 -3.027744e-02 7.980426e-02 2.467593e-01 4.882355e-01 7.852200e-01 1.063479e+00 1.179802e+00 1.059976e+00 7.550964e-01 4.145531e-01 1.514554e-01 -6.679272e-05
<VARIANCE> 25
 7.093508e+00 5.610168e+00 8.988496e+00 1.286935e+01 1.408810e+01 1.439738e+01 1.494559e+01 1.483057e+01 1.404014e+01 1.423227e+01 1.505282e+01 1.247461e+01 1.241036e-01 2.056112e-01 3.228742e-01 5.037601e-01 6.958830e-01 7.929097e-01 7.724833e-01 7.915199e-01 9.068567e-01 1.020030e+00 1.074052e+00 1.036225e+00 2.789926e-05
<GCONST> 5.859870e+01
<MIXTURE> 17 9.518312e-03
<MEAN> 25
 3.763098e+00 -7.758820e-01 6.420508e+00 2.400448e+00 -6.000459e+00 -6.391981e+00 -3.137383e+00 -1.416662e-01 -2.675427e+00 -3.277329e+00 6.571410e-02 -1.562778e-02 -7.667459e-01 -1.220272e+00 1.309121e+00 -2.135090e+00 -2.366643e+00 -1.556692e-01 1.857471e-01 7.669390e-01 -2.796934e-01 -1.789439e-01 1.034852e+00 4.026845e-01 8.242735e-02
<VARIANCE> 25
 1.657679e+01 3.164213e+01 3.007373e+01 3.968561e+01 4.498662e+01 4.892831e+01 4.233086e+01 3.428764e+01 3.555336e+01 2.700007e+01 2.810260e+01 2.806023e+01 1.832849e+00 2.705845e+00 4.016016e+00 3.083929e+00 4.101543e+00 5.483687e+00 4.995796e+00 4.721919e+00 4.077323e+00 4.040157e+00 3.065982e+00 2.733894e+00 2.127224e-03
<GCONST> 9.697478e+01
<MIXTURE> 18 1.221018e-02
<MEAN> 25
 3.954061e+00 4.622151e+00 6.747114e+00 4.742445e+00 -4.614766e+00 -8.359809e+00 -1.743262e+00 -1.171520e+00 -3.371185e+00 -2.455092e+00 -8.812256e-01 5.775471e-01 -7.618659e-01 2.161535e+00 -1.998896e-01 2.032720e+00 3.117732e+00 1.484879e+00 8.039346e-01 -2.110709e-01 6.188697e-01 5.194466e-01 -2.900206e-01 -6.144556e-02 -1.239143e-01
<VARIANCE> 25
 1.609131e+01 2.533161e+01 3.288732e+01 2.616899e+01 4.005231e+01 3.366455e+01 3.867969e+01 3.512818e+01 3.920850e+01 3.453923e+01 3.254029e+01 3.097635e+01 2.563442e+00 3.033561e+00 4.736678e+00 4.049765e+00 4.091789e+00 4.671976e+00 4.657702e+00 4.455297e+00 4.489407e+00 4.314713e+00 4.571210e+00 3.628131e+00 4.105690e-03
<GCONST> 9.852769e+01
<MIXTURE> 19 9.912824e-03
<MEAN> 25
 -1.011137e+01 1.817618e+00 3.313562e-01 1.085396e+00 3.988667e+00 1.552101e+00 3.382910e+00 1.181396e+00 2.071505e+00 1.181078e+00 1.108041e+00 2.010523e+00 2.086205e+00 1.738856e+00 2.152887e+00 7.401695e-01 -1.054134e+00 -1.027099e+00 -1.049560e+00 -1.419804e+00 -1.503920e+00 -1.147154e+00 -8.372177e-01 -8.092108e-01 1.213262e-03
<VARIANCE> 25
 5.357412e+01 3.004507e+01 4.808204e+01 5.332280e+01 3.362678e+01 3.282431e+01 3.116221e+01 2.986927e+01 2.840614e+01 2.691963e+01 3.010238e+01 1.977184e+01 2.397345e+00 2.230724e+00 2.202281e+00 2.351174e+00 2.553491e+00 2.232402e+00 2.439127e+00 2.389250e+00 2.098778e+00 2.032579e+00 2.234930e+00 1.764892e+00 2.396361e-03
<GCONST> 9.166423e+01
<MIXTURE> 20 6.308331e-03
<MEAN> 25
 -1.418075e+01 7.415809e+00 8.454672e-01 6.151757e+00 4.842961e+00 1.637230e+00 5.208876e+00 8.537663e-01 9.222490e-01 7.985722e-01 2.568077e+00 -3.018837e-01 -3.285764e+00 -8.668720e-01 -1.565098e+00 3.325784e-01 1.540909e+00 2.063048e+00 1.979143e+00 2.056223e+00 2.144586e+00 2.040195e+00 1.684547e+00 9.452684e-01 4.732099e-02
<VARIANCE> 25
 1.966877e+01 2.345595e+01 3.095923e+01 3.717741e+01 3.085247e+01 2.788874e+01 2.993299e+01 3.147309e+01 2.796215e+01 2.821231e+01 2.516149e+01 2.092154e+01 2.092339e+00 2.182103e+00 1.909871e+00 2.541192e+00 2.702811e+00 2.313047e+00 2.310090e+00 2.319857e+00 2.235274e+00 2.652086e+00 2.241811e+00 1.865550e+00 1.886285e-03
<GCONST> 8.921899e+01
<MIXTURE> 21 7.928653e-03
<MEAN> 25
 4.005219e+00 -4.530559e+00 5.774127e+00 -1.546722e+00 -1.058234e+01 -8.726999e+00 -2.615549e+00 4.175392e+00 -2.071779e+00 -3.409742e+00 2.442310e-01 3.409849e-01 -7.193651e-01 1.341554e+00 2.589187e+00 -4.481116e-02 -1.551968e+00 3.355805e-01 5.888603e-01 -1.497998e+00 -1.958170e+00 3.137524e-01 1.326481e+00 2.465947e-01 -1.278086e-02
<VARIANCE> 25
 8.903028e+00 1.872970e+01 2.966364e+01 2.840550e+01 2.856753e+01 3.320150e+01 4.294389e+01 3.936412e+01 4.292862e+01 3.159972e+01 3.382719e+01 2.323629e+01 3.763815e-01 9.497654e-01 1.855683e+00 1.290512e+00 2.212053e+00 2.188020e+00 3.641535e+00 2.501219e+00 2.161388e+00 2.595660e+00 2.017696e+00 2.285038e+00 4.286739e-04
<GCONST> 8.509604e+01
<MIXTURE> 22 8.827789e-03
<MEAN> 25
 -1.792091e+01 7.154785e+00 -4.131347e+00 7.392482e+00 4.602546e+00 2.761039e+00 8.399819e+00 1.748462e+00 5.379299e+00 3.301012e+00 5.716434e+00 1.185148e+00 -3.095726e-01 -2.075880e-01 -1.255633e-01 -1.492641e-01 -7.208806e-03 1.369678e-01 1.807591e-01 1.779423e-01 2.484757e-01 2.073076e-01 1.726615e-01 1.924446e-01 8.857626e-03
<VARIANCE> 25
 8.116920e+00 1.682541e+01 1.738343e+01 2.517213e+01 2.289636e+01 2.083704e+01 1.943101e+01 1.871084e+01 1.813996e+01 2.086667e+01 1.924184e+01 1.378720e+01 1.090756e+00 1.357369e+00 1.363971e+00 1.572030e+00 1.408815e+00 1.526971e+00 1.508942e+00 1.532825e+00 1.614233e+00 1.544764e+00 1.357418e+00 1.168007e+00 1.745583e-03
<GCONST> 7.830949e+01
<MIXTURE> 23 6.455497e-03
<MEAN> 25
 7.640852e+00 2.340727e+00 2.906546e+00 2.239785e+00 -4.710635e+00 -3.102676e+00 -4.171649e+00 -6.250491e+00 -3.335531e+00 -9.281965e-01 -3.944374e+00 -2.117011e+00 3.185485e-02 1.618956e-01 8.357381e-03 4.476539e-02 -1.747795e-02 3.074977e-02 9.175544e-03 -5.730982e-02 -1.058424e-03 5.721809e-02 -1.702480e-02 2.651874e-02 -4.387278e-03
<VARIANCE> 25
 1.163074e+01 2.142953e+01 2.370589e+01 3.954419e+01 3.697949e+01 5.152054e+01 5.652079e+01 5.363591e+01 4.623302e+01 4.599402e+01 4.724749e+01 3.853732e+01 1.195311e-01 2.978376e-01 3.792730e-01 4.853034e-01 6.086432e-01 7.143131e-01 7.822009e-01 8.800753e-01 8.920012e-01 8.654481e-01 8.451832e-01 7.752852e-01 8.638785e-05
<GCONST> 7.277449e+01
<MIXTURE> 24 6.455497e-03
<MEAN> 25
 7.640852e+00 2.340727e+00 2.906546e+00 2.239785e+00 -4.710635e+00 -3.102676e+00 -4.171649e+00 -6.250491e+00 -3.335531e+00 -9.281965e-01 -3.944374e+00 -2.117011e+00 3.185485e-02 1.618956e-01 8.357381e-03 4.476539e-02 -1.747795e-02 3.074977e-02 9.175544e-03 -5.730982e-02 -1.058424e-03 5.721809e-02 -1.702480e-02 2.651874e-02 -4.387278e-03
<VARIANCE> 25
 1.163074e+01 2.142953e+01 2.370589e+01 3.954419e+01 3.697949e+01 5.152054e+01 5.652079e+01 5.363591e+01 4.623302e+01 4.599402e+01 4.724749e+01 3.853732e+01 1.195311e-01 2.978376e-01 3.792730e-01 4.853034e-01 6.086432e-01 7.143131e-01 7.822009e-01 8.800753e-01 8.920012e-01 8.654481e-01 8.451832e-01 7.752852e-01 8.638785e-05
<GCONST> 7.277449e+01
<MIXTURE> 25 1.118642e-02
<MEAN> 25
 2.931354e-01 3.480237e+00 1.678400e+01 -1.033899e+00 -1.132822e+01 -1.759307e+00 -4.991665e+00 -2.948669e+00 -6.940303e+00 -5.447989e+00 4.102437e+00 -1.643459e+00 -1.352201e-01 4.403902e-01 1.690941e-01 1.508826e-01 2.162627e-01 1.107824e-01 1.928268e-01 -1.686455e-01 -2.479234e-01 7.493514e-02 -7.360861e-02 -1.070137e-01 -1.291715e-02
<VARIANCE> 25
 8.852038e+00 2.222259e+01 2.091782e+01 2.866927e+01 3.165796e+01 4.108219e+01 2.735568e+01 2.998023e+01 2.836267e+01 3.660189e+01 2.094499e+01 2.760087e+01 5.958050e-01 1.444722e+00 1.404639e+00 1.383187e+00 2.276171e+00 2.037408e+00 1.747773e+00 1.630438e+00 1.536688e+00 1.649341e+00 1.348236e+00 1.297700e+00 1.282466e-03
<GCONST> 8.273609e+01
<MIXTURE> 26 7.727677e-03
<MEAN> 25
 2.175020e+00 -6.447984e+00 -1.038861e+01 -6.949075e-01 8.005634e+00 5.485184e+00 4.059239e+00 -2.775760e-01 2.280372e+00 -9.555833e-01 -2.901446e+00 -9.954269e-01 -6.523050e-01 6.286121e-01 3.648017e-01 6.964645e-01 1.746873e-01 2.420040e-01 2.877644e-01 3.345622e-01 2.890039e-01 8.795225e-02 3.900559e-01 4.292804e-01 -5.277701e-02
<VARIANCE> 25
 2.510123e+01 3.400655e+01 2.573284e+01 6.236835e+01 3.894120e+01 4.246608e+01 4.611846e+01 4.398714e+01 3.935065e+01 5.444699e+01 4.006709e+01 4.671851e+01 1.653362e+00 1.958206e+00 1.929271e+00 2.000675e+00 2.317916e+00 2.365220e+00 2.518752e+00 2.735561e+00 2.332075e+00 2.349595e+00 2.167767e+00 2.000936e+00 3.318688e-03
<GCONST> 9.392476e+01
<MIXTURE> 27 7.727677e-03
<MEAN> 25
 2.175020e+00 -6.447984e+00 -1.038861e+01 -6.949075e-01 8.005634e+00 5.485184e+00 4.059239e+00 -2.775760e-01 2.280372e+00 -9.555833e-01 -2.901446e+00 -9.954269e-01 -6.523050e-01 6.286121e-01 3.648017e-01 6.964645e-01 1.746873e-01 2.420040e-01 2.877644e-01 3.345622e-01 2.890039e-01 8.795225e-02 3.900559e-01 4.292804e-01 -5.277701e-02
<VARIANCE> 25
 2.510123e+01 3.400655e+01 2.573284e+01 6.236835e+01 3.894120e+01 4.246608e+01 4.611846e+01 4.398714e+01 3.935065e+01 5.444699e+01 4.006709e+01 4.671851e+01 1.653362e+00 1.958206e+00 1.929271e+00 2.000675e+00 2.317916e+00 2.365220e+00 2.518752e+00 2.735561e+00 2.332075e+00 2.349595e+00 2.167767e+00 2.000936e+00 3.318688e-03
<GCONST> 9.392476e+01
<MIXTURE> 28 5.036674e-03
<MEAN> 25
 -5.328649e+00 -2.086385e-02 -1.525110e+00 6.516952e+00 5.165956e+00 3.457453e+00 5.336681e+00 3.099630e+00 3.865989e+00 2.399104e+00 2.662938e+00 3.199574e+00 -1.130582e-01 2.210657e-01 5.321137e-01 7.872761e-01 8.181009e-01 7.025834e-01 5.138412e-01 3.891376e-01 4.539222e-01 4.718243e-01 3.560653e-01 1.916925e-01 1.913355e-05
<VARIANCE> 25
 1.095572e+01 8.314553e+00 1.202282e+01 1.503438e+01 1.467117e+01 1.756686e+01 1.805261e+01 1.884319e+01 1.726540e+01 1.687315e+01 2.044638e+01 1.482234e+01 2.529748e-01 3.338627e-01 4.068886e-01 4.590721e-01 6.172200e-01 8.466743e-01 1.051720e+00 1.136983e+00 1.099885e+00 1.024450e+00 1.038046e+00 1.050650e+00 1.062488e-06
<GCONST> 6.025743e+01
<MIXTURE> 29 5.036674e-03
<MEAN> 25
 -5.328649e+00 -2.086385e-02 -1.525110e+00 6.516952e+00 5.165956e+00 3.457453e+00 5.336681e+00 3.099630e+00 3.865989e+00 2.399104e+00 2.662938e+00 3.199574e+00 -1.130582e-01 2.210657e-01 5.321137e-01 7.872761e-01 8.181009e-01 7.025834e-01 5.138412e-01 3.891376e-01 4.539222e-01 4.718243e-01 3.560653e-01 1.916925e-01 1.913355e-05
<VARIANCE> 25
 1.095572e+01 8.314553e+00 1.202282e+01 1.503438e+01 1.467117e+01 1.756686e+01 1.805261e+01 1.884319e+01 1.726540e+01 1.687315e+01 2.044638e+01 1.482234e+01 2.529748e-01 3.338627e-01 4.068886e-01 4.590721e-01 6.172200e-01 8.466743e-01 1.051720e+00 1.136983e+00 1.099885e+00 1.024450e+00 1.038046e+00 1.050650e+00 1.062488e-06
<GCONST> 6.025743e+01
<MIXTURE> 30 8.917812e-03
<MEAN> 25
 -4.474288e+00 -2.018723e-01 6.569348e-01 9.059308e+00 7.752375e+00 7.485919e+00 7.566157e+00 6.872029e+00 6.519988e+00 4.896796e+00 7.004488e+00 3.491682e+00 -2.414690e-02 3.000309e-02 5.709830e-02 8.899397e-02 8.179776e-02 4.439088e-02 1.300272e-02 -2.366780e-03 1.846217e-02 5.404397e-02 6.237341e-02 3.363833e-02 -5.625099e-04
<VARIANCE> 25
 7.014039e+00 9.841759e+00 1.036375e+01 1.390665e+01 1.582439e+01 1.650903e+01 1.914338e+01 1.815231e+01 1.628904e+01 1.835853e+01 2.119463e+01 1.439712e+01 9.717651e-02 1.994166e-01 3.257295e-01 4.826371e-01 6.181942e-01 7.240727e-01 7.713220e-01 8.120187e-01 8.782221e-01 9.403263e-01 9.238605e-01 8.615478e-01 5.096453e-05
<GCONST> 6.062030e+01
<MIXTURE> 31 4.136493e-03
<MEAN> 25
 -3.134329e+00 -5.255585e+00 4.788420e-02 4.638693e+00 3.417737e+00 1.595864e+00 4.819438e+00 6.311227e+00 2.538090e+00 1.366628e+00 6.031035e+00 2.761165e+00 2.806396e-01 4.623474e-01 -2.071794e-01 2.812141e-01 1.452395e-01 3.977916e-01 1.934550e-01 -1.362675e-02 2.873767e-01 4.057026e-01 2.285665e-01 1.203909e-01 -1.869193e-02
<VARIANCE> 25
 7.489605e+00 1.582965e+01 1.603404e+01 1.726241e+01 2.395736e+01 2.221934e+01 2.399767e+01 2.508075e+01 2.510439e+01 2.690471e+01 2.268834e+01 1.914765e+01 1.964486e-01 4.782290e-01 5.800239e-01 7.491134e-01 9.149335e-01 1.023881e+00 1.147940e+00 1.323682e+00 1.394796e+00 1.377712e+00 1.384040e+00 1.181923e+00 2.572692e-04
<GCONST> 7.164669e+01
<MIXTURE> 32 4.136493e-03
<MEAN> 25
 -3.134329e+00 -5.255585e+00 4.788420e-02 4.638693e+00 3.417737e+00 1.595864e+00 4.819438e+00 6.311227e+00 2.538090e+00 1.366628e+00 6.031035e+00 2.761165e+00 2.806396e-01 4.623474e-01 -2.071794e-01 2.812141e-01 1.452395e-01 3.977916e-01 1.934550e-01 -1.362675e-02 2.873767e-01 4.057026e-01 2.285665e-01 1.203909e-01 -1.869193e-02
<VARIANCE> 25
 7.489605e+00 1.582965e+01 1.603404e+01 1.726241e+01 2.395736e+01 2.221934e+01 2.399767e+01 2.508075e+01 2.510439e+01 2.690471e+01 2.268834e+01 1.914765e+01 1.964486e-01 4.782290e-01 5.800239e-01 7.491134e-01 9.149335e-01 1.023881e+00 1.147940e+00 1.323682e+00 1.394796e+00 1.377712e+00 1.384040e+00 1.181923e+00 2.572692e-04
<GCONST> 7.164669e+01
<MIXTURE> 33 1.508826e-02
<MEAN> 25
 6.592079e+00 -4.018886e+00 -2.218800e+00 -2.633892e+00 -1.961674e+00 -5.624506e+00 -7.276678e+00 1.739732e+00 2.314889e+00 -4.618208e-01 -4.713295e+00 -3.008399e+00 6.537584e-01 -1.172858e+00 -2.442584e+00 -1.869297e+00 1.461357e+00 1.419983e+00 -7.536945e-01 6.570755e-01 1.023534e+00 5.596417e-01 -3.064598e-01 -1.334000e+00 3.767760e-02
<VARIANCE> 25
 9.915086e+00 2.114508e+01 2.902665e+01 3.615303e+01 4.065278e+01 4.406787e+01 4.311440e+01 4.671689e+01 4.056363e+01 4.387115e+01 3.494876e+01 2.840732e+01 1.160864e+00 1.943821e+00 2.201024e+00 2.193616e+00 4.214441e+00 3.438009e+00 4.323360e+00 5.627024e+00 3.783062e+00 4.407061e+00 3.382432e+00 2.606406e+00 1.476882e-03
<GCONST> 9.445760e+01
<MIXTURE> 34 1.588179e-02
<MEAN> 25
 8.926367e+00 4.694918e-02 1.345050e-01 1.215083e+00 -2.944984e+00 -1.522927e+00 -6.153720e+00 -4.691570e+00 -1.806700e+00 1.539045e-01 -2.652980e+00 -3.699142e+00 -1.724809e-02 1.346776e+00 1.474733e+00 2.397286e+00 -4.150208e-02 -1.530140e-01 7.907583e-01 -1.642177e+00 -9.014676e-01 2.591638e-01 -5.559177e-01 2.447856e-01 -6.237702e-02
<VARIANCE> 25
 7.676950e+00 3.104839e+01 2.944749e+01 4.993450e+01 4.238529e+01 4.946532e+01 5.501030e+01 5.671682e+01 5.267900e+01 4.327020e+01 4.834865e+01 3.153652e+01 1.263931e+00 1.983953e+00 4.268211e+00 4.051168e+00 5.634528e+00 5.835411e+00 5.512877e+00 6.165810e+00 5.201758e+00 4.982336e+00 5.025747e+00 3.879843e+00 1.153887e-03
<GCONST> 9.971808e+01
<MIXTURE> 35 1.467755e-02
<MEAN> 25
 -2.156157e+00 -5.252562e+00 -9.990231e+00 2.187309e-01 9.714315e+00 7.983195e-01 1.607128e+00 2.539606e+00 1.472085e+00 4.582891e+00 4.617667e-02 1.882771e+00 5.479871e-01 -1.117667e+00 -1.429061e+00 -1.387411e+00 4.082194e-01 -7.985011e-01 -6.815524e-01 -1.321092e-01 -1.598417e-01 1.643583e-01 -6.519575e-01 -4.973419e-01 1.077424e-01
<VARIANCE> 25
 1.959073e+01 2.945777e+01 4.336397e+01 6.241260e+01 4.209536e+01 5.749803e+01 5.103369e+01 4.363506e+01 5.043295e+01 3.853275e+01 3.659787e+01 3.097195e+01 3.465935e+00 3.575357e+00 6.784614e+00 5.559915e+00 5.223241e+00 5.583778e+00 4.926017e+00 4.748323e+00 5.055742e+00 4.520142e+00 4.080437e+00 3.798517e+00 5.302337e-03
<GCONST> 1.036165e+02
<MIXTURE> 36 1.093293e-02
<MEAN> 25
 4.996548e+00 -3.523071e+00 7.016927e+00 2.679749e+00 -1.010196e+01 -8.916195e+00 -6.246599e+00 3.081196e+00 -1.920816e+00 -4.565105e+00 2.805416e+00 -1.961897e-01 3.654274e-01 1.514345e-01 -9.141640e-01 1.257667e-02 8.657907e-01 4.218677e-02 -4.721597e-01 1.819857e-02 4.196680e-01 5.622182e-01 -4.253533e-01 -3.166272e-01 -1.589424e-02
<VARIANCE> 25
 9.989497e+00 1.675297e+01 2.240005e+01 2.796868e+01 3.194880e+01 3.202218e+01 4.615542e+01 3.512095e+01 3.933007e+01 3.276930e+01 2.768266e+01 2.667976e+01 4.644932e-01 7.396488e-01 1.515021e+00 1.242385e+00 1.637084e+00 1.624059e+00 2.147355e+00 1.756360e+00 2.014620e+00 1.701853e+00 1.412311e+00 1.452650e+00 7.220873e-04
<GCONST> 8.218156e+01
<MIXTURE> 37 1.246826e-02
<MEAN> 25
 5.455151e-01 7.774397e+00 1.205840e+01 -5.555130e+00 -8.031382e+00 -1.052840e+00 -5.080774e+00 -8.324447e+00 -3.710830e+00 -9.074870e-01 -3.670002e+00 -1.292326e+00 1.826190e-01 6.471858e-01 -1.354012e+00 3.583943e+00 1.988080e+00 -3.008007e-01 1.091392e+00 4.360866e-01 5.280566e-01 -3.233104e-01 5.375445e-01 -9.750778e-02 -9.494753e-02
<VARIANCE> 25
 1.593216e+01 2.598327e+01 3.083236e+01 5.101441e+01 3.393682e+01 3.201544e+01 4.398123e+01 3.505317e+01 3.861398e+01 3.597007e+01 3.775330e+01 3.089123e+01 2.956530e+00 3.416104e+00 3.018468e+00 4.091941e+00 4.617911e+00 3.753080e+00 4.208379e+00 3.810979e+00 3.449756e+00 3.621788e+00 3.870156e+00 2.792125e+00 3.927729e-03
<GCONST> 9.778204e+01
<MIXTURE> 38 1.154525e-02
<MEAN> 25
 -4.476914e+00 8.975755e+00 4.601820e+00 3.232300e+00 8.469990e-01 -5.220459e+00 -6.072787e-01 -2.744994e+00 -2.856199e+00 -3.103395e+00 -1.492142e+00 -5.421655e-01 -4.518901e+00 1.251951e+00 -3.116312e-01 1.454979e+00 2.563313e+00 1.392628e+00 2.051549e+00 9.537575e-01 7.858735e-01 6.377915e-01 1.004784e+00 3.258516e-01 4.857279e-02
<VARIANCE> 25
 3.140099e+01 2.956040e+01 3.901585e+01 3.301355e+01 4.886542e+01 3.559329e+01 3.636526e+01 4.165429e+01 3.488000e+01 3.250434e+01 2.429077e+01 2.873324e+01 2.351973e+00 3.941695e+00 3.909708e+00 5.163537e+00 4.248283e+00 5.021103e+00 4.782381e+00 4.644233e+00 4.446893e+00 4.938892e+00 4.390550e+00 3.264176e+00 2.049437e-03
<GCONST> 9.926106e+01
<MIXTURE> 39 9.501865e-03
<MEAN> 25
 1.337085e+00 2.604770e+00 1.021207e+01 -9.215748e+00 -1.128664e+01 -9.886576e-01 -2.965847e+00 -6.575862e+00 -4.526044e+00 8.684920e-01 -3.679012e+00 -2.295370e+00 -7.287283e-01 1.522213e+00 1.625638e+00 -1.390630e+00 7.775123e-02 1.223112e+00 -1.200790e+00 -1.251600e+00 4.301520e-01 4.457303e-01 -5.058898e-01 1.239508e-01 1.342274e-03
<VARIANCE> 25
 8.916400e+00 3.007744e+01 3.165777e+01 3.827481e+01 3.723624e+01 4.268370e+01 4.440807e+01 3.346128e+01 3.941845e+01 3.321191e+01 3.620398e+01 2.943663e+01 6.912273e-01 1.547288e+00 1.512274e+00 2.923156e+00 2.417895e+00 2.821347e+00 3.050756e+00 2.750617e+00 2.434863e+00 2.616371e+00 2.120293e+00 2.069434e+00 1.184224e-03
<GCONST> 8.965449e+01
<MIXTURE> 40 1.030800e-02
<MEAN> 25
 -8.801116e+00 1.956551e+00 -9.987237e-01 7.660478e+00 3.579462e+00 5.302033e+00 5.029359e+00 4.189149e+00 4.467167e+00 4.210290e+00 5.603551e+00 1.558177e+00 -1.009654e-01 -2.456876e-01 -4.575333e-02 -2.768621e-01 -9.538873e-02 -1.294112e-01 4.360569e-02 7.742340e-02 -4.509964e-02 1.777589e-02 8.929951e-02 -5.546312e-03 3.217694e-03
<VARIANCE> 25
 4.405785e+01 1.989833e+01 2.783289e+01 2.988299e+01 2.529209e+01 1.912372e+01 1.949510e+01 1.775280e+01 1.686133e+01 1.801822e+01 1.850961e+01 1.452218e+01 7.158060e-01 7.238455e-01 8.553579e-01 1.091956e+00 1.104058e+00 1.203986e+00 1.258245e+00 1.312801e+00 1.242810e+00 1.199765e+00 1.182498e+00 1.064081e+00 8.294880e-04
<GCONST> 7.638033e+01
<MIXTURE> 41 6.713375e-03
<MEAN> 25
 1.308423e+00 1.785491e+00 1.047854e+01 -6.963531e+00 -1.047357e+01 -3.857730e+00 -2.486234e+00 -5.044075e+00 -4.655720e+00 2.663004e+00 -1.745236e+00 -9.518960e-01 7.793733e-02 -7.607416e-01 1.697190e+00 -3.559560e+00 -2.461374e+00 -1.131029e-01 -5.065044e-01 -3.569943e-01 -8.270602e-01 1.086992e+00 -1.046008e+00 8.312567e-02 8.630213e-02
<VARIANCE> 25
 1.169666e+01 2.965691e+01 3.259285e+01 4.003593e+01 3.868420e+01 4.016209e+01 3.714197e+01 2.987236e+01 3.309345e+01 2.877581e+01 3.186001e+01 2.719285e+01 3.178303e+00 3.311705e+00 3.824800e+00 3.795308e+00 4.904196e+00 5.875367e+00 4.715809e+00 4.558510e+00 3.976281e+00 4.220367e+00 3.833177e+00 3.223547e+00 2.929938e-03
<GCONST> 9.791253e+01
<MIXTURE> 42 1.106211e-02
<MEAN> 25
 -1.927599e+00 4.569009e+00 4.670463e+00 2.881310e+00 1.983035e-01 -6.301190e+00 -9.985055e-01 -1.869568e+00 -1.513059e+00 -1.232195e+00 -2.288675e+00 1.266175e+00 4.184656e+00 -3.493081e-01 1.527756e+00 1.973607e-01 -2.962979e+00 -1.153181e+00 -2.258070e+00 -8.187254e-01 -7.877846e-01 -7.360818e-01 5.317739e-01 -1.058480e+00 9.591146e-03
<VARIANCE> 25
 3.628116e+01 2.117454e+01 4.670261e+01 2.620964e+01 3.928413e+01 3.905698e+01 3.724866e+01 2.730088e+01 2.864755e+01 2.757360e+01 2.009172e+01 1.792035e+01 3.557642e+00 4.892485e+00 6.150943e+00 4.789061e+00 4.649460e+00 6.017359e+00 5.085012e+00 5.295260e+00 4.978506e+00 4.857815e+00 4.235980e+00 3.413886e+00 4.469366e-03
<GCONST> 9.983042e+01
<MIXTURE> 43 7.108249e-03
<MEAN> 25
 3.164459e+00 -6.306323e+00 -2.250091e+00 -5.185678e+00 -7.394959e+00 -3.403111e+00 4.138999e+00 1.309783e+00 -5.061270e+00 -7.092657e+00 -4.324100e+00 -1.249404e+00 2.379579e-01 2.164315e+00 1.912926e+00 -1.333288e-01 -1.429769e+00 -7.946606e-01 -9.694820e-01 -7.787962e-01 8.216416e-01 1.468875e+00 3.430247e-01 2.082898e-02 -4.508508e-02
<VARIANCE> 25
 9.602082e+00 1.969250e+01 2.733109e+01 3.521782e+01 3.843332e+01 3.662367e+01 3.328102e+01 3.979044e+01 3.965877e+01 3.864228e+01 2.653114e+01 2.954478e+01 6.905866e-01 1.250022e+00 1.572355e+00 2.489873e+00 2.374958e+00 2.382071e+00 2.652863e+00 3.025911e+00 2.605857e+00 2.577544e+00 2.331547e+00 1.919664e+00 9.435560e-04
<GCONST> 8.796684e+01
<MIXTURE> 44 7.328289e-03
<MEAN> 25
 -1.411555e+01 1.534291e+00 3.480804e+00 -3.022979e+00 2.771847e+00 2.093930e+00 -4.325461e-02 2.274484e+00 1.293344e+00 -8.427853e-01 1.300627e+00 2.150203e+00 -2.162027e-01 -6.169770e-02 1.090452e-01 2.621407e-01 -1.479758e-01 2.444034e-01 4.436014e-01 2.813057e-01 3.840375e-01 2.292440e-01 -4.255509e-02 1.303435e-01 7.793358e-03
<VARIANCE> 25
 4.889584e+01 2.505222e+01 3.155297e+01 2.753527e+01 2.927909e+01 2.739445e+01 2.234670e+01 2.967672e+01 2.570802e+01 2.467254e+01 2.666710e+01 2.102155e+01 1.132257e+00 1.453017e+00 1.284731e+00 1.261374e+00 1.982849e+00 1.545648e+00 1.403856e+00 1.785291e+00 1.627160e+00 1.456435e+00 1.360699e+00 1.120978e+00 1.265247e-03
<GCONST> 8.342238e+01
<MIXTURE> 45 1.364932e-02
<MEAN> 25
 -1.243424e+01 3.418325e+00 -1.248080e+00 2.838610e+00 5.723807e+00 1.094835e-01 4.755528e+00 2.862428e+00 3.296549e+00 2.186349e+00 2.358552e+00 2.583577e+00 -2.937244e+00 5.927369e-01 -4.859784e-01 -5.342900e-01 1.918056e-01 -1.510571e-02 4.588466e-01 7.031664e-02 -6.597965e-02 -6.548472e-02 2.476125e-01 9.486863e-02 1.189864e-01
<VARIANCE> 25
 3.360685e+01 3.025583e+01 3.078307e+01 3.499170e+01 3.143655e+01 2.907961e+01 2.966357e+01 2.651399e+01 2.477619e+01 2.333442e+01 2.803428e+01 1.565120e+01 2.428119e+00 3.062118e+00 2.847053e+00 2.677652e+00 2.499694e+00 2.630211e+00 2.310417e+00 2.270046e+00 2.144405e+00 2.117023e+00 1.975518e+00 1.639271e+00 4.086480e-03
<GCONST> 9.054862e+01
<MIXTURE> 46 9.336259e-03
<MEAN> 25
 -9.462227e+00 2.308124e+00 1.198997e+00 7.569699e+00 5.942705e+00 3.335764e+00 7.066508e+00 4.495865e+00 5.709918e+00 4.694794e+00 5.037780e+00 2.924380e+00 1.061091e+00 -2.402287e-01 4.030041e-02 1.001837e+00 6.035447e-01 9.427747e-01 3.868301e-01 6.744763e-01 4.733019e-01 5.092463e-01 6.415326e-01 5.244765e-01 -1.056808e-01
<VARIANCE> 25
 3.424401e+01 4.383805e+01 3.852569e+01 4.993124e+01 5.082614e+01 4.080650e+01 3.708219e+01 3.536654e+01 3.315306e+01 3.094588e+01 2.826049e+01 2.024394e+01 3.910825e+00 4.143532e+00 3.882044e+00 4.138479e+00 4.175048e+00 3.697035e+00 3.380935e+00 3.114945e+00 2.981717e+00 2.869016e+00 2.310439e+00 1.783798e+00 7.951707e-03
<GCONST> 9.830306e+01
<MIXTURE> 47 7.116147e-03
<MEAN> 25
 7.320469e+00 -7.368466e+00 -7.746221e+00 -6.437458e+00 1.506996e+00 8.364179e-01 -2.391344e+00 1.211888e+00 3.002688e+00 1.339285e-01 -4.267943e+00 -6.708244e+00 -1.828932e-01 -1.256010e+00 -6.910898e-01 -4.181421e-01 6.223474e-01 8.195697e-01 8.811251e-01 2.999945e-01 1.154247e-01 -8.855063e-01 -4.683706e-01 -4.573222e-01 3.007812e-02
<VARIANCE> 25
 1.075145e+01 2.105096e+01 2.057638e+01 3.325143e+01 3.613664e+01 5.267862e+01 4.521168e+01 4.079348e+01 4.344197e+01 4.702087e+01 4.858337e+01 3.350323e+01 5.190818e-01 7.718294e-01 1.123365e+00 1.665758e+00 1.975166e+00 2.202076e+00 2.323874e+00 2.476598e+00 2.191842e+00 2.140132e+00 2.182230e+00 2.007706e+00 5.497438e-04
<GCONST> 8.643446e+01
<MIXTURE> 48 7.116147e-03
<MEAN> 25
 7.320469e+00 -7.368466e+00 -7.746221e+00 -6.437458e+00 1.506996e+00 8.364179e-01 -2.391344e+00 1.211888e+00 3.002688e+00 1.339285e-01 -4.267943e+00 -6.708244e+00 -1.828932e-01 -1.256010e+00 -6.910898e-01 -4.181421e-01 6.223474e-01 8.195697e-01 8.811251e-01 2.999945e-01 1.154247e-01 -8.855063e-01 -4.683706e-01 -4.573222e-01 3.007812e-02
<VARIANCE> 25
 1.075145e+01 2.105096e+01 2.057638e+01 3.325143e+01 3.613664e+01 5.267862e+01 4.521168e+01 4.079348e+01 4.344197e+01 4.702087e+01 4.858337e+01 3.350323e+01 5.190818e-01 7.718294e-01 1.123365e+00 1.665758e+00 1.975166e+00 2.202076e+00 2.323874e+00 2.476598e+00 2.191842e+00 2.140132e+00 2.182230e+00 2.007706e+00 5.497438e-04
<GCONST> 8.643446e+01
<MIXTURE> 49 5.548473e-03
<MEAN> 25
 -5.062240e+00 3.547975e-01 1.688214e-01 8.422809e+00 6.126371e+00 5.600147e+00 6.048351e+00 4.474254e+00 5.012159e+00 3.714020e+00 4.923805e+00 2.859342e+00 3.645479e-01 6.556677e-01 7.013397e-01 3.510203e-01 -1.965413e-01 -6.699328e-01 -1.009294e+00 -1.118250e+00 -9.521451e-01 -6.814394e-01 -4.926245e-01 -2.714210e-01 -2.613546e-05
<VARIANCE> 25
 9.716481e+00 9.999369e+00 1.419944e+01 1.604366e+01 1.595328e+01 1.717626e+01 1.946660e+01 1.941287e+01 1.824110e+01 1.795950e+01 2.059637e+01 1.428370e+01 2.803836e-01 2.627696e-01 3.614301e-01 6.114818e-01 8.688036e-01 9.753412e-01 9.930877e-01 1.055977e+00 1.141038e+00 1.217516e+00 1.278495e+00 1.214359e+00 1.447260e-05
<GCONST> 6.436533e+01
<MIXTURE> 50 6.234641e-03
<MEAN> 25
 -4.057659e+00 5.133496e-02 -1.259834e+00 5.628627e+00 3.844773e+00 2.027587e+00 3.312708e+00 1.708976e+00 2.435297e+00 1.208527e+00 1.841592e+00 2.444325e+00 6.276021e-02 1.809574e-01 1.036117e-01 -1.395584e-01 -5.008171e-01 -6.106570e-01 -4.593917e-01 -2.968235e-02 5.219381e-01 7.907932e-01 6.790497e-01 4.654617e-01 2.599304e-05
<VARIANCE> 25
 1.267016e+01 1.011880e+01 1.332018e+01 1.647253e+01 1.520350e+01 1.787353e+01 1.819715e+01 1.832395e+01 1.769912e+01 1.632779e+01 2.049427e+01 1.565219e+01 1.398934e-01 2.303057e-01 3.785345e-01 4.997221e-01 5.699801e-01 6.830592e-01 9.602879e-01 1.132395e+00 1.162790e+00 8.633989e-01 9.229882e-01 9.676618e-01 1.078436e-06
<GCONST> 5.923405e+01
<MIXTURE> 51 6.234641e-03
<MEAN> 25
 -4.057659e+00 5.133496e-02 -1.259834e+00 5.628627e+00 3.844773e+00 2.027587e+00 3.312708e+00 1.708976e+00 2.435297e+00 1.208527e+00 1.841592e+00 2.444325e+00 6.276021e-02 1.809574e-01 1.036117e-01 -1.395584e-01 -5.008171e-01 -6.106570e-01 -4.593917e-01 -2.968235e-02 5.219381e-01 7.907932e-01 6.790497e-01 4.654617e-01 2.599304e-05
<VARIANCE> 25
 1.267016e+01 1.011880e+01 1.332018e+01 1.647253e+01 1.520350e+01 1.787353e+01 1.819715e+01 1.832395e+01 1.769912e+01 1.632779e+01 2.049427e+01 1.565219e+01 1.398934e-01 2.303057e-01 3.785345e-01 4.997221e-01 5.699801e-01 6.830592e-01 9.602879e-01 1.132395e+00 1.162790e+00 8.633989e-01 9.229882e-01 9.676618e-01 1.078436e-06
<GCONST> 5.923405e+01
<MIXTURE> 52 6.367945e-03
<MEAN> 25
 1.012409e+01 2.049371e+00 -6.198589e+00 -1.428665e+01 -4.222361e+00 8.537684e+00 -2.752695e+00 -3.061040e+00 -4.408453e+00 -2.132985e+00 3.354725e+00 7.466573e-01 -3.855920e-01 -4.802872e-01 -6.964383e-02 1.140550e+00 1.339759e+00 -4.735020e-01 -6.029696e-01 -6.591303e-01 4.291024e-02 1.246413e+00 3.874820e-01 -5.457838e-01 -1.381981e-02
<VARIANCE> 25
 9.287472e+00 2.048961e+01 2.533449e+01 3.858441e+01 4.573242e+01 3.071616e+01 4.654858e+01 4.894510e+01 4.306497e+01 4.604115e+01 3.995126e+01 3.000907e+01 4.496172e-01 1.480764e+00 1.310601e+00 2.758095e+00 2.328853e+00 2.199865e+00 2.986008e+00 2.799600e+00 3.006294e+00 2.667037e+00 2.520501e+00 2.277603e+00 1.546113e-03
<GCONST> 8.973338e+01
<MIXTURE> 53 6.367945e-03
<MEAN> 25
 1.012409e+01 2.049371e+00 -6.198589e+00 -1.428665e+01 -4.222361e+00 8.537684e+00 -2.752695e+00 -3.061040e+00 -4.408453e+00 -2.132985e+00 3.354725e+00 7.466573e-01 -3.855920e-01 -4.802872e-01 -6.964383e-02 1.140550e+00 1.339759e+00 -4.735020e-01 -6.029696e-01 -6.591303e-01 4.291024e-02 1.246413e+00 3.874820e-01 -5.457838e-01 -1.381981e-02
<VARIANCE> 25
 9.287472e+00 2.048961e+01 2.533449e+01 3.858441e+01 4.573242e+01 3.071616e+01 4.654858e+01 4.894510e+01 4.306497e+01 4.604115e+01 3.995126e+01 3.000907e+01 4.496172e-01 1.480764e+00 1.310601e+00 2.758095e+00 2.328853e+00 2.199865e+00 2.986008e+00 2.799600e+00 3.006294e+00 2.667037e+00 2.520501e+00 2.277603e+00 1.546113e-03
<GCONST> 8.973338e+01
<MIXTURE> 54 7.368620e-03
<MEAN> 25
 -3.558398e+00 3.464713e-02 -6.582208e-01 7.927026e+00 6.415434e+00 4.574102e+00 4.642904e+00 4.565355e+00 4.010536e+00 3.557837e+00 4.422545e+00 2.323510e+00 -3.308289e-03 2.702172e-02 3.420580e-02 5.311684e-02 6.298213e-02 4.813905e-02 2.790467e-02 2.213003e-02 2.573049e-02 2.207161e-02 1.865043e-02 1.008677e-02 -3.138425e-06
<VARIANCE> 25
 9.339313e+00 1.024021e+01 9.236936e+00 1.866708e+01 1.339162e+01 1.355480e+01 1.183478e+01 1.129926e+01 1.137832e+01 1.363554e+01 1.767308e+01 1.239523e+01 4.053267e-02 8.779149e-02 1.550427e-01 2.289350e-01 3.183792e-01 4.002403e-01 4.674678e-01 5.345244e-01 5.617573e-01 5.171207e-01 5.143646e-01 5.153461e-01 1.004745e-06
<GCONST> 4.738984e+01
<MIXTURE> 55 7.368620e-03
<MEAN> 25
 -3.558398e+00 3.464713e-02 -6.582208e-01 7.927026e+00 6.415434e+00 4.574102e+00 4.642904e+00 4.565355e+00 4.010536e+00 3.557837e+00 4.422545e+00 2.323510e+00 -3.308289e-03 2.702172e-02 3.420580e-02 5.311684e-02 6.298213e-02 4.813905e-02 2.790467e-02 2.213003e-02 2.573049e-02 2.207161e-02 1.865043e-02 1.008677e-02 -3.138425e-06
<VARIANCE> 25
 9.339313e+00 1.024021e+01 9.236936e+00 1.866708e+01 1.339162e+01 1.355480e+01 1.183478e+01 1.129926e+01 1.137832e+01 1.363554e+01 1.767308e+01 1.239523e+01 4.053267e-02 8.779149e-02 1.550427e-01 2.289350e-01 3.183792e-01 4.002403e-01 4.674678e-01 5.345244e-01 5.617573e-01 5.171207e-01 5.143646e-01 5.153461e-01 1.004745e-06
<GCONST> 4.738984e+01
<MIXTURE> 56 6.132464e-03
<MEAN> 25
 7.542768e+00 -6.760029e+00 -9.133628e+00 -8.638962e+00 3.952168e+00 3.918301e+00 -2.180044e+00 -1.478034e+00 1.950284e+00 6.583755e-01 -2.480097e+00 -7.133965e+00 -9.865982e-03 2.568348e-02 -8.603656e-02 2.166258e-02 2.572068e-01 6.696893e-02 1.159030e-01 -1.391332e-01 -4.802088e-02 -3.633317e-02 -8.226798e-02 1.868246e-02 -7.053601e-03
<VARIANCE> 25
 9.404744e+00 2.331479e+01 2.015738e+01 4.134627e+01 3.311123e+01 5.094501e+01 6.179910e+01 3.674524e+01 3.889721e+01 3.767684e+01 4.024508e+01 3.113249e+01 2.061536e-01 4.318748e-01 4.529296e-01 7.719079e-01 7.975821e-01 1.114083e+00 9.131820e-01 9.075175e-01 9.091717e-01 9.265138e-01 1.035756e+00 7.853604e-01 2.388468e-04
<GCONST> 7.515112e+01
<MIXTURE> 57 6.132464e-03
<MEAN> 25
 7.542768e+00 -6.760029e+00 -9.133628e+00 -8.638962e+00 3.952168e+00 3.918301e+00 -2.180044e+00 -1.478034e+00 1.950284e+00 6.583755e-01 -2.480097e+00 -7.133965e+00 -9.865982e-03 2.568348e-02 -8.603656e-02 2.166258e-02 2.572068e-01 6.696893e-02 1.159030e-01 -1.391332e-01 -4.802088e-02 -3.633317e-02 -8.226798e-02 1.868246e-02 -7.053601e-03
<VARIANCE> 25
 9.404744e+00 2.331479e+01 2.015738e+01 4.134627e+01 3.311123e+01 5.094501e+01 6.179910e+01 3.674524e+01 3.889721e+01 3.767684e+01 4.024508e+01 3.113249e+01 2.061536e-01 4.318748e-01 4.529296e-01 7.719079e-01 7.975821e-01 1.114083e+00 9.131820e-01 9.075175e-01 9.091717e-01 9.265138e-01 1.035756e+00 7.853604e-01 2.388468e-04
<GCONST> 7.515112e+01
<MIXTURE> 58 6.172147e-03
<MEAN> 25
 2.513839e+00 -2.998298e+00 7.172086e+00 -5.207231e+00 -1.319079e+01 -5.511359e+00 1.593355e+00 7.952076e-01 -2.386107e+00 1.781708e+00 5.051218e-01 -9.047726e-01 -3.346599e-02 -1.439607e-01 -7.149638e-02 -1.625622e-01 -2.736207e-02 2.192576e-01 3.640788e-01 2.085671e-01 2.602268e-02 2.420007e-02 -8.521383e-02 -1.272438e-01 -2.727585e-03
<VARIANCE> 25
 7.417814e+00 1.514781e+01 2.101258e+01 2.657106e+01 2.523801e+01 4.571606e+01 3.209259e+01 3.393748e+01 3.153950e+01 3.082113e+01 2.238158e+01 2.003540e+01 3.044655e-01 7.902023e-01 7.436891e-01 9.980255e-01 8.769726e-01 1.193586e+00 1.143768e+00 1.300017e+00 1.073356e+00 1.056078e+00 9.078556e-01 8.950586e-01 7.086669e-04
<GCONST> 7.540805e+01
<MIXTURE> 59 6.172147e-03
<MEAN> 25
 2.513839e+00 -2.998298e+00 7.172086e+00 -5.207231e+00 -1.319079e+01 -5.511359e+00 1.593355e+00 7.952076e-01 -2.386107e+00 1.781708e+00 5.051218e-01 -9.047726e-01 -3.346599e-02 -1.439607e-01 -7.149638e-02 -1.625622e-01 -2.736207e-02 2.192576e-01 3.640788e-01 2.085671e-01 2.602268e-02 2.420007e-02 -8.521383e-02 -1.272438e-01 -2.727585e-03
<VARIANCE> 25
 7.417814e+00 1.514781e+01 2.101258e+01 2.657106e+01 2.523801e+01 4.571606e+01 3.209259e+01 3.393748e+01 3.153950e+01 3.082113e+01 2.238158e+01 2.003540e+01 3.044655e-01 7.902023e-01 7.436891e-01 9.980255e-01 8.769726e-01 1.193586e+00 1.143768e+00 1.300017e+00 1.073356e+00 1.056078e+00 9.078556e-01 8.950586e-01 7.086669e-04
<GCONST> 7.540805e+01
<MIXTURE> 60 4.479129e-03
<MEAN> 25
 -1.489345e+00 -2.318435e-01 -3.462626e-01 1.922438e+00 8.158823e-01 1.075672e+00 1.357813e+00 1.160547e+00 1.398580e+00 1.024186e+00 1.632927e+00 1.090675e+00 1.365156e-02 1.078481e-01 8.622424e-02 1.077878e-01 1.318536e-01 1.344146e-01 1.971263e-01 3.872616e-01 5.149004e-01 7.072299e-01 7.566439e-01 3.202097e-01 5.965201e-04
<VARIANCE> 25
 7.088030e+00 3.230277e+00 6.109389e+00 8.497134e+00 8.932887e+00 1.082276e+01 1.238582e+01 1.156957e+01 1.068918e+01 1.092101e+01 1.231601e+01 1.128444e+01 1.030973e-01 1.645094e-01 3.230809e-01 5.058615e-01 5.203394e-01 8.106450e-01 8.043296e-01 9.311553e-01 9.005855e-01 8.872970e-01 1.087769e+00 7.941626e-01 3.019497e-05
<GCONST> 5.443908e+01
<MIXTURE> 61 4.479129e-03
<MEAN> 25
 -1.489345e+00 -2.318435e-01 -3.462626e-01 1.922438e+00 8.158823e-01 1.075672e+00 1.357813e+00 1.160547e+00 1.398580e+00 1.024186e+00 1.632927e+00 1.090675e+00 1.365156e-02 1.078481e-01 8.622424e-02 1.077878e-01 1.318536e-01 1.344146e-01 1.971263e-01 3.872616e-01 5.149004e-01 7.072299e-01 7.566439e-01 3.202097e-01 5.965201e-04
<VARIANCE> 25
 7.088030e+00 3.230277e+00 6.109389e+00 8.497134e+00 8.932887e+00 1.082276e+01 1.238582e+01 1.156957e+01 1.068918e+01 1.092101e+01 1.231601e+01 1.128444e+01 1.030973e-01 1.645094e-01 3.230809e-01 5.058615e-01 5.203394e-01 8.106450e-01 8.043296e-01 9.311553e-01 9.005855e-01 8.872970e-01 1.087769e+00 7.941626e-01 3.019497e-05
<GCONST> 5.443908e+01
<MIXTURE> 62 3.278034e-03
<MEAN> 25
 -5.090567e+00 1.241077e+00 1.026304e+00 8.818192e+00 6.130552e+00 5.050546e+00 5.499111e+00 4.033667e+00 4.986013e+00 3.917671e+00 4.966173e+00 2.950929e+00 -1.003266e+00 -1.166625e+00 -9.532021e-01 -2.768177e-01 4.275905e-01 1.005183e+00 1.384623e+00 1.552152e+00 1.478674e+00 1.243485e+00 1.067195e+00 7.260469e-01 -1.264954e-03
<VARIANCE> 25
 9.875224e+00 9.958500e+00 1.311497e+01 1.673653e+01 1.741495e+01 1.752462e+01 1.970251e+01 1.911235e+01 1.885888e+01 1.872742e+01 2.156320e+01 1.479610e+01 4.017485e-01 4.321083e-01 5.541331e-01 7.793387e-01 1.034998e+00 1.192283e+00 1.252361e+00 1.279145e+00 1.329716e+00 1.363789e+00 1.400053e+00 1.371303e+00 1.632336e-05
<GCONST> 6.752649e+01
<MIXTURE> 63 4.351215e-03
<MEAN> 25
 -2.907411e+00 -1.726881e+00 -3.202060e+00 1.987184e+00 2.114738e+00 -2.906388e-01 1.737855e+00 5.113725e-01 1.208421e+00 -5.497358e-01 -9.177507e-01 1.532096e+00 6.635170e-02 3.398174e-01 3.656494e-01 5.000683e-01 4.246920e-01 3.428769e-01 4.059952e-01 3.138098e-01 1.633141e-01 4.023114e-01 3.516346e-01 1.482702e-01 -1.946589e-03
<VARIANCE> 25
 8.708047e+00 1.076892e+01 1.298643e+01 1.296639e+01 1.536281e+01 1.848877e+01 1.758889e+01 2.101426e+01 2.053001e+01 2.013686e+01 1.718142e+01 1.402677e+01 3.414393e-01 3.869886e-01 5.812680e-01 6.431593e-01 7.644988e-01 1.033243e+00 1.139734e+00 1.229088e+00 1.117377e+00 1.561757e+00 1.304137e+00 1.383277e+00 1.961333e-04
<GCONST> 6.838840e+01
<MIXTURE> 64 4.351215e-03
<MEAN> 25
 -2.907411e+00 -1.726881e+00 -3.202060e+00 1.987184e+00 2.114738e+00 -2.906388e-01 1.737855e+00 5.113725e-01 1.208421e+00 -5.497358e-01 -9.177507e-01 1.532096e+00 6.635170e-02 3.398174e-01 3.656494e-01 5.000683e-01 4.246920e-01 3.428769e-01 4.059952e-01 3.138098e-01 1.633141e-01 4.023114e-01 3.516346e-01 1.482702e-01 -1.946589e-03
<VARIANCE> 25
 8.708047e+00 1.076892e+01 1.298643e+01 1.296639e+01 1.536281e+01 1.848877e+01 1.758889e+01 2.101426e+01 2.053001e+01 2.013686e+01 1.718142e+01 1.402677e+01 3.414393e-01 3.869886e-01 5.812680e-01 6.431593e-01 7.644988e-01 1.033243e+00 1.139734e+00 1.229088e+00 1.117377e+00 1.561757e+00 1.304137e+00 1.383277e+00 1.961333e-04
<GCONST> 6.838840e+01
<MIXTURE> 65 1.721197e-02
<MEAN> 25
 7.831518e+00 2.003253e+00 1.897908e+00 6.575925e-01 -5.239213e+00 -4.280232e+00 -5.811092e+00 -6.703085e+00 -3.840185e+00 -2.327985e+00 -5.496841e+00 -1.945339e+00 1.877142e-01 1.118662e-01 7.006705e-03 1.292524e-01 -1.795195e-01 2.763289e-01 -7.148648e-02 -1.774358e-01 1.641895e-01 1.075201e-02 -4.801101e-02 -1.521483e-01 -4.504157e-03
<VARIANCE> 25
 1.116908e+01 1.908541e+01 2.528316e+01 3.550682e+01 3.840925e+01 5.713580e+01 5.724825e+01 5.824432e+01 5.478533e+01 5.765917e+01 5.573642e+01 5.020544e+01 5.491886e-01 9.379171e-01 1.588351e+00 1.794878e+00 1.976329e+00 2.202652e+00 2.370956e+00 2.966605e+00 2.432652e+00 2.469340e+00 2.382201e+00 2.105899e+00 4.140191e-04
<GCONST> 8.933133e+01
<MIXTURE> 66 1.191532e-02
<MEAN> 25
 6.681241e+00 -4.094144e+00 -5.623261e+00 -4.830328e+00 1.277612e+00 -5.092628e+00 -6.924111e+00 1.193082e+00 6.850477e-01 -2.050816e+00 -6.140829e+00 -3.475571e+00 -4.549756e-02 1.667406e+00 2.240210e+00 2.317865e+00 -1.251020e+00 -1.253383e+00 5.547501e-02 -5.468924e-01 -1.446831e-01 -1.942528e-01 -2.014798e-01 1.044873e+00 -6.380070e-02
<VARIANCE> 25
 8.931108e+00 2.234471e+01 2.706029e+01 3.306971e+01 3.851557e+01 5.342165e+01 5.600011e+01 4.541200e+01 5.411071e+01 6.678415e+01 3.698166e+01 3.644295e+01 1.283709e+00 2.445485e+00 2.352813e+00 2.470340e+00 4.197335e+00 4.308563e+00 4.368958e+00 4.845486e+00 4.249257e+00 4.995228e+00 3.900657e+00 3.262119e+00 1.468974e-03
<GCONST> 9.683598e+01
<MIXTURE> 67 1.559142e-02
<MEAN> 25
 8.985456e+00 2.035448e+00 -5.978737e+00 -8.274504e+00 9.031860e-01 3.083229e+00 -3.325229e+00 -2.242070e+00 -3.773560e+00 7.784979e-01 -5.461008e-02 -1.732939e+00 -1.074132e+00 1.831960e+00 1.062773e+00 3.073161e+00 1.392620e+00 -5.098513e-01 1.302791e+00 1.202588e-01 1.569752e-01 2.512395e-01 -2.766193e-01 6.252995e-01 -1.299931e-01
<VARIANCE> 25
 1.146567e+01 3.885957e+01 3.078913e+01 5.585363e+01 4.915367e+01 5.406945e+01 6.210220e+01 5.280804e+01 6.478790e+01 5.711977e+01 5.578411e+01 4.738020e+01 2.179849e+00 3.465775e+00 3.290490e+00 4.517694e+00 4.523180e+00 4.553678e+00 4.706660e+00 5.071122e+00 5.476764e+00 4.779429e+00 5.135092e+00 3.746339e+00 3.042452e-03
<GCONST> 1.029183e+02
<MIXTURE> 68 1.485092e-02
<MEAN> 25
 -2.018607e+00 -2.310700e+00 -4.102590e+00 1.255457e+00 5.262214e+00 -6.699033e-01 2.129580e+00 1.827801e+00 2.005754e+00 1.690618e+00 4.858012e-01 1.875883e+00 2.768150e+00 5.484880e-01 1.379514e-02 -2.585153e+00 -2.416996e+00 -1.591296e+00 -2.353729e+00 -1.792293e+00 -1.651641e+00 -1.481297e+00 -1.985476e+00 -1.059310e+00 1.032549e-01
<VARIANCE> 25
 2.599572e+01 3.203506e+01 5.877381e+01 5.260059e+01 4.668621e+01 5.510747e+01 4.527433e+01 4.228301e+01 4.043732e+01 4.350390e+01 3.738551e+01 2.576094e+01 1.863911e+00 3.745143e+00 5.937626e+00 5.867043e+00 4.698536e+00 5.610122e+00 5.772116e+00 4.973715e+00 4.978587e+00 5.261084e+00 5.043060e+00 3.420858e+00 6.142645e-03
<GCONST> 1.036044e+02
<MIXTURE> 69 1.204884e-02
<MEAN> 25
 4.673578e+00 -4.232343e+00 -3.568676e+00 -3.630610e+00 -3.506344e+00 -7.881237e+00 -1.110835e+00 2.213557e+00 -3.486795e-01 -4.740344e+00 -5.688540e+00 9.571436e-01 1.678457e+00 -2.236047e+00 -1.338593e+00 -2.244699e+00 -5.300488e-01 -3.491470e-01 -4.727518e-01 6.159118e-01 -6.424301e-01 -1.460796e+00 -2.204872e+00 -1.727116e-01 6.254915e-02
<VARIANCE> 25
 8.862811e+00 2.179403e+01 2.675280e+01 2.593670e+01 4.271141e+01 3.562813e+01 4.896431e+01 3.159996e+01 3.978030e+01 3.791476e+01 3.108611e+01 2.461634e+01 3.548207e+00 2.922125e+00 3.335702e+00 3.700924e+00 5.768470e+00 5.011619e+00 7.118907e+00 6.080592e+00 5.913747e+00 5.867571e+00 4.351836e+00 3.705331e+00 2.446971e-03
<GCONST> 9.868167e+01
<MIXTURE> 70 1.329190e-02
<MEAN> 25
 7.523975e+00 -2.036009e+00 -3.889859e+00 -3.609047e+00 -4.096647e-01 -6.678101e-01 -7.691385e+00 -4.028151e+00 5.706666e-01 2.893956e+00 -1.315168e-01 -4.912207e+00 1.936093e+00 -1.138533e+00 -8.205029e-01 -2.206460e+00 -1.519448e+00 1.178110e+00 -1.337826e+00 -8.811597e-02 3.375431e-01 -2.767339e-02 6.879594e-01 -1.454888e+00 5.868858e-02
<VARIANCE> 25
 9.920529e+00 2.257543e+01 2.833745e+01 4.699001e+01 3.550644e+01 4.451241e+01 4.988058e+01 4.410149e+01 4.709404e+01 3.279315e+01 4.499812e+01 2.728794e+01 3.501751e+00 3.212321e+00 4.743200e+00 4.958386e+00 5.217099e+00 6.448233e+00 6.795161e+00 7.556352e+00 6.175717e+00 5.389219e+00 5.868341e+00 4.306684e+00 2.537777e-03
<GCONST> 1.018602e+02
<MIXTURE> 71 1.406903e-02
<MEAN> 25
 6.398529e+00 5.192807e+00 4.270321e+00 3.116967e+00 -3.467961e+00 -3.427315e+00 -3.431798e+00 -6.654565e+00 -4.676842e+00 -2.514833e+00 -5.244360e+00 -3.244474e+00 -1.576422e+00 -6.986796e-01 -2.528216e-01 -1.779810e+00 1.129472e+00 -1.468865e-01 5.201536e-02 1.538740e+00 3.089692e-01 -1.794825e-01 6.865461e-01 1.839530e-01 4.096197e-02
<VARIANCE> 25
 1.887470e+01 2.572322e+01 2.409316e+01 4.502252e+01 4.074683e+01 4.064108e+01 4.262535e+01 4.154375e+01 3.905318e+01 4.414594e+01 3.653580e+01 3.455554e+01 1.754448e+00 3.046580e+00 5.303495e+00 4.887812e+00 4.710989e+00 4.743169e+00 4.879907e+00 5.393789e+00 4.309383e+00 4.099739e+00 3.633485e+00 3.300924e+00 1.421846e-03
<GCONST> 9.871445e+01
<MIXTURE> 72 8.134747e-03
<MEAN> 25
 3.787207e+00 -3.681256e+00 5.450398e+00 -2.466800e+00 -1.039581e+01 -9.619143e+00 -2.448239e+00 1.921427e+00 -4.943367e+00 -2.199046e+00 -1.884170e+00 6.169506e-01 9.326594e-01 -7.859289e-01 -2.575531e+00 4.629750e-01 2.136290e+00 -6.541668e-01 -1.316913e+00 1.525029e+00 1.813928e+00 -5.964652e-01 -1.289646e+00 4.013372e-01 -6.130657e-03
<VARIANCE> 25
 1.080251e+01 1.947965e+01 3.289553e+01 3.839982e+01 3.238673e+01 3.340295e+01 4.104607e+01 3.618777e+01 4.366541e+01 4.133759e+01 3.877864e+01 2.849701e+01 4.318594e-01 1.025410e+00 2.023622e+00 1.468706e+00 2.183691e+00 2.354770e+00 3.059931e+00 2.731337e+00 2.602952e+00 2.959729e+00 2.023476e+00 2.130737e+00 5.403719e-04
<GCONST> 8.724841e+01
<MIXTURE> 73 1.213625e-02
<MEAN> 25
 -5.639561e+00 -7.915522e-01 -1.303113e+00 4.915764e+00 4.239357e+00 2.341561e+00 5.516942e+00 3.455689e+00 4.368113e+00 3.434937e+00 4.269083e+00 3.027343e+00 8.029843e-01 -1.030946e+00 -9.457181e-01 -2.648441e+00 -1.261304e+00 -1.751837e+00 -9.019449e-01 -5.083820e-01 -9.207014e-01 -7.017701e-01 -1.105302e+00 -2.827617e-01 1.548743e-01
<VARIANCE> 25
 1.284037e+01 1.339730e+01 1.520394e+01 2.263305e+01 2.333422e+01 2.477670e+01 2.039398e+01 2.000449e+01 1.777110e+01 1.905869e+01 2.279641e+01 1.558395e+01 4.046489e+00 3.090597e+00 5.965262e+00 4.675977e+00 6.152476e+00 4.561170e+00 4.303014e+00 4.250609e+00 3.898884e+00 4.231366e+00 3.541097e+00 2.673737e+00 4.303062e-03
<GCONST> 9.270261e+01
<MIXTURE> 74 1.756491e-02
<MEAN> 25
 4.520504e+00 -1.596801e+00 5.274094e+00 -1.153321e+00 -8.771802e+00 -8.327716e+00 -2.707748e+00 7.607511e-01 -4.121896e+00 -2.840991e+00 -1.706747e+00 2.598987e-01 3.116654e-01 2.025355e+00 4.376663e-02 1.720569e+00 1.235522e+00 3.581511e-01 -3.132671e-03 -1.334521e+00 1.746371e-01 1.793875e-01 -2.378573e-01 -1.056385e-01 -7.876832e-02
<VARIANCE> 25
 1.170719e+01 2.202530e+01 3.768025e+01 3.873726e+01 3.721798e+01 3.972617e+01 5.169023e+01 4.672589e+01 4.817822e+01 4.482182e+01 4.121791e+01 3.448140e+01 2.103628e+00 2.052975e+00 3.930989e+00 2.596039e+00 3.933065e+00 3.919656e+00 5.070255e+00 4.289000e+00 4.176584e+00 4.047626e+00 3.660173e+00 3.205896e+00 1.754086e-03
<GCONST> 9.735555e+01
<MIXTURE> 75 9.711651e-03
<MEAN> 25
 2.665221e+00 -1.247268e+00 1.104159e+01 1.730824e+00 -1.184621e+01 -7.676193e+00 -4.582116e+00 -4.822294e-01 -4.512688e+00 -4.626481e+00 3.268730e+00 1.543743e-01 1.754189e+00 -1.768709e+00 2.012508e-01 -2.582067e-01 -2.404304e+00 -5.193767e-01 -1.468223e+00 9.668473e-01 -1.531418e-01 -3.533127e-01 1.083399e+00 -6.309978e-01 3.866391e-02
<VARIANCE> 25
 1.114368e+01 1.783628e+01 3.036661e+01 2.782960e+01 2.688930e+01 3.276240e+01 3.148385e+01 3.115790e+01 3.373099e+01 3.163685e+01 2.045389e+01 2.172853e+01 2.381862e+00 1.901831e+00 4.294906e+00 2.492280e+00 3.880121e+00 4.348981e+00 4.162309e+00 3.520734e+00 3.952209e+00 3.383629e+00 3.107333e+00 2.513543e+00 1.543938e-03
<GCONST> 9.228471e+01
<MIXTURE> 76 1.052359e-02
<MEAN> 25
 -5.383975e+00 -1.164838e+00 -1.863270e+00 3.066709e+00 3.437266e+00 1.169751e+00 2.888305e+00 1.925065e+00 1.676986e+00 7.346064e-01 1.439492e+00 1.637973e+00 -3.658199e-02 -6.176800e-01 -2.501772e-01 -7.828487e-01 -5.562435e-01 -7.795340e-01 -5.552599e-01 -3.606303e-01 -5.501315e-01 -4.475598e-01 -3.537659e-01 -1.693182e-01 1.524256e-02
<VARIANCE> 25
 3.204478e+01 2.163708e+01 2.494741e+01 2.288645e+01 2.511461e+01 2.657415e+01 2.512343e+01 2.765317e+01 2.235534e+01 2.195998e+01 2.169177e+01 1.833374e+01 9.597548e-01 1.033643e+00 1.183465e+00 1.051246e+00 1.268808e+00 1.452025e+00 1.358089e+00 1.838102e+00 1.750372e+00 1.482074e+00 1.306391e+00 1.204274e+00 1.154181e-03
<GCONST> 8.044300e+01
<MIXTURE> 77 1.244626e-02
<MEAN> 25
 -4.696620e-01 8.526349e+00 1.236107e+01 -1.154561e+01 -6.978693e+00 9.534549e-01 -9.212976e+00 -7.196359e+00 -3.367327e+00 -2.174382e-01 -4.633116e+00 -1.510015e+00 6.522436e-02 1.304944e-01 7.548596e-02 2.458539e-01 -2.818580e-02 7.538931e-02 -6.614492e-02 -6.427249e-02 8.947591e-02 -4.416301e-02 2.104303e-02 1.210672e-01 -9.765466e-03
<VARIANCE> 25
 1.036753e+01 2.032836e+01 2.844458e+01 4.187864e+01 3.301083e+01 3.351818e+01 3.694644e+01 3.177961e+01 3.503621e+01 3.298771e+01 3.736236e+01 3.481074e+01 2.976786e-01 7.794057e-01 6.414571e-01 1.081786e+00 1.236512e+00 9.833691e-01 1.216077e+00 1.070475e+00 1.043024e+00 1.058122e+00 9.668812e-01 9.205291e-01 5.389851e-04
<GCONST> 7.776987e+01
<MIXTURE> 78 9.702551e-03
<MEAN> 25
 -1.162051e+01 1.099299e+00 -1.633252e+00 2.261513e+00 4.435510e+00 -2.270149e+00 3.781681e+00 2.670921e+00 2.614503e+00 7.559784e-01 -4.845638e-01 3.047144e+00 2.403598e+00 -2.763804e-01 1.836620e-01 5.838165e-01 -3.148393e-02 1.914394e-02 -3.072694e-01 -8.828928e-02 2.160809e-01 1.442731e-01 -3.763690e-01 -4.614142e-01 -6.196980e-02
<VARIANCE> 25
 4.087735e+01 3.282573e+01 3.278253e+01 3.255957e+01 3.978820e+01 3.725540e+01 3.580587e+01 3.293666e+01 2.824617e+01 2.770595e+01 2.716777e+01 2.027137e+01 4.934132e+00 2.587621e+00 2.859694e+00 3.075665e+00 2.857738e+00 3.514742e+00 3.267881e+00 2.842545e+00 2.363290e+00 2.377835e+00 2.258080e+00 2.132102e+00 4.715715e-03
<GCONST> 9.466758e+01
<MIXTURE> 79 1.156824e-02
<MEAN> 25
 2.419641e+00 1.576869e+00 9.191329e+00 -6.609019e+00 -1.207452e+01 -1.818683e+00 -1.916660e+00 -6.476009e+00 -6.579109e+00 3.223829e-01 -3.519973e+00 -3.298072e+00 1.222077e+00 -5.256917e-01 -1.432325e+00 2.354386e+00 3.800468e-01 -1.473228e+00 5.362220e-01 8.885348e-01 -4.360622e-01 -5.431896e-01 3.583125e-01 2.794936e-01 -3.631365e-02
<VARIANCE> 25
 1.424044e+01 2.414271e+01 3.792972e+01 4.977909e+01 3.343688e+01 4.351819e+01 4.286808e+01 3.678361e+01 3.896077e+01 3.981766e+01 4.391976e+01 3.067941e+01 9.429265e-01 2.262384e+00 1.896799e+00 2.086958e+00 2.473542e+00 2.816925e+00 3.199099e+00 3.536104e+00 2.516177e+00 2.736143e+00 2.317307e+00 2.031617e+00 1.232807e-03
<GCONST> 9.180994e+01
<MIXTURE> 80 7.550998e-03
<MEAN> 25
 -1.460748e+01 3.982591e+00 6.892024e-01 2.865891e+00 2.449400e+00 1.409696e+00 6.396285e+00 2.497368e+00 2.719518e+00 2.373493e+00 4.852480e+00 1.186617e+00 4.286026e+00 -1.611390e-02 1.637766e+00 -1.135563e+00 -2.889255e+00 -2.777394e+00 -2.323146e+00 -2.021483e+00 -1.975116e+00 -1.685180e+00 -1.650785e+00 -6.027898e-01 -4.423086e-02
<VARIANCE> 25
 2.096197e+01 1.984627e+01 3.444241e+01 3.470438e+01 3.017801e+01 2.920969e+01 2.828949e+01 2.855596e+01 2.674398e+01 2.880850e+01 2.685327e+01 1.810644e+01 2.357996e+00 2.666028e+00 2.673159e+00 4.119509e+00 3.394309e+00 2.705185e+00 3.025059e+00 3.203779e+00 2.748928e+00 2.701438e+00 2.781923e+00 2.145558e+00 1.512040e-03
<GCONST> 9.139658e+01
<MIXTURE> 81 8.025434e-03
<MEAN> 25
 -1.118554e+00 4.064483e+00 1.017346e+01 -1.479652e+01 -9.076527e+00 -1.421755e+00 -6.764875e+00 -8.422688e+00 -4.151080e+00 -4.178366e-01 -7.572914e+00 -2.246869e+00 1.338072e-01 -5.872777e-01 -2.552234e-03 -5.560784e-01 -4.643561e-01 3.350439e-01 3.200413e-01 1.372882e-01 -1.398549e-01 1.067063e-01 -4.693730e-01 -1.252453e-01 1.150891e-02
<VARIANCE> 25
 1.014801e+01 3.279787e+01 2.650115e+01 2.934715e+01 3.371264e+01 3.050705e+01 4.543188e+01 2.826305e+01 3.797331e+01 3.187404e+01 2.529317e+01 3.104399e+01 7.719432e-01 2.276036e+00 1.545229e+00 2.871433e+00 2.662022e+00 2.125366e+00 3.279788e+00 2.287708e+00 2.354985e+00 2.538017e+00 2.297479e+00 2.077799e+00 1.182869e-03
<GCONST> 8.868233e+01
<MIXTURE> 82 8.213053e-03
<MEAN> 25
 -9.965731e+00 -3.903031e+00 1.640095e+00 -2.971766e+00 3.113517e+00 6.711346e-01 1.994598e+00 9.380389e-01 2.976276e+00 1.729196e+00 1.742430e+00 3.084897e+00 -1.314310e+00 -1.249191e-01 2.896369e-01 -2.604323e+00 -1.105542e+00 -1.265209e+00 -1.013506e+00 -8.700686e-01 -3.165274e-01 -4.781757e-01 -3.167624e-01 -9.511431e-02 1.784394e-01
<VARIANCE> 25
 1.801272e+01 2.493789e+01 3.236853e+01 3.088653e+01 3.302452e+01 3.229024e+01 3.178074e+01 3.298115e+01 3.085763e+01 2.512460e+01 3.078939e+01 1.750643e+01 3.754705e+00 3.049027e+00 3.316693e+00 3.268527e+00 3.562036e+00 3.286874e+00 2.943438e+00 3.016510e+00 2.795135e+00 2.490965e+00 2.449319e+00 1.865819e+00 3.430855e-03
<GCONST> 9.308189e+01
<MIXTURE> 83 1.167529e-02
<MEAN> 25
 -2.004081e+01 5.504238e+00 -1.789702e+00 -4.051103e-01 7.829639e+00 -1.234488e+00 5.460100e+00 3.044532e+00 1.192393e+00 2.190908e+00 7.244872e-01 2.881716e+00 -2.631321e-02 -4.501706e-01 4.872012e-03 -3.655977e-01 -4.974648e-01 -1.258521e-01 -1.343577e-01 -9.942717e-02 -4.144356e-02 -3.920248e-02 -3.058213e-02 -3.465528e-02 4.403248e-03
<VARIANCE> 25
 8.819281e+00 1.645402e+01 2.851271e+01 2.248555e+01 2.127508e+01 2.407955e+01 2.202746e+01 2.336420e+01 2.042958e+01 2.221887e+01 2.319599e+01 1.448780e+01 1.060910e+00 9.362046e-01 1.240790e+00 1.065688e+00 1.359398e+00 1.291389e+00 1.283447e+00 1.388157e+00 1.349015e+00 1.310737e+00 1.220778e+00 1.071650e+00 8.923843e-04
<GCONST> 7.703519e+01
<MIXTURE> 84 1.066614e-02
<MEAN> 25
 1.178212e+00 9.025283e+00 7.246972e+00 7.989621e+00 2.833444e+00 -9.176336e-01 -1.526948e+00 -4.481946e+00 -4.120696e+00 -2.911747e+00 -2.414532e+00 -1.595996e+00 -1.787995e+00 -1.185832e+00 -1.206583e+00 1.289349e+00 2.254417e+00 1.504407e+00 1.453554e+00 1.290385e+00 1.169333e+00 4.030730e-01 4.167548e-01 4.255770e-01 -7.173225e-02
<VARIANCE> 25
 2.350601e+01 1.824135e+01 2.160586e+01 2.412843e+01 2.918659e+01 2.831436e+01 2.795493e+01 2.655174e+01 2.529636e+01 2.525153e+01 2.360392e+01 2.461967e+01 2.102319e+00 2.541548e+00 3.849859e+00 3.302196e+00 3.276238e+00 3.378078e+00 3.291496e+00 3.408029e+00 3.484226e+00 3.251533e+00 3.589195e+00 2.806290e+00 3.527117e-03
<GCONST> 9.254532e+01
<MIXTURE> 85 7.591393e-03
<MEAN> 25
 -3.110700e+00 7.892240e+00 5.725056e+00 1.286139e+00 -3.493794e+00 -5.325562e+00 -2.980346e+00 -6.121497e+00 -3.542525e+00 -3.184627e+00 -4.793516e-01 -1.899549e+00 3.943497e+00 3.247828e-01 1.756003e+00 -2.091551e+00 -3.414644e+00 -2.583293e+00 -2.886089e+00 -2.341580e+00 -2.249167e+00 -1.264163e+00 -2.302918e+00 -6.158288e-01 9.208286e-03
<VARIANCE> 25
 4.247410e+01 2.343189e+01 3.647580e+01 3.822284e+01 3.974852e+01 4.119040e+01 3.216648e+01 2.789701e+01 2.664466e+01 2.611898e+01 2.622713e+01 2.056899e+01 2.704192e+00 4.326281e+00 4.058823e+00 5.182729e+00 4.408421e+00 3.880914e+00 3.853589e+00 3.987184e+00 3.849536e+00 4.040505e+00 3.941526e+00 3.485155e+00 5.446220e-03
<GCONST> 9.835503e+01
<MIXTURE> 86 1.273941e-02
<MEAN> 25
 -3.319393e+00 -1.100234e+00 -6.736119e-01 4.676230e+00 3.897756e+00 4.017669e+00 4.537317e+00 4.024631e+00 4.319881e+00 4.157680e+00 5.044512e+00 2.519304e+00 -5.069955e-02 6.797066e-02 -1.532731e-01 -1.980134e-01 -8.314477e-02 -1.883716e-01 -2.786583e-01 -3.383370e-01 -3.984393e-01 -3.371371e-01 -1.518481e-01 -9.856259e-02 -1.378222e-03
<VARIANCE> 25
 1.139756e+01 4.486739e+00 7.762825e+00 1.471291e+01 1.429057e+01 1.246025e+01 1.212284e+01 1.147244e+01 1.144397e+01 1.274387e+01 1.154855e+01 1.232754e+01 1.010274e-01 2.214001e-01 3.404530e-01 5.263484e-01 5.916789e-01 6.510334e-01 7.416549e-01 8.085167e-01 9.020989e-01 1.017772e+00 1.085045e+00 1.066766e+00 6.370172e-05
<GCONST> 5.809232e+01
<MIXTURE> 87 1.100681e-02
<MEAN> 25
 -3.303459e+00 4.539716e+00 3.504301e+00 7.013558e+00 5.561599e+00 8.933071e-01 1.641817e+00 -9.435670e-01 -5.875645e-01 -8.885385e-01 -7.897874e-01 3.122032e-02 -2.150516e+00 -2.784387e+00 -2.100640e+00 -2.223561e+00 -3.846888e-02 -1.812788e-01 6.126221e-01 1.300288e+00 1.404097e+00 1.030944e+00 9.423105e-01 1.003317e+00 1.046361e-01
<VARIANCE> 25
 3.807180e+01 2.952348e+01 2.803309e+01 3.376872e+01 2.875849e+01 3.188506e+01 2.811572e+01 2.729740e+01 2.591952e+01 2.467307e+01 2.479760e+01 2.318251e+01 3.858496e+00 2.718654e+00 3.917067e+00 3.654793e+00 4.789658e+00 4.308350e+00 4.152055e+00 3.894796e+00 3.531451e+00 3.383255e+00 3.386067e+00 2.729861e+00 4.955398e-03
<GCONST> 9.632280e+01
<MIXTURE> 88 1.256585e-02
<MEAN> 25
 -3.848539e+00 -9.197264e-01 -1.007640e+00 4.625593e+00 3.603557e+00 2.494351e+00 3.537605e+00 3.283532e+00 3.073240e+00 2.210966e+00 1.994718e+00 2.030224e+00 1.054092e-01 -6.418540e-02 1.616617e-01 3.864622e-01 3.457918e-01 6.750753e-02 -2.714783e-02 -6.058152e-02 -3.470685e-01 -1.996003e-01 -6.114212e-02 -6.055408e-02 -6.452661e-03
<VARIANCE> 25
 8.285671e+00 8.393803e+00 1.233742e+01 1.394481e+01 1.786002e+01 1.885714e+01 1.778379e+01 1.791665e+01 1.572832e+01 1.561671e+01 1.961487e+01 1.489307e+01 1.080209e+00 1.689833e+00 1.716089e+00 1.938991e+00 2.136927e+00 2.140159e+00 2.101109e+00 2.240299e+00 2.202289e+00 2.448587e+00 2.459706e+00 2.058959e+00 1.308338e-03
<GCONST> 7.964272e+01
<MIXTURE> 89 9.333527e-03
<MEAN> 25
 6.077524e+00 -6.831940e+00 -3.559379e+00 -3.168602e+00 -1.611966e+00 -5.590282e+00 -6.119747e+00 4.100375e+00 3.473136e+00 -2.807349e+00 -6.032037e+00 -3.286848e+00 -5.707802e-01 1.567004e-01 1.990440e+00 9.017828e-01 -1.868792e+00 -1.648548e+00 8.844776e-01 1.265124e+00 -7.892475e-01 -1.316847e+00 4.041705e-01 1.535994e+00 -4.882664e-03
<VARIANCE> 25
 8.997846e+00 2.671023e+01 3.106718e+01 3.019810e+01 3.609639e+01 4.165908e+01 5.964978e+01 4.212194e+01 3.909378e+01 4.240715e+01 3.581014e+01 3.239170e+01 3.543714e-01 8.414682e-01 1.472264e+00 1.316861e+00 1.919171e+00 2.127096e+00 2.577024e+00 2.041186e+00 2.248140e+00 2.127231e+00 2.330635e+00 1.472349e+00 3.664844e-04
<GCONST> 8.529231e+01
<MIXTURE> 90 7.114505e-03
<MEAN> 25
 2.430942e+00 -9.646189e+00 -4.721024e+00 -3.949757e+00 -3.359063e+00 -1.803017e+00 3.334891e+00 1.150865e+00 -7.488162e+00 -1.015127e+01 -3.416608e+00 -7.358988e-01 -1.635717e-01 9.044092e-01 1.162924e+00 -8.509773e-01 -1.609951e+00 -2.169864e-01 6.457427e-01 -2.051802e-01 -1.672975e-01 7.356210e-01 1.741646e-01 -5.521169e-01 -1.101995e-02
<VARIANCE> 25
 8.483640e+00 1.834633e+01 1.977814e+01 2.790280e+01 3.665748e+01 3.192680e+01 3.835832e+01 3.624806e+01 3.519672e+01 2.800597e+01 2.686727e+01 2.599770e+01 2.249336e-01 6.137036e-01 7.882229e-01 1.037774e+00 1.462621e+00 1.591609e+00 1.775798e+00 1.647241e+00 1.798125e+00 1.678260e+00 1.510496e+00 1.307018e+00 2.159077e-04
<GCONST> 7.813377e+01
<MIXTURE> 91 7.852945e-03
<MEAN> 25
 6.363123e+00 -7.623445e+00 -8.543897e+00 -5.124519e+00 3.964134e+00 -1.285660e-01 -2.189009e+00 7.276535e-01 8.005763e-01 -2.912663e+00 -4.928161e+00 -5.175807e+00 2.630112e-01 1.002675e+00 1.873552e-01 4.488995e-01 -7.083546e-02 -5.561926e-01 -3.879906e-01 -1.022091e-01 -9.994072e-02 4.675111e-01 -1.073139e-01 2.146356e-01 -3.492662e-02
<VARIANCE> 25
 1.024765e+01 2.267998e+01 2.012991e+01 4.078783e+01 3.504128e+01 5.526753e+01 5.421634e+01 3.949764e+01 5.190607e+01 6.430146e+01 3.818069e+01 4.133303e+01 4.465163e-01 8.842051e-01 1.127722e+00 1.382018e+00 2.186311e+00 2.371656e+00 2.364426e+00 2.382352e+00 2.240746e+00 2.243650e+00 2.033403e+00 1.820182e+00 5.843011e-04
<GCONST> 8.718828e+01
<MIXTURE> 92 7.852945e-03
<MEAN> 25
 6.363123e+00 -7.623445e+00 -8.543897e+00 -5.124519e+00 3.964134e+00 -1.285660e-01 -2.189009e+00 7.276535e-01 8.005763e-01 -2.912663e+00 -4.928161e+00 -5.175807e+00 2.630112e-01 1.002675e+00 1.873552e-01 4.488995e-01 -7.083546e-02 -5.561926e-01 -3.879906e-01 -1.022091e-01 -9.994072e-02 4.675111e-01 -1.073139e-01 2.146356e-01 -3.492662e-02
<VARIANCE> 25
 1.024765e+01 2.267998e+01 2.012991e+01 4.078783e+01 3.504128e+01 5.526753e+01 5.421634e+01 3.949764e+01 5.190607e+01 6.430146e+01 3.818069e+01 4.133303e+01 4.465163e-01 8.842051e-01 1.127722e+00 1.382018e+00 2.186311e+00 2.371656e+00 2.364426e+00 2.382352e+00 2.240746e+00 2.243650e+00 2.033403e+00 1.820182e+00 5.843011e-04
<GCONST> 8.718828e+01
<MIXTURE> 93 6.122769e-03
<MEAN> 25
 -6.793087e+00 -9.544501e-01 -2.385786e+00 5.785515e+00 5.896906e+00 3.916093e+00 6.105431e+00 3.600748e+00 4.107457e+00 2.503401e+00 1.817276e+00 3.700901e+00 -6.186570e-02 -1.538377e-01 -2.574851e-01 -3.303542e-01 -3.285779e-01 -2.817154e-01 -2.214002e-01 -1.783924e-01 -1.696897e-01 -1.516696e-01 -1.020127e-01 -3.375428e-02 -4.751212e-06
<VARIANCE> 25
 9.292948e+00 6.012822e+00 8.228992e+00 1.136813e+01 1.147373e+01 1.595941e+01 1.528563e+01 1.643839e+01 1.474634e+01 1.449842e+01 1.672262e+01 1.340785e+01 8.247337e-02 1.529734e-01 2.628108e-01 3.798829e-01 5.055889e-01 6.421287e-01 7.795370e-01 8.910434e-01 9.204382e-01 8.744038e-01 8.926868e-01 9.161859e-01 9.979674e-07
<GCONST> 5.362070e+01
<MIXTURE> 94 6.122769e-03
<MEAN> 25
 -6.793087e+00 -9.544501e-01 -2.385786e+00 5.785515e+00 5.896906e+00 3.916093e+00 6.105431e+00 3.600748e+00 4.107457e+00 2.503401e+00 1.817276e+00 3.700901e+00 -6.186570e-02 -1.538377e-01 -2.574851e-01 -3.303542e-01 -3.285779e-01 -2.817154e-01 -2.214002e-01 -1.783924e-01 -1.696897e-01 -1.516696e-01 -1.020127e-01 -3.375428e-02 -4.751212e-06
<VARIANCE> 25
 9.292948e+00 6.012822e+00 8.228992e+00 1.136813e+01 1.147373e+01 1.595941e+01 1.528563e+01 1.643839e+01 1.474634e+01 1.449842e+01 1.672262e+01 1.340785e+01 8.247337e-02 1.529734e-01 2.628108e-01 3.798829e-01 5.055889e-01 6.421287e-01 7.795370e-01 8.910434e-01 9.204382e-01 8.744038e-01 8.926868e-01 9.161859e-01 9.979674e-07
<GCONST> 5.362070e+01
<MIXTURE> 95 5.258835e-03
<MEAN> 25
 -3.764830e+00 -4.384872e-01 -1.485370e+00 3.076603e+00 3.277157e+00 2.037010e+00 2.096825e+00 8.678892e-01 1.922487e+00 1.250204e+00 1.699290e+00 2.164995e+00 8.410617e-02 1.175579e-01 1.206003e-02 -2.550437e-01 -4.575574e-01 -8.581980e-01 -1.023526e+00 -1.264938e+00 -1.111645e+00 -9.792194e-01 -8.234104e-01 -4.104850e-01 -2.429497e-03
<VARIANCE> 25
 1.273188e+01 5.820737e+00 8.546052e+00 1.297074e+01 1.242773e+01 1.361162e+01 1.857440e+01 1.340222e+01 1.319903e+01 1.359271e+01 1.530994e+01 1.300824e+01 1.894469e-01 3.030387e-01 5.109974e-01 6.223432e-01 7.767002e-01 8.311557e-01 8.445407e-01 9.790926e-01 9.228852e-01 9.229476e-01 1.126401e+00 1.064966e+00 5.345983e-05
<GCONST> 6.164648e+01
<MIXTURE> 96 7.034694e-03
<MEAN> 25
 -3.819886e+00 -2.369162e-01 -1.622903e+00 3.991371e+00 3.019318e+00 1.523442e+00 3.031374e+00 1.698706e+00 1.838365e+00 5.019318e-01 1.101560e+00 2.096335e+00 5.279794e-03 1.178052e-01 2.443978e-01 4.484470e-01 5.867711e-01 4.963642e-01 2.502068e-01 -1.508428e-01 -4.086808e-01 -8.346341e-01 -6.608496e-01 -3.958001e-01 4.999127e-06
<VARIANCE> 25
 1.332099e+01 8.029492e+00 1.150578e+01 1.489989e+01 1.457838e+01 1.739541e+01 1.718329e+01 1.602011e+01 1.595283e+01 1.549508e+01 1.733486e+01 1.501276e+01 1.153673e-01 2.068633e-01 3.127092e-01 3.768410e-01 4.721199e-01 6.261978e-01 8.065262e-01 9.588292e-01 8.525716e-01 1.033840e+00 8.847931e-01 9.293123e-01 1.308388e-06
<GCONST> 5.677084e+01
<MIXTURE> 97 7.034694e-03
<MEAN> 25
 -3.819886e+00 -2.369162e-01 -1.622903e+00 3.991371e+00 3.019318e+00 1.523442e+00 3.031374e+00 1.698706e+00 1.838365e+00 5.019318e-01 1.101560e+00 2.096335e+00 5.279794e-03 1.178052e-01 2.443978e-01 4.484470e-01 5.867711e-01 4.963642e-01 2.502068e-01 -1.508428e-01 -4.086808e-01 -8.346341e-01 -6.608496e-01 -3.958001e-01 4.999127e-06
<VARIANCE> 25
 1.332099e+01 8.029492e+00 1.150578e+01 1.489989e+01 1.457838e+01 1.739541e+01 1.718329e+01 1.602011e+01 1.595283e+01 1.549508e+01 1.733486e+01 1.501276e+01 1.153673e-01 2.068633e-01 3.127092e-01 3.768410e-01 4.721199e-01 6.261978e-01 8.065262e-01 9.588292e-01 8.525716e-01 1.033840e+00 8.847931e-01 9.293123e-01 1.308388e-06
<GCONST> 5.677084e+01
<MIXTURE> 98 9.917808e-03
<MEAN> 25
 -1.568693e+00 9.577217e-01 -4.916699e-02 4.383957e+00 3.439515e+00 2.611176e+00 3.017903e+00 1.672883e+00 1.575261e+00 8.591307e-01 5.511030e-01 1.129171e+00 -1.753743e+00 -1.449591e+00 -1.001280e+00 1.559852e-01 5.923933e-01 8.034575e-01 1.224672e+00 1.453436e+00 1.689471e+00 1.165264e+00 1.253861e+00 9.539616e-01 -3.221771e-02
<VARIANCE> 25
 1.397272e+01 1.926303e+01 3.084916e+01 3.241680e+01 4.255629e+01 3.544082e+01 3.150300e+01 2.805128e+01 2.690953e+01 2.939925e+01 2.637852e+01 2.453570e+01 1.390816e+00 1.511831e+00 2.271099e+00 2.355058e+00 2.797015e+00 2.809271e+00 2.794739e+00 2.708518e+00 2.518106e+00 2.939170e+00 2.855071e+00 2.060850e+00 2.471815e-03
<GCONST> 8.997565e+01
<MIXTURE> 99 6.696178e-03
<MEAN> 25
 -6.284201e+00 9.584582e+00 6.566939e+00 3.403105e+00 9.275996e-01 -5.109466e+00 -1.731791e+00 -4.164356e+00 -3.640552e+00 -3.735867e+00 -1.551059e+00 3.093015e-01 5.530211e-01 -7.134248e-01 2.896952e-01 -4.160665e-01 -1.133743e+00 -4.732173e-01 -3.267150e-01 -2.648056e-01 -8.292561e-02 -6.780098e-02 2.157413e-01 1.851155e-01 1.028043e-02
<VARIANCE> 25
 3.520326e+01 2.867787e+01 4.675976e+01 3.073591e+01 3.536148e+01 3.498147e+01 2.702680e+01 2.860369e+01 2.663904e+01 2.693287e+01 2.004184e+01 2.862659e+01 2.138497e+00 1.847258e+00 1.420013e+00 1.707514e+00 2.578779e+00 2.090295e+00 1.559246e+00 1.694852e+00 1.545597e+00 1.573174e+00 1.280507e+00 1.239237e+00 1.526809e-03
<GCONST> 8.661494e+01
<MIXTURE> 100 4.498084e-03
<MEAN> 25
 -1.598878e+00 6.344827e+00 1.027700e+01 -7.462759e+00 -1.078206e+01 -5.075294e+00 -4.941668e+00 -9.968847e+00 -4.718240e+00 -8.551691e-01 -2.733300e+00 -2.708267e+00 2.917895e+00 -1.260455e+00 1.299659e+00 -2.185945e+00 -3.419489e+00 -7.841161e-01 -1.218778e+00 -8.197802e-01 -1.475479e+00 3.466953e-01 -1.655620e+00 -2.862392e-01 2.015521e-03
<VARIANCE> 25
 1.362666e+01 2.105913e+01 2.246177e+01 2.642710e+01 2.301848e+01 2.372172e+01 2.911146e+01 2.170685e+01 2.748231e+01 2.265230e+01 2.241141e+01 2.134114e+01 1.799129e+00 3.953767e+00 2.919965e+00 4.286306e+00 4.184435e+00 4.537227e+00 4.015484e+00 4.340374e+00 4.167888e+00 3.896067e+00 3.910382e+00 3.225015e+00 1.674840e-03
<GCONST> 9.256865e+01
<MIXTURE> 101 6.007792e-03
<MEAN> 25
 8.056435e+00 -3.470752e+00 -6.277072e+00 -6.815199e+00 8.511559e-01 -1.253791e+00 -1.054863e+01 -2.051879e+00 1.615651e+00 2.740137e+00 -2.346553e+00 -5.118417e+00 6.738904e-01 6.522227e-01 -1.449918e+00 -1.600838e+00 1.024153e+00 2.306508e+00 1.953903e-01 -1.458325e+00 -1.062683e+00 1.039079e+00 1.377737e+00 -4.049902e-01 -4.871586e-03
<VARIANCE> 25
 9.461527e+00 1.665972e+01 2.984761e+01 4.295378e+01 3.600431e+01 3.560406e+01 3.705880e+01 3.601080e+01 3.771389e+01 4.385622e+01 5.179737e+01 2.418539e+01 2.920810e-01 6.661324e-01 1.173599e+00 1.557760e+00 1.687627e+00 2.106719e+00 2.074264e+00 1.981824e+00 2.338799e+00 2.210912e+00 1.780426e+00 1.941250e+00 3.434489e-04
<GCONST> 8.361500e+01
<MIXTURE> 102 6.007792e-03
<MEAN> 25
 8.056435e+00 -3.470752e+00 -6.277072e+00 -6.815199e+00 8.511559e-01 -1.253791e+00 -1.054863e+01 -2.051879e+00 1.615651e+00 2.740137e+00 -2.346553e+00 -5.118417e+00 6.738904e-01 6.522227e-01 -1.449918e+00 -1.600838e+00 1.024153e+00 2.306508e+00 1.953903e-01 -1.458325e+00 -1.062683e+00 1.039079e+00 1.377737e+00 -4.049902e-01 -4.871586e-03
<VARIANCE> 25
 9.461527e+00 1.665972e+01 2.984761e+01 4.295378e+01 3.600431e+01 3.560406e+01 3.705880e+01 3.601080e+01 3.771389e+01 4.385622e+01 5.179737e+01 2.418539e+01 2.920810e-01 6.661324e-01 1.173599e+00 1.557760e+00 1.687627e+00 2.106719e+00 2.074264e+00 1.981824e+00 2.338799e+00 2.210912e+00 1.780426e+00 1.941250e+00 3.434489e-04
<GCONST> 8.361500e+01
<MIXTURE> 103 5.694618e-03
<MEAN> 25
 3.338478e+00 -9.404106e+00 -6.076428e+00 -3.041430e+00 -1.303724e+00 -1.958211e+00 2.381109e+00 2.441518e+00 -4.612967e+00 -9.217973e+00 -5.075110e+00 3.251109e-01 -1.531233e-01 -1.479949e+00 -9.725779e-01 3.723511e-01 1.202131e+00 1.023733e+00 1.787070e-01 -2.642615e-01 -7.819213e-01 -9.432753e-01 -4.132577e-02 1.179622e-01 2.672547e-02
<VARIANCE> 25
 1.032402e+01 2.066735e+01 2.297046e+01 3.159341e+01 4.764320e+01 3.468448e+01 4.628918e+01 3.686430e+01 4.175080e+01 2.921845e+01 2.992059e+01 2.630424e+01 6.416503e-01 1.250016e+00 1.531453e+00 1.926842e+00 2.913985e+00 2.398065e+00 2.915532e+00 2.560975e+00 2.540544e+00 2.505403e+00 2.081709e+00 2.000576e+00 8.049388e-04
<GCONST> 8.749298e+01
<MIXTURE> 104 5.694618e-03
<MEAN> 25
 3.338478e+00 -9.404106e+00 -6.076428e+00 -3.041430e+00 -1.303724e+00 -1.958211e+00 2.381109e+00 2.441518e+00 -4.612967e+00 -9.217973e+00 -5.075110e+00 3.251109e-01 -1.531233e-01 -1.479949e+00 -9.725779e-01 3.723511e-01 1.202131e+00 1.023733e+00 1.787070e-01 -2.642615e-01 -7.819213e-01 -9.432753e-01 -4.132577e-02 1.179622e-01 2.672547e-02
<VARIANCE> 25
 1.032402e+01 2.066735e+01 2.297046e+01 3.159341e+01 4.764320e+01 3.468448e+01 4.628918e+01 3.686430e+01 4.175080e+01 2.921845e+01 2.992059e+01 2.630424e+01 6.416503e-01 1.250016e+00 1.531453e+00 1.926842e+00 2.913985e+00 2.398065e+00 2.915532e+00 2.560975e+00 2.540544e+00 2.505403e+00 2.081709e+00 2.000576e+00 8.049388e-04
<GCONST> 8.749298e+01
<MIXTURE> 105 4.710235e-03
<MEAN> 25
 2.152734e+00 -1.321651e+00 8.681265e+00 -2.744172e+00 -1.109951e+01 -4.850564e+00 -3.998529e+00 -7.781491e-01 -3.676256e+00 -2.982150e+00 1.319636e+00 -1.265456e+00 -4.012723e-03 1.177087e-03 6.477115e-02 -4.731858e-02 -1.213972e-02 5.696425e-03 -3.704804e-02 5.215980e-02 -7.290311e-03 4.472576e-02 -2.197901e-02 -4.224125e-02 -2.121621e-03
<VARIANCE> 25
 1.268870e+01 2.721564e+01 4.214898e+01 4.188830e+01 3.852320e+01 5.112368e+01 3.895400e+01 4.084173e+01 3.778988e+01 4.013837e+01 3.980629e+01 2.953719e+01 8.218081e-02 1.999494e-01 3.330251e-01 2.815604e-01 3.820753e-01 4.292264e-01 4.615084e-01 5.042861e-01 4.987158e-01 4.344125e-01 4.447850e-01 4.261676e-01 8.936920e-05
<GCONST> 6.636275e+01
<MIXTURE> 106 4.710235e-03
<MEAN> 25
 2.152734e+00 -1.321651e+00 8.681265e+00 -2.744172e+00 -1.109951e+01 -4.850564e+00 -3.998529e+00 -7.781491e-01 -3.676256e+00 -2.982150e+00 1.319636e+00 -1.265456e+00 -4.012723e-03 1.177087e-03 6.477115e-02 -4.731858e-02 -1.213972e-02 5.696425e-03 -3.704804e-02 5.215980e-02 -7.290311e-03 4.472576e-02 -2.197901e-02 -4.224125e-02 -2.121621e-03
<VARIANCE> 25
 1.268870e+01 2.721564e+01 4.214898e+01 4.188830e+01 3.852320e+01 5.112368e+01 3.895400e+01 4.084173e+01 3.778988e+01 4.013837e+01 3.980629e+01 2.953719e+01 8.218081e-02 1.999494e-01 3.330251e-01 2.815604e-01 3.820753e-01 4.292264e-01 4.615084e-01 5.042861e-01 4.987158e-01 4.344125e-01 4.447850e-01 4.261676e-01 8.936920e-05
<GCONST> 6.636275e+01
<MIXTURE> 107 5.452374e-03
<MEAN> 25
 8.641839e+00 -2.310639e+00 -8.040979e+00 -9.562200e+00 1.965814e+00 2.958509e+00 -8.642079e+00 -4.554148e+00 -8.842971e-01 3.389179e+00 8.548947e-01 -5.074788e+00 -6.099840e-01 -7.684916e-01 8.360468e-01 1.773381e+00 2.254596e-01 -2.012975e+00 -9.218106e-01 8.486338e-01 1.767503e+00 4.705239e-02 -1.658220e+00 -8.203826e-01 -1.793187e-03
<VARIANCE> 25
 9.245117e+00 2.047055e+01 2.835297e+01 4.281249e+01 3.577253e+01 3.848085e+01 5.117649e+01 3.627475e+01 4.580042e+01 4.174170e+01 5.138162e+01 3.037133e+01 3.557445e-01 9.686544e-01 1.462007e+00 2.414119e+00 2.286861e+00 2.824289e+00 2.614781e+00 2.542153e+00 2.297760e+00 3.031299e+00 1.945382e+00 2.206991e+00 7.029760e-04
<GCONST> 8.804710e+01
<MIXTURE> 108 5.452374e-03
<MEAN> 25
 8.641839e+00 -2.310639e+00 -8.040979e+00 -9.562200e+00 1.965814e+00 2.958509e+00 -8.642079e+00 -4.554148e+00 -8.842971e-01 3.389179e+00 8.548947e-01 -5.074788e+00 -6.099840e-01 -7.684916e-01 8.360468e-01 1.773381e+00 2.254596e-01 -2.012975e+00 -9.218106e-01 8.486338e-01 1.767503e+00 4.705239e-02 -1.658220e+00 -8.203826e-01 -1.793187e-03
<VARIANCE> 25
 9.245117e+00 2.047055e+01 2.835297e+01 4.281249e+01 3.577253e+01 3.848085e+01 5.117649e+01 3.627475e+01 4.580042e+01 4.174170e+01 5.138162e+01 3.037133e+01 3.557445e-01 9.686544e-01 1.462007e+00 2.414119e+00 2.286861e+00 2.824289e+00 2.614781e+00 2.542153e+00 2.297760e+00 3.031299e+00 1.945382e+00 2.206991e+00 7.029760e-04
<GCONST> 8.804710e+01
<MIXTURE> 109 6.661064e-03
<MEAN> 25
 3.989987e+00 -1.030153e+01 -8.086400e+00 -1.289634e+00 2.692825e+00 -7.593421e-02 -1.600884e-01 1.285194e+00 -2.611845e+00 -8.295973e+00 -5.436732e+00 -4.402064e-02 -2.134321e-02 -1.375812e-01 -3.265515e-02 2.517561e-01 1.987206e-01 1.582611e-01 -5.823070e-02 -9.680029e-02 -6.145759e-02 -1.334056e-01 1.975191e-01 3.228428e-03 -3.270068e-03
<VARIANCE> 25
 9.124922e+00 1.971309e+01 2.097024e+01 3.077994e+01 3.986320e+01 3.576497e+01 4.563100e+01 3.448994e+01 4.496639e+01 3.457285e+01 2.914546e+01 2.779489e+01 1.948688e-01 4.147978e-01 5.277414e-01 6.247455e-01 1.205827e+00 1.044608e+00 1.423639e+00 1.082026e+00 1.113291e+00 9.391497e-01 8.794124e-01 8.782478e-01 1.807968e-04
<GCONST> 7.448496e+01
<MIXTURE> 110 6.661064e-03
<MEAN> 25
 3.989987e+00 -1.030153e+01 -8.086400e+00 -1.289634e+00 2.692825e+00 -7.593421e-02 -1.600884e-01 1.285194e+00 -2.611845e+00 -8.295973e+00 -5.436732e+00 -4.402064e-02 -2.134321e-02 -1.375812e-01 -3.265515e-02 2.517561e-01 1.987206e-01 1.582611e-01 -5.823070e-02 -9.680029e-02 -6.145759e-02 -1.334056e-01 1.975191e-01 3.228428e-03 -3.270068e-03
<VARIANCE> 25
 9.124922e+00 1.971309e+01 2.097024e+01 3.077994e+01 3.986320e+01 3.576497e+01 4.563100e+01 3.448994e+01 4.496639e+01 3.457285e+01 2.914546e+01 2.779489e+01 1.948688e-01 4.147978e-01 5.277414e-01 6.247455e-01 1.205827e+00 1.044608e+00 1.423639e+00 1.082026e+00 1.113291e+00 9.391497e-01 8.794124e-01 8.782478e-01 1.807968e-04
<GCONST> 7.448496e+01
<MIXTURE> 111 4.337247e-03
<MEAN> 25
 -1.014097e+00 -1.334914e-01 -3.611830e-01 5.648980e-02 -2.335713e-02 6.064786e-02 -2.003903e-01 -3.697290e-01 -2.567070e-01 -8.202669e-01 -6.009114e-01 5.663716e-01 -6.383597e-02 -1.327208e-02 -6.548484e-02 3.997970e-02 -4.734439e-03 7.476349e-03 -2.395398e-02 -8.294804e-02 -1.652361e-01 -3.285432e-01 -2.885557e-01 -1.336574e-01 -1.594084e-05
<VARIANCE> 25
 6.071912e+00 3.286753e+00 5.270212e+00 5.957776e+00 7.713681e+00 1.126381e+01 9.235337e+00 9.832903e+00 7.743811e+00 9.434768e+00 1.070377e+01 1.053004e+01 1.164721e-01 1.983856e-01 2.881963e-01 4.645515e-01 6.535917e-01 6.382099e-01 8.334227e-01 9.484864e-01 7.140438e-01 7.851174e-01 1.074910e+00 1.099806e+00 2.931050e-05
<GCONST> 5.263993e+01
<MIXTURE> 112 4.337247e-03
<MEAN> 25
 -1.014097e+00 -1.334914e-01 -3.611830e-01 5.648980e-02 -2.335713e-02 6.064786e-02 -2.003903e-01 -3.697290e-01 -2.567070e-01 -8.202669e-01 -6.009114e-01 5.663716e-01 -6.383597e-02 -1.327208e-02 -6.548484e-02 3.997970e-02 -4.734439e-03 7.476349e-03 -2.395398e-02 -8.294804e-02 -1.652361e-01 -3.285432e-01 -2.885557e-01 -1.336574e-01 -1.594084e-05
<VARIANCE> 25
 6.071912e+00 3.286753e+00 5.270212e+00 5.957776e+00 7.713681e+00 1.126381e+01 9.235337e+00 9.832903e+00 7.743811e+00 9.434768e+00 1.070377e+01 1.053004e+01 1.164721e-01 1.983856e-01 2.881963e-01 4.645515e-01 6.535917e-01 6.382099e-01 8.334227e-01 9.484864e-01 7.140438e-01 7.851174e-01 1.074910e+00 1.099806e+00 2.931050e-05
<GCONST> 5.263993e+01
<MIXTURE> 113 5.938666e-03
<MEAN> 25
 9.977650e+00 1.755029e+00 -8.780926e+00 -1.704689e+01 -1.034244e+00 5.659009e+00 -5.280780e+00 -1.466086e+00 -5.695600e+00 -4.936483e-01 2.989478e-01 -1.977820e-01 4.817468e-03 1.381595e-02 -5.950616e-02 -1.134133e-01 1.042618e-01 1.505706e-01 5.927936e-02 3.603050e-02 -5.699237e-02 -5.123148e-02 1.797088e-01 3.524845e-02 -1.410542e-03
<VARIANCE> 25
 8.876800e+00 1.639034e+01 2.967773e+01 3.420854e+01 5.273554e+01 3.386776e+01 3.970660e+01 3.914130e+01 3.737494e+01 4.640285e+01 3.629745e+01 2.844147e+01 1.217927e-01 3.206158e-01 3.161545e-01 6.314000e-01 6.129237e-01 6.536406e-01 7.765234e-01 8.452005e-01 9.594295e-01 9.052585e-01 7.245420e-01 7.135745e-01 1.247772e-04
<GCONST> 7.110461e+01
<MIXTURE> 114 5.938666e-03
<MEAN> 25
 9.977650e+00 1.755029e+00 -8.780926e+00 -1.704689e+01 -1.034244e+00 5.659009e+00 -5.280780e+00 -1.466086e+00 -5.695600e+00 -4.936483e-01 2.989478e-01 -1.977820e-01 4.817468e-03 1.381595e-02 -5.950616e-02 -1.134133e-01 1.042618e-01 1.505706e-01 5.927936e-02 3.603050e-02 -5.699237e-02 -5.123148e-02 1.797088e-01 3.524845e-02 -1.410542e-03
<VARIANCE> 25
 8.876800e+00 1.639034e+01 2.967773e+01 3.420854e+01 5.273554e+01 3.386776e+01 3.970660e+01 3.914130e+01 3.737494e+01 4.640285e+01 3.629745e+01 2.844147e+01 1.217927e-01 3.206158e-01 3.161545e-01 6.314000e-01 6.129237e-01 6.536406e-01 7.765234e-01 8.452005e-01 9.594295e-01 9.052585e-01 7.245420e-01 7.135745e-01 1.247772e-04
<GCONST> 7.110461e+01
<MIXTURE> 115 2.935202e-03
<MEAN> 25
 -2.857606e+00 -2.048035e-01 -2.588961e+00 2.296327e+00 2.035172e+00 -2.733571e-01 1.159651e+00 4.735873e-02 1.148643e+00 -9.135567e-02 -4.291357e-01 1.559310e+00 -7.260349e-02 -7.022525e-02 -1.823944e-01 -5.269977e-01 -7.428907e-01 -6.084836e-01 -6.506867e-01 -7.045621e-01 -5.028689e-01 -4.836354e-01 -5.329607e-01 -2.905564e-01 -2.682855e-05
<VARIANCE> 25
 9.962231e+00 8.643189e+00 1.156249e+01 1.403460e+01 1.164198e+01 1.464127e+01 1.609231e+01 1.809231e+01 1.418731e+01 1.550688e+01 1.754130e+01 1.677839e+01 2.032636e-01 3.461530e-01 4.339326e-01 5.671211e-01 7.117032e-01 6.888413e-01 9.035896e-01 1.086534e+00 9.971853e-01 1.077562e+00 1.096716e+00 1.133640e+00 1.292293e-06
<GCONST> 5.932550e+01
<MIXTURE> 116 2.935202e-03
<MEAN> 25
 -2.857606e+00 -2.048035e-01 -2.588961e+00 2.296327e+00 2.035172e+00 -2.733571e-01 1.159651e+00 4.735873e-02 1.148643e+00 -9.135567e-02 -4.291357e-01 1.559310e+00 -7.260349e-02 -7.022525e-02 -1.823944e-01 -5.269977e-01 -7.428907e-01 -6.084836e-01 -6.506867e-01 -7.045621e-01 -5.028689e-01 -4.836354e-01 -5.329607e-01 -2.905564e-01 -2.682855e-05
<VARIANCE> 25
 9.962231e+00 8.643189e+00 1.156249e+01 1.403460e+01 1.164198e+01 1.464127e+01 1.609231e+01 1.809231e+01 1.418731e+01 1.550688e+01 1.754130e+01 1.677839e+01 2.032636e-01 3.461530e-01 4.339326e-01 5.671211e-01 7.117032e-01 6.888413e-01 9.035896e-01 1.086534e+00 9.971853e-01 1.077562e+00 1.096716e+00 1.133640e+00 1.292293e-06
<GCONST> 5.932550e+01
<MIXTURE> 117 6.506003e-03
<MEAN> 25
 -4.633423e+00 1.117388e+00 1.051951e+00 9.747204e+00 6.256542e+00 6.253182e+00 6.455583e+00 5.043433e+00 6.379721e+00 4.923940e+00 6.360196e+00 2.710160e+00 -7.498809e-02 -2.339176e-01 -3.582249e-01 -4.189552e-01 -3.639360e-01 -3.008966e-01 -2.887537e-01 -3.340547e-01 -3.942897e-01 -3.697050e-01 -2.608051e-01 -1.144665e-01 -9.250049e-06
<VARIANCE> 25
 7.238266e+00 8.736914e+00 9.794399e+00 1.434809e+01 1.559476e+01 1.532667e+01 1.772184e+01 1.792933e+01 1.638992e+01 1.635552e+01 1.673490e+01 1.472506e+01 2.162033e-01 3.069394e-01 4.253724e-01 6.165060e-01 8.590246e-01 1.055120e+00 1.176398e+00 1.234313e+00 1.225298e+00 1.192932e+00 1.168074e+00 1.112795e+00 9.984053e-07
<GCONST> 6.042361e+01
<MIXTURE> 118 6.506003e-03
<MEAN> 25
 -4.633423e+00 1.117388e+00 1.051951e+00 9.747204e+00 6.256542e+00 6.253182e+00 6.455583e+00 5.043433e+00 6.379721e+00 4.923940e+00 6.360196e+00 2.710160e+00 -7.498809e-02 -2.339176e-01 -3.582249e-01 -4.189552e-01 -3.639360e-01 -3.008966e-01 -2.887537e-01 -3.340547e-01 -3.942897e-01 -3.697050e-01 -2.608051e-01 -1.144665e-01 -9.250049e-06
<VARIANCE> 25
 7.238266e+00 8.736914e+00 9.794399e+00 1.434809e+01 1.559476e+01 1.532667e+01 1.772184e+01 1.792933e+01 1.638992e+01 1.635552e+01 1.673490e+01 1.472506e+01 2.162033e-01 3.069394e-01 4.253724e-01 6.165060e-01 8.590246e-01 1.055120e+00 1.176398e+00 1.234313e+00 1.225298e+00 1.192932e+00 1.168074e+00 1.112795e+00 9.984053e-07
<GCONST> 6.042361e+01
<MIXTURE> 119 4.297961e-03
<MEAN> 25
 -4.833177e+00 -7.386039e+00 2.171807e+00 1.928884e+00 2.133734e+00 2.310794e-01 5.132349e+00 5.751125e+00 1.116686e+00 1.005009e+00 6.449249e+00 1.483292e+00 -4.913589e-02 -8.275880e-02 3.060858e-02 -6.742093e-02 -1.141569e-01 -1.862998e-01 -7.220452e-02 -1.287844e-02 -9.180386e-02 -9.430006e-02 -4.791271e-02 -6.062748e-02 8.742132e-04
<VARIANCE> 25
 8.821955e+00 1.097393e+01 1.607938e+01 1.981315e+01 2.237677e+01 2.266142e+01 2.467615e+01 2.655743e+01 2.456315e+01 2.760355e+01 2.066828e+01 2.006686e+01 1.624812e-01 2.807933e-01 4.594731e-01 6.470793e-01 7.983834e-01 9.865853e-01 1.077698e+00 1.286049e+00 1.299200e+00 1.241200e+00 1.201621e+00 1.109971e+00 2.327452e-04
<GCONST> 6.973199e+01
<MIXTURE> 120 4.297961e-03
<MEAN> 25
 -4.833177e+00 -7.386039e+00 2.171807e+00 1.928884e+00 2.133734e+00 2.310794e-01 5.132349e+00 5.751125e+00 1.116686e+00 1.005009e+00 6.449249e+00 1.483292e+00 -4.913589e-02 -8.275880e-02 3.060858e-02 -6.742093e-02 -1.141569e-01 -1.862998e-01 -7.220452e-02 -1.287844e-02 -9.180386e-02 -9.430006e-02 -4.791271e-02 -6.062748e-02 8.742132e-04
<VARIANCE> 25
 8.821955e+00 1.097393e+01 1.607938e+01 1.981315e+01 2.237677e+01 2.266142e+01 2.467615e+01 2.655743e+01 2.456315e+01 2.760355e+01 2.066828e+01 2.006686e+01 1.624812e-01 2.807933e-01 4.594731e-01 6.470793e-01 7.983834e-01 9.865853e-01 1.077698e+00 1.286049e+00 1.299200e+00 1.241200e+00 1.201621e+00 1.109971e+00 2.327452e-04
<GCONST> 6.973199e+01
<MIXTURE> 121 4.567511e-03
<MEAN> 25
 2.024123e-01 -2.388369e+00 4.919228e+00 -1.251896e+01 -1.227605e+01 -1.610142e+00 8.121282e-01 -5.044495e+00 -4.149143e+00 -5.555565e-01 -5.428374e+00 -4.338674e+00 1.677129e-02 8.898530e-02 -1.927165e-02 6.398639e-02 1.112493e-01 5.515726e-02 -8.537556e-02 -1.935274e-01 -2.316853e-01 -2.489167e-01 -1.246426e-01 2.489151e-03 -7.158997e-03
<VARIANCE> 25
 7.434380e+00 1.542426e+01 1.769617e+01 2.248618e+01 2.614599e+01 2.811479e+01 2.918961e+01 2.395092e+01 3.409111e+01 2.723388e+01 1.924853e+01 2.033641e+01 1.513117e-01 6.569736e-01 6.140986e-01 6.907119e-01 8.281518e-01 1.117407e+00 1.082443e+00 1.087826e+00 1.204874e+00 1.149331e+00 9.131176e-01 8.664640e-01 2.062580e-04
<GCONST> 7.115304e+01
<MIXTURE> 122 4.567511e-03
<MEAN> 25
 2.024123e-01 -2.388369e+00 4.919228e+00 -1.251896e+01 -1.227605e+01 -1.610142e+00 8.121282e-01 -5.044495e+00 -4.149143e+00 -5.555565e-01 -5.428374e+00 -4.338674e+00 1.677129e-02 8.898530e-02 -1.927165e-02 6.398639e-02 1.112493e-01 5.515726e-02 -8.537556e-02 -1.935274e-01 -2.316853e-01 -2.489167e-01 -1.246426e-01 2.489151e-03 -7.158997e-03
<VARIANCE> 25
 7.434380e+00 1.542426e+01 1.769617e+01 2.248618e+01 2.614599e+01 2.811479e+01 2.918961e+01 2.395092e+01 3.409111e+01 2.723388e+01 1.924853e+01 2.033641e+01 1.513117e-01 6.569736e-01 6.140986e-01 6.907119e-01 8.281518e-01 1.117407e+00 1.082443e+00 1.087826e+00 1.204874e+00 1.149331e+00 9.131176e-01 8.664640e-01 2.062580e-04
<GCONST> 7.115304e+01
<MIXTURE> 123 4.393044e-03
<MEAN> 25
 -3.281654e+00 5.181822e-01 3.356641e-02 4.353503e+00 3.389550e+00 2.293002e+00 2.260559e+00 -1.277587e-01 -5.858778e-01 -1.060347e+00 -3.795498e-01 4.802237e-01 -4.769923e-01 -6.773331e-01 -8.200169e-01 -6.034315e-01 -3.443315e-01 3.555461e-02 4.790643e-01 4.908448e-01 6.733365e-01 8.916262e-01 7.121904e-01 6.296149e-01 -7.678666e-04
<VARIANCE> 25
 1.009624e+01 8.337436e+00 1.177873e+01 2.061332e+01 2.480357e+01 2.511080e+01 1.930240e+01 1.629053e+01 1.763324e+01 1.516655e+01 1.865527e+01 1.659155e+01 4.178242e-01 3.423472e-01 4.725041e-01 6.144096e-01 8.224953e-01 1.059314e+00 1.059315e+00 1.031988e+00 1.168903e+00 1.303823e+00 1.061651e+00 1.118020e+00 1.220924e-04
<GCONST> 6.773299e+01
<MIXTURE> 124 4.069876e-03
<MEAN> 25
 -6.357620e+00 -1.200607e+00 -2.833829e+00 5.008216e+00 4.854103e+00 3.359122e+00 5.350398e+00 2.544243e+00 3.121135e+00 1.238199e+00 1.034706e+00 2.963160e+00 -2.042354e-01 -3.118978e-01 -3.576744e-01 -2.239779e-01 1.221905e-01 5.202696e-01 8.033605e-01 8.563298e-01 6.483728e-01 3.367465e-01 9.559102e-02 -3.275551e-02 4.799430e-05
<VARIANCE> 25
 1.227645e+01 6.826282e+00 1.114428e+01 1.246777e+01 1.232327e+01 1.948573e+01 1.576541e+01 1.672023e+01 1.537606e+01 1.594599e+01 1.937664e+01 1.448466e+01 1.041084e-01 1.711651e-01 2.706609e-01 4.203764e-01 5.919845e-01 7.185311e-01 7.414888e-01 8.010030e-01 8.985248e-01 9.745283e-01 1.049480e+00 9.850044e-01 1.834669e-05
<GCONST> 5.892181e+01
<MIXTURE> 125 4.069876e-03
<MEAN> 25
 -6.357620e+00 -1.200607e+00 -2.833829e+00 5.008216e+00 4.854103e+00 3.359122e+00 5.350398e+00 2.544243e+00 3.121135e+00 1.238199e+00 1.034706e+00 2.963160e+00 -2.042354e-01 -3.118978e-01 -3.576744e-01 -2.239779e-01 1.221905e-01 5.202696e-01 8.033605e-01 8.563298e-01 6.483728e-01 3.367465e-01 9.559102e-02 -3.275551e-02 4.799430e-05
<VARIANCE> 25
 1.227645e+01 6.826282e+00 1.114428e+01 1.246777e+01 1.232327e+01 1.948573e+01 1.576541e+01 1.672023e+01 1.537606e+01 1.594599e+01 1.937664e+01 1.448466e+01 1.041084e-01 1.711651e-01 2.706609e-01 4.203764e-01 5.919845e-01 7.185311e-01 7.414888e-01 8.010030e-01 8.985248e-01 9.745283e-01 1.049480e+00 9.850044e-01 1.834669e-05
<GCONST> 5.892181e+01
<MIXTURE> 126 2.402244e-03
<MEAN> 25
 -3.640236e+00 -6.633963e+00 -5.006099e+00 2.193791e+00 4.028070e+00 -3.113674e+00 -2.200199e-02 3.289015e+00 2.974817e+00 -2.611603e+00 -1.381992e+00 2.782633e+00 1.672883e-02 -8.219157e-03 -6.138527e-02 -1.654453e-01 -3.293180e-01 -4.014823e-01 -2.606223e-01 -1.753188e-01 -1.292734e-01 -1.271231e-01 -1.163131e-01 -2.470934e-02 -1.768940e-03
<VARIANCE> 25
 7.455549e+00 1.343398e+01 1.420548e+01 1.476193e+01 2.450881e+01 2.269730e+01 2.194658e+01 2.810951e+01 3.255016e+01 2.547352e+01 2.105348e+01 1.980812e+01 1.983271e-01 3.487219e-01 4.878104e-01 5.811390e-01 7.389386e-01 9.868419e-01 1.093787e+00 1.291441e+00 1.299677e+00 1.408921e+00 1.230061e+00 1.129787e+00 2.115796e-04
<GCONST> 6.996976e+01
<MIXTURE> 127 2.402244e-03
<MEAN> 25
 -3.640236e+00 -6.633963e+00 -5.006099e+00 2.193791e+00 4.028070e+00 -3.113674e+00 -2.200199e-02 3.289015e+00 2.974817e+00 -2.611603e+00 -1.381992e+00 2.782633e+00 1.672883e-02 -8.219157e-03 -6.138527e-02 -1.654453e-01 -3.293180e-01 -4.014823e-01 -2.606223e-01 -1.753188e-01 -1.292734e-01 -1.271231e-01 -1.163131e-01 -2.470934e-02 -1.768940e-03
<VARIANCE> 25
 7.455549e+00 1.343398e+01 1.420548e+01 1.476193e+01 2.450881e+01 2.269730e+01 2.194658e+01 2.810951e+01 3.255016e+01 2.547352e+01 2.105348e+01 1.980812e+01 1.983271e-01 3.487219e-01 4.878104e-01 5.811390e-01 7.389386e-01 9.868419e-01 1.093787e+00 1.291441e+00 1.299677e+00 1.408921e+00 1.230061e+00 1.129787e+00 2.115796e-04
<GCONST> 6.996976e+01
<MIXTURE> 128 3.790457e-03
<MEAN> 25
 -3.881143e+00 1.531838e+00 -3.455605e-01 6.483858e+00 3.587281e+00 1.836621e+00 3.517805e+00 2.371263e+00 3.912481e+00 3.647866e+00 3.733731e+00 3.515643e+00 -3.852336e-01 -1.938877e-01 1.002870e-01 7.220972e-01 1.177487e+00 1.136557e+00 7.219261e-01 1.388653e-01 -4.352140e-01 -8.039308e-01 -7.085586e-01 -4.022275e-01 -5.707373e-05
<VARIANCE> 25
 1.030691e+01 1.159649e+01 1.482091e+01 1.978598e+01 1.992281e+01 2.099683e+01 2.439463e+01 2.451871e+01 2.634352e+01 2.387511e+01 2.672812e+01 1.814802e+01 8.934399e-01 1.134791e+00 1.353926e+00 1.491432e+00 1.569227e+00 1.850748e+00 2.234194e+00 2.318966e+00 2.128019e+00 1.869697e+00 1.739930e+00 1.741322e+00 1.059727e-06
<GCONST> 7.362948e+01
<TRANSP> 3
 0.000000e+00 1.000000e+00 0.000000e+00
 0.000000e+00 9.999990e-01 9.999998e-07
 0.000000e+00 0.000000e+00 0.000000e+00
<ENDHMM>
