~o
<STREAMINFO> 1 25
<VECSIZE> 25<NULLD><MFCC_E_D_N><DIAGC>
~h "jmodel"
<BEGINHMM>
<NUMSTATES> 3
<STATE> 2
<NUMMIXES> 128
<MIXTURE> 1 5.748963e-03
<MEAN> 25
 -2.581586e+00 3.154221e+00 2.308365e+00 8.688080e+00 4.367244e+00 3.493083e+00 3.981940e+00 3.944220e+00 5.822773e+00 5.182199e+00 5.837709e+00 3.076330e+00 -1.988007e+00 -1.633901e+00 -8.680682e-01 1.095708e+00 1.555006e+00 2.236197e+00 2.157732e+00 2.085719e+00 1.682343e+00 1.266312e+00 1.547939e+00 6.019937e-01 -4.706580e-02
<VARIANCE> 25
 9.995172e+00 1.178086e+01 1.484083e+01 1.917110e+01 2.303596e+01 2.227094e+01 2.265279e+01 2.185523e+01 2.086993e+01 2.306418e+01 2.110272e+01 1.696517e+01 1.814516e+00 2.096867e+00 3.006856e+00 3.241528e+00 3.717265e+00 3.335810e+00 3.296348e+00 3.358370e+00 3.513932e+00 3.702428e+00 3.541950e+00 2.831640e+00 3.102265e-03
<GCONST> 8.849934e+01
<MIXTURE> 2 4.549242e-03
<MEAN> 25
 -4.875380e+00 1.311487e+00 9.941974e-01 9.899718e+00 6.692095e+00 7.424795e+00 7.846933e+00 6.958102e+00 8.373051e+00 6.372740e+00 7.624287e+00 3.074583e+00 -6.200122e-02 4.162444e-02 1.425355e-01 2.258534e-01 2.652858e-01 2.813552e-01 2.954260e-01 3.195491e-01 3.497718e-01 3.089030e-01 1.971688e-01 8.007707e-02 1.218155e-06
<VARIANCE> 25
 6.954595e+00 8.903227e+00 1.065165e+01 1.591077e+01 1.723624e+01 1.556318e+01 1.689918e+01 1.848529e+01 1.658770e+01 1.738792e+01 1.811007e+01 1.434002e+01 1.252462e-01 2.266210e-01 3.364623e-01 4.671182e-01 6.492698e-01 8.148779e-01 9.298694e-01 1.003147e+00 1.051742e+00 1.077882e+00 1.075720e+00 1.013916e+00 1.000025e-06
<GCONST> 5.804376e+01
<MIXTURE> 3 4.549242e-03
<MEAN> 25
 -4.875380e+00 1.311487e+00 9.941974e-01 9.899718e+00 6.692095e+00 7.424795e+00 7.846933e+00 6.958102e+00 8.373051e+00 6.372740e+00 7.624287e+00 3.074583e+00 -6.200122e-02 4.162444e-02 1.425355e-01 2.258534e-01 2.652858e-01 2.813552e-01 2.954260e-01 3.195491e-01 3.497718e-01 3.089030e-01 1.971688e-01 8.007707e-02 1.218155e-06
<VARIANCE> 25
 6.954595e+00 8.903227e+00 1.065165e+01 1.591077e+01 1.723624e+01 1.556318e+01 1.689918e+01 1.848529e+01 1.658770e+01 1.738792e+01 1.811007e+01 1.434002e+01 1.252462e-01 2.266210e-01 3.364623e-01 4.671182e-01 6.492698e-01 8.148779e-01 9.298694e-01 1.003147e+00 1.051742e+00 1.077882e+00 1.075720e+00 1.013916e+00 1.000025e-06
<GCONST> 5.804376e+01
<MIXTURE> 4 1.671429e-02
<MEAN> 25
 3.417000e+00 2.527858e+00 -3.756790e+00 9.413598e-01 4.257776e+00 -2.326243e-01 5.400869e-02 3.988883e-03 1.499847e+00 1.242268e+00 -1.864380e+00 1.193109e-01 -2.760546e+00 1.202848e+00 1.746786e+00 3.057427e+00 9.155462e-01 4.994839e-01 1.527485e+00 1.031967e+00 9.527937e-01 4.302730e-01 1.231980e+00 9.023032e-01 -1.027760e-01
<VARIANCE> 25
 2.110771e+01 2.924475e+01 2.908152e+01 3.972143e+01 4.562970e+01 6.845960e+01 6.591564e+01 5.340685e+01 5.488393e+01 6.176263e+01 4.931277e+01 3.575977e+01 2.351334e+00 5.031682e+00 3.786524e+00 5.069241e+00 4.980428e+00 6.125706e+00 6.109809e+00 5.546179e+00 5.973041e+00 6.366479e+00 6.077000e+00 4.457605e+00 6.169587e-03
<GCONST> 1.054566e+02
<MIXTURE> 5 3.206198e-03
<MEAN> 25
 -3.416531e+00 2.180549e+00 6.100402e-01 9.428519e+00 6.696581e+00 6.316780e+00 7.112025e+00 4.723606e+00 5.495514e+00 3.847468e+00 4.658618e+00 2.606164e+00 -3.245587e-01 7.528343e-01 1.224745e+00 1.032469e+00 3.076447e-01 -1.003091e-01 -8.385443e-02 3.351283e-02 4.580842e-01 6.837300e-01 4.038633e-01 8.807784e-02 -2.784777e-05
<VARIANCE> 25
 1.025565e+01 1.394787e+01 2.348540e+01 2.561546e+01 2.022250e+01 1.942689e+01 2.011316e+01 2.035777e+01 2.141913e+01 2.128456e+01 2.409479e+01 1.636128e+01 1.210092e+00 1.244264e+00 1.357072e+00 1.673752e+00 2.284640e+00 2.376555e+00 2.301411e+00 2.275249e+00 2.315765e+00 2.238297e+00 2.085709e+00 1.873801e+00 1.000135e-06
<GCONST> 7.516740e+01
<MIXTURE> 6 5.475854e-03
<MEAN> 25
 9.666484e+00 -3.907891e-01 -6.624530e+00 -1.087965e+01 -2.144018e+00 6.710302e+00 -5.826407e+00 -5.325119e+00 -3.650195e+00 1.834885e+00 4.647074e+00 -1.272961e+00 4.969394e-01 8.872561e-01 -3.533699e-01 -1.446749e+00 -6.328837e-01 1.294757e+00 1.544688e+00 2.726231e-01 -1.220417e+00 -1.233764e+00 3.288757e-01 1.225214e+00 -8.147324e-03
<VARIANCE> 25
 8.984213e+00 1.695932e+01 2.410118e+01 4.117044e+01 3.645013e+01 3.037310e+01 4.408500e+01 3.773602e+01 4.031627e+01 3.904854e+01 4.164732e+01 2.814775e+01 3.211230e-01 8.552903e-01 9.357378e-01 2.000089e+00 1.591056e+00 2.030628e+00 1.904071e+00 2.085627e+00 2.373447e+00 1.964352e+00 2.224613e+00 1.423601e+00 5.796321e-04
<GCONST> 8.385320e+01
<MIXTURE> 7 5.475854e-03
<MEAN> 25
 9.666484e+00 -3.907891e-01 -6.624530e+00 -1.087965e+01 -2.144018e+00 6.710302e+00 -5.826407e+00 -5.325119e+00 -3.650195e+00 1.834885e+00 4.647074e+00 -1.272961e+00 4.969394e-01 8.872561e-01 -3.533699e-01 -1.446749e+00 -6.328837e-01 1.294757e+00 1.544688e+00 2.726231e-01 -1.220417e+00 -1.233764e+00 3.288757e-01 1.225214e+00 -8.147324e-03
<VARIANCE> 25
 8.984213e+00 1.695932e+01 2.410118e+01 4.117044e+01 3.645013e+01 3.037310e+01 4.408500e+01 3.773602e+01 4.031627e+01 3.904854e+01 4.164732e+01 2.814775e+01 3.211230e-01 8.552903e-01 9.357378e-01 2.000089e+00 1.591056e+00 2.030628e+00 1.904071e+00 2.085627e+00 2.373447e+00 1.964352e+00 2.224613e+00 1.423601e+00 5.796321e-04
<GCONST> 8.385320e+01
<MIXTURE> 8 1.165917e-02
<MEAN> 25
 -4.696602e+00 1.344032e+00 1.267725e+00 9.550763e+00 6.571421e+00 6.290543e+00 6.476954e+00 5.728426e+00 6.627491e+00 5.599600e+00 6.544631e+00 3.144415e+00 -6.364720e-01 -1.409868e+00 -1.047360e+00 -1.746325e+00 -2.263730e-01 -9.401394e-01 -1.877553e-01 -2.849054e-01 -2.490950e-01 -1.714371e-01 -2.197323e-01 8.671492e-02 9.886744e-02
<VARIANCE> 25
 9.552297e+00 9.893257e+00 1.168519e+01 1.599904e+01 1.658673e+01 1.589412e+01 1.805966e+01 1.781990e+01 1.719332e+01 1.751511e+01 1.895925e+01 1.397858e+01 2.759034e+00 2.855220e+00 4.012054e+00 3.802617e+00 3.446632e+00 3.311282e+00 3.144728e+00 3.072991e+00 2.862763e+00 2.644964e+00 2.431639e+00 1.900194e+00 6.656092e-03
<GCONST> 8.639723e+01
<MIXTURE> 9 1.199672e-02
<MEAN> 25
 9.296655e+00 3.392476e+00 -6.204690e+00 -1.066655e+01 -2.211448e+00 4.967606e+00 -2.208178e+00 -2.303476e+00 -5.393794e+00 -1.256603e+00 5.688182e-01 -9.704825e-03 1.439947e+00 -1.286742e-01 -4.904430e-01 -2.703820e+00 -1.645617e+00 8.540142e-01 -9.719928e-01 -2.303272e-01 -1.797958e-01 -5.768171e-01 6.148283e-01 -1.519660e-01 7.331256e-02
<VARIANCE> 25
 1.224895e+01 2.140149e+01 3.356538e+01 5.359584e+01 5.015271e+01 3.229260e+01 4.319075e+01 5.216048e+01 4.207101e+01 4.157803e+01 3.609633e+01 2.691305e+01 2.089755e+00 2.450261e+00 4.572863e+00 4.876866e+00 5.009130e+00 4.097539e+00 4.236993e+00 6.039874e+00 5.037105e+00 4.077758e+00 4.013679e+00 2.803691e+00 2.213421e-03
<GCONST> 9.879797e+01
<MIXTURE> 10 6.596976e-03
<MEAN> 25
 8.152512e-01 7.619602e+00 5.369633e+00 7.133759e+00 1.590425e+00 -2.095343e+00 -5.321041e-01 -1.674402e+00 8.809790e-01 8.499449e-01 8.363457e-01 6.608719e-01 -1.921001e+00 -6.747010e-01 -4.606066e-01 3.029688e+00 2.460093e+00 2.710471e+00 2.374246e+00 2.277810e+00 1.858403e+00 1.543509e+00 2.329343e+00 5.221220e-01 -1.380028e-01
<VARIANCE> 25
 1.952423e+01 2.076350e+01 2.228419e+01 2.913933e+01 3.825754e+01 3.510153e+01 3.519620e+01 3.385361e+01 2.759124e+01 2.905086e+01 2.691552e+01 2.497995e+01 2.239400e+00 3.421711e+00 5.527732e+00 5.161886e+00 5.547428e+00 4.461606e+00 4.692060e+00 4.834910e+00 4.386410e+00 5.013424e+00 4.456920e+00 3.189799e+00 2.702769e-03
<GCONST> 9.746021e+01
<MIXTURE> 11 1.633820e-02
<MEAN> 25
 7.077485e+00 2.859201e+00 2.280548e+00 5.202609e+00 -3.120593e+00 -2.254437e+00 -1.767096e+00 -4.049305e+00 -2.420283e+00 -5.580099e-01 -2.070934e+00 -2.436975e+00 -3.306403e-01 4.223062e-01 -8.946952e-02 3.327297e-01 5.050750e-01 1.743010e-01 2.200756e-01 1.487828e-01 -3.611559e-01 -2.470566e-01 -1.212067e-01 2.863328e-01 -1.304484e-02
<VARIANCE> 25
 8.919273e+00 1.749558e+01 1.439178e+01 2.054422e+01 2.499155e+01 3.038726e+01 3.366691e+01 3.610883e+01 3.778877e+01 2.587717e+01 2.711463e+01 2.062092e+01 1.399396e+00 9.776704e-01 1.464572e+00 1.945866e+00 1.720515e+00 3.203067e+00 2.990661e+00 2.864961e+00 2.078139e+00 1.620807e+00 1.612567e+00 1.424794e+00 7.065170e-04
<GCONST> 8.364030e+01
<MIXTURE> 12 5.904134e-03
<MEAN> 25
 1.076459e+01 3.743310e+00 -4.501687e+00 -1.599115e+01 -8.695406e+00 8.641850e+00 -8.968256e-01 -1.921979e+00 -1.723380e+00 -4.885932e+00 1.774647e+00 7.167966e-01 6.773810e-02 2.936298e-01 7.951973e-02 -3.682585e-01 -3.103427e-01 2.934102e-02 3.054663e-01 4.478801e-01 1.411710e-01 -3.847556e-01 -3.855183e-01 5.398926e-02 -6.300116e-03
<VARIANCE> 25
 8.888940e+00 2.100040e+01 2.335944e+01 3.507507e+01 4.206190e+01 3.096075e+01 4.179419e+01 4.897613e+01 4.406108e+01 3.738682e+01 3.799401e+01 2.892433e+01 2.468061e-01 6.884967e-01 6.860143e-01 1.169782e+00 1.186310e+00 1.054171e+00 1.171022e+00 1.386072e+00 1.240519e+00 1.222360e+00 1.221456e+00 9.564496e-01 5.786794e-04
<GCONST> 7.892231e+01
<MIXTURE> 13 5.904134e-03
<MEAN> 25
 1.076459e+01 3.743310e+00 -4.501687e+00 -1.599115e+01 -8.695406e+00 8.641850e+00 -8.968256e-01 -1.921979e+00 -1.723380e+00 -4.885932e+00 1.774647e+00 7.167966e-01 6.773810e-02 2.936298e-01 7.951973e-02 -3.682585e-01 -3.103427e-01 2.934102e-02 3.054663e-01 4.478801e-01 1.411710e-01 -3.847556e-01 -3.855183e-01 5.398926e-02 -6.300116e-03
<VARIANCE> 25
 8.888940e+00 2.100040e+01 2.335944e+01 3.507507e+01 4.206190e+01 3.096075e+01 4.179419e+01 4.897613e+01 4.406108e+01 3.738682e+01 3.799401e+01 2.892433e+01 2.468061e-01 6.884967e-01 6.860143e-01 1.169782e+00 1.186310e+00 1.054171e+00 1.171022e+00 1.386072e+00 1.240519e+00 1.222360e+00 1.221456e+00 9.564496e-01 5.786794e-04
<GCONST> 7.892231e+01
<MIXTURE> 14 6.488954e-03
<MEAN> 25
 -4.227026e+00 -4.387743e-01 -3.395253e-01 8.894761e+00 7.440102e+00 7.435868e+00 7.768363e+00 7.354556e+00 7.200931e+00 5.148802e+00 6.790637e+00 4.053727e+00 -2.745185e-01 1.964394e-01 3.738211e-01 2.990556e-01 1.924686e-02 6.984271e-02 1.015069e-01 1.831169e-01 2.926672e-01 5.386769e-01 4.935007e-01 7.405296e-02 -9.042048e-03
<VARIANCE> 25
 9.830759e+00 1.395828e+01 1.851788e+01 1.774001e+01 2.106519e+01 1.960115e+01 2.177470e+01 2.046313e+01 2.007619e+01 2.412291e+01 2.157808e+01 1.609428e+01 9.620204e-01 1.631971e+00 1.797568e+00 1.991425e+00 2.241342e+00 2.247172e+00 2.249301e+00 2.223169e+00 2.269022e+00 2.487030e+00 2.189813e+00 1.797282e+00 1.044625e-03
<GCONST> 8.200758e+01
<MIXTURE> 15 2.475190e-03
<MEAN> 25
 -5.209888e+00 -6.904467e-01 -1.529229e-01 7.379281e+00 5.694147e+00 5.876462e+00 5.903772e+00 5.014529e+00 5.105846e+00 4.093613e+00 5.508260e+00 2.606044e+00 -1.193581e-01 -2.437287e-02 7.431275e-02 2.517161e-01 5.126005e-01 7.942349e-01 1.057092e+00 1.171842e+00 1.052876e+00 7.458218e-01 4.174089e-01 1.123910e-01 -2.008740e-04
<VARIANCE> 25
 8.663034e+00 5.563023e+00 8.925478e+00 1.251526e+01 1.377764e+01 1.519845e+01 1.555900e+01 1.460365e+01 1.391548e+01 1.400112e+01 1.474727e+01 1.240099e+01 1.219865e-01 2.022975e-01 3.122936e-01 4.943304e-01 7.049879e-01 7.778543e-01 7.552617e-01 7.771245e-01 8.895690e-01 1.004447e+00 1.046491e+00 1.084599e+00 2.787898e-05
<GCONST> 5.861170e+01
<MIXTURE> 16 2.475190e-03
<MEAN> 25
 -5.209888e+00 -6.904467e-01 -1.529229e-01 7.379281e+00 5.694147e+00 5.876462e+00 5.903772e+00 5.014529e+00 5.105846e+00 4.093613e+00 5.508260e+00 2.606044e+00 -1.193581e-01 -2.437287e-02 7.431275e-02 2.517161e-01 5.126005e-01 7.942349e-01 1.057092e+00 1.171842e+00 1.052876e+00 7.458218e-01 4.174089e-01 1.123910e-01 -2.008740e-04
<VARIANCE> 25
 8.663034e+00 5.563023e+00 8.925478e+00 1.251526e+01 1.377764e+01 1.519845e+01 1.555900e+01 1.460365e+01 1.391548e+01 1.400112e+01 1.474727e+01 1.240099e+01 1.219865e-01 2.022975e-01 3.122936e-01 4.943304e-01 7.049879e-01 7.778543e-01 7.552617e-01 7.771245e-01 8.895690e-01 1.004447e+00 1.046491e+00 1.084599e+00 2.787898e-05
<GCONST> 5.861170e+01
<MIXTURE> 17 9.518312e-03
<MEAN> 25
 3.155646e+00 -7.078609e-01 4.922915e+00 2.192247e+00 -5.047484e+00 -6.667114e+00 -2.451712e+00 -4.457141e-01 -2.203453e+00 -2.573739e+00 2.539749e-01 5.178209e-01 -7.850412e-01 -1.061556e+00 1.071321e+00 -2.189872e+00 -2.093384e+00 -9.463972e-01 2.499794e-01 3.209614e-01 4.503268e-02 2.890060e-02 1.032323e+00 3.816908e-01 7.307520e-02
<VARIANCE> 25
 1.459118e+01 2.818476e+01 2.784378e+01 4.117725e+01 3.963418e+01 3.967050e+01 4.405437e+01 2.962359e+01 3.742955e+01 2.461109e+01 2.175565e+01 2.390086e+01 1.575229e+00 2.119350e+00 3.217642e+00 2.506922e+00 3.611730e+00 6.284414e+00 4.377294e+00 4.335819e+00 4.102650e+00 3.275850e+00 2.364995e+00 2.386577e+00 1.782504e-03
<GCONST> 9.398228e+01
<MIXTURE> 18 1.221018e-02
<MEAN> 25
 3.948792e+00 4.566528e+00 6.653505e+00 4.722610e+00 -4.583614e+00 -8.330671e+00 -1.709390e+00 -1.195610e+00 -3.325968e+00 -2.423279e+00 -8.897461e-01 5.649917e-01 -7.399287e-01 2.132174e+00 -2.102600e-01 2.029517e+00 3.073198e+00 1.491763e+00 7.754606e-01 -1.874243e-01 5.966733e-01 5.006816e-01 -3.063774e-01 -7.045747e-02 -1.224053e-01
<VARIANCE> 25
 1.591910e+01 2.514060e+01 3.292777e+01 2.602928e+01 3.954894e+01 3.365261e+01 3.852694e+01 3.483017e+01 3.885838e+01 3.416549e+01 3.218546e+01 3.060047e+01 2.588906e+00 3.045351e+00 4.689915e+00 4.027190e+00 4.178748e+00 4.654758e+00 4.686289e+00 4.449937e+00 4.484105e+00 4.272156e+00 4.563250e+00 3.610970e+00 4.185185e-03
<GCONST> 9.845883e+01
<MIXTURE> 19 9.912824e-03
<MEAN> 25
 -1.015538e+01 1.865090e+00 3.233380e-01 1.047567e+00 4.016538e+00 1.700927e+00 3.443292e+00 1.147831e+00 2.036487e+00 1.216400e+00 1.090800e+00 1.957023e+00 2.084626e+00 1.693676e+00 2.135598e+00 7.301265e-01 -1.078790e+00 -1.037350e+00 -1.072821e+00 -1.417657e+00 -1.482905e+00 -1.107682e+00 -8.510152e-01 -7.927388e-01 5.044157e-04
<VARIANCE> 25
 5.401479e+01 2.967376e+01 4.749457e+01 5.322878e+01 3.325951e+01 3.493933e+01 3.305274e+01 2.949167e+01 2.826023e+01 2.732871e+01 3.010521e+01 2.017867e+01 2.350175e+00 2.317437e+00 2.211235e+00 2.390049e+00 2.549616e+00 2.314056e+00 2.453375e+00 2.384246e+00 2.083537e+00 2.098598e+00 2.226198e+00 1.778114e+00 2.402687e-03
<GCONST> 9.188168e+01
<MIXTURE> 20 6.308331e-03
<MEAN> 25
 -1.453980e+01 7.436965e+00 -4.137056e-01 6.669484e+00 4.163868e+00 3.271541e+00 5.262151e+00 5.569133e-01 -1.999778e-01 9.933170e-01 1.674061e+00 -1.067715e+00 -3.205978e+00 -6.162897e-01 -1.677208e+00 5.554918e-01 1.601502e+00 1.984073e+00 2.165388e+00 2.091436e+00 1.785565e+00 1.784704e+00 1.351677e+00 6.627167e-01 4.990708e-02
<VARIANCE> 25
 1.785034e+01 2.041262e+01 3.664178e+01 3.358273e+01 2.938833e+01 4.065567e+01 2.615869e+01 2.870840e+01 3.174101e+01 2.480277e+01 2.708761e+01 2.134924e+01 2.023073e+00 2.243841e+00 1.750572e+00 2.572295e+00 2.421664e+00 2.224875e+00 2.518864e+00 2.109206e+00 2.669470e+00 2.677528e+00 2.687655e+00 2.106076e+00 1.718687e-03
<GCONST> 8.940198e+01
<MIXTURE> 21 7.928653e-03
<MEAN> 25
 3.889024e+00 -4.470846e+00 4.571785e+00 -1.472735e+00 -9.330582e+00 -8.437737e+00 -1.470455e+00 4.179087e+00 -2.383188e+00 -3.281843e+00 9.438813e-01 6.098272e-02 -7.737443e-01 9.250033e-01 2.335469e+00 -2.953333e-01 -1.536946e+00 2.634450e-01 9.124204e-01 -1.766572e+00 -1.874434e+00 2.817319e-01 1.313090e+00 -7.761155e-02 -7.513982e-03
<VARIANCE> 25
 7.477090e+00 1.571674e+01 2.913150e+01 2.393749e+01 2.904073e+01 2.817476e+01 4.059364e+01 3.463558e+01 3.654914e+01 2.681772e+01 2.955252e+01 2.093677e+01 3.473171e-01 1.373831e+00 1.724181e+00 1.325261e+00 1.812643e+00 1.835135e+00 3.387885e+00 2.849155e+00 1.858828e+00 2.164527e+00 1.874912e+00 2.314768e+00 4.500632e-04
<GCONST> 8.324126e+01
<MIXTURE> 22 8.827789e-03
<MEAN> 25
 -1.811531e+01 8.468947e+00 -4.939476e+00 7.982775e+00 4.447907e+00 5.311294e+00 9.955302e+00 1.376760e+00 3.096879e+00 4.085577e+00 2.746527e+00 -9.265482e-01 -2.850747e-01 -2.253177e-01 2.284972e-01 -4.533722e-01 2.699411e-01 -1.192611e-01 5.159162e-01 9.579613e-02 5.275872e-01 3.871070e-01 6.852969e-02 3.416745e-01 7.085715e-03
<VARIANCE> 25
 5.422558e+00 1.185138e+01 1.317852e+01 1.969425e+01 1.717131e+01 2.304745e+01 1.634789e+01 1.436001e+01 2.017613e+01 1.831034e+01 2.374734e+01 1.571195e+01 7.123938e-01 1.074820e+00 1.100977e+00 1.292162e+00 1.473285e+00 2.119872e+00 1.277516e+00 1.300665e+00 1.704731e+00 1.260979e+00 1.424219e+00 8.879746e-01 1.144009e-03
<GCONST> 7.490114e+01
<MIXTURE> 23 6.455497e-03
<MEAN> 25
 7.626609e+00 1.729091e+00 1.989989e+00 2.157100e+00 -3.844847e+00 -3.501599e+00 -3.664248e+00 -5.438191e+00 -2.582853e+00 -7.545780e-01 -3.279058e+00 -1.835618e+00 3.414319e-02 1.418663e-01 -6.238346e-02 1.007894e-01 -5.792734e-02 3.214033e-02 9.733634e-02 -9.389578e-02 7.954229e-02 5.142581e-02 -8.094884e-03 -6.148798e-02 -3.861586e-03
<VARIANCE> 25
 9.408953e+00 2.006755e+01 2.548662e+01 3.506201e+01 3.589150e+01 4.820756e+01 5.097459e+01 4.916312e+01 4.313395e+01 4.000782e+01 4.449579e+01 3.480889e+01 1.226766e-01 2.716298e-01 4.074211e-01 4.422679e-01 5.545522e-01 8.468494e-01 1.018528e+00 9.313476e-01 7.922391e-01 9.186876e-01 7.383301e-01 7.469480e-01 7.494317e-05
<GCONST> 7.172863e+01
<MIXTURE> 24 6.455497e-03
<MEAN> 25
 7.626609e+00 1.729091e+00 1.989989e+00 2.157100e+00 -3.844847e+00 -3.501599e+00 -3.664248e+00 -5.438191e+00 -2.582853e+00 -7.545780e-01 -3.279058e+00 -1.835618e+00 3.414319e-02 1.418663e-01 -6.238346e-02 1.007894e-01 -5.792734e-02 3.214033e-02 9.733634e-02 -9.389578e-02 7.954229e-02 5.142581e-02 -8.094884e-03 -6.148798e-02 -3.861586e-03
<VARIANCE> 25
 9.408953e+00 2.006755e+01 2.548662e+01 3.506201e+01 3.589150e+01 4.820756e+01 5.097459e+01 4.916312e+01 4.313395e+01 4.000782e+01 4.449579e+01 3.480889e+01 1.226766e-01 2.716298e-01 4.074211e-01 4.422679e-01 5.545522e-01 8.468494e-01 1.018528e+00 9.313476e-01 7.922391e-01 9.186876e-01 7.383301e-01 7.469480e-01 7.494317e-05
<GCONST> 7.172863e+01
<MIXTURE> 25 1.118642e-02
<MEAN> 25
 2.717057e-01 3.454519e+00 1.658584e+01 -1.162350e+00 -1.111299e+01 -1.697530e+00 -5.172001e+00 -2.866683e+00 -6.805149e+00 -5.498730e+00 4.074822e+00 -1.526215e+00 -1.253255e-01 4.237234e-01 1.679972e-01 1.564677e-01 2.112121e-01 1.302958e-01 2.325659e-01 -1.509883e-01 -2.199643e-01 1.106587e-01 -5.453266e-02 -9.026719e-02 -1.312797e-02
<VARIANCE> 25
 8.705695e+00 2.185930e+01 2.241371e+01 2.892392e+01 3.333043e+01 4.049720e+01 2.839435e+01 2.972967e+01 2.869663e+01 3.624490e+01 2.059249e+01 2.778258e+01 5.919226e-01 1.433426e+00 1.380828e+00 1.366299e+00 2.235557e+00 2.038741e+00 1.812446e+00 1.615208e+00 1.549791e+00 1.727141e+00 1.349313e+00 1.288515e+00 1.261205e-03
<GCONST> 8.283576e+01
<MIXTURE> 26 7.727677e-03
<MEAN> 25
 2.195488e+00 -6.407969e+00 -1.022180e+01 -5.062050e-01 7.852014e+00 5.631601e+00 4.086749e+00 -5.824954e-02 2.290894e+00 -9.832699e-01 -2.830569e+00 -1.025241e+00 -6.507440e-01 6.125231e-01 3.620994e-01 6.618727e-01 1.803789e-01 2.519549e-01 2.990156e-01 3.463293e-01 2.731450e-01 7.859555e-02 3.612859e-01 4.201689e-01 -5.117418e-02
<VARIANCE> 25
 2.461740e+01 3.337806e+01 2.623346e+01 6.250731e+01 3.894637e+01 4.352460e+01 4.551437e+01 4.522353e+01 3.866281e+01 5.319658e+01 3.931473e+01 4.588239e+01 1.631182e+00 1.950647e+00 1.980676e+00 2.082011e+00 2.300713e+00 2.330617e+00 2.509651e+00 2.688317e+00 2.311943e+00 2.307456e+00 2.152124e+00 1.967275e+00 3.362869e-03
<GCONST> 9.383733e+01
<MIXTURE> 27 7.727677e-03
<MEAN> 25
 2.195488e+00 -6.407969e+00 -1.022180e+01 -5.062050e-01 7.852014e+00 5.631601e+00 4.086749e+00 -5.824954e-02 2.290894e+00 -9.832699e-01 -2.830569e+00 -1.025241e+00 -6.507440e-01 6.125231e-01 3.620994e-01 6.618727e-01 1.803789e-01 2.519549e-01 2.990156e-01 3.463293e-01 2.731450e-01 7.859555e-02 3.612859e-01 4.201689e-01 -5.117418e-02
<VARIANCE> 25
 2.461740e+01 3.337806e+01 2.623346e+01 6.250731e+01 3.894637e+01 4.352460e+01 4.551437e+01 4.522353e+01 3.866281e+01 5.319658e+01 3.931473e+01 4.588239e+01 1.631182e+00 1.950647e+00 1.980676e+00 2.082011e+00 2.300713e+00 2.330617e+00 2.509651e+00 2.688317e+00 2.311943e+00 2.307456e+00 2.152124e+00 1.967275e+00 3.362869e-03
<GCONST> 9.383733e+01
<MIXTURE> 28 5.036674e-03
<MEAN> 25
 -5.433834e+00 4.924662e-03 -1.574799e+00 6.611537e+00 5.228328e+00 3.514293e+00 5.414249e+00 3.125277e+00 3.922018e+00 2.391477e+00 2.631884e+00 3.217571e+00 -1.148304e-01 2.233504e-01 5.285240e-01 7.842909e-01 8.207500e-01 7.018136e-01 5.221397e-01 3.923953e-01 4.460062e-01 4.821543e-01 3.719025e-01 1.891335e-01 -1.401796e-05
<VARIANCE> 25
 1.060274e+01 8.371874e+00 1.216690e+01 1.486184e+01 1.470996e+01 1.784863e+01 1.801768e+01 1.903591e+01 1.717023e+01 1.671840e+01 2.063927e+01 1.498654e+01 2.562509e-01 3.360336e-01 4.063349e-01 4.642910e-01 6.224667e-01 8.468879e-01 1.056996e+00 1.143533e+00 1.104008e+00 1.031012e+00 1.036585e+00 1.065445e+00 1.000712e-06
<GCONST> 6.027597e+01
<MIXTURE> 29 5.036674e-03
<MEAN> 25
 -5.433834e+00 4.924662e-03 -1.574799e+00 6.611537e+00 5.228328e+00 3.514293e+00 5.414249e+00 3.125277e+00 3.922018e+00 2.391477e+00 2.631884e+00 3.217571e+00 -1.148304e-01 2.233504e-01 5.285240e-01 7.842909e-01 8.207500e-01 7.018136e-01 5.221397e-01 3.923953e-01 4.460062e-01 4.821543e-01 3.719025e-01 1.891335e-01 -1.401796e-05
<VARIANCE> 25
 1.060274e+01 8.371874e+00 1.216690e+01 1.486184e+01 1.470996e+01 1.784863e+01 1.801768e+01 1.903591e+01 1.717023e+01 1.671840e+01 2.063927e+01 1.498654e+01 2.562509e-01 3.360336e-01 4.063349e-01 4.642910e-01 6.224667e-01 8.468879e-01 1.056996e+00 1.143533e+00 1.104008e+00 1.031012e+00 1.036585e+00 1.065445e+00 1.000712e-06
<GCONST> 6.027597e+01
<MIXTURE> 30 8.917812e-03
<MEAN> 25
 -4.112072e+00 -3.554972e-01 6.269231e-01 9.034074e+00 7.583216e+00 7.702318e+00 7.262096e+00 6.936213e+00 6.399075e+00 4.722006e+00 6.929928e+00 3.476891e+00 -2.740688e-02 3.830837e-02 5.465565e-02 9.475335e-02 1.227267e-01 7.025090e-02 1.173260e-02 2.285871e-02 4.147409e-02 4.516605e-02 6.428648e-02 -1.754405e-02 -7.665601e-04
<VARIANCE> 25
 9.485644e+00 9.982543e+00 1.017563e+01 1.323138e+01 1.593493e+01 1.662652e+01 2.041859e+01 1.756116e+01 1.605688e+01 1.837969e+01 2.051750e+01 1.417748e+01 9.594705e-02 1.950077e-01 3.292070e-01 4.842451e-01 6.459567e-01 7.235724e-01 7.542428e-01 7.987840e-01 8.632591e-01 9.143010e-01 9.005218e-01 9.074353e-01 5.069837e-05
<GCONST> 6.081174e+01
<MIXTURE> 31 4.136493e-03
<MEAN> 25
 -2.820799e+00 -5.559144e+00 -5.650019e-02 4.826483e+00 3.456824e+00 2.133573e+00 4.634849e+00 6.779850e+00 2.712776e+00 1.247713e+00 6.201594e+00 3.023462e+00 2.800473e-01 4.209806e-01 -2.032214e-01 3.619207e-01 1.126919e-01 4.091768e-01 1.773374e-01 3.795048e-03 3.304016e-01 3.624997e-01 1.311610e-01 6.662314e-02 -1.795647e-02
<VARIANCE> 25
 8.967488e+00 1.421156e+01 1.635256e+01 1.764783e+01 2.371512e+01 2.789994e+01 2.842786e+01 2.454336e+01 2.492606e+01 2.640955e+01 1.973645e+01 1.753757e+01 2.178286e-01 4.997638e-01 5.787323e-01 9.237065e-01 9.259117e-01 1.072240e+00 1.207340e+00 1.343865e+00 1.353608e+00 1.262498e+00 1.170754e+00 1.113209e+00 2.436060e-04
<GCONST> 7.195217e+01
<MIXTURE> 32 4.136493e-03
<MEAN> 25
 -2.820799e+00 -5.559144e+00 -5.650019e-02 4.826483e+00 3.456824e+00 2.133573e+00 4.634849e+00 6.779850e+00 2.712776e+00 1.247713e+00 6.201594e+00 3.023462e+00 2.800473e-01 4.209806e-01 -2.032214e-01 3.619207e-01 1.126919e-01 4.091768e-01 1.773374e-01 3.795048e-03 3.304016e-01 3.624997e-01 1.311610e-01 6.662314e-02 -1.795647e-02
<VARIANCE> 25
 8.967488e+00 1.421156e+01 1.635256e+01 1.764783e+01 2.371512e+01 2.789994e+01 2.842786e+01 2.454336e+01 2.492606e+01 2.640955e+01 1.973645e+01 1.753757e+01 2.178286e-01 4.997638e-01 5.787323e-01 9.237065e-01 9.259117e-01 1.072240e+00 1.207340e+00 1.343865e+00 1.353608e+00 1.262498e+00 1.170754e+00 1.113209e+00 2.436060e-04
<GCONST> 7.195217e+01
<MIXTURE> 33 1.508826e-02
<MEAN> 25
 6.537522e+00 -3.979656e+00 -2.240608e+00 -2.540842e+00 -1.873697e+00 -5.709719e+00 -7.090733e+00 1.730003e+00 2.243191e+00 -4.826206e-01 -4.651002e+00 -2.901581e+00 6.561716e-01 -1.142828e+00 -2.417494e+00 -1.825101e+00 1.446963e+00 1.389483e+00 -7.752231e-01 6.482169e-01 9.839048e-01 5.419812e-01 -3.455914e-01 -1.305318e+00 3.636529e-02
<VARIANCE> 25
 9.815289e+00 2.072647e+01 2.841304e+01 3.563461e+01 4.011891e+01 4.361717e+01 4.352999e+01 4.584781e+01 4.005579e+01 4.284993e+01 3.435543e+01 2.822410e+01 1.142219e+00 1.928692e+00 2.216014e+00 2.224640e+00 4.136288e+00 3.445201e+00 4.249982e+00 5.510593e+00 3.755857e+00 4.331514e+00 3.369704e+00 2.595506e+00 1.502706e-03
<GCONST> 9.422630e+01
<MIXTURE> 34 1.588179e-02
<MEAN> 25
 8.810869e+00 4.633791e-02 1.359812e-01 1.336718e+00 -2.983344e+00 -1.696128e+00 -5.894792e+00 -4.631144e+00 -1.733633e+00 1.474527e-01 -2.677102e+00 -3.651418e+00 3.531804e-02 1.296986e+00 1.411981e+00 2.376677e+00 -7.120028e-02 -5.023321e-02 7.281080e-01 -1.520292e+00 -9.082147e-01 2.255639e-01 -5.908191e-01 1.965949e-01 -6.109429e-02
<VARIANCE> 25
 7.784225e+00 2.991053e+01 2.835307e+01 4.855272e+01 4.087402e+01 4.903722e+01 5.478527e+01 5.492402e+01 5.104111e+01 4.174345e+01 4.680260e+01 3.054750e+01 1.331460e+00 1.968974e+00 4.213159e+00 3.956811e+00 5.455314e+00 6.021865e+00 5.569215e+00 6.344507e+00 5.026056e+00 4.839396e+00 5.040449e+00 3.836172e+00 1.156850e-03
<GCONST> 9.939206e+01
<MIXTURE> 35 1.467755e-02
<MEAN> 25
 -1.848607e+00 -4.983521e+00 -9.378879e+00 6.518969e-01 9.510529e+00 1.871033e+00 1.888353e+00 3.520640e+00 1.260528e+00 4.076055e+00 1.884034e-02 1.988261e+00 3.025374e-01 -8.678192e-01 -9.561279e-01 -1.740921e+00 4.057239e-01 -7.514256e-01 -9.006386e-01 -1.159562e-01 -1.026943e-01 1.744758e-01 -7.251115e-01 -3.260567e-01 1.081104e-01
<VARIANCE> 25
 1.936025e+01 2.788197e+01 4.459686e+01 6.129766e+01 3.943755e+01 6.566784e+01 4.877360e+01 5.127016e+01 4.692539e+01 3.809197e+01 3.390153e+01 2.878520e+01 3.831007e+00 3.957596e+00 8.607550e+00 6.498008e+00 4.827939e+00 5.230546e+00 5.190345e+00 4.569469e+00 4.697622e+00 4.168197e+00 3.816402e+00 3.819760e+00 4.910406e-03
<GCONST> 1.036827e+02
<MIXTURE> 36 1.093293e-02
<MEAN> 25
 4.652843e+00 -3.218942e+00 5.736746e+00 1.979868e+00 -8.288929e+00 -8.482080e+00 -4.939278e+00 2.426096e+00 -2.061615e+00 -3.431274e+00 2.747055e+00 -2.081375e-02 4.715036e-01 8.088481e-02 -8.203534e-01 1.346752e-01 7.148982e-01 1.445606e-01 -6.971311e-01 -4.655803e-02 3.418915e-01 3.829897e-01 -5.025796e-01 -4.256349e-01 -1.652830e-02
<VARIANCE> 25
 9.910141e+00 1.497968e+01 2.401566e+01 2.683064e+01 3.615865e+01 3.402869e+01 4.777718e+01 3.084066e+01 3.480956e+01 3.366495e+01 2.473173e+01 2.331569e+01 4.560374e-01 6.424171e-01 1.436290e+00 1.179705e+00 1.493048e+00 1.770295e+00 2.273358e+00 1.816112e+00 1.826124e+00 1.650804e+00 1.292628e+00 1.343287e+00 6.125852e-04
<GCONST> 8.119646e+01
<MIXTURE> 37 1.246826e-02
<MEAN> 25
 3.257420e-01 6.828092e+00 1.101578e+01 -6.002413e+00 -7.378570e+00 -6.073380e-01 -6.452943e+00 -7.683597e+00 -2.765137e+00 -9.692162e-01 -3.037484e+00 -4.152742e-01 9.532461e-02 7.037133e-01 -1.605338e+00 3.766968e+00 1.449180e+00 -1.460430e-01 1.400989e+00 2.243952e-01 2.451645e-01 -2.002328e-01 5.069247e-01 -4.356858e-01 -8.080573e-02
<VARIANCE> 25
 1.375413e+01 2.580349e+01 3.180653e+01 4.639003e+01 3.170163e+01 2.834583e+01 4.809901e+01 3.430038e+01 3.762624e+01 3.073684e+01 3.452346e+01 3.234350e+01 2.797357e+00 3.251737e+00 2.950618e+00 3.850588e+00 5.421649e+00 3.661403e+00 4.344902e+00 3.985924e+00 3.285511e+00 3.222337e+00 3.446724e+00 3.139281e+00 4.268723e-03
<GCONST> 9.715874e+01
<MIXTURE> 38 1.154525e-02
<MEAN> 25
 -4.871661e+00 8.531754e+00 3.672516e+00 3.440883e+00 -1.909783e-01 -3.088085e+00 -9.258373e-01 -3.332896e+00 -2.966474e+00 -2.374294e+00 -1.359190e+00 -8.007166e-01 -4.426498e+00 1.304228e+00 -9.266071e-01 2.016650e+00 2.320267e+00 1.627285e+00 2.658269e+00 1.038929e+00 3.202579e-01 6.826501e-01 7.447346e-01 -1.639526e-01 5.243917e-02
<VARIANCE> 25
 3.177544e+01 2.646447e+01 3.587522e+01 3.004853e+01 4.659393e+01 5.379266e+01 4.126374e+01 3.908116e+01 2.883133e+01 2.924256e+01 1.998680e+01 2.498458e+01 2.138266e+00 3.322329e+00 4.894878e+00 6.311949e+00 3.916529e+00 4.547574e+00 5.633009e+00 4.006384e+00 4.557670e+00 4.141333e+00 4.119203e+00 4.079814e+00 1.826009e-03
<GCONST> 9.866849e+01
<MIXTURE> 39 9.501865e-03
<MEAN> 25
 1.046551e+00 1.163502e-01 7.594368e+00 -7.800637e+00 -8.712981e+00 2.680931e-01 -2.428690e+00 -6.016905e+00 -4.130313e+00 2.258183e+00 -1.911481e+00 -3.328873e+00 -7.816588e-01 1.328913e+00 1.504990e+00 -1.711722e+00 5.233023e-01 1.167668e+00 -8.770400e-01 -1.336939e+00 9.125441e-01 4.397374e-01 -4.460664e-01 2.712805e-01 6.527178e-03
<VARIANCE> 25
 6.382698e+00 2.722951e+01 2.970296e+01 3.211121e+01 3.360877e+01 4.546396e+01 5.270594e+01 2.610437e+01 3.248912e+01 2.899092e+01 2.690217e+01 2.099271e+01 4.678909e-01 1.142996e+00 1.014415e+00 2.179624e+00 2.191836e+00 2.416231e+00 2.495791e+00 2.373938e+00 2.111643e+00 2.824032e+00 1.798474e+00 1.669437e+00 7.811067e-04
<GCONST> 8.505202e+01
<MIXTURE> 40 1.030800e-02
<MEAN> 25
 -8.331749e+00 1.672230e+00 -1.305552e+00 8.257442e+00 3.561276e+00 6.014832e+00 4.996908e+00 4.684165e+00 4.380360e+00 3.842454e+00 5.399047e+00 1.408348e+00 -8.028491e-02 -2.270916e-01 -6.746183e-02 -2.218259e-01 -7.612608e-02 -1.066851e-01 9.372012e-02 7.526930e-02 2.280693e-02 1.438440e-02 8.406527e-02 -1.477207e-02 2.950357e-03
<VARIANCE> 25
 5.301407e+01 2.398472e+01 2.758221e+01 2.438960e+01 2.441956e+01 1.983629e+01 2.138712e+01 1.933638e+01 1.768739e+01 1.953613e+01 1.845585e+01 1.477819e+01 7.058855e-01 7.091694e-01 8.849461e-01 1.076759e+00 1.068117e+00 1.211505e+00 1.416164e+00 1.251344e+00 1.346764e+00 1.201056e+00 1.138705e+00 1.113511e+00 7.846057e-04
<GCONST> 7.692525e+01
<MIXTURE> 41 6.713375e-03
<MEAN> 25
 9.656525e-01 1.852838e+00 1.021841e+01 -7.201794e+00 -9.698945e+00 -3.661381e+00 -2.962070e+00 -4.844151e+00 -3.969761e+00 2.448904e+00 -1.724813e+00 -7.623386e-01 5.285266e-02 -6.836478e-01 1.738016e+00 -3.554338e+00 -2.486858e+00 -3.110019e-01 -6.277137e-01 -6.211081e-01 -6.518046e-01 1.045856e+00 -9.668821e-01 1.138064e-01 8.472090e-02
<VARIANCE> 25
 1.274097e+01 2.837181e+01 3.236251e+01 3.884870e+01 4.338866e+01 4.220405e+01 3.959994e+01 2.968739e+01 3.827693e+01 2.787395e+01 3.008557e+01 2.716541e+01 2.988659e+00 3.177959e+00 3.625058e+00 3.615154e+00 4.594280e+00 6.093673e+00 5.278911e+00 5.204259e+00 4.184462e+00 3.973623e+00 3.638508e+00 3.076060e+00 2.800603e-03
<GCONST> 9.805229e+01
<MIXTURE> 42 1.106211e-02
<MEAN> 25
 -1.767826e+00 4.289991e+00 4.650616e+00 2.384450e+00 -4.300525e-02 -6.209771e+00 -1.099318e+00 -2.189757e+00 -1.419762e+00 -1.196077e+00 -2.266261e+00 1.259919e+00 4.055665e+00 -3.089305e-01 1.439190e+00 1.683775e-01 -2.884719e+00 -1.161004e+00 -2.268471e+00 -8.440207e-01 -6.666400e-01 -7.741593e-01 4.398595e-01 -9.966469e-01 6.615548e-03
<VARIANCE> 25
 3.479071e+01 2.078097e+01 4.466248e+01 2.912684e+01 3.887742e+01 4.108352e+01 3.915734e+01 2.703285e+01 2.704038e+01 2.643048e+01 2.002043e+01 1.770994e+01 3.652910e+00 4.535685e+00 5.838667e+00 4.895320e+00 4.467654e+00 6.443089e+00 4.733022e+00 5.281797e+00 4.849980e+00 4.621360e+00 4.312524e+00 3.363060e+00 4.343471e-03
<GCONST> 9.956844e+01
<MIXTURE> 43 7.108249e-03
<MEAN> 25
 3.162803e+00 -6.289177e+00 -2.248606e+00 -5.158422e+00 -7.375183e+00 -3.430276e+00 4.139824e+00 1.294761e+00 -5.042908e+00 -7.064420e+00 -4.284081e+00 -1.258935e+00 2.350039e-01 2.154130e+00 1.908838e+00 -1.347525e-01 -1.423190e+00 -7.821565e-01 -9.681284e-01 -7.804202e-01 8.186402e-01 1.460475e+00 3.381384e-01 1.583785e-02 -4.482099e-02
<VARIANCE> 25
 9.556538e+00 1.965579e+01 2.721947e+01 3.520086e+01 3.831233e+01 3.669763e+01 3.319742e+01 3.966901e+01 3.973855e+01 3.873021e+01 2.671810e+01 2.941981e+01 6.924439e-01 1.262327e+00 1.568623e+00 2.498824e+00 2.374063e+00 2.395898e+00 2.651162e+00 3.043744e+00 2.597929e+00 2.582700e+00 2.327131e+00 1.918773e+00 9.518809e-04
<GCONST> 8.798569e+01
<MIXTURE> 44 7.328289e-03
<MEAN> 25
 -1.340490e+01 1.577728e+00 3.750186e+00 -4.075415e+00 3.394187e+00 2.121379e+00 -1.395900e+00 2.135426e+00 1.433338e+00 -9.258506e-01 1.974220e+00 2.142103e+00 -1.719118e-01 -1.201236e-02 6.831992e-02 3.088304e-01 -1.633888e-01 5.709284e-02 4.610070e-01 1.518153e-01 2.982563e-01 3.623492e-02 -4.930544e-03 1.125798e-01 2.459583e-03
<VARIANCE> 25
 5.637969e+01 2.483005e+01 3.064023e+01 3.176318e+01 2.630955e+01 2.731294e+01 3.346329e+01 2.873063e+01 2.447354e+01 2.621457e+01 2.434683e+01 1.872442e+01 1.075012e+00 1.423360e+00 1.323753e+00 1.503520e+00 2.043675e+00 1.784370e+00 1.490104e+00 1.509853e+00 1.425483e+00 1.620018e+00 1.364645e+00 1.103615e+00 1.183068e-03
<GCONST> 8.382864e+01
<MIXTURE> 45 1.364932e-02
<MEAN> 25
 -1.232716e+01 3.424692e+00 -1.305318e+00 2.898309e+00 5.611253e+00 1.637983e-01 4.753520e+00 2.797706e+00 3.179210e+00 2.135328e+00 2.312324e+00 2.529098e+00 -2.919413e+00 5.897654e-01 -4.768747e-01 -5.443178e-01 2.119030e-01 -2.190031e-02 4.734351e-01 7.971521e-02 -7.448410e-02 -6.201992e-02 2.636128e-01 1.039700e-01 1.176138e-01
<VARIANCE> 25
 3.511549e+01 3.008949e+01 3.088550e+01 3.490792e+01 3.195822e+01 3.012415e+01 2.994364e+01 2.668785e+01 2.556187e+01 2.332677e+01 2.815105e+01 1.586383e+01 2.412589e+00 3.021973e+00 2.861243e+00 2.710902e+00 2.482467e+00 2.609422e+00 2.364165e+00 2.262614e+00 2.131836e+00 2.098407e+00 1.983117e+00 1.648037e+00 4.126025e-03
<GCONST> 9.071082e+01
<MIXTURE> 46 9.336259e-03
<MEAN> 25
 -9.417343e+00 2.279991e+00 1.178613e+00 7.498114e+00 5.901461e+00 3.434664e+00 7.001910e+00 4.531960e+00 5.641473e+00 4.630702e+00 4.961017e+00 2.920719e+00 1.055997e+00 -2.494525e-01 3.958383e-02 1.017825e+00 5.992705e-01 9.508725e-01 3.976891e-01 6.720065e-01 4.598309e-01 5.221974e-01 6.248487e-01 5.067511e-01 -1.049522e-01
<VARIANCE> 25
 3.486232e+01 4.365265e+01 3.813833e+01 4.988144e+01 5.033686e+01 4.117969e+01 3.782584e+01 3.534332e+01 3.322054e+01 3.117402e+01 2.845412e+01 2.016178e+01 3.872182e+00 4.107284e+00 3.859544e+00 4.162364e+00 4.144422e+00 3.682283e+00 3.396092e+00 3.089200e+00 2.963520e+00 2.851407e+00 2.307573e+00 1.791178e+00 7.906331e-03
<GCONST> 9.828731e+01
<MIXTURE> 47 7.116147e-03
<MEAN> 25
 7.257901e+00 -7.307853e+00 -7.660732e+00 -6.232835e+00 1.483931e+00 9.031205e-01 -2.265464e+00 1.280622e+00 2.951791e+00 1.350032e-01 -4.175339e+00 -6.634963e+00 -1.851200e-01 -1.243180e+00 -6.912390e-01 -4.050627e-01 5.963899e-01 8.015703e-01 8.761186e-01 3.023100e-01 1.083932e-01 -8.847624e-01 -4.556394e-01 -4.569494e-01 2.938202e-02
<VARIANCE> 25
 1.074349e+01 2.088225e+01 2.054337e+01 3.481699e+01 3.569426e+01 5.430537e+01 4.540380e+01 4.089727e+01 4.314217e+01 4.632422e+01 4.794115e+01 3.330220e+01 5.224555e-01 7.706107e-01 1.118539e+00 1.645639e+00 1.973084e+00 2.191680e+00 2.329410e+00 2.439840e+00 2.171575e+00 2.137211e+00 2.173268e+00 1.976493e+00 5.629231e-04
<GCONST> 8.641711e+01
<MIXTURE> 48 7.116147e-03
<MEAN> 25
 7.257901e+00 -7.307853e+00 -7.660732e+00 -6.232835e+00 1.483931e+00 9.031205e-01 -2.265464e+00 1.280622e+00 2.951791e+00 1.350032e-01 -4.175339e+00 -6.634963e+00 -1.851200e-01 -1.243180e+00 -6.912390e-01 -4.050627e-01 5.963899e-01 8.015703e-01 8.761186e-01 3.023100e-01 1.083932e-01 -8.847624e-01 -4.556394e-01 -4.569494e-01 2.938202e-02
<VARIANCE> 25
 1.074349e+01 2.088225e+01 2.054337e+01 3.481699e+01 3.569426e+01 5.430537e+01 4.540380e+01 4.089727e+01 4.314217e+01 4.632422e+01 4.794115e+01 3.330220e+01 5.224555e-01 7.706107e-01 1.118539e+00 1.645639e+00 1.973084e+00 2.191680e+00 2.329410e+00 2.439840e+00 2.171575e+00 2.137211e+00 2.173268e+00 1.976493e+00 5.629231e-04
<GCONST> 8.641711e+01
<MIXTURE> 49 5.548473e-03
<MEAN> 25
 -4.504346e+00 8.201399e-02 1.884038e-01 8.570453e+00 5.811785e+00 5.966957e+00 5.972672e+00 4.856481e+00 4.932563e+00 3.334050e+00 4.706432e+00 2.946513e+00 3.659734e-01 6.556512e-01 7.456704e-01 3.994223e-01 -1.139746e-01 -6.741182e-01 -1.007210e+00 -1.080747e+00 -8.991404e-01 -6.286814e-01 -4.168627e-01 -2.159815e-01 3.992248e-04
<VARIANCE> 25
 1.364281e+01 1.042188e+01 1.337010e+01 1.512849e+01 1.643049e+01 1.789277e+01 1.836318e+01 2.008384e+01 1.721469e+01 1.888072e+01 2.004151e+01 1.349145e+01 2.626088e-01 2.467282e-01 3.639447e-01 6.027948e-01 9.091139e-01 9.131935e-01 9.308105e-01 1.008981e+00 1.107784e+00 1.180558e+00 1.281147e+00 1.173920e+00 1.585235e-05
<GCONST> 6.431313e+01
<MIXTURE> 50 6.234641e-03
<MEAN> 25
 -4.145319e+00 -2.152092e-01 -1.553786e+00 6.225411e+00 4.062520e+00 2.535906e+00 3.736919e+00 2.045916e+00 2.674819e+00 1.283671e+00 2.133374e+00 2.741851e+00 5.628473e-02 1.770417e-01 9.154718e-02 -1.795388e-01 -4.566505e-01 -6.025747e-01 -4.305217e-01 -4.332591e-02 5.319278e-01 8.081635e-01 7.662607e-01 4.190421e-01 -8.662342e-05
<VARIANCE> 25
 1.429647e+01 1.218541e+01 1.389092e+01 1.537572e+01 1.515354e+01 2.160727e+01 1.762478e+01 1.892847e+01 1.791255e+01 1.695879e+01 2.152235e+01 1.461828e+01 1.376844e-01 2.271435e-01 3.648981e-01 4.980375e-01 6.261947e-01 7.117168e-01 9.109822e-01 1.116801e+00 1.170668e+00 9.124076e-01 8.974626e-01 9.533663e-01 1.051156e-06
<GCONST> 5.972332e+01
<MIXTURE> 51 6.234641e-03
<MEAN> 25
 -4.145319e+00 -2.152092e-01 -1.553786e+00 6.225411e+00 4.062520e+00 2.535906e+00 3.736919e+00 2.045916e+00 2.674819e+00 1.283671e+00 2.133374e+00 2.741851e+00 5.628473e-02 1.770417e-01 9.154718e-02 -1.795388e-01 -4.566505e-01 -6.025747e-01 -4.305217e-01 -4.332591e-02 5.319278e-01 8.081635e-01 7.662607e-01 4.190421e-01 -8.662342e-05
<VARIANCE> 25
 1.429647e+01 1.218541e+01 1.389092e+01 1.537572e+01 1.515354e+01 2.160727e+01 1.762478e+01 1.892847e+01 1.791255e+01 1.695879e+01 2.152235e+01 1.461828e+01 1.376844e-01 2.271435e-01 3.648981e-01 4.980375e-01 6.261947e-01 7.117168e-01 9.109822e-01 1.116801e+00 1.170668e+00 9.124076e-01 8.974626e-01 9.533663e-01 1.051156e-06
<GCONST> 5.972332e+01
<MIXTURE> 52 6.367945e-03
<MEAN> 25
 1.012320e+01 2.049025e+00 -6.197775e+00 -1.428480e+01 -4.221971e+00 8.536902e+00 -2.752733e+00 -3.060740e+00 -4.408534e+00 -2.132821e+00 3.354089e+00 7.466933e-01 -3.855802e-01 -4.803353e-01 -6.970482e-02 1.140397e+00 1.339565e+00 -4.736030e-01 -6.028649e-01 -6.589390e-01 4.300642e-02 1.246201e+00 3.874083e-01 -5.456619e-01 -1.381602e-02
<VARIANCE> 25
 9.293215e+00 2.048879e+01 2.533682e+01 3.860751e+01 4.572853e+01 3.071820e+01 4.654661e+01 4.894026e+01 4.306169e+01 4.603756e+01 3.994999e+01 3.000778e+01 4.496412e-01 1.480681e+00 1.310501e+00 2.758055e+00 2.328980e+00 2.200176e+00 2.985836e+00 2.799592e+00 3.006046e+00 2.667107e+00 2.520407e+00 2.277514e+00 1.546109e-03
<GCONST> 8.973417e+01
<MIXTURE> 53 6.367945e-03
<MEAN> 25
 1.012320e+01 2.049025e+00 -6.197775e+00 -1.428480e+01 -4.221971e+00 8.536902e+00 -2.752733e+00 -3.060740e+00 -4.408534e+00 -2.132821e+00 3.354089e+00 7.466933e-01 -3.855802e-01 -4.803353e-01 -6.970482e-02 1.140397e+00 1.339565e+00 -4.736030e-01 -6.028649e-01 -6.589390e-01 4.300642e-02 1.246201e+00 3.874083e-01 -5.456619e-01 -1.381602e-02
<VARIANCE> 25
 9.293215e+00 2.048879e+01 2.533682e+01 3.860751e+01 4.572853e+01 3.071820e+01 4.654661e+01 4.894026e+01 4.306169e+01 4.603756e+01 3.994999e+01 3.000778e+01 4.496412e-01 1.480681e+00 1.310501e+00 2.758055e+00 2.328980e+00 2.200176e+00 2.985836e+00 2.799592e+00 3.006046e+00 2.667107e+00 2.520407e+00 2.277514e+00 1.546109e-03
<GCONST> 8.973417e+01
<MIXTURE> 54 7.368620e-03
<MEAN> 25
 -3.619813e+00 3.897607e-02 -6.878093e-01 8.035415e+00 6.474311e+00 4.636656e+00 4.673343e+00 4.603879e+00 4.048241e+00 3.584124e+00 4.456452e+00 2.322161e+00 -2.149625e-03 2.683233e-02 3.446674e-02 4.731445e-02 5.180665e-02 4.662607e-02 3.876000e-02 2.914153e-02 3.304900e-02 2.588193e-02 1.524622e-02 2.255477e-03 -1.338402e-05
<VARIANCE> 25
 9.229686e+00 1.040546e+01 9.294000e+00 1.816136e+01 1.335161e+01 1.359914e+01 1.195594e+01 1.128320e+01 1.134285e+01 1.357789e+01 1.777739e+01 1.252661e+01 4.080583e-02 8.724280e-02 1.539984e-01 2.264958e-01 3.081005e-01 3.971122e-01 4.610495e-01 5.212509e-01 5.489261e-01 5.269289e-01 5.182189e-01 5.161926e-01 1.001519e-06
<GCONST> 4.729578e+01
<MIXTURE> 55 7.368620e-03
<MEAN> 25
 -3.619813e+00 3.897607e-02 -6.878093e-01 8.035415e+00 6.474311e+00 4.636656e+00 4.673343e+00 4.603879e+00 4.048241e+00 3.584124e+00 4.456452e+00 2.322161e+00 -2.149625e-03 2.683233e-02 3.446674e-02 4.731445e-02 5.180665e-02 4.662607e-02 3.876000e-02 2.914153e-02 3.304900e-02 2.588193e-02 1.524622e-02 2.255477e-03 -1.338402e-05
<VARIANCE> 25
 9.229686e+00 1.040546e+01 9.294000e+00 1.816136e+01 1.335161e+01 1.359914e+01 1.195594e+01 1.128320e+01 1.134285e+01 1.357789e+01 1.777739e+01 1.252661e+01 4.080583e-02 8.724280e-02 1.539984e-01 2.264958e-01 3.081005e-01 3.971122e-01 4.610495e-01 5.212509e-01 5.489261e-01 5.269289e-01 5.182189e-01 5.161926e-01 1.001519e-06
<GCONST> 4.729578e+01
<MIXTURE> 56 6.132464e-03
<MEAN> 25
 7.226711e+00 -6.384101e+00 -8.753489e+00 -7.643047e+00 3.753252e+00 2.941259e+00 -1.781217e+00 -1.417815e+00 1.911189e+00 8.515128e-01 -2.749951e+00 -6.383738e+00 -6.005652e-03 3.402492e-02 -1.004721e-01 5.955167e-02 1.969582e-01 9.236641e-02 8.799814e-02 -1.584655e-01 1.703273e-02 -4.841435e-02 -8.192424e-02 -1.177631e-02 -6.356962e-03
<VARIANCE> 25
 9.026098e+00 2.174677e+01 1.990771e+01 4.361944e+01 3.065084e+01 5.639265e+01 5.664505e+01 3.462800e+01 3.592391e+01 3.402158e+01 3.714711e+01 3.240135e+01 2.123127e-01 3.939162e-01 4.463673e-01 7.166352e-01 7.706398e-01 1.055514e+00 9.201713e-01 9.094003e-01 9.107730e-01 9.302584e-01 9.666981e-01 7.687019e-01 2.185042e-04
<GCONST> 7.433390e+01
<MIXTURE> 57 6.132464e-03
<MEAN> 25
 7.226711e+00 -6.384101e+00 -8.753489e+00 -7.643047e+00 3.753252e+00 2.941259e+00 -1.781217e+00 -1.417815e+00 1.911189e+00 8.515128e-01 -2.749951e+00 -6.383738e+00 -6.005652e-03 3.402492e-02 -1.004721e-01 5.955167e-02 1.969582e-01 9.236641e-02 8.799814e-02 -1.584655e-01 1.703273e-02 -4.841435e-02 -8.192424e-02 -1.177631e-02 -6.356962e-03
<VARIANCE> 25
 9.026098e+00 2.174677e+01 1.990771e+01 4.361944e+01 3.065084e+01 5.639265e+01 5.664505e+01 3.462800e+01 3.592391e+01 3.402158e+01 3.714711e+01 3.240135e+01 2.123127e-01 3.939162e-01 4.463673e-01 7.166352e-01 7.706398e-01 1.055514e+00 9.201713e-01 9.094003e-01 9.107730e-01 9.302584e-01 9.666981e-01 7.687019e-01 2.185042e-04
<GCONST> 7.433390e+01
<MIXTURE> 58 6.172147e-03
<MEAN> 25
 2.408061e+00 -3.171757e+00 5.769254e+00 -4.629748e+00 -1.143186e+01 -6.032559e+00 1.667665e+00 5.642982e-01 -2.582534e+00 2.484261e+00 7.894431e-01 -5.295075e-01 -1.138905e-02 -1.443858e-01 -1.335273e-02 -2.678518e-01 1.155883e-01 4.602581e-01 2.890742e-01 2.600961e-01 -7.167114e-03 1.302939e-01 -5.910942e-02 -2.109269e-01 -2.788149e-03
<VARIANCE> 25
 6.205074e+00 1.239520e+01 2.320577e+01 2.370737e+01 3.076024e+01 4.657678e+01 2.902803e+01 2.858376e+01 2.634493e+01 2.669722e+01 1.920795e+01 1.839666e+01 3.444781e-01 6.726305e-01 6.554269e-01 1.182220e+00 8.905281e-01 1.634555e+00 1.092363e+00 1.140378e+00 1.053227e+00 1.032047e+00 8.667141e-01 8.321042e-01 6.649296e-04
<GCONST> 7.433006e+01
<MIXTURE> 59 6.172147e-03
<MEAN> 25
 2.408061e+00 -3.171757e+00 5.769254e+00 -4.629748e+00 -1.143186e+01 -6.032559e+00 1.667665e+00 5.642982e-01 -2.582534e+00 2.484261e+00 7.894431e-01 -5.295075e-01 -1.138905e-02 -1.443858e-01 -1.335273e-02 -2.678518e-01 1.155883e-01 4.602581e-01 2.890742e-01 2.600961e-01 -7.167114e-03 1.302939e-01 -5.910942e-02 -2.109269e-01 -2.788149e-03
<VARIANCE> 25
 6.205074e+00 1.239520e+01 2.320577e+01 2.370737e+01 3.076024e+01 4.657678e+01 2.902803e+01 2.858376e+01 2.634493e+01 2.669722e+01 1.920795e+01 1.839666e+01 3.444781e-01 6.726305e-01 6.554269e-01 1.182220e+00 8.905281e-01 1.634555e+00 1.092363e+00 1.140378e+00 1.053227e+00 1.032047e+00 8.667141e-01 8.321042e-01 6.649296e-04
<GCONST> 7.433006e+01
<MIXTURE> 60 4.479129e-03
<MEAN> 25
 -4.062860e+00 -7.036331e-01 -1.093944e+00 3.670326e+00 1.733859e+00 2.044861e+00 1.704167e+00 1.547742e+00 2.120567e+00 1.264668e+00 2.393888e+00 1.914252e+00 -2.800858e-02 6.373512e-02 1.007897e-01 1.258370e-01 1.401269e-01 1.309781e-01 1.806418e-01 3.112701e-01 5.533555e-01 6.585768e-01 5.497028e-01 2.884995e-01 -3.969258e-04
<VARIANCE> 25
 8.340556e+00 4.604975e+00 1.028103e+01 1.156140e+01 1.339958e+01 1.936058e+01 1.452395e+01 1.189593e+01 1.266637e+01 1.296509e+01 1.627501e+01 1.209405e+01 8.498257e-02 1.679545e-01 2.754259e-01 4.305166e-01 5.856860e-01 7.257130e-01 8.574865e-01 9.039372e-01 9.063765e-01 8.260759e-01 8.290597e-01 8.715023e-01 2.285007e-05
<GCONST> 5.667435e+01
<MIXTURE> 61 4.479129e-03
<MEAN> 25
 -4.062860e+00 -7.036331e-01 -1.093944e+00 3.670326e+00 1.733859e+00 2.044861e+00 1.704167e+00 1.547742e+00 2.120567e+00 1.264668e+00 2.393888e+00 1.914252e+00 -2.800858e-02 6.373512e-02 1.007897e-01 1.258370e-01 1.401269e-01 1.309781e-01 1.806418e-01 3.112701e-01 5.533555e-01 6.585768e-01 5.497028e-01 2.884995e-01 -3.969258e-04
<VARIANCE> 25
 8.340556e+00 4.604975e+00 1.028103e+01 1.156140e+01 1.339958e+01 1.936058e+01 1.452395e+01 1.189593e+01 1.266637e+01 1.296509e+01 1.627501e+01 1.209405e+01 8.498257e-02 1.679545e-01 2.754259e-01 4.305166e-01 5.856860e-01 7.257130e-01 8.574865e-01 9.039372e-01 9.063765e-01 8.260759e-01 8.290597e-01 8.715023e-01 2.285007e-05
<GCONST> 5.667435e+01
<MIXTURE> 62 3.278034e-03
<MEAN> 25
 -5.086919e+00 1.237916e+00 1.024097e+00 8.818209e+00 6.128884e+00 5.053444e+00 5.499313e+00 4.035581e+00 4.983415e+00 3.916626e+00 4.965111e+00 2.950989e+00 -1.002666e+00 -1.166582e+00 -9.532145e-01 -2.768189e-01 4.273792e-01 1.004345e+00 1.384613e+00 1.551854e+00 1.478808e+00 1.243973e+00 1.067182e+00 7.255525e-01 -1.268061e-03
<VARIANCE> 25
 9.907669e+00 9.980115e+00 1.312190e+01 1.672676e+01 1.741645e+01 1.753450e+01 1.969379e+01 1.911140e+01 1.886938e+01 1.872349e+01 2.155717e+01 1.479028e+01 4.025634e-01 4.319194e-01 5.539317e-01 7.790595e-01 1.034744e+00 1.193424e+00 1.251899e+00 1.278867e+00 1.329199e+00 1.364034e+00 1.399473e+00 1.371485e+00 1.633958e-05
<GCONST> 6.753321e+01
<MIXTURE> 63 4.351215e-03
<MEAN> 25
 -2.899261e+00 -2.482219e+00 -4.590194e+00 2.647512e+00 3.051399e+00 -9.074854e-01 3.008150e+00 1.318434e+00 2.343257e+00 -7.694981e-01 -9.266295e-01 2.245170e+00 -7.305115e-02 3.452876e-01 4.218146e-01 4.966080e-01 3.606010e-01 3.886570e-01 4.323626e-01 1.831711e-01 1.667032e-01 1.491660e-01 2.669012e-01 1.254703e-01 -4.296505e-03
<VARIANCE> 25
 1.490693e+01 1.325267e+01 1.511773e+01 1.565572e+01 1.708119e+01 3.533229e+01 2.226407e+01 2.337520e+01 2.385436e+01 2.088943e+01 1.961182e+01 1.481351e+01 2.504306e-01 4.200629e-01 5.981486e-01 7.336122e-01 8.949925e-01 1.167996e+00 1.304277e+00 1.373523e+00 1.258262e+00 1.475906e+00 1.268533e+00 1.138711e+00 1.667025e-04
<GCONST> 7.107918e+01
<MIXTURE> 64 4.351215e-03
<MEAN> 25
 -2.899261e+00 -2.482219e+00 -4.590194e+00 2.647512e+00 3.051399e+00 -9.074854e-01 3.008150e+00 1.318434e+00 2.343257e+00 -7.694981e-01 -9.266295e-01 2.245170e+00 -7.305115e-02 3.452876e-01 4.218146e-01 4.966080e-01 3.606010e-01 3.886570e-01 4.323626e-01 1.831711e-01 1.667032e-01 1.491660e-01 2.669012e-01 1.254703e-01 -4.296505e-03
<VARIANCE> 25
 1.490693e+01 1.325267e+01 1.511773e+01 1.565572e+01 1.708119e+01 3.533229e+01 2.226407e+01 2.337520e+01 2.385436e+01 2.088943e+01 1.961182e+01 1.481351e+01 2.504306e-01 4.200629e-01 5.981486e-01 7.336122e-01 8.949925e-01 1.167996e+00 1.304277e+00 1.373523e+00 1.258262e+00 1.475906e+00 1.268533e+00 1.138711e+00 1.667025e-04
<GCONST> 7.107918e+01
<MIXTURE> 65 1.721197e-02
<MEAN> 25
 7.322620e+00 1.441508e+00 1.253882e+00 1.573542e+00 -4.326180e+00 -4.351803e+00 -4.067585e+00 -4.864547e+00 -2.507157e+00 -2.185191e+00 -3.767851e+00 -1.841680e+00 3.028711e-01 8.599597e-02 9.507142e-02 3.440596e-01 -2.098056e-01 6.681066e-01 -4.366144e-01 2.035109e-01 -2.423124e-02 -6.365273e-02 -1.273245e-01 -3.052353e-01 -6.759916e-03
<VARIANCE> 25
 9.184715e+00 1.561148e+01 2.018042e+01 2.985142e+01 3.034870e+01 4.955026e+01 5.183397e+01 5.072364e+01 4.930851e+01 4.475723e+01 4.791616e+01 3.871934e+01 6.461262e-01 7.696708e-01 1.435993e+00 1.545491e+00 1.603870e+00 2.808054e+00 2.557152e+00 2.772309e+00 2.033585e+00 2.183848e+00 2.085826e+00 1.749743e+00 3.669567e-04
<GCONST> 8.616614e+01
<MIXTURE> 66 1.191532e-02
<MEAN> 25
 6.674388e+00 -4.083896e+00 -5.611021e+00 -4.810884e+00 1.267230e+00 -5.100427e+00 -6.895353e+00 1.181383e+00 6.890534e-01 -2.053542e+00 -6.121773e+00 -3.469775e+00 -4.305144e-02 1.662818e+00 2.234100e+00 2.316224e+00 -1.249865e+00 -1.246128e+00 5.394370e-02 -5.419449e-01 -1.459548e-01 -1.963357e-01 -2.019709e-01 1.039447e+00 -6.366261e-02
<VARIANCE> 25
 8.929186e+00 2.231557e+01 2.704385e+01 3.313133e+01 3.844852e+01 5.337016e+01 5.615011e+01 4.535394e+01 5.399705e+01 6.662750e+01 3.703516e+01 3.635727e+01 1.286147e+00 2.445242e+00 2.360709e+00 2.468343e+00 4.186611e+00 4.323411e+00 4.367898e+00 4.841765e+00 4.239761e+00 4.982625e+00 3.900438e+00 3.263997e+00 1.471265e-03
<GCONST> 9.683056e+01
<MIXTURE> 67 1.559142e-02
<MEAN> 25
 8.982833e+00 2.034489e+00 -5.976192e+00 -8.272560e+00 9.021879e-01 3.081388e+00 -3.326683e+00 -2.241108e+00 -3.771583e+00 7.770496e-01 -5.436969e-02 -1.731228e+00 -1.073930e+00 1.831080e+00 1.061956e+00 3.072634e+00 1.392191e+00 -5.095164e-01 1.302955e+00 1.205609e-01 1.567214e-01 2.509996e-01 -2.768633e-01 6.252401e-01 -1.299552e-01
<VARIANCE> 25
 1.148813e+01 3.884837e+01 3.079807e+01 5.586183e+01 4.914067e+01 5.406652e+01 6.211925e+01 5.279806e+01 6.477848e+01 5.710768e+01 5.577145e+01 4.738581e+01 2.180027e+00 3.466988e+00 3.291259e+00 4.518027e+00 4.522545e+00 4.554322e+00 4.705813e+00 5.070295e+00 5.475380e+00 4.778178e+00 5.134074e+00 3.745586e+00 3.045647e-03
<GCONST> 1.029202e+02
<MIXTURE> 68 1.485092e-02
<MEAN> 25
 -2.421301e+00 -1.652816e+00 -3.188854e+00 4.879642e-01 5.542978e+00 7.871212e-01 1.216932e+00 1.951641e+00 1.780166e+00 1.123079e+00 1.553369e-01 1.427787e+00 2.578092e+00 5.637680e-01 2.565365e-01 -2.664930e+00 -2.428686e+00 -2.047250e+00 -2.521697e+00 -2.090602e+00 -1.406205e+00 -1.377296e+00 -1.894369e+00 -7.531749e-01 9.526509e-02
<VARIANCE> 25
 2.400905e+01 3.150703e+01 6.002023e+01 5.345985e+01 4.341012e+01 6.454572e+01 4.857611e+01 3.833939e+01 3.615900e+01 4.090932e+01 3.398311e+01 2.981913e+01 2.150266e+00 3.294739e+00 5.796728e+00 5.620094e+00 4.218171e+00 6.656266e+00 5.426811e+00 4.976408e+00 4.791552e+00 4.695130e+00 4.593117e+00 3.751941e+00 5.966862e-03
<GCONST> 1.032484e+02
<MIXTURE> 69 1.204884e-02
<MEAN> 25
 4.684906e+00 -4.148773e+00 -3.528465e+00 -3.463227e+00 -3.493881e+00 -7.823271e+00 -1.031813e+00 2.184785e+00 -4.198242e-01 -4.737872e+00 -5.597286e+00 9.290121e-01 1.605144e+00 -2.176058e+00 -1.325938e+00 -2.179754e+00 -4.935956e-01 -3.992180e-01 -4.542531e-01 6.272052e-01 -6.241572e-01 -1.420267e+00 -2.189986e+00 -1.601285e-01 6.074771e-02
<VARIANCE> 25
 8.729388e+00 2.140479e+01 2.605343e+01 2.607812e+01 4.189520e+01 3.524960e+01 4.803312e+01 3.106938e+01 3.892981e+01 3.714105e+01 3.065250e+01 2.396735e+01 3.651277e+00 2.937827e+00 3.258314e+00 3.747867e+00 5.668726e+00 5.166530e+00 7.001278e+00 5.984001e+00 5.758751e+00 5.745362e+00 4.270677e+00 3.648395e+00 2.479822e-03
<GCONST> 9.841321e+01
<MIXTURE> 70 1.329190e-02
<MEAN> 25
 7.499774e+00 -2.023065e+00 -3.853456e+00 -3.567512e+00 -4.279844e-01 -7.065843e-01 -7.637516e+00 -4.015407e+00 5.734115e-01 2.866793e+00 -1.351774e-01 -4.895665e+00 1.926123e+00 -1.130235e+00 -8.102582e-01 -2.187397e+00 -1.514488e+00 1.181218e+00 -1.334831e+00 -8.529866e-02 3.330822e-01 -2.702826e-02 6.750492e-01 -1.449878e+00 5.816716e-02
<VARIANCE> 25
 9.989811e+00 2.250402e+01 2.830526e+01 4.704398e+01 3.532164e+01 4.459446e+01 5.006178e+01 4.390346e+01 4.691965e+01 3.269580e+01 4.471279e+01 2.716026e+01 3.501762e+00 3.196951e+00 4.726381e+00 4.997001e+00 5.188807e+00 6.453608e+00 6.770383e+00 7.532720e+00 6.147850e+00 5.356678e+00 5.866180e+00 4.290273e+00 2.560017e-03
<GCONST> 1.018241e+02
<MIXTURE> 71 1.406903e-02
<MEAN> 25
 5.240957e+00 4.552225e+00 3.002077e+00 3.000969e+00 -2.662747e+00 -3.175576e+00 -3.285198e+00 -5.427739e+00 -3.143514e+00 -2.889637e+00 -4.475909e+00 -2.363849e+00 -1.687628e+00 -3.964816e-01 -1.643079e-01 -1.803331e+00 1.230898e+00 -5.782233e-01 6.627078e-02 1.125683e+00 2.351988e-01 -2.620238e-01 7.209294e-01 6.872391e-01 3.739730e-02
<VARIANCE> 25
 1.900486e+01 2.155954e+01 2.225787e+01 3.601657e+01 3.476704e+01 3.408636e+01 3.936960e+01 3.551833e+01 3.483663e+01 3.429717e+01 2.972005e+01 2.911124e+01 1.420017e+00 2.565351e+00 4.156237e+00 4.184603e+00 3.928022e+00 4.311848e+00 5.168077e+00 4.856915e+00 3.623794e+00 3.387211e+00 3.074678e+00 3.057877e+00 1.105746e-03
<GCONST> 9.496082e+01
<MIXTURE> 72 8.134747e-03
<MEAN> 25
 3.678147e+00 -3.350737e+00 4.819805e+00 -2.262474e+00 -8.483589e+00 -9.621542e+00 -2.061936e+00 1.183994e+00 -3.314322e+00 -1.749268e+00 -9.886346e-01 8.897840e-01 1.033803e+00 -6.517486e-01 -2.615514e+00 5.831363e-01 2.257249e+00 -7.349849e-01 -1.440335e+00 1.602579e+00 1.351933e+00 -8.205971e-01 -1.294384e+00 5.439624e-01 -8.052621e-03
<VARIANCE> 25
 9.184752e+00 1.598323e+01 3.009320e+01 3.128110e+01 4.012557e+01 2.784669e+01 3.540319e+01 3.616841e+01 4.550668e+01 3.550904e+01 3.554150e+01 2.461782e+01 4.190958e-01 9.195975e-01 1.787008e+00 1.609783e+00 2.128626e+00 2.076177e+00 2.549953e+00 2.750837e+00 2.817343e+00 2.637155e+00 1.716809e+00 1.979782e+00 4.516271e-04
<GCONST> 8.518230e+01
<MIXTURE> 73 1.213625e-02
<MEAN> 25
 -5.457444e+00 -8.143369e-01 -1.352183e+00 4.953426e+00 4.315210e+00 2.647196e+00 5.520208e+00 3.747843e+00 4.233885e+00 3.309171e+00 4.167974e+00 3.013148e+00 7.240445e-01 -9.539323e-01 -8.117412e-01 -2.724464e+00 -1.219402e+00 -1.714360e+00 -9.596739e-01 -4.898815e-01 -8.837325e-01 -6.761531e-01 -1.118022e+00 -2.359636e-01 1.537139e-01
<VARIANCE> 25
 1.395736e+01 1.314184e+01 1.504996e+01 2.245372e+01 2.303457e+01 2.765038e+01 2.005016e+01 2.298583e+01 1.806075e+01 1.917494e+01 2.268050e+01 1.536414e+01 4.204853e+00 3.239287e+00 6.499915e+00 4.793084e+00 6.072840e+00 4.538990e+00 4.349665e+00 4.201762e+00 3.858388e+00 4.153403e+00 3.460846e+00 2.691427e+00 4.261602e-03
<GCONST> 9.309255e+01
<MIXTURE> 74 1.756491e-02
<MEAN> 25
 4.299616e+00 -1.402511e+00 4.718495e+00 -1.089126e+00 -7.934787e+00 -8.603001e+00 -2.223879e+00 1.405194e-01 -3.539976e+00 -2.628433e+00 -1.286375e+00 3.497197e-01 4.529070e-01 1.768242e+00 -3.398117e-02 1.790595e+00 1.006637e+00 5.887064e-01 -1.883160e-01 -1.058519e+00 1.641720e-01 7.350244e-02 -4.955287e-01 -2.601710e-01 -7.414415e-02
<VARIANCE> 25
 1.138964e+01 1.981486e+01 3.554012e+01 3.644003e+01 3.769854e+01 3.887462e+01 5.399301e+01 4.513606e+01 4.518404e+01 4.036119e+01 3.887555e+01 3.211911e+01 2.067236e+00 2.272071e+00 3.562656e+00 2.396669e+00 3.903517e+00 4.058840e+00 4.993027e+00 4.463674e+00 3.794905e+00 3.653378e+00 3.822777e+00 3.046946e+00 1.694964e-03
<GCONST> 9.652193e+01
<MIXTURE> 75 9.711651e-03
<MEAN> 25
 2.667932e+00 -1.259427e+00 1.093480e+01 1.749637e+00 -1.177848e+01 -7.686076e+00 -4.525905e+00 -4.877383e-01 -4.494678e+00 -4.560731e+00 3.242915e+00 1.758539e-01 1.733445e+00 -1.758992e+00 1.991682e-01 -2.727397e-01 -2.395767e+00 -5.483848e-01 -1.455087e+00 9.542606e-01 -1.405051e-01 -3.427832e-01 1.079325e+00 -6.293736e-01 3.869416e-02
<VARIANCE> 25
 1.106155e+01 1.771842e+01 3.118069e+01 2.782880e+01 2.712788e+01 3.266695e+01 3.156619e+01 3.096356e+01 3.359180e+01 3.178641e+01 2.036884e+01 2.161583e+01 2.410246e+00 1.894460e+00 4.254148e+00 2.512222e+00 3.854392e+00 4.458969e+00 4.148006e+00 3.513764e+00 3.938150e+00 3.366578e+00 3.092462e+00 2.494478e+00 1.540874e-03
<GCONST> 9.228688e+01
<MIXTURE> 76 1.052359e-02
<MEAN> 25
 -4.784838e+00 -1.638286e+00 -2.603695e+00 3.880202e+00 3.555824e+00 1.902220e+00 4.058777e+00 2.651143e+00 1.414884e+00 8.125423e-02 1.570761e+00 2.236189e+00 -6.286508e-02 -6.351109e-01 -3.478873e-01 -7.818204e-01 -5.024569e-01 -7.583741e-01 -4.724175e-01 -2.035469e-01 -4.394898e-01 -3.414923e-01 -2.095272e-01 -8.387385e-02 1.824587e-02
<VARIANCE> 25
 4.120525e+01 2.450713e+01 2.481955e+01 2.591968e+01 2.745804e+01 4.761244e+01 2.943150e+01 2.970173e+01 2.742929e+01 2.138148e+01 2.343591e+01 1.784370e+01 9.692221e-01 9.807100e-01 1.309070e+00 1.183780e+00 1.319328e+00 1.656388e+00 1.822463e+00 1.684793e+00 1.571795e+00 1.413055e+00 1.564118e+00 1.285975e+00 1.086415e-03
<GCONST> 8.265298e+01
<MIXTURE> 77 1.244626e-02
<MEAN> 25
 -1.183719e+00 6.749904e+00 9.596270e+00 -1.076663e+01 -2.592165e+00 1.261570e+00 -1.162728e+01 -4.326148e+00 -1.984392e+00 -2.931256e+00 -9.306937e-01 1.062173e+00 7.473243e-02 -1.014300e-01 1.844233e-02 1.735743e-01 -2.499969e-01 2.224859e-01 -5.118907e-02 1.783317e-01 9.207800e-02 1.949055e-01 -4.036302e-04 9.605061e-02 -9.526865e-03
<VARIANCE> 25
 6.351811e+00 1.480568e+01 2.085383e+01 2.415991e+01 3.181854e+01 2.116190e+01 2.854527e+01 2.606726e+01 2.239031e+01 3.183116e+01 3.099089e+01 2.470061e+01 2.286273e-01 5.813276e-01 5.407842e-01 1.103192e+00 8.613840e-01 1.063185e+00 1.317009e+00 8.647584e-01 1.067984e+00 1.462808e+00 9.341410e-01 6.745957e-01 4.276853e-04
<GCONST> 7.278164e+01
<MIXTURE> 78 9.702551e-03
<MEAN> 25
 -1.103947e+01 1.231896e+00 -1.405006e+00 2.074966e+00 4.199731e+00 -2.316868e+00 4.199874e+00 2.316838e+00 2.275256e+00 9.796660e-01 -3.128864e-01 2.920584e+00 2.319977e+00 -3.402511e-01 2.224263e-01 6.634215e-01 -1.419585e-01 9.944896e-02 -4.665513e-01 -9.443056e-02 1.924284e-01 1.913674e-01 -5.173398e-01 -5.288652e-01 -6.098079e-02
<VARIANCE> 25
 5.059142e+01 3.044264e+01 2.996504e+01 3.038611e+01 3.641884e+01 4.883156e+01 3.925223e+01 3.250938e+01 2.702087e+01 2.830251e+01 2.658473e+01 1.876262e+01 4.510241e+00 2.451441e+00 2.787013e+00 3.023306e+00 2.769913e+00 3.339798e+00 3.444032e+00 2.637321e+00 2.288222e+00 2.327492e+00 2.238089e+00 1.964639e+00 4.262658e-03
<GCONST> 9.424844e+01
<MIXTURE> 79 1.156824e-02
<MEAN> 25
 1.800670e+00 8.972393e-01 7.629043e+00 -5.477415e+00 -9.776295e+00 -1.673121e+00 -1.583393e+00 -7.014152e+00 -3.277967e+00 1.369472e+00 -2.875706e+00 -2.422166e+00 1.415519e+00 -4.639176e-01 -1.437679e+00 2.718784e+00 1.784594e-01 -1.308130e+00 5.850267e-01 8.075094e-01 -7.565978e-01 -4.026901e-01 4.931179e-01 1.753903e-01 -3.348580e-02
<VARIANCE> 25
 1.102694e+01 1.613617e+01 3.050881e+01 4.470711e+01 2.985350e+01 3.077318e+01 3.853526e+01 3.024167e+01 3.900573e+01 2.982101e+01 3.182722e+01 2.451130e+01 8.568586e-01 1.695850e+00 1.419294e+00 1.753706e+00 2.988231e+00 2.382555e+00 2.994828e+00 3.243418e+00 1.930175e+00 2.267211e+00 1.978023e+00 1.466797e+00 8.794198e-04
<GCONST> 8.697563e+01
<MIXTURE> 80 7.550998e-03
<MEAN> 25
 -1.425485e+01 3.566484e+00 8.191361e-01 2.937822e+00 2.642313e+00 3.859453e+00 6.744496e+00 2.039157e+00 1.582289e+00 3.774760e+00 2.442732e+00 -1.556039e-02 4.182537e+00 -2.753235e-01 1.797411e+00 -1.325142e+00 -2.843369e+00 -2.695769e+00 -2.650408e+00 -2.104226e+00 -1.643767e+00 -1.516389e+00 -1.438493e+00 -3.626612e-01 -4.788856e-02
<VARIANCE> 25
 2.026154e+01 1.630768e+01 2.873992e+01 2.645142e+01 2.713894e+01 3.622139e+01 2.690711e+01 2.647530e+01 2.660129e+01 3.417847e+01 4.270265e+01 1.844736e+01 2.480458e+00 2.369016e+00 2.154044e+00 3.354564e+00 2.757411e+00 2.588305e+00 2.834014e+00 2.635856e+00 2.679635e+00 2.607477e+00 2.518701e+00 1.933752e+00 1.482145e-03
<GCONST> 9.005962e+01
<MIXTURE> 81 8.025434e-03
<MEAN> 25
 -1.553037e+00 3.492049e+00 9.430527e+00 -1.444526e+01 -6.997743e+00 -1.316783e+00 -6.726291e+00 -7.787769e+00 -1.368786e+00 -8.045268e-01 -5.781534e+00 -1.336968e+00 1.968278e-01 -5.969943e-01 1.568595e-01 -2.435979e-01 -1.044534e+00 1.772748e-01 8.278274e-01 -3.534948e-01 -1.965171e-01 4.950429e-01 -2.435828e-01 -1.015863e-01 1.153536e-02
<VARIANCE> 25
 8.041615e+00 2.585438e+01 2.219140e+01 2.212737e+01 3.525206e+01 2.604032e+01 4.734031e+01 2.349021e+01 4.819075e+01 2.649684e+01 2.541621e+01 3.238235e+01 6.997738e-01 2.019557e+00 1.649253e+00 3.450123e+00 3.253457e+00 2.431837e+00 4.413827e+00 2.697229e+00 2.119314e+00 3.083687e+00 2.009888e+00 1.761512e+00 9.436916e-04
<GCONST> 8.798758e+01
<MIXTURE> 82 8.213053e-03
<MEAN> 25
 -9.345007e+00 -3.502012e+00 2.281312e+00 -3.565164e+00 3.581177e+00 1.904293e+00 1.124564e+00 1.470830e+00 2.809244e+00 1.404173e+00 1.086313e+00 3.418513e+00 -1.369182e+00 1.073365e-02 7.027150e-01 -2.957752e+00 -1.141817e+00 -1.392570e+00 -1.544552e+00 -1.229638e+00 -2.895075e-01 -4.789932e-01 -3.932810e-01 1.468906e-01 1.713302e-01
<VARIANCE> 25
 1.907729e+01 2.409222e+01 3.291117e+01 3.174874e+01 3.323494e+01 4.298079e+01 3.613675e+01 3.254983e+01 2.807866e+01 2.412976e+01 3.080160e+01 1.645084e+01 3.460054e+00 2.856473e+00 4.301723e+00 3.968995e+00 3.340165e+00 3.114192e+00 4.782144e+00 3.791453e+00 2.544887e+00 2.238350e+00 2.278790e+00 2.183541e+00 3.472684e-03
<GCONST> 9.415943e+01
<MIXTURE> 83 1.167529e-02
<MEAN> 25
 -1.988884e+01 5.803619e+00 -2.031106e+00 1.598829e-01 7.721336e+00 1.840692e-01 6.844284e+00 2.583929e+00 1.097684e+00 2.428025e+00 1.003732e-01 2.545846e+00 -1.241025e-02 -5.839359e-01 1.552833e-01 -4.105132e-01 -6.030137e-01 -7.640436e-02 -1.464766e-01 -1.850412e-01 -1.970260e-01 7.595155e-02 -1.417876e-01 7.652020e-02 1.085378e-03
<VARIANCE> 25
 7.967178e+00 1.530395e+01 2.588984e+01 2.223254e+01 2.051717e+01 3.479956e+01 3.239477e+01 2.233211e+01 1.885379e+01 2.058259e+01 2.321988e+01 1.407794e+01 9.571385e-01 9.782335e-01 1.265474e+00 9.620237e-01 1.364599e+00 1.189830e+00 1.269590e+00 1.300242e+00 1.397850e+00 1.385350e+00 1.189486e+00 1.056782e+00 8.873597e-04
<GCONST> 7.699066e+01
<MIXTURE> 84 1.066614e-02
<MEAN> 25
 1.185506e+00 8.955038e+00 7.187772e+00 7.960966e+00 2.796313e+00 -9.101186e-01 -1.537725e+00 -4.433002e+00 -4.090936e+00 -2.893728e+00 -2.414257e+00 -1.579999e+00 -1.775603e+00 -1.172174e+00 -1.206597e+00 1.288707e+00 2.248029e+00 1.495760e+00 1.441457e+00 1.285915e+00 1.148831e+00 3.963609e-01 4.149327e-01 4.284323e-01 -7.121900e-02
<VARIANCE> 25
 2.332917e+01 1.856579e+01 2.176345e+01 2.408271e+01 2.910672e+01 2.829321e+01 2.780216e+01 2.662675e+01 2.536896e+01 2.516867e+01 2.339819e+01 2.444345e+01 2.115503e+00 2.547276e+00 3.824522e+00 3.315943e+00 3.252671e+00 3.377477e+00 3.303626e+00 3.403351e+00 3.525767e+00 3.228332e+00 3.562765e+00 2.793845e+00 3.528289e-03
<GCONST> 9.253242e+01
<MIXTURE> 85 7.591393e-03
<MEAN> 25
 -2.926314e+00 7.599582e+00 5.463569e+00 5.351586e-01 -3.024543e+00 -5.233509e+00 -3.390774e+00 -5.822710e+00 -3.316576e+00 -3.299093e+00 -7.206243e-01 -1.720477e+00 3.757409e+00 3.148241e-01 1.760405e+00 -2.247084e+00 -3.355654e+00 -2.873609e+00 -2.864585e+00 -2.487769e+00 -1.850743e+00 -1.220798e+00 -2.153584e+00 -4.547918e-01 1.062430e-02
<VARIANCE> 25
 3.890996e+01 2.230460e+01 3.426717e+01 3.978258e+01 3.989560e+01 4.149659e+01 3.115521e+01 2.689395e+01 2.463065e+01 2.437155e+01 2.434002e+01 1.954794e+01 2.839769e+00 3.911407e+00 3.697535e+00 4.996252e+00 4.035131e+00 4.304264e+00 3.500974e+00 3.891580e+00 4.859646e+00 3.734881e+00 3.840262e+00 3.392122e+00 5.046933e-03
<GCONST> 9.760295e+01
<MIXTURE> 86 1.273941e-02
<MEAN> 25
 -3.794022e+00 -1.697687e+00 -1.015159e+00 6.485945e+00 4.873467e+00 5.411660e+00 4.696839e+00 5.178590e+00 4.501489e+00 3.381524e+00 5.345548e+00 2.200745e+00 -4.949351e-02 -2.045464e-02 -1.226280e-01 -1.301364e-01 -1.096481e-01 -1.165597e-01 -2.526743e-01 -2.328807e-01 -3.206873e-01 -3.802001e-01 -2.934007e-01 -2.057452e-01 -1.598554e-03
<VARIANCE> 25
 1.440691e+01 6.315988e+00 9.176152e+00 1.111877e+01 1.442734e+01 1.670467e+01 1.414424e+01 1.343387e+01 1.210010e+01 1.535682e+01 1.262626e+01 1.285715e+01 9.933503e-02 1.850790e-01 3.457294e-01 4.853590e-01 5.836147e-01 6.736521e-01 6.722678e-01 8.011035e-01 8.001217e-01 8.656386e-01 8.881802e-01 9.957796e-01 5.379372e-05
<GCONST> 5.847526e+01
<MIXTURE> 87 1.100681e-02
<MEAN> 25
 -3.177329e+00 4.466795e+00 3.402623e+00 6.963304e+00 5.425807e+00 8.015504e-01 1.628451e+00 -9.494321e-01 -6.112369e-01 -9.223152e-01 -7.892287e-01 6.405522e-02 -2.145573e+00 -2.718746e+00 -2.047575e+00 -2.214516e+00 -2.203760e-02 -2.203180e-01 6.133944e-01 1.261424e+00 1.367583e+00 1.007559e+00 9.583225e-01 1.025284e+00 1.029833e-01
<VARIANCE> 25
 3.804128e+01 2.938802e+01 2.791590e+01 3.339030e+01 2.902519e+01 3.213566e+01 2.869130e+01 2.691179e+01 2.580940e+01 2.433589e+01 2.432887e+01 2.285564e+01 3.796254e+00 2.859932e+00 3.957360e+00 3.599526e+00 4.750745e+00 4.317806e+00 4.223665e+00 3.886626e+00 3.592384e+00 3.352710e+00 3.321846e+00 2.706839e+00 4.959475e-03
<GCONST> 9.629341e+01
<MIXTURE> 88 1.256585e-02
<MEAN> 25
 -2.962672e+00 -1.396496e+00 -1.113949e+00 5.486050e+00 3.982153e+00 5.172428e+00 3.031574e+00 4.219780e+00 3.076937e+00 1.484480e+00 2.586965e+00 2.674325e+00 1.467710e-01 8.847263e-02 1.738445e-01 5.944756e-01 2.846297e-01 3.964129e-01 3.584301e-01 -1.412669e-01 -3.981094e-01 -1.341808e-01 -1.356474e-01 -1.959208e-01 -8.131777e-03
<VARIANCE> 25
 1.212687e+01 9.097753e+00 1.310586e+01 1.559424e+01 1.706356e+01 2.584534e+01 2.665739e+01 2.066530e+01 1.447234e+01 1.827881e+01 1.681121e+01 1.284377e+01 1.288867e+00 1.450266e+00 2.124811e+00 3.103845e+00 2.229863e+00 2.362681e+00 2.872692e+00 2.183888e+00 2.055854e+00 2.333155e+00 1.848680e+00 1.792026e+00 1.505845e-03
<GCONST> 8.160107e+01
<MIXTURE> 89 9.333527e-03
<MEAN> 25
 5.795946e+00 -5.966980e+00 -3.612288e+00 -2.707582e+00 -1.477466e+00 -5.806820e+00 -5.247869e+00 4.017513e+00 3.045874e+00 -2.609028e+00 -5.272533e+00 -2.959850e+00 -5.057733e-01 8.705295e-02 1.885083e+00 7.759448e-01 -1.718052e+00 -1.325570e+00 8.429477e-01 1.353714e+00 -8.705879e-01 -1.239844e+00 7.103214e-01 1.230406e+00 -4.562323e-03
<VARIANCE> 25
 7.888864e+00 2.504305e+01 2.615252e+01 2.609566e+01 3.060591e+01 3.628001e+01 5.395787e+01 3.806509e+01 3.453103e+01 3.602621e+01 3.335549e+01 2.740526e+01 3.267935e-01 7.507561e-01 1.343342e+00 1.200319e+00 1.719210e+00 2.315742e+00 2.224513e+00 1.850410e+00 2.043075e+00 1.885547e+00 2.525079e+00 1.607423e+00 3.073853e-04
<GCONST> 8.287406e+01
<MIXTURE> 90 7.114505e-03
<MEAN> 25
 2.489587e+00 -9.496284e+00 -4.731865e+00 -3.868170e+00 -3.341752e+00 -2.025839e+00 3.255641e+00 1.232174e+00 -7.331585e+00 -9.970165e+00 -3.412030e+00 -7.574077e-01 -1.674823e-01 8.753803e-01 1.176385e+00 -8.371797e-01 -1.593637e+00 -1.902824e-01 6.384279e-01 -1.607903e-01 -2.062707e-01 7.044907e-01 2.269772e-01 -5.432169e-01 -1.083878e-02
<VARIANCE> 25
 8.279153e+00 1.873452e+01 1.933092e+01 2.753377e+01 3.577334e+01 3.308364e+01 3.791295e+01 3.558383e+01 3.544362e+01 2.869264e+01 2.661583e+01 2.540449e+01 2.226850e-01 6.309479e-01 7.673278e-01 1.033660e+00 1.439947e+00 1.560249e+00 1.757804e+00 1.819516e+00 1.813259e+00 1.668088e+00 1.535077e+00 1.281480e+00 2.133202e-04
<GCONST> 7.810110e+01
<MIXTURE> 91 7.852945e-03
<MEAN> 25
 6.273616e+00 -7.437568e+00 -8.370924e+00 -4.871495e+00 3.804297e+00 -4.692656e-01 -1.977377e+00 8.167456e-01 6.738697e-01 -2.819591e+00 -4.860429e+00 -4.947465e+00 2.750152e-01 9.543132e-01 1.722257e-01 4.413841e-01 -6.559514e-02 -4.895898e-01 -4.370727e-01 -1.173921e-01 -7.550814e-02 4.532962e-01 -1.657199e-01 1.603270e-01 -3.385494e-02
<VARIANCE> 25
 9.876637e+00 2.241936e+01 1.995533e+01 4.018559e+01 3.410556e+01 5.590139e+01 5.278117e+01 3.852431e+01 5.063426e+01 6.194245e+01 3.732811e+01 4.047470e+01 4.392430e-01 8.919132e-01 1.121472e+00 1.351214e+00 2.107419e+00 2.366268e+00 2.361087e+00 2.348172e+00 2.182092e+00 2.192430e+00 2.047228e+00 1.794865e+00 5.808332e-04
<GCONST> 8.678952e+01
<MIXTURE> 92 7.852945e-03
<MEAN> 25
 6.273616e+00 -7.437568e+00 -8.370924e+00 -4.871495e+00 3.804297e+00 -4.692656e-01 -1.977377e+00 8.167456e-01 6.738697e-01 -2.819591e+00 -4.860429e+00 -4.947465e+00 2.750152e-01 9.543132e-01 1.722257e-01 4.413841e-01 -6.559514e-02 -4.895898e-01 -4.370727e-01 -1.173921e-01 -7.550814e-02 4.532962e-01 -1.657199e-01 1.603270e-01 -3.385494e-02
<VARIANCE> 25
 9.876637e+00 2.241936e+01 1.995533e+01 4.018559e+01 3.410556e+01 5.590139e+01 5.278117e+01 3.852431e+01 5.063426e+01 6.194245e+01 3.732811e+01 4.047470e+01 4.392430e-01 8.919132e-01 1.121472e+00 1.351214e+00 2.107419e+00 2.366268e+00 2.361087e+00 2.348172e+00 2.182092e+00 2.192430e+00 2.047228e+00 1.794865e+00 5.808332e-04
<GCONST> 8.678952e+01
<MIXTURE> 93 6.122769e-03
<MEAN> 25
 -6.821278e+00 -9.627168e-01 -2.403430e+00 5.797055e+00 5.907176e+00 3.923000e+00 6.121909e+00 3.609639e+00 4.118839e+00 2.508083e+00 1.817333e+00 3.704118e+00 -6.162053e-02 -1.542634e-01 -2.573645e-01 -3.315946e-01 -3.336784e-01 -2.842776e-01 -2.176299e-01 -1.747384e-01 -1.665218e-01 -1.507762e-01 -1.045827e-01 -3.517848e-02 -3.813338e-06
<VARIANCE> 25
 9.137696e+00 6.031010e+00 8.185793e+00 1.137251e+01 1.149154e+01 1.600878e+01 1.527635e+01 1.645024e+01 1.475510e+01 1.454229e+01 1.679211e+01 1.345206e+01 8.269542e-02 1.533586e-01 2.637774e-01 3.805392e-01 4.976356e-01 6.423757e-01 7.792999e-01 8.879457e-01 9.172326e-01 8.766205e-01 8.925143e-01 9.179153e-01 1.000927e-06
<GCONST> 5.361286e+01
<MIXTURE> 94 6.122769e-03
<MEAN> 25
 -6.821278e+00 -9.627168e-01 -2.403430e+00 5.797055e+00 5.907176e+00 3.923000e+00 6.121909e+00 3.609639e+00 4.118839e+00 2.508083e+00 1.817333e+00 3.704118e+00 -6.162053e-02 -1.542634e-01 -2.573645e-01 -3.315946e-01 -3.336784e-01 -2.842776e-01 -2.176299e-01 -1.747384e-01 -1.665218e-01 -1.507762e-01 -1.045827e-01 -3.517848e-02 -3.813338e-06
<VARIANCE> 25
 9.137696e+00 6.031010e+00 8.185793e+00 1.137251e+01 1.149154e+01 1.600878e+01 1.527635e+01 1.645024e+01 1.475510e+01 1.454229e+01 1.679211e+01 1.345206e+01 8.269542e-02 1.533586e-01 2.637774e-01 3.805392e-01 4.976356e-01 6.423757e-01 7.792999e-01 8.879457e-01 9.172326e-01 8.766205e-01 8.925143e-01 9.179153e-01 1.000927e-06
<GCONST> 5.361286e+01
<MIXTURE> 95 5.258835e-03
<MEAN> 25
 -5.477614e+00 -7.834709e-01 -1.927660e+00 4.753125e+00 3.956265e+00 2.565451e+00 4.351063e+00 1.756693e+00 1.985766e+00 8.491583e-01 1.339321e+00 2.568434e+00 1.384584e-01 1.557392e-01 6.447688e-02 -8.463305e-02 -3.661079e-01 -7.251148e-01 -1.072083e+00 -1.287369e+00 -1.235407e+00 -9.211962e-01 -6.408032e-01 -2.274957e-01 -5.172650e-05
<VARIANCE> 25
 1.197400e+01 6.654869e+00 1.195526e+01 1.425485e+01 1.449622e+01 2.449776e+01 2.059627e+01 1.760748e+01 1.577731e+01 1.489303e+01 1.951085e+01 1.374201e+01 2.034705e-01 3.061185e-01 4.582914e-01 6.032550e-01 7.652711e-01 8.663757e-01 8.888997e-01 9.135653e-01 9.658632e-01 1.107898e+00 1.103414e+00 1.192046e+00 4.104288e-05
<GCONST> 6.384019e+01
<MIXTURE> 96 7.034694e-03
<MEAN> 25
 -4.503835e+00 -6.835590e-01 -2.439564e+00 5.056560e+00 3.804134e+00 2.050821e+00 3.457513e+00 2.063413e+00 2.587157e+00 8.462021e-01 1.151201e+00 2.589360e+00 -2.798436e-02 9.784761e-02 2.316037e-01 4.193794e-01 4.737650e-01 5.044631e-01 2.866340e-01 -1.175587e-01 -4.663276e-01 -7.174860e-01 -6.334687e-01 -3.044845e-01 1.157101e-05
<VARIANCE> 25
 1.504015e+01 9.904615e+00 1.266292e+01 1.395103e+01 1.428478e+01 2.465115e+01 1.713979e+01 2.175917e+01 1.711510e+01 1.602717e+01 1.978142e+01 1.464050e+01 1.146024e-01 2.061295e-01 3.037216e-01 3.788130e-01 5.232077e-01 6.221597e-01 8.744776e-01 9.562127e-01 9.548398e-01 9.185310e-01 9.302830e-01 9.645132e-01 1.017499e-06
<GCONST> 5.794622e+01
<MIXTURE> 97 7.034694e-03
<MEAN> 25
 -4.503835e+00 -6.835590e-01 -2.439564e+00 5.056560e+00 3.804134e+00 2.050821e+00 3.457513e+00 2.063413e+00 2.587157e+00 8.462021e-01 1.151201e+00 2.589360e+00 -2.798436e-02 9.784761e-02 2.316037e-01 4.193794e-01 4.737650e-01 5.044631e-01 2.866340e-01 -1.175587e-01 -4.663276e-01 -7.174860e-01 -6.334687e-01 -3.044845e-01 1.157101e-05
<VARIANCE> 25
 1.504015e+01 9.904615e+00 1.266292e+01 1.395103e+01 1.428478e+01 2.465115e+01 1.713979e+01 2.175917e+01 1.711510e+01 1.602717e+01 1.978142e+01 1.464050e+01 1.146024e-01 2.061295e-01 3.037216e-01 3.788130e-01 5.232077e-01 6.221597e-01 8.744776e-01 9.562127e-01 9.548398e-01 9.185310e-01 9.302830e-01 9.645132e-01 1.017499e-06
<GCONST> 5.794622e+01
<MIXTURE> 98 9.917808e-03
<MEAN> 25
 -1.235215e+00 7.245958e-01 -3.600182e-01 4.081998e+00 2.706170e+00 1.340767e+00 3.067388e+00 1.661952e+00 1.068369e+00 3.818454e-01 7.595416e-01 1.342946e+00 -1.625778e+00 -1.374540e+00 -8.954865e-01 1.981695e-01 7.779630e-01 5.593099e-01 1.524184e+00 1.438759e+00 1.190892e+00 1.085952e+00 1.267104e+00 8.707968e-01 -2.761756e-02
<VARIANCE> 25
 1.224017e+01 1.624641e+01 2.599129e+01 2.826162e+01 4.000528e+01 5.316569e+01 3.814101e+01 2.591143e+01 2.557707e+01 2.638700e+01 2.410049e+01 1.967273e+01 1.395160e+00 1.296486e+00 2.069030e+00 2.999297e+00 2.609994e+00 3.380862e+00 2.663277e+00 2.438548e+00 2.950169e+00 2.418519e+00 2.716077e+00 1.956925e+00 2.390011e-03
<GCONST> 8.913893e+01
<MIXTURE> 99 6.696178e-03
<MEAN> 25
 -5.906925e+00 9.470798e+00 6.451035e+00 2.589737e+00 1.370700e+00 -4.982549e+00 -2.417569e+00 -3.754459e+00 -3.016748e+00 -4.235277e+00 -1.239590e+00 8.727657e-01 4.499114e-01 -6.578712e-01 3.749695e-01 -6.254240e-01 -1.006646e+00 -4.779005e-01 -4.566777e-01 -2.247055e-01 -1.154275e-01 -1.457177e-01 3.125915e-01 2.024145e-01 1.331971e-02
<VARIANCE> 25
 3.487807e+01 2.500937e+01 4.359950e+01 3.689812e+01 3.485417e+01 3.450858e+01 3.079078e+01 2.872291e+01 2.847803e+01 2.857165e+01 2.012052e+01 2.810080e+01 2.099293e+00 1.762346e+00 1.366259e+00 2.194887e+00 2.622823e+00 2.051795e+00 1.648296e+00 1.515653e+00 1.471833e+00 1.593868e+00 1.226020e+00 1.189253e+00 1.470718e-03
<GCONST> 8.673039e+01
<MIXTURE> 100 4.498084e-03
<MEAN> 25
 -1.580121e+00 5.928345e+00 1.017344e+01 -7.267041e+00 -1.068536e+01 -4.648664e+00 -4.924169e+00 -9.956620e+00 -4.497119e+00 -6.731239e-01 -2.930987e+00 -2.541499e+00 3.021534e+00 -1.163946e+00 1.267349e+00 -2.153824e+00 -3.309665e+00 -9.718481e-01 -1.292260e+00 -8.379005e-01 -1.291360e+00 1.313596e-01 -1.429514e+00 -1.673387e-01 -2.152996e-03
<VARIANCE> 25
 1.271867e+01 2.195175e+01 2.123248e+01 2.541658e+01 2.243251e+01 2.489236e+01 2.757273e+01 2.037301e+01 2.681147e+01 2.178146e+01 2.150656e+01 2.045090e+01 1.922564e+00 3.802191e+00 2.744812e+00 4.047674e+00 4.070579e+00 4.691207e+00 3.861227e+00 4.089800e+00 4.336978e+00 4.318216e+00 4.300873e+00 3.201831e+00 1.855007e-03
<GCONST> 9.235090e+01
<MIXTURE> 101 6.007792e-03
<MEAN> 25
 8.069965e+00 -3.468361e+00 -6.277317e+00 -6.816577e+00 8.572114e-01 -1.325522e+00 -1.051226e+01 -2.073358e+00 1.641600e+00 2.702950e+00 -2.394366e+00 -5.064869e+00 6.722064e-01 6.487038e-01 -1.457878e+00 -1.593061e+00 1.027527e+00 2.296688e+00 1.956894e-01 -1.457886e+00 -1.056887e+00 1.040482e+00 1.354607e+00 -4.145260e-01 -4.832479e-03
<VARIANCE> 25
 9.250425e+00 1.660034e+01 2.968782e+01 4.266043e+01 3.589484e+01 3.596199e+01 3.725637e+01 3.596419e+01 3.759140e+01 4.358755e+01 5.128730e+01 2.465689e+01 2.917321e-01 6.636750e-01 1.169050e+00 1.567499e+00 1.673993e+00 2.131152e+00 2.072579e+00 1.978856e+00 2.334457e+00 2.198592e+00 1.803519e+00 1.917813e+00 3.417516e-04
<GCONST> 8.357454e+01
<MIXTURE> 102 6.007792e-03
<MEAN> 25
 8.069965e+00 -3.468361e+00 -6.277317e+00 -6.816577e+00 8.572114e-01 -1.325522e+00 -1.051226e+01 -2.073358e+00 1.641600e+00 2.702950e+00 -2.394366e+00 -5.064869e+00 6.722064e-01 6.487038e-01 -1.457878e+00 -1.593061e+00 1.027527e+00 2.296688e+00 1.956894e-01 -1.457886e+00 -1.056887e+00 1.040482e+00 1.354607e+00 -4.145260e-01 -4.832479e-03
<VARIANCE> 25
 9.250425e+00 1.660034e+01 2.968782e+01 4.266043e+01 3.589484e+01 3.596199e+01 3.725637e+01 3.596419e+01 3.759140e+01 4.358755e+01 5.128730e+01 2.465689e+01 2.917321e-01 6.636750e-01 1.169050e+00 1.567499e+00 1.673993e+00 2.131152e+00 2.072579e+00 1.978856e+00 2.334457e+00 2.198592e+00 1.803519e+00 1.917813e+00 3.417516e-04
<GCONST> 8.357454e+01
<MIXTURE> 103 5.694618e-03
<MEAN> 25
 3.332538e+00 -9.201097e+00 -6.009511e+00 -2.815365e+00 -1.202465e+00 -2.027905e+00 2.581083e+00 2.692692e+00 -4.591940e+00 -8.975878e+00 -4.829267e+00 3.878336e-01 -1.295830e-01 -1.473825e+00 -9.799644e-01 3.366294e-01 1.177434e+00 9.812359e-01 1.629400e-01 -2.180248e-01 -7.698410e-01 -9.019008e-01 -6.629693e-02 9.581071e-02 2.560134e-02
<VARIANCE> 25
 9.970057e+00 2.110597e+01 2.228685e+01 3.214101e+01 4.652595e+01 3.771970e+01 4.562556e+01 3.604171e+01 4.039038e+01 2.980044e+01 3.017096e+01 2.560790e+01 6.541182e-01 1.209239e+00 1.480909e+00 1.908947e+00 2.855949e+00 2.400938e+00 2.964956e+00 2.575233e+00 2.472581e+00 2.462410e+00 2.092733e+00 1.970996e+00 8.137606e-04
<GCONST> 8.736079e+01
<MIXTURE> 104 5.694618e-03
<MEAN> 25
 3.332538e+00 -9.201097e+00 -6.009511e+00 -2.815365e+00 -1.202465e+00 -2.027905e+00 2.581083e+00 2.692692e+00 -4.591940e+00 -8.975878e+00 -4.829267e+00 3.878336e-01 -1.295830e-01 -1.473825e+00 -9.799644e-01 3.366294e-01 1.177434e+00 9.812359e-01 1.629400e-01 -2.180248e-01 -7.698410e-01 -9.019008e-01 -6.629693e-02 9.581071e-02 2.560134e-02
<VARIANCE> 25
 9.970057e+00 2.110597e+01 2.228685e+01 3.214101e+01 4.652595e+01 3.771970e+01 4.562556e+01 3.604171e+01 4.039038e+01 2.980044e+01 3.017096e+01 2.560790e+01 6.541182e-01 1.209239e+00 1.480909e+00 1.908947e+00 2.855949e+00 2.400938e+00 2.964956e+00 2.575233e+00 2.472581e+00 2.462410e+00 2.092733e+00 1.970996e+00 8.137606e-04
<GCONST> 8.736079e+01
<MIXTURE> 105 4.710235e-03
<MEAN> 25
 1.906449e+00 -9.365627e-01 8.712003e+00 -3.279547e+00 -1.031144e+01 -4.736111e+00 -4.661087e+00 -8.096065e-01 -3.613962e+00 -3.600076e+00 1.762428e+00 -7.704558e-01 1.361505e-02 2.553718e-02 3.747936e-02 -6.086252e-02 -2.087146e-02 5.509632e-02 -3.978216e-02 1.964812e-02 -4.864283e-02 3.061676e-02 4.043681e-02 -2.386149e-02 -2.358187e-03
<VARIANCE> 25
 1.369101e+01 2.957439e+01 4.099980e+01 4.506412e+01 4.791650e+01 5.217388e+01 4.699546e+01 4.041879e+01 3.648605e+01 4.245720e+01 3.932550e+01 2.922334e+01 7.811343e-02 1.808625e-01 3.212596e-01 2.800584e-01 3.566776e-01 4.278131e-01 4.898426e-01 4.711390e-01 5.097117e-01 5.201762e-01 4.455271e-01 3.756839e-01 8.526978e-05
<GCONST> 6.673907e+01
<MIXTURE> 106 4.710235e-03
<MEAN> 25
 1.906449e+00 -9.365627e-01 8.712003e+00 -3.279547e+00 -1.031144e+01 -4.736111e+00 -4.661087e+00 -8.096065e-01 -3.613962e+00 -3.600076e+00 1.762428e+00 -7.704558e-01 1.361505e-02 2.553718e-02 3.747936e-02 -6.086252e-02 -2.087146e-02 5.509632e-02 -3.978216e-02 1.964812e-02 -4.864283e-02 3.061676e-02 4.043681e-02 -2.386149e-02 -2.358187e-03
<VARIANCE> 25
 1.369101e+01 2.957439e+01 4.099980e+01 4.506412e+01 4.791650e+01 5.217388e+01 4.699546e+01 4.041879e+01 3.648605e+01 4.245720e+01 3.932550e+01 2.922334e+01 7.811343e-02 1.808625e-01 3.212596e-01 2.800584e-01 3.566776e-01 4.278131e-01 4.898426e-01 4.711390e-01 5.097117e-01 5.201762e-01 4.455271e-01 3.756839e-01 8.526978e-05
<GCONST> 6.673907e+01
<MIXTURE> 107 5.452374e-03
<MEAN> 25
 8.628375e+00 -2.307580e+00 -8.015237e+00 -9.533040e+00 1.949558e+00 2.944964e+00 -8.623661e+00 -4.537313e+00 -8.898544e-01 3.364624e+00 8.431125e-01 -5.061395e+00 -6.117231e-01 -7.659777e-01 8.309344e-01 1.767395e+00 2.272753e-01 -2.015276e+00 -9.162771e-01 8.504974e-01 1.763519e+00 4.275395e-02 -1.657125e+00 -8.156984e-01 -1.754652e-03
<VARIANCE> 25
 9.308374e+00 2.040789e+01 2.848005e+01 4.300044e+01 3.578946e+01 3.843184e+01 5.118126e+01 3.625460e+01 4.567650e+01 4.186008e+01 5.127152e+01 3.032944e+01 3.564137e-01 9.687152e-01 1.465571e+00 2.417658e+00 2.283525e+00 2.832132e+00 2.617979e+00 2.537590e+00 2.295609e+00 3.031477e+00 1.943550e+00 2.208570e+00 7.013182e-04
<GCONST> 8.805814e+01
<MIXTURE> 108 5.452374e-03
<MEAN> 25
 8.628375e+00 -2.307580e+00 -8.015237e+00 -9.533040e+00 1.949558e+00 2.944964e+00 -8.623661e+00 -4.537313e+00 -8.898544e-01 3.364624e+00 8.431125e-01 -5.061395e+00 -6.117231e-01 -7.659777e-01 8.309344e-01 1.767395e+00 2.272753e-01 -2.015276e+00 -9.162771e-01 8.504974e-01 1.763519e+00 4.275395e-02 -1.657125e+00 -8.156984e-01 -1.754652e-03
<VARIANCE> 25
 9.308374e+00 2.040789e+01 2.848005e+01 4.300044e+01 3.578946e+01 3.843184e+01 5.118126e+01 3.625460e+01 4.567650e+01 4.186008e+01 5.127152e+01 3.032944e+01 3.564137e-01 9.687152e-01 1.465571e+00 2.417658e+00 2.283525e+00 2.832132e+00 2.617979e+00 2.537590e+00 2.295609e+00 3.031477e+00 1.943550e+00 2.208570e+00 7.013182e-04
<GCONST> 8.805814e+01
<MIXTURE> 109 6.661064e-03
<MEAN> 25
 4.082342e+00 -9.009823e+00 -7.728109e+00 -5.791629e-01 2.576171e+00 -2.616934e-01 3.327943e-01 1.700109e+00 -1.849273e+00 -6.473989e+00 -4.955554e+00 3.504035e-03 5.924051e-04 -8.357193e-02 -2.163776e-02 2.197701e-01 1.088713e-01 1.407152e-01 -1.484183e-01 -1.389252e-01 2.610860e-02 -7.571006e-02 1.419886e-01 2.372831e-02 -3.086946e-03
<VARIANCE> 25
 7.269692e+00 2.019444e+01 1.731699e+01 2.859178e+01 3.275393e+01 4.901268e+01 3.770784e+01 3.278349e+01 3.960362e+01 3.810440e+01 2.582613e+01 2.344428e+01 1.976026e-01 3.894072e-01 5.791549e-01 5.535193e-01 1.082238e+00 9.234806e-01 1.276906e+00 1.281570e+00 1.100471e+00 9.092435e-01 8.536711e-01 8.870885e-01 1.506053e-04
<GCONST> 7.307840e+01
<MIXTURE> 110 6.661064e-03
<MEAN> 25
 4.082342e+00 -9.009823e+00 -7.728109e+00 -5.791629e-01 2.576171e+00 -2.616934e-01 3.327943e-01 1.700109e+00 -1.849273e+00 -6.473989e+00 -4.955554e+00 3.504035e-03 5.924051e-04 -8.357193e-02 -2.163776e-02 2.197701e-01 1.088713e-01 1.407152e-01 -1.484183e-01 -1.389252e-01 2.610860e-02 -7.571006e-02 1.419886e-01 2.372831e-02 -3.086946e-03
<VARIANCE> 25
 7.269692e+00 2.019444e+01 1.731699e+01 2.859178e+01 3.275393e+01 4.901268e+01 3.770784e+01 3.278349e+01 3.960362e+01 3.810440e+01 2.582613e+01 2.344428e+01 1.976026e-01 3.894072e-01 5.791549e-01 5.535193e-01 1.082238e+00 9.234806e-01 1.276906e+00 1.281570e+00 1.100471e+00 9.092435e-01 8.536711e-01 8.870885e-01 1.506053e-04
<GCONST> 7.307840e+01
<MIXTURE> 111 4.337247e-03
<MEAN> 25
 -3.980676e+00 -9.206951e-01 -1.839691e+00 1.528522e+00 9.845905e-01 3.861223e-01 5.709879e-01 1.403894e-01 1.511582e-01 -4.157496e-01 -6.215353e-01 1.918035e+00 -2.035876e-02 -8.125929e-03 -6.582582e-02 -7.214651e-02 -4.889827e-02 -5.088061e-03 -5.610184e-03 -8.198327e-02 -1.065574e-01 -1.909538e-01 -1.745787e-01 -9.704495e-02 -1.958646e-04
<VARIANCE> 25
 1.049385e+01 4.843217e+00 1.047596e+01 9.428822e+00 1.267419e+01 2.766309e+01 1.719359e+01 1.277098e+01 1.164997e+01 1.164098e+01 1.452131e+01 1.105962e+01 7.740090e-02 1.693065e-01 2.722625e-01 4.096598e-01 5.580109e-01 6.990539e-01 9.041228e-01 8.890950e-01 9.105297e-01 8.354768e-01 8.313586e-01 8.354946e-01 2.167643e-05
<GCONST> 5.664311e+01
<MIXTURE> 112 4.337247e-03
<MEAN> 25
 -3.980676e+00 -9.206951e-01 -1.839691e+00 1.528522e+00 9.845905e-01 3.861223e-01 5.709879e-01 1.403894e-01 1.511582e-01 -4.157496e-01 -6.215353e-01 1.918035e+00 -2.035876e-02 -8.125929e-03 -6.582582e-02 -7.214651e-02 -4.889827e-02 -5.088061e-03 -5.610184e-03 -8.198327e-02 -1.065574e-01 -1.909538e-01 -1.745787e-01 -9.704495e-02 -1.958646e-04
<VARIANCE> 25
 1.049385e+01 4.843217e+00 1.047596e+01 9.428822e+00 1.267419e+01 2.766309e+01 1.719359e+01 1.277098e+01 1.164997e+01 1.164098e+01 1.452131e+01 1.105962e+01 7.740090e-02 1.693065e-01 2.722625e-01 4.096598e-01 5.580109e-01 6.990539e-01 9.041228e-01 8.890950e-01 9.105297e-01 8.354768e-01 8.313586e-01 8.354946e-01 2.167643e-05
<GCONST> 5.664311e+01
<MIXTURE> 113 5.938666e-03
<MEAN> 25
 9.973440e+00 1.752209e+00 -8.776935e+00 -1.703383e+01 -1.031324e+00 5.648718e+00 -5.277933e+00 -1.466147e+00 -5.689381e+00 -4.921044e-01 2.965825e-01 -1.966578e-01 4.831325e-03 1.383738e-02 -5.962892e-02 -1.130435e-01 1.038325e-01 1.507502e-01 5.946700e-02 3.601253e-02 -5.644315e-02 -5.112797e-02 1.797356e-01 3.483217e-02 -1.411942e-03
<VARIANCE> 25
 8.893761e+00 1.639161e+01 2.969067e+01 3.438607e+01 5.270289e+01 3.398684e+01 3.969810e+01 3.911351e+01 3.739412e+01 4.637417e+01 3.628647e+01 2.842661e+01 1.217743e-01 3.204090e-01 3.160494e-01 6.312706e-01 6.128041e-01 6.536549e-01 7.774451e-01 8.449502e-01 9.591411e-01 9.049992e-01 7.241729e-01 7.136317e-01 1.246927e-04
<GCONST> 7.111095e+01
<MIXTURE> 114 5.938666e-03
<MEAN> 25
 9.973440e+00 1.752209e+00 -8.776935e+00 -1.703383e+01 -1.031324e+00 5.648718e+00 -5.277933e+00 -1.466147e+00 -5.689381e+00 -4.921044e-01 2.965825e-01 -1.966578e-01 4.831325e-03 1.383738e-02 -5.962892e-02 -1.130435e-01 1.038325e-01 1.507502e-01 5.946700e-02 3.601253e-02 -5.644315e-02 -5.112797e-02 1.797356e-01 3.483217e-02 -1.411942e-03
<VARIANCE> 25
 8.893761e+00 1.639161e+01 2.969067e+01 3.438607e+01 5.270289e+01 3.398684e+01 3.969810e+01 3.911351e+01 3.739412e+01 4.637417e+01 3.628647e+01 2.842661e+01 1.217743e-01 3.204090e-01 3.160494e-01 6.312706e-01 6.128041e-01 6.536549e-01 7.774451e-01 8.449502e-01 9.591411e-01 9.049992e-01 7.241729e-01 7.136317e-01 1.246927e-04
<GCONST> 7.111095e+01
<MIXTURE> 115 2.935202e-03
<MEAN> 25
 -3.243877e+00 -8.924963e-01 -3.404752e+00 3.350206e+00 2.489851e+00 -8.804955e-01 2.212377e+00 2.402917e-01 1.474865e+00 1.923206e-01 -3.292444e-01 2.544152e+00 1.393068e-02 -6.343333e-02 -2.511607e-01 -4.400085e-01 -6.358775e-01 -6.491208e-01 -5.880748e-01 -5.420668e-01 -4.094850e-01 -4.648188e-01 -3.178684e-01 -1.561888e-01 -3.593901e-05
<VARIANCE> 25
 1.438745e+01 9.260777e+00 1.358702e+01 1.289303e+01 1.286066e+01 1.824000e+01 1.589477e+01 1.961764e+01 1.686026e+01 1.631888e+01 1.932279e+01 1.372965e+01 1.966769e-01 3.189102e-01 4.924724e-01 5.310938e-01 6.117294e-01 7.572689e-01 9.576156e-01 1.274126e+00 1.138660e+00 9.622265e-01 9.560488e-01 9.983558e-01 1.195644e-06
<GCONST> 6.013042e+01
<MIXTURE> 116 2.935202e-03
<MEAN> 25
 -3.243877e+00 -8.924963e-01 -3.404752e+00 3.350206e+00 2.489851e+00 -8.804955e-01 2.212377e+00 2.402917e-01 1.474865e+00 1.923206e-01 -3.292444e-01 2.544152e+00 1.393068e-02 -6.343333e-02 -2.511607e-01 -4.400085e-01 -6.358775e-01 -6.491208e-01 -5.880748e-01 -5.420668e-01 -4.094850e-01 -4.648188e-01 -3.178684e-01 -1.561888e-01 -3.593901e-05
<VARIANCE> 25
 1.438745e+01 9.260777e+00 1.358702e+01 1.289303e+01 1.286066e+01 1.824000e+01 1.589477e+01 1.961764e+01 1.686026e+01 1.631888e+01 1.932279e+01 1.372965e+01 1.966769e-01 3.189102e-01 4.924724e-01 5.310938e-01 6.117294e-01 7.572689e-01 9.576156e-01 1.274126e+00 1.138660e+00 9.622265e-01 9.560488e-01 9.983558e-01 1.195644e-06
<GCONST> 6.013042e+01
<MIXTURE> 117 6.506003e-03
<MEAN> 25
 -4.642797e+00 1.116409e+00 1.053688e+00 9.758135e+00 6.258834e+00 6.257689e+00 6.461532e+00 5.045610e+00 6.384496e+00 4.927697e+00 6.366577e+00 2.709102e+00 -7.506347e-02 -2.341615e-01 -3.583986e-01 -4.198592e-01 -3.675158e-01 -3.026115e-01 -2.873025e-01 -3.317362e-01 -3.920583e-01 -3.689865e-01 -2.632378e-01 -1.155601e-01 -9.497547e-06
<VARIANCE> 25
 7.199621e+00 8.759419e+00 9.810704e+00 1.430652e+01 1.562186e+01 1.535227e+01 1.773343e+01 1.796251e+01 1.640591e+01 1.637729e+01 1.673869e+01 1.475310e+01 2.165668e-01 3.074803e-01 4.262095e-01 6.170533e-01 8.534802e-01 1.055207e+00 1.177472e+00 1.233209e+00 1.224138e+00 1.194992e+00 1.167157e+00 1.114263e+00 1.001765e-06
<GCONST> 6.043452e+01
<MIXTURE> 118 6.506003e-03
<MEAN> 25
 -4.642797e+00 1.116409e+00 1.053688e+00 9.758135e+00 6.258834e+00 6.257689e+00 6.461532e+00 5.045610e+00 6.384496e+00 4.927697e+00 6.366577e+00 2.709102e+00 -7.506347e-02 -2.341615e-01 -3.583986e-01 -4.198592e-01 -3.675158e-01 -3.026115e-01 -2.873025e-01 -3.317362e-01 -3.920583e-01 -3.689865e-01 -2.632378e-01 -1.155601e-01 -9.497547e-06
<VARIANCE> 25
 7.199621e+00 8.759419e+00 9.810704e+00 1.430652e+01 1.562186e+01 1.535227e+01 1.773343e+01 1.796251e+01 1.640591e+01 1.637729e+01 1.673869e+01 1.475310e+01 2.165668e-01 3.074803e-01 4.262095e-01 6.170533e-01 8.534802e-01 1.055207e+00 1.177472e+00 1.233209e+00 1.224138e+00 1.194992e+00 1.167157e+00 1.114263e+00 1.001765e-06
<GCONST> 6.043452e+01
<MIXTURE> 119 4.297961e-03
<MEAN> 25
 -4.431487e+00 -7.119126e+00 2.067548e+00 1.772748e+00 2.005586e+00 -6.912228e-01 5.861288e+00 5.409901e+00 8.483454e-01 9.300992e-01 6.682247e+00 1.473942e+00 -4.630509e-02 -7.133415e-02 8.062448e-02 -1.368911e-01 -2.446628e-02 -2.386042e-01 -4.061662e-02 4.800894e-02 -8.829857e-02 -6.021438e-02 -3.308026e-02 -6.002253e-02 1.874573e-03
<VARIANCE> 25
 1.024086e+01 1.133953e+01 1.534438e+01 1.954197e+01 2.129599e+01 3.118754e+01 2.688632e+01 2.742895e+01 2.400731e+01 2.566146e+01 1.891877e+01 1.865863e+01 1.488757e-01 2.869177e-01 4.616968e-01 6.372656e-01 8.484271e-01 9.834759e-01 1.108560e+00 1.269144e+00 1.193931e+00 1.166319e+00 1.190400e+00 1.054724e+00 2.222511e-04
<GCONST> 6.972721e+01
<MIXTURE> 120 4.297961e-03
<MEAN> 25
 -4.431487e+00 -7.119126e+00 2.067548e+00 1.772748e+00 2.005586e+00 -6.912228e-01 5.861288e+00 5.409901e+00 8.483454e-01 9.300992e-01 6.682247e+00 1.473942e+00 -4.630509e-02 -7.133415e-02 8.062448e-02 -1.368911e-01 -2.446628e-02 -2.386042e-01 -4.061662e-02 4.800894e-02 -8.829857e-02 -6.021438e-02 -3.308026e-02 -6.002253e-02 1.874573e-03
<VARIANCE> 25
 1.024086e+01 1.133953e+01 1.534438e+01 1.954197e+01 2.129599e+01 3.118754e+01 2.688632e+01 2.742895e+01 2.400731e+01 2.566146e+01 1.891877e+01 1.865863e+01 1.488757e-01 2.869177e-01 4.616968e-01 6.372656e-01 8.484271e-01 9.834759e-01 1.108560e+00 1.269144e+00 1.193931e+00 1.166319e+00 1.190400e+00 1.054724e+00 2.222511e-04
<GCONST> 6.972721e+01
<MIXTURE> 121 4.567511e-03
<MEAN> 25
 1.173797e-01 -2.505394e+00 5.112437e+00 -1.254306e+01 -1.182400e+01 -1.537923e+00 1.539905e+00 -5.269743e+00 -3.823169e+00 -6.014942e-02 -5.208110e+00 -4.244371e+00 1.498563e-02 1.863093e-01 2.588160e-02 3.975948e-02 2.521896e-01 1.846403e-01 -1.073173e-01 -9.387963e-02 -1.827468e-01 -1.706138e-01 -2.260586e-01 1.177527e-01 -6.777268e-03
<VARIANCE> 25
 7.205082e+00 1.437749e+01 1.597178e+01 2.006111e+01 2.940096e+01 2.719620e+01 3.085713e+01 2.323625e+01 3.388401e+01 2.792814e+01 1.921058e+01 1.979673e+01 1.467963e-01 6.248654e-01 6.257432e-01 6.763171e-01 8.068898e-01 1.201175e+00 1.041051e+00 1.124152e+00 1.222783e+00 1.205186e+00 1.004106e+00 9.529369e-01 1.994940e-04
<GCONST> 7.111079e+01
<MIXTURE> 122 4.567511e-03
<MEAN> 25
 1.173797e-01 -2.505394e+00 5.112437e+00 -1.254306e+01 -1.182400e+01 -1.537923e+00 1.539905e+00 -5.269743e+00 -3.823169e+00 -6.014942e-02 -5.208110e+00 -4.244371e+00 1.498563e-02 1.863093e-01 2.588160e-02 3.975948e-02 2.521896e-01 1.846403e-01 -1.073173e-01 -9.387963e-02 -1.827468e-01 -1.706138e-01 -2.260586e-01 1.177527e-01 -6.777268e-03
<VARIANCE> 25
 7.205082e+00 1.437749e+01 1.597178e+01 2.006111e+01 2.940096e+01 2.719620e+01 3.085713e+01 2.323625e+01 3.388401e+01 2.792814e+01 1.921058e+01 1.979673e+01 1.467963e-01 6.248654e-01 6.257432e-01 6.763171e-01 8.068898e-01 1.201175e+00 1.041051e+00 1.124152e+00 1.222783e+00 1.205186e+00 1.004106e+00 9.529369e-01 1.994940e-04
<GCONST> 7.111079e+01
<MIXTURE> 123 4.393044e-03
<MEAN> 25
 -3.359726e+00 3.971247e-01 -8.144615e-02 5.865498e+00 4.800128e+00 3.982285e+00 3.104836e+00 1.171443e+00 6.202188e-02 -5.922596e-01 3.226565e-01 1.071422e+00 -3.759453e-01 -8.071972e-01 -8.642462e-01 -5.869227e-01 -2.275292e-01 -7.296259e-04 4.710301e-01 6.745801e-01 7.556330e-01 8.295784e-01 7.270659e-01 4.564607e-01 -3.369028e-03
<VARIANCE> 25
 1.435733e+01 1.278027e+01 1.595674e+01 2.037256e+01 2.080526e+01 3.198939e+01 2.524623e+01 2.159092e+01 1.825464e+01 1.612099e+01 2.047258e+01 1.908779e+01 4.124275e-01 3.361503e-01 4.661369e-01 6.802173e-01 9.055203e-01 1.083429e+00 1.270024e+00 1.110232e+00 1.236560e+00 1.229144e+00 1.110499e+00 1.154759e+00 1.002644e-04
<GCONST> 7.005704e+01
<MIXTURE> 124 4.069876e-03
<MEAN> 25
 -6.376785e+00 -1.266358e+00 -2.919029e+00 5.147337e+00 4.952860e+00 3.467893e+00 5.309620e+00 2.616485e+00 3.166275e+00 1.237729e+00 1.168199e+00 3.002868e+00 -2.029426e-01 -3.193342e-01 -3.655046e-01 -2.153105e-01 1.317968e-01 5.169119e-01 8.073090e-01 8.567186e-01 6.485185e-01 3.244694e-01 6.881069e-02 -4.356060e-02 -2.788420e-05
<VARIANCE> 25
 1.276592e+01 7.092001e+00 1.106118e+01 1.242389e+01 1.194821e+01 2.042279e+01 1.570393e+01 1.728830e+01 1.532064e+01 1.606451e+01 1.905202e+01 1.444730e+01 1.043423e-01 1.712925e-01 2.692536e-01 4.148203e-01 5.949873e-01 6.998271e-01 7.510640e-01 8.044923e-01 9.064251e-01 9.828820e-01 1.001074e+00 1.007753e+00 1.889088e-05
<GCONST> 5.902045e+01
<MIXTURE> 125 4.069876e-03
<MEAN> 25
 -6.376785e+00 -1.266358e+00 -2.919029e+00 5.147337e+00 4.952860e+00 3.467893e+00 5.309620e+00 2.616485e+00 3.166275e+00 1.237729e+00 1.168199e+00 3.002868e+00 -2.029426e-01 -3.193342e-01 -3.655046e-01 -2.153105e-01 1.317968e-01 5.169119e-01 8.073090e-01 8.567186e-01 6.485185e-01 3.244694e-01 6.881069e-02 -4.356060e-02 -2.788420e-05
<VARIANCE> 25
 1.276592e+01 7.092001e+00 1.106118e+01 1.242389e+01 1.194821e+01 2.042279e+01 1.570393e+01 1.728830e+01 1.532064e+01 1.606451e+01 1.905202e+01 1.444730e+01 1.043423e-01 1.712925e-01 2.692536e-01 4.148203e-01 5.949873e-01 6.998271e-01 7.510640e-01 8.044923e-01 9.064251e-01 9.828820e-01 1.001074e+00 1.007753e+00 1.889088e-05
<GCONST> 5.902045e+01
<MIXTURE> 126 2.402244e-03
<MEAN> 25
 -3.468595e+00 -6.795503e+00 -5.311954e+00 2.294894e+00 4.198455e+00 -3.268657e+00 2.029129e-01 3.575411e+00 3.160216e+00 -2.633403e+00 -1.492164e+00 2.977098e+00 8.903956e-03 -1.529853e-02 -4.418461e-02 -1.666592e-01 -3.080579e-01 -3.717460e-01 -3.056651e-01 -1.653578e-01 -1.103169e-01 -1.031165e-01 -1.155296e-01 -3.840880e-02 -1.601717e-03
<VARIANCE> 25
 9.269545e+00 1.260446e+01 1.343500e+01 1.494276e+01 2.380949e+01 2.602194e+01 2.268463e+01 2.821735e+01 3.130510e+01 2.550598e+01 2.157226e+01 1.862672e+01 1.768502e-01 3.518375e-01 4.892083e-01 5.535471e-01 7.488420e-01 9.971798e-01 1.136978e+00 1.313033e+00 1.314584e+00 1.293263e+00 1.238356e+00 1.140814e+00 2.042926e-04
<GCONST> 6.998466e+01
<MIXTURE> 127 2.402244e-03
<MEAN> 25
 -3.468595e+00 -6.795503e+00 -5.311954e+00 2.294894e+00 4.198455e+00 -3.268657e+00 2.029129e-01 3.575411e+00 3.160216e+00 -2.633403e+00 -1.492164e+00 2.977098e+00 8.903956e-03 -1.529853e-02 -4.418461e-02 -1.666592e-01 -3.080579e-01 -3.717460e-01 -3.056651e-01 -1.653578e-01 -1.103169e-01 -1.031165e-01 -1.155296e-01 -3.840880e-02 -1.601717e-03
<VARIANCE> 25
 9.269545e+00 1.260446e+01 1.343500e+01 1.494276e+01 2.380949e+01 2.602194e+01 2.268463e+01 2.821735e+01 3.130510e+01 2.550598e+01 2.157226e+01 1.862672e+01 1.768502e-01 3.518375e-01 4.892083e-01 5.535471e-01 7.488420e-01 9.971798e-01 1.136978e+00 1.313033e+00 1.314584e+00 1.293263e+00 1.238356e+00 1.140814e+00 2.042926e-04
<GCONST> 6.998466e+01
<MIXTURE> 128 3.790457e-03
<MEAN> 25
 -3.926297e+00 1.539980e+00 -3.412951e-01 6.571404e+00 3.618890e+00 1.856132e+00 3.576772e+00 2.369997e+00 3.962623e+00 3.698105e+00 3.769663e+00 3.522599e+00 -3.958488e-01 -1.970173e-01 9.862413e-02 7.264981e-01 1.183661e+00 1.134821e+00 7.179145e-01 1.312853e-01 -4.386937e-01 -7.887865e-01 -7.018631e-01 -3.936958e-01 -3.673553e-05
<VARIANCE> 25
 1.026243e+01 1.169944e+01 1.499067e+01 1.933105e+01 2.004601e+01 2.121189e+01 2.430457e+01 2.468138e+01 2.640157e+01 2.387044e+01 2.678879e+01 1.820754e+01 8.921559e-01 1.145947e+00 1.365289e+00 1.501957e+00 1.581538e+00 1.863438e+00 2.248825e+00 2.324327e+00 2.147543e+00 1.858211e+00 1.744872e+00 1.748060e+00 1.001008e-06
<GCONST> 7.364881e+01
<TRANSP> 3
 0.000000e+00 1.000000e+00 0.000000e+00
 0.000000e+00 9.999990e-01 9.999998e-07
 0.000000e+00 0.000000e+00 0.000000e+00
<ENDHMM>
