~o
<STREAMINFO> 1 25
<VECSIZE> 25<NULLD><MFCC_E_D_N><DIAGC>
~h "jmodel"
<BEGINHMM>
<NUMSTATES> 3
<STATE> 2
<NUMMIXES> 128
<MIXTURE> 1 5.748963e-03
<MEAN> 25
 -2.339792e+00 3.198756e+00 1.921951e+00 8.700070e+00 4.323610e+00 3.310974e+00 3.886438e+00 3.412764e+00 5.843049e+00 5.080194e+00 6.019256e+00 2.785881e+00 -1.852585e+00 -1.647897e+00 -8.242403e-01 1.002931e+00 1.509469e+00 2.187851e+00 2.123861e+00 2.007978e+00 1.584807e+00 1.372896e+00 1.510084e+00 6.412791e-01 -4.628355e-02
<VARIANCE> 25
 1.017957e+01 1.144314e+01 1.697636e+01 1.747600e+01 2.164489e+01 2.123552e+01 2.066913e+01 2.380933e+01 2.093446e+01 2.136539e+01 2.017800e+01 1.811826e+01 1.937159e+00 2.000832e+00 2.871002e+00 3.041737e+00 3.562934e+00 3.227514e+00 3.180405e+00 3.222314e+00 3.507577e+00 3.613526e+00 3.364836e+00 2.724611e+00 2.963172e-03
<GCONST> 8.795630e+01
<MIXTURE> 2 4.549242e-03
<MEAN> 25
 -4.875671e+00 1.311720e+00 9.943511e-01 9.899809e+00 6.692275e+00 7.424650e+00 7.847087e+00 6.958091e+00 8.373269e+00 6.373019e+00 7.624402e+00 3.074697e+00 -6.200235e-02 4.161923e-02 1.425301e-01 2.258583e-01 2.652900e-01 2.813653e-01 2.954302e-01 3.195550e-01 3.497573e-01 3.089160e-01 1.971766e-01 8.006547e-02 1.228299e-06
<VARIANCE> 25
 6.952293e+00 8.901894e+00 1.065126e+01 1.591096e+01 1.723581e+01 1.556308e+01 1.689898e+01 1.848562e+01 1.658668e+01 1.738619e+01 1.811029e+01 1.434002e+01 1.252503e-01 2.266278e-01 3.364712e-01 4.671271e-01 6.492781e-01 8.148874e-01 9.298787e-01 1.003176e+00 1.051662e+00 1.077774e+00 1.075658e+00 1.013934e+00 1.000000e-06
<GCONST> 5.804302e+01
<MIXTURE> 3 4.549242e-03
<MEAN> 25
 -4.875671e+00 1.311720e+00 9.943511e-01 9.899809e+00 6.692275e+00 7.424650e+00 7.847087e+00 6.958091e+00 8.373269e+00 6.373019e+00 7.624402e+00 3.074697e+00 -6.200235e-02 4.161923e-02 1.425301e-01 2.258583e-01 2.652900e-01 2.813653e-01 2.954302e-01 3.195550e-01 3.497573e-01 3.089160e-01 1.971766e-01 8.006547e-02 1.228299e-06
<VARIANCE> 25
 6.952293e+00 8.901894e+00 1.065126e+01 1.591096e+01 1.723581e+01 1.556308e+01 1.689898e+01 1.848562e+01 1.658668e+01 1.738619e+01 1.811029e+01 1.434002e+01 1.252503e-01 2.266278e-01 3.364712e-01 4.671271e-01 6.492781e-01 8.148874e-01 9.298787e-01 1.003176e+00 1.051662e+00 1.077774e+00 1.075658e+00 1.013934e+00 1.000000e-06
<GCONST> 5.804302e+01
<MIXTURE> 4 1.671429e-02
<MEAN> 25
 3.289285e+00 2.543504e+00 -3.766729e+00 8.509513e-01 3.934756e+00 -4.335770e-01 2.170594e-01 -2.937429e-01 1.458860e+00 1.193001e+00 -1.728123e+00 -3.377812e-02 -2.718006e+00 1.252945e+00 1.615367e+00 3.141676e+00 8.888072e-01 5.691036e-01 1.360008e+00 1.068351e+00 9.196916e-01 4.936965e-01 1.213413e+00 9.098586e-01 -9.891984e-02
<VARIANCE> 25
 2.079049e+01 2.835192e+01 2.909752e+01 3.913099e+01 4.760776e+01 6.816854e+01 6.435919e+01 5.432988e+01 5.333150e+01 6.009626e+01 4.884323e+01 3.528712e+01 2.350278e+00 4.938131e+00 4.174150e+00 5.135000e+00 4.833080e+00 6.070124e+00 6.469610e+00 5.419264e+00 5.876199e+00 6.425747e+00 5.897285e+00 4.321806e+00 6.363915e-03
<GCONST> 1.053975e+02
<MIXTURE> 5 3.206198e-03
<MEAN> 25
 -3.416980e+00 2.181347e+00 6.105068e-01 9.428455e+00 6.696839e+00 6.315784e+00 7.112333e+00 4.723330e+00 5.495890e+00 3.848139e+00 4.658473e+00 2.606572e+00 -3.246534e-01 7.529071e-01 1.224795e+00 1.032638e+00 3.076621e-01 -1.001806e-01 -8.379190e-02 3.355548e-02 4.580696e-01 6.836642e-01 4.038958e-01 8.802906e-02 -2.773369e-05
<VARIANCE> 25
 1.025124e+01 1.394273e+01 2.348938e+01 2.562196e+01 2.022344e+01 1.942797e+01 2.011434e+01 2.035907e+01 2.141895e+01 2.128312e+01 2.409811e+01 1.636033e+01 1.210062e+00 1.244346e+00 1.357189e+00 1.673509e+00 2.284752e+00 2.376366e+00 2.301583e+00 2.275327e+00 2.315670e+00 2.238463e+00 2.085536e+00 1.873928e+00 1.000081e-06
<GCONST> 7.516727e+01
<MIXTURE> 6 5.475854e-03
<MEAN> 25
 9.697609e+00 -4.171750e-01 -6.686613e+00 -1.104223e+01 -2.120528e+00 6.731414e+00 -5.895461e+00 -5.295245e+00 -3.656256e+00 1.828387e+00 4.644720e+00 -1.248135e+00 4.848877e-01 8.959955e-01 -3.504117e-01 -1.469591e+00 -6.382849e-01 1.314718e+00 1.536015e+00 2.471968e-01 -1.217951e+00 -1.218374e+00 3.226347e-01 1.229728e+00 -8.152028e-03
<VARIANCE> 25
 9.006648e+00 1.707189e+01 2.399572e+01 3.912670e+01 3.678940e+01 3.065903e+01 4.409614e+01 3.805968e+01 4.073704e+01 3.945906e+01 4.208712e+01 2.844292e+01 3.116039e-01 8.571199e-01 9.461225e-01 1.978522e+00 1.605236e+00 2.015051e+00 1.919438e+00 2.051480e+00 2.399408e+00 1.963463e+00 2.245312e+00 1.439849e+00 5.859805e-04
<GCONST> 8.388308e+01
<MIXTURE> 7 5.475854e-03
<MEAN> 25
 9.697609e+00 -4.171750e-01 -6.686613e+00 -1.104223e+01 -2.120528e+00 6.731414e+00 -5.895461e+00 -5.295245e+00 -3.656256e+00 1.828387e+00 4.644720e+00 -1.248135e+00 4.848877e-01 8.959955e-01 -3.504117e-01 -1.469591e+00 -6.382849e-01 1.314718e+00 1.536015e+00 2.471968e-01 -1.217951e+00 -1.218374e+00 3.226347e-01 1.229728e+00 -8.152028e-03
<VARIANCE> 25
 9.006648e+00 1.707189e+01 2.399572e+01 3.912670e+01 3.678940e+01 3.065903e+01 4.409614e+01 3.805968e+01 4.073704e+01 3.945906e+01 4.208712e+01 2.844292e+01 3.116039e-01 8.571199e-01 9.461225e-01 1.978522e+00 1.605236e+00 2.015051e+00 1.919438e+00 2.051480e+00 2.399408e+00 1.963463e+00 2.245312e+00 1.439849e+00 5.859805e-04
<GCONST> 8.388308e+01
<MIXTURE> 8 1.165917e-02
<MEAN> 25
 -4.656759e+00 1.253472e+00 1.190151e+00 9.497848e+00 6.501214e+00 6.235673e+00 6.374278e+00 5.546089e+00 6.601508e+00 5.609265e+00 6.526597e+00 3.115921e+00 -5.930058e-01 -1.405298e+00 -1.055685e+00 -1.703264e+00 -2.550701e-01 -9.667634e-01 -2.038334e-01 -2.711385e-01 -2.704448e-01 -2.145621e-01 -2.104779e-01 1.090315e-01 9.728859e-02
<VARIANCE> 25
 9.597088e+00 1.065773e+01 1.179048e+01 1.589278e+01 1.682786e+01 1.535994e+01 1.808714e+01 1.827593e+01 1.686558e+01 1.721870e+01 1.870286e+01 1.404945e+01 2.754087e+00 2.786056e+00 3.828110e+00 3.710406e+00 3.438742e+00 3.400407e+00 3.179708e+00 3.049189e+00 2.894842e+00 2.748923e+00 2.489694e+00 1.945499e+00 6.600319e-03
<GCONST> 8.645901e+01
<MIXTURE> 9 1.199672e-02
<MEAN> 25
 9.262656e+00 3.365471e+00 -6.177989e+00 -1.066036e+01 -2.208707e+00 4.948619e+00 -2.191402e+00 -2.304516e+00 -5.374082e+00 -1.229838e+00 5.634512e-01 -1.861581e-02 1.431244e+00 -1.249985e-01 -4.932702e-01 -2.698042e+00 -1.638078e+00 8.453390e-01 -9.619251e-01 -2.321337e-01 -1.671230e-01 -5.837955e-01 6.103261e-01 -1.527624e-01 7.312927e-02
<VARIANCE> 25
 1.247534e+01 2.149442e+01 3.363469e+01 5.357930e+01 4.999619e+01 3.224497e+01 4.323582e+01 5.203329e+01 4.198988e+01 4.171314e+01 3.598561e+01 2.692004e+01 2.104946e+00 2.443542e+00 4.560337e+00 4.864049e+00 5.004233e+00 4.109354e+00 4.262927e+00 6.023213e+00 5.074640e+00 4.071646e+00 4.004829e+00 2.795908e+00 2.211315e-03
<GCONST> 9.881923e+01
<MIXTURE> 10 6.596976e-03
<MEAN> 25
 8.347816e-01 7.599587e+00 5.347256e+00 7.153855e+00 1.571204e+00 -2.119951e+00 -5.416369e-01 -1.699744e+00 8.752102e-01 8.335547e-01 8.403862e-01 6.273175e-01 -1.907283e+00 -6.738186e-01 -4.824874e-01 3.015313e+00 2.448489e+00 2.694637e+00 2.395862e+00 2.254436e+00 1.856431e+00 1.526730e+00 2.320671e+00 5.039411e-01 -1.373759e-01
<VARIANCE> 25
 1.948701e+01 2.075606e+01 2.240352e+01 2.883750e+01 3.802432e+01 3.464062e+01 3.529982e+01 3.356564e+01 2.741998e+01 2.911349e+01 2.675273e+01 2.496659e+01 2.248690e+00 3.399421e+00 5.556661e+00 5.147951e+00 5.530462e+00 4.469708e+00 4.731813e+00 4.860736e+00 4.360735e+00 5.022013e+00 4.430004e+00 3.219685e+00 2.736270e-03
<GCONST> 9.744132e+01
<MIXTURE> 11 1.633820e-02
<MEAN> 25
 6.649293e+00 3.078148e+00 2.614750e+00 4.859155e+00 -1.372396e+00 -2.869644e+00 -3.489597e+00 -4.257215e+00 -2.332287e+00 1.130830e+00 -1.536662e+00 -2.499337e+00 -4.091428e-01 5.317842e-01 3.830441e-01 1.950062e-01 5.235053e-01 3.326140e-01 3.486912e-01 -5.141267e-01 1.321955e-01 2.872331e-01 -1.210002e-02 6.744982e-02 -1.104040e-02
<VARIANCE> 25
 9.376548e+00 2.113784e+01 1.979180e+01 2.095513e+01 2.943715e+01 2.631474e+01 4.104893e+01 4.053603e+01 3.788793e+01 2.438201e+01 2.483246e+01 2.197656e+01 9.079740e-01 1.512120e+00 1.613685e+00 2.124576e+00 1.458425e+00 2.270411e+00 2.594722e+00 2.675512e+00 1.889423e+00 1.417240e+00 1.302248e+00 1.593861e+00 7.927220e-04
<GCONST> 8.372299e+01
<MIXTURE> 12 5.904134e-03
<MEAN> 25
 1.076484e+01 3.742847e+00 -4.501276e+00 -1.599213e+01 -8.695954e+00 8.641762e+00 -8.972493e-01 -1.921697e+00 -1.723379e+00 -4.885261e+00 1.775393e+00 7.164159e-01 6.785015e-02 2.936115e-01 7.975570e-02 -3.681638e-01 -3.100238e-01 2.958173e-02 3.054649e-01 4.480411e-01 1.408259e-01 -3.843926e-01 -3.854806e-01 5.386285e-02 -6.303622e-03
<VARIANCE> 25
 8.885272e+00 2.100388e+01 2.336509e+01 3.504533e+01 4.205485e+01 3.096192e+01 4.179213e+01 4.897584e+01 4.405846e+01 3.739492e+01 3.799703e+01 2.892349e+01 2.468349e-01 6.885009e-01 6.860885e-01 1.169835e+00 1.186796e+00 1.053727e+00 1.170938e+00 1.386482e+00 1.240922e+00 1.222640e+00 1.221365e+00 9.564265e-01 5.785532e-04
<GCONST> 7.892220e+01
<MIXTURE> 13 5.904134e-03
<MEAN> 25
 1.076484e+01 3.742847e+00 -4.501276e+00 -1.599213e+01 -8.695954e+00 8.641762e+00 -8.972493e-01 -1.921697e+00 -1.723379e+00 -4.885261e+00 1.775393e+00 7.164159e-01 6.785015e-02 2.936115e-01 7.975570e-02 -3.681638e-01 -3.100238e-01 2.958173e-02 3.054649e-01 4.480411e-01 1.408259e-01 -3.843926e-01 -3.854806e-01 5.386285e-02 -6.303622e-03
<VARIANCE> 25
 8.885272e+00 2.100388e+01 2.336509e+01 3.504533e+01 4.205485e+01 3.096192e+01 4.179213e+01 4.897584e+01 4.405846e+01 3.739492e+01 3.799703e+01 2.892349e+01 2.468349e-01 6.885009e-01 6.860885e-01 1.169835e+00 1.186796e+00 1.053727e+00 1.170938e+00 1.386482e+00 1.240922e+00 1.222640e+00 1.221365e+00 9.564265e-01 5.785532e-04
<GCONST> 7.892220e+01
<MIXTURE> 14 6.488954e-03
<MEAN> 25
 -4.247379e+00 -4.017841e-01 -3.154136e-01 8.876628e+00 7.480120e+00 7.339350e+00 7.776438e+00 7.230511e+00 7.179844e+00 5.247147e+00 6.831084e+00 4.058165e+00 -2.735043e-01 1.775636e-01 3.576748e-01 3.075300e-01 1.378835e-02 6.589965e-02 9.145045e-02 1.697508e-01 2.872580e-01 5.464811e-01 4.956776e-01 8.183996e-02 -9.227761e-03
<VARIANCE> 25
 9.599089e+00 1.382389e+01 1.846694e+01 1.773387e+01 2.074591e+01 1.950977e+01 2.143244e+01 2.108817e+01 2.027954e+01 2.380886e+01 2.121926e+01 1.602392e+01 9.568226e-01 1.655023e+00 1.774622e+00 1.911893e+00 2.238121e+00 2.258063e+00 2.249654e+00 2.232415e+00 2.277000e+00 2.522805e+00 2.208176e+00 1.805549e+00 1.039382e-03
<GCONST> 8.192949e+01
<MIXTURE> 15 2.475190e-03
<MEAN> 25
 -5.423412e+00 -6.444388e-01 -2.011419e-01 7.367551e+00 5.719798e+00 5.701115e+00 6.060526e+00 4.979090e+00 5.164215e+00 4.155510e+00 5.502273e+00 2.539736e+00 -1.213537e-01 -2.910903e-02 7.481071e-02 2.436499e-01 4.895006e-01 7.865569e-01 1.072307e+00 1.181750e+00 1.059248e+00 7.562164e-01 4.196858e-01 1.533726e-01 -8.348691e-05
<VARIANCE> 25
 6.987077e+00 5.605371e+00 9.031767e+00 1.281378e+01 1.407659e+01 1.429676e+01 1.491859e+01 1.489913e+01 1.410188e+01 1.418928e+01 1.510015e+01 1.250756e+01 1.248576e-01 2.061898e-01 3.200384e-01 5.030380e-01 6.995852e-01 7.936093e-01 7.632135e-01 7.927279e-01 9.089703e-01 1.023880e+00 1.071232e+00 1.041108e+00 2.795808e-05
<GCONST> 5.858986e+01
<MIXTURE> 16 2.475190e-03
<MEAN> 25
 -5.423412e+00 -6.444388e-01 -2.011419e-01 7.367551e+00 5.719798e+00 5.701115e+00 6.060526e+00 4.979090e+00 5.164215e+00 4.155510e+00 5.502273e+00 2.539736e+00 -1.213537e-01 -2.910903e-02 7.481071e-02 2.436499e-01 4.895006e-01 7.865569e-01 1.072307e+00 1.181750e+00 1.059248e+00 7.562164e-01 4.196858e-01 1.533726e-01 -8.348691e-05
<VARIANCE> 25
 6.987077e+00 5.605371e+00 9.031767e+00 1.281378e+01 1.407659e+01 1.429676e+01 1.491859e+01 1.489913e+01 1.410188e+01 1.418928e+01 1.510015e+01 1.250756e+01 1.248576e-01 2.061898e-01 3.200384e-01 5.030380e-01 6.995852e-01 7.936093e-01 7.632135e-01 7.927279e-01 9.089703e-01 1.023880e+00 1.071232e+00 1.041108e+00 2.795808e-05
<GCONST> 5.858986e+01
<MIXTURE> 17 9.518312e-03
<MEAN> 25
 3.069000e+00 -8.530416e-01 5.043680e+00 2.523352e+00 -5.214089e+00 -5.572275e+00 -2.417830e+00 2.785251e-01 -2.434273e+00 -1.971197e+00 1.126281e+00 -4.267394e-02 -7.460071e-01 -9.826583e-01 1.211336e+00 -2.471286e+00 -2.293921e+00 -1.505573e-01 1.803952e-01 5.897048e-01 -1.889363e-01 -5.051602e-01 7.309033e-01 9.752329e-01 6.989446e-02
<VARIANCE> 25
 1.547090e+01 2.481451e+01 2.818079e+01 3.417085e+01 4.012519e+01 3.828891e+01 4.137562e+01 2.865306e+01 2.955779e+01 2.979602e+01 2.858574e+01 2.653341e+01 1.620865e+00 2.432065e+00 3.220974e+00 2.667952e+00 3.674923e+00 4.790326e+00 3.945902e+00 4.394692e+00 3.399681e+00 3.391407e+00 2.650167e+00 3.442924e+00 1.889679e-03
<GCONST> 9.422290e+01
<MIXTURE> 18 1.221018e-02
<MEAN> 25
 3.910877e+00 4.555943e+00 6.572157e+00 4.701427e+00 -4.482757e+00 -8.234185e+00 -1.842547e+00 -1.252053e+00 -3.221090e+00 -2.328049e+00 -7.695711e-01 5.120799e-01 -7.500678e-01 2.109001e+00 -2.778781e-01 2.057101e+00 3.012957e+00 1.453264e+00 8.450122e-01 -2.080919e-01 6.295877e-01 5.020225e-01 -2.713922e-01 -9.991764e-02 -1.203366e-01
<VARIANCE> 25
 1.579999e+01 2.480367e+01 3.334395e+01 2.623120e+01 3.940772e+01 3.311604e+01 3.966132e+01 3.459186e+01 3.856321e+01 3.399789e+01 3.175332e+01 3.037493e+01 2.520075e+00 3.056265e+00 4.795869e+00 4.076505e+00 4.210857e+00 4.617040e+00 5.007020e+00 4.401174e+00 4.382911e+00 4.286778e+00 4.439379e+00 3.691983e+00 4.299303e-03
<GCONST> 9.849519e+01
<MIXTURE> 19 9.912824e-03
<MEAN> 25
 -8.940644e+00 2.470235e+00 -5.411380e-01 1.738801e+00 3.667119e+00 1.382233e+00 2.782682e+00 7.629482e-01 2.353830e+00 8.989334e-01 1.325863e+00 1.693348e+00 1.870566e+00 1.584257e+00 2.264798e+00 6.767597e-01 -1.058782e+00 -9.925849e-01 -1.160846e+00 -1.507797e+00 -1.353418e+00 -1.001059e+00 -6.325158e-01 -7.082288e-01 -2.961102e-03
<VARIANCE> 25
 5.794376e+01 2.989803e+01 4.913788e+01 5.181857e+01 3.127747e+01 2.972118e+01 3.251281e+01 2.775081e+01 2.607324e+01 2.549305e+01 2.799893e+01 1.911304e+01 2.446673e+00 2.186579e+00 2.077889e+00 2.130705e+00 2.283244e+00 2.084038e+00 2.403862e+00 2.258402e+00 2.018140e+00 1.999201e+00 2.406124e+00 1.728601e+00 2.263766e-03
<GCONST> 9.081413e+01
<MIXTURE> 20 6.308331e-03
<MEAN> 25
 -1.396908e+01 7.551040e+00 -3.781989e-01 6.846565e+00 3.880161e+00 1.585665e+00 4.943177e+00 9.507463e-02 1.132166e+00 1.205959e+00 2.875896e+00 -6.041511e-01 -3.264313e+00 -6.565986e-01 -1.513570e+00 6.186773e-01 1.547722e+00 2.202997e+00 1.886766e+00 2.053414e+00 2.176156e+00 1.864101e+00 1.454580e+00 9.977537e-01 4.798048e-02
<VARIANCE> 25
 1.816840e+01 2.127690e+01 4.009782e+01 3.756722e+01 3.539029e+01 2.526990e+01 2.761606e+01 3.307943e+01 2.587853e+01 2.679239e+01 2.351111e+01 1.965119e+01 1.919362e+00 2.331503e+00 1.747754e+00 3.013443e+00 2.438581e+00 2.280838e+00 2.199290e+00 2.100122e+00 2.024946e+00 2.664627e+00 2.457981e+00 1.703934e+00 1.716343e-03
<GCONST> 8.866850e+01
<MIXTURE> 21 7.928653e-03
<MEAN> 25
 4.004920e+00 -4.517641e+00 5.756372e+00 -1.536051e+00 -1.054700e+01 -8.703142e+00 -2.616289e+00 4.176683e+00 -2.072750e+00 -3.392787e+00 2.380778e-01 3.380540e-01 -7.191056e-01 1.340794e+00 2.585278e+00 -4.892116e-02 -1.549536e+00 3.369134e-01 5.863494e-01 -1.498020e+00 -1.948802e+00 3.161434e-01 1.320465e+00 2.459316e-01 -1.273919e-02
<VARIANCE> 25
 8.908500e+00 1.874129e+01 2.968831e+01 2.836461e+01 2.884838e+01 3.333118e+01 4.285944e+01 3.927993e+01 4.285331e+01 3.161302e+01 3.374976e+01 2.320099e+01 3.776239e-01 9.478047e-01 1.857498e+00 1.303239e+00 2.212865e+00 2.184082e+00 3.641271e+00 2.507257e+00 2.180340e+00 2.597132e+00 2.027371e+00 2.282334e+00 4.284868e-04
<GCONST> 8.512648e+01
<MIXTURE> 22 8.827789e-03
<MEAN> 25
 -1.647057e+01 7.999277e+00 -6.613670e+00 9.157406e+00 2.881527e+00 4.030769e+00 7.856993e+00 6.195519e-01 6.299442e+00 4.168417e+00 4.798119e+00 7.754264e-01 -2.447464e-01 -1.687079e-01 -1.070368e-01 -7.005630e-02 8.619608e-02 2.592201e-01 3.541008e-01 3.178039e-01 2.189053e-01 4.054474e-01 1.665051e-01 2.070845e-01 2.832331e-03
<VARIANCE> 25
 9.114971e+00 1.346512e+01 2.280126e+01 2.323886e+01 2.221395e+01 1.978074e+01 1.629828e+01 1.651632e+01 1.668792e+01 2.126379e+01 1.680473e+01 1.164489e+01 8.727797e-01 1.076917e+00 1.356224e+00 1.161933e+00 1.489532e+00 1.423934e+00 1.566866e+00 1.214914e+00 1.723202e+00 1.658541e+00 1.457851e+00 1.159359e+00 1.356303e-03
<GCONST> 7.661905e+01
<MIXTURE> 23 6.455497e-03
<MEAN> 25
 7.701386e+00 1.812531e+00 2.803602e+00 2.888978e+00 -3.203047e+00 -3.593281e+00 -4.350148e+00 -5.051293e+00 -2.453667e+00 -2.164547e-01 -3.614023e+00 -1.724315e+00 2.171409e-02 1.684213e-01 5.615939e-02 3.855725e-02 -3.520783e-02 1.391774e-02 -2.785969e-02 -1.911579e-02 1.691247e-01 1.052226e-01 -7.476316e-03 3.062511e-02 -3.751264e-03
<VARIANCE> 25
 8.791612e+00 1.962545e+01 2.052207e+01 3.410623e+01 3.946855e+01 4.598721e+01 5.005537e+01 5.234142e+01 4.282292e+01 4.094950e+01 4.175542e+01 3.620094e+01 1.106912e-01 3.128807e-01 3.484548e-01 5.625320e-01 5.503383e-01 6.629685e-01 9.059999e-01 8.265364e-01 9.765832e-01 8.680213e-01 7.783541e-01 7.093971e-01 8.475574e-05
<GCONST> 7.138878e+01
<MIXTURE> 24 6.455497e-03
<MEAN> 25
 7.701386e+00 1.812531e+00 2.803602e+00 2.888978e+00 -3.203047e+00 -3.593281e+00 -4.350148e+00 -5.051293e+00 -2.453667e+00 -2.164547e-01 -3.614023e+00 -1.724315e+00 2.171409e-02 1.684213e-01 5.615939e-02 3.855725e-02 -3.520783e-02 1.391774e-02 -2.785969e-02 -1.911579e-02 1.691247e-01 1.052226e-01 -7.476316e-03 3.062511e-02 -3.751264e-03
<VARIANCE> 25
 8.791612e+00 1.962545e+01 2.052207e+01 3.410623e+01 3.946855e+01 4.598721e+01 5.005537e+01 5.234142e+01 4.282292e+01 4.094950e+01 4.175542e+01 3.620094e+01 1.106912e-01 3.128807e-01 3.484548e-01 5.625320e-01 5.503383e-01 6.629685e-01 9.059999e-01 8.265364e-01 9.765832e-01 8.680213e-01 7.783541e-01 7.093971e-01 8.475574e-05
<GCONST> 7.138878e+01
<MIXTURE> 25 1.118642e-02
<MEAN> 25
 3.373095e-01 3.480684e+00 1.651836e+01 -1.109453e+00 -1.106566e+01 -1.647771e+00 -4.895243e+00 -3.082520e+00 -6.874458e+00 -5.100585e+00 4.030096e+00 -1.699201e+00 -1.077855e-01 3.702213e-01 2.038967e-01 1.992479e-01 2.118291e-01 1.117868e-01 2.471774e-01 -1.862340e-01 -2.874267e-01 1.104167e-01 -9.037799e-02 -1.116996e-01 -1.272393e-02
<VARIANCE> 25
 8.873647e+00 2.184339e+01 2.235545e+01 2.867049e+01 3.254322e+01 4.014242e+01 2.711112e+01 2.993021e+01 2.799267e+01 3.889304e+01 2.050220e+01 2.693079e+01 6.097519e-01 1.572912e+00 1.416404e+00 1.434978e+00 2.246019e+00 1.991046e+00 1.779871e+00 1.619937e+00 1.582456e+00 1.672838e+00 1.320885e+00 1.269291e+00 1.244471e-03
<GCONST> 8.288267e+01
<MIXTURE> 26 7.727677e-03
<MEAN> 25
 2.150006e+00 -6.304270e+00 -1.004061e+01 -5.716474e-01 7.917502e+00 5.540860e+00 4.114631e+00 1.651593e-01 2.458135e+00 -8.318089e-01 -3.057257e+00 -1.221534e+00 -6.799200e-01 5.759959e-01 2.673502e-01 6.626884e-01 1.315008e-01 2.160850e-01 3.553489e-01 3.812123e-01 3.215709e-01 1.289123e-01 4.063341e-01 4.036700e-01 -4.501013e-02
<VARIANCE> 25
 2.354839e+01 3.437657e+01 2.638159e+01 5.932660e+01 3.708682e+01 4.198415e+01 4.403510e+01 4.549503e+01 4.148964e+01 5.239839e+01 3.993153e+01 4.529785e+01 1.582474e+00 1.946147e+00 2.056275e+00 1.924078e+00 2.216367e+00 2.324985e+00 2.500252e+00 2.778351e+00 2.262771e+00 2.280202e+00 2.037013e+00 1.922054e+00 4.113901e-03
<GCONST> 9.372734e+01
<MIXTURE> 27 7.727677e-03
<MEAN> 25
 2.150006e+00 -6.304270e+00 -1.004061e+01 -5.716474e-01 7.917502e+00 5.540860e+00 4.114631e+00 1.651593e-01 2.458135e+00 -8.318089e-01 -3.057257e+00 -1.221534e+00 -6.799200e-01 5.759959e-01 2.673502e-01 6.626884e-01 1.315008e-01 2.160850e-01 3.553489e-01 3.812123e-01 3.215709e-01 1.289123e-01 4.063341e-01 4.036700e-01 -4.501013e-02
<VARIANCE> 25
 2.354839e+01 3.437657e+01 2.638159e+01 5.932660e+01 3.708682e+01 4.198415e+01 4.403510e+01 4.549503e+01 4.148964e+01 5.239839e+01 3.993153e+01 4.529785e+01 1.582474e+00 1.946147e+00 2.056275e+00 1.924078e+00 2.216367e+00 2.324985e+00 2.500252e+00 2.778351e+00 2.262771e+00 2.280202e+00 2.037013e+00 1.922054e+00 4.113901e-03
<GCONST> 9.372734e+01
<MIXTURE> 28 5.036674e-03
<MEAN> 25
 -5.451137e+00 1.225723e-02 -1.570395e+00 6.616080e+00 5.232413e+00 3.517869e+00 5.415901e+00 3.129991e+00 3.922706e+00 2.394035e+00 2.638006e+00 3.219690e+00 -1.152316e-01 2.232600e-01 5.287657e-01 7.849036e-01 8.220543e-01 7.029226e-01 5.232493e-01 3.918808e-01 4.449791e-01 4.822263e-01 3.711205e-01 1.897309e-01 -1.267284e-05
<VARIANCE> 25
 1.043567e+01 8.354724e+00 1.217172e+01 1.484280e+01 1.470981e+01 1.773155e+01 1.804188e+01 1.901416e+01 1.718353e+01 1.673033e+01 2.060833e+01 1.500867e+01 2.565160e-01 3.365379e-01 4.067974e-01 4.641164e-01 6.217120e-01 8.469871e-01 1.056412e+00 1.144867e+00 1.102667e+00 1.030246e+00 1.036747e+00 1.066800e+00 1.000587e-06
<GCONST> 6.025436e+01
<MIXTURE> 29 5.036674e-03
<MEAN> 25
 -5.451137e+00 1.225723e-02 -1.570395e+00 6.616080e+00 5.232413e+00 3.517869e+00 5.415901e+00 3.129991e+00 3.922706e+00 2.394035e+00 2.638006e+00 3.219690e+00 -1.152316e-01 2.232600e-01 5.287657e-01 7.849036e-01 8.220543e-01 7.029226e-01 5.232493e-01 3.918808e-01 4.449791e-01 4.822263e-01 3.711205e-01 1.897309e-01 -1.267284e-05
<VARIANCE> 25
 1.043567e+01 8.354724e+00 1.217172e+01 1.484280e+01 1.470981e+01 1.773155e+01 1.804188e+01 1.901416e+01 1.718353e+01 1.673033e+01 2.060833e+01 1.500867e+01 2.565160e-01 3.365379e-01 4.067974e-01 4.641164e-01 6.217120e-01 8.469871e-01 1.056412e+00 1.144867e+00 1.102667e+00 1.030246e+00 1.036747e+00 1.066800e+00 1.000587e-06
<GCONST> 6.025436e+01
<MIXTURE> 30 8.917812e-03
<MEAN> 25
 -4.487471e+00 -1.961476e-01 6.518542e-01 9.081141e+00 7.776017e+00 7.505768e+00 7.573105e+00 6.858269e+00 6.520110e+00 4.908953e+00 7.012160e+00 3.500970e+00 -2.545737e-02 2.884364e-02 5.470402e-02 9.150296e-02 8.341548e-02 4.363267e-02 1.254699e-02 -5.181826e-03 1.744487e-02 5.057381e-02 5.904720e-02 3.620956e-02 -5.182251e-04
<VARIANCE> 25
 6.945731e+00 9.841640e+00 1.037661e+01 1.374012e+01 1.571577e+01 1.639337e+01 1.913854e+01 1.836447e+01 1.632693e+01 1.838507e+01 2.119096e+01 1.433252e+01 9.840872e-02 2.005042e-01 3.258426e-01 4.840178e-01 6.194715e-01 7.233213e-01 7.710797e-01 8.128809e-01 8.742500e-01 9.364377e-01 9.212208e-01 8.614659e-01 5.162993e-05
<GCONST> 6.062059e+01
<MIXTURE> 31 4.136493e-03
<MEAN> 25
 -2.860441e+00 -5.626424e+00 -1.695281e-01 4.535368e+00 3.802753e+00 1.366074e+00 5.270375e+00 6.856718e+00 1.645859e+00 6.290263e-01 6.212083e+00 3.018728e+00 2.407417e-01 4.936236e-01 -2.308607e-01 3.603441e-01 7.658275e-02 2.748615e-01 2.128850e-01 4.741907e-02 4.018656e-01 4.810230e-01 8.204023e-02 6.648365e-02 -1.845736e-02
<VARIANCE> 25
 8.007135e+00 1.459001e+01 1.746951e+01 1.780623e+01 2.318049e+01 2.274410e+01 2.252247e+01 2.665353e+01 3.292086e+01 2.981568e+01 1.932085e+01 1.699659e+01 1.981083e-01 4.976988e-01 6.172789e-01 7.845126e-01 9.582964e-01 1.222590e+00 1.211822e+00 1.351831e+00 1.265630e+00 1.279683e+00 1.231521e+00 1.049464e+00 2.444881e-04
<GCONST> 7.182849e+01
<MIXTURE> 32 4.136493e-03
<MEAN> 25
 -2.860441e+00 -5.626424e+00 -1.695281e-01 4.535368e+00 3.802753e+00 1.366074e+00 5.270375e+00 6.856718e+00 1.645859e+00 6.290263e-01 6.212083e+00 3.018728e+00 2.407417e-01 4.936236e-01 -2.308607e-01 3.603441e-01 7.658275e-02 2.748615e-01 2.128850e-01 4.741907e-02 4.018656e-01 4.810230e-01 8.204023e-02 6.648365e-02 -1.845736e-02
<VARIANCE> 25
 8.007135e+00 1.459001e+01 1.746951e+01 1.780623e+01 2.318049e+01 2.274410e+01 2.252247e+01 2.665353e+01 3.292086e+01 2.981568e+01 1.932085e+01 1.699659e+01 1.981083e-01 4.976988e-01 6.172789e-01 7.845126e-01 9.582964e-01 1.222590e+00 1.211822e+00 1.351831e+00 1.265630e+00 1.279683e+00 1.231521e+00 1.049464e+00 2.444881e-04
<GCONST> 7.182849e+01
<MIXTURE> 33 1.508826e-02
<MEAN> 25
 6.283988e+00 -4.060509e+00 -2.316628e+00 -2.397184e+00 -1.352010e+00 -4.973926e+00 -6.860754e+00 1.920158e+00 2.227604e+00 -8.277915e-01 -4.729910e+00 -2.541829e+00 6.341518e-01 -1.051645e+00 -2.389709e+00 -1.847435e+00 1.333690e+00 1.253442e+00 -7.535842e-01 6.282939e-01 9.858463e-01 4.115071e-01 -3.822572e-01 -1.321468e+00 3.928196e-02
<VARIANCE> 25
 1.017005e+01 1.982890e+01 2.775986e+01 3.587270e+01 4.108494e+01 4.462677e+01 4.215192e+01 4.405878e+01 3.808178e+01 4.458164e+01 3.282080e+01 2.957662e+01 1.198359e+00 1.964130e+00 2.118648e+00 2.036181e+00 4.018715e+00 3.574549e+00 4.227821e+00 5.278835e+00 3.582384e+00 4.266354e+00 3.250296e+00 2.506133e+00 1.417371e-03
<GCONST> 9.386634e+01
<MIXTURE> 34 1.588179e-02
<MEAN> 25
 8.751939e+00 7.886378e-04 1.898734e-01 1.319878e+00 -2.676254e+00 -1.592886e+00 -6.329451e+00 -4.253939e+00 -1.924609e+00 2.404081e-01 -2.540812e+00 -3.672843e+00 8.484933e-03 1.339939e+00 1.478509e+00 2.389204e+00 -7.409813e-02 -1.930878e-01 7.573346e-01 -1.615642e+00 -8.487970e-01 3.325311e-01 -4.972179e-01 2.470250e-01 -6.040189e-02
<VARIANCE> 25
 7.825821e+00 2.960608e+01 2.828047e+01 4.781569e+01 4.127349e+01 4.708278e+01 5.396774e+01 5.720827e+01 5.059180e+01 4.119454e+01 4.596495e+01 3.010065e+01 1.229623e+00 1.906935e+00 4.268975e+00 3.905967e+00 5.389484e+00 5.600517e+00 5.478582e+00 5.895859e+00 5.074616e+00 4.876514e+00 4.805745e+00 3.753990e+00 1.164747e-03
<GCONST> 9.897816e+01
<MIXTURE> 35 1.467755e-02
<MEAN> 25
 -1.980943e+00 -5.172877e+00 -9.488531e+00 3.041803e-01 9.486800e+00 1.045768e+00 1.564203e+00 2.669029e+00 1.663426e+00 4.388733e+00 -1.439357e-01 1.789677e+00 4.930765e-01 -1.081474e+00 -1.399647e+00 -1.387947e+00 3.649817e-01 -7.354048e-01 -6.439366e-01 -4.035718e-02 -9.672353e-02 9.667905e-02 -6.729532e-01 -4.691320e-01 1.053593e-01
<VARIANCE> 25
 1.923116e+01 2.912069e+01 4.573484e+01 6.053873e+01 4.159184e+01 5.689347e+01 5.086655e+01 4.299981e+01 4.971624e+01 3.829554e+01 3.711687e+01 3.145038e+01 3.438247e+00 3.454515e+00 6.492844e+00 5.334813e+00 5.001511e+00 5.493046e+00 4.876574e+00 4.697870e+00 4.923740e+00 4.547152e+00 3.998005e+00 3.676680e+00 5.173557e-03
<GCONST> 1.032712e+02
<MIXTURE> 36 1.093293e-02
<MEAN> 25
 5.045974e+00 -3.434241e+00 6.561543e+00 2.648448e+00 -9.444060e+00 -8.359470e+00 -5.922359e+00 3.071735e+00 -2.001230e+00 -4.218042e+00 2.667101e+00 -2.341544e-01 3.566849e-01 1.662548e-01 -7.990500e-01 2.985992e-02 8.770151e-01 1.604053e-02 -4.171654e-01 7.378968e-02 4.471974e-01 6.088762e-01 -3.715284e-01 -3.508840e-01 -1.567678e-02
<VARIANCE> 25
 9.674115e+00 1.584243e+01 2.387862e+01 2.692064e+01 3.536879e+01 3.376915e+01 4.432199e+01 3.355447e+01 3.831083e+01 3.242976e+01 2.721837e+01 2.533141e+01 4.580120e-01 7.469720e-01 1.679860e+00 1.184824e+00 1.549979e+00 1.529806e+00 2.109678e+00 1.751027e+00 1.954951e+00 1.615902e+00 1.404850e+00 1.443586e+00 6.891213e-04
<GCONST> 8.185880e+01
<MIXTURE> 37 1.246826e-02
<MEAN> 25
 2.362901e-02 7.410301e+00 1.083932e+01 -4.960063e+00 -6.647985e+00 -6.311663e-01 -6.087725e+00 -6.623128e+00 -2.370341e+00 -1.117902e-01 -2.078689e+00 3.945969e-01 3.585737e-01 6.518154e-01 -1.191524e+00 3.444329e+00 1.706487e+00 -7.255272e-01 7.067336e-01 3.052818e-01 5.678505e-01 -5.333389e-01 6.119158e-01 -4.022689e-01 -8.241013e-02
<VARIANCE> 25
 1.313556e+01 2.132571e+01 2.712673e+01 4.439381e+01 3.162842e+01 2.904926e+01 4.853162e+01 3.387517e+01 3.442208e+01 2.904087e+01 3.900142e+01 3.345046e+01 2.389224e+00 3.145819e+00 2.670956e+00 3.626278e+00 3.742265e+00 3.446975e+00 5.761514e+00 3.039106e+00 3.387152e+00 3.215474e+00 3.800572e+00 3.470800e+00 3.375329e-03
<GCONST> 9.596867e+01
<MIXTURE> 38 1.154525e-02
<MEAN> 25
 -4.448391e+00 8.694130e+00 2.793396e+00 3.410071e+00 -2.245625e-01 -4.831568e+00 -3.994187e-01 -3.240196e+00 -2.191820e+00 -2.513911e+00 -6.656299e-01 -8.613709e-01 -4.328828e+00 1.402596e+00 -6.137032e-01 2.040855e+00 2.251482e+00 1.710479e+00 1.454456e+00 1.030203e+00 8.034168e-01 9.522660e-01 8.691307e-01 4.519652e-01 4.796161e-02
<VARIANCE> 25
 2.926193e+01 2.739104e+01 5.003522e+01 2.971225e+01 4.803934e+01 3.306196e+01 3.360429e+01 3.845509e+01 3.246635e+01 3.001330e+01 2.444386e+01 2.530456e+01 2.258443e+00 3.491751e+00 3.821589e+00 6.467937e+00 4.109315e+00 4.818511e+00 5.883202e+00 4.055658e+00 3.916428e+00 4.810042e+00 3.872012e+00 2.877975e+00 1.797578e-03
<GCONST> 9.823746e+01
<MIXTURE> 39 9.501865e-03
<MEAN> 25
 5.396938e-01 1.638592e+00 8.802476e+00 -8.799201e+00 -8.486711e+00 5.101872e-01 -2.355024e+00 -5.426473e+00 -3.115731e+00 2.107732e+00 -3.034951e+00 -9.193476e-01 -8.871500e-01 1.666905e+00 1.288982e+00 -1.660603e+00 -1.388901e-01 9.281529e-01 -9.551175e-01 -1.515384e+00 9.069554e-01 1.748760e-01 -1.871712e-01 5.552498e-01 6.556930e-03
<VARIANCE> 25
 7.014273e+00 2.201509e+01 2.580409e+01 2.616914e+01 3.473470e+01 3.018226e+01 3.570655e+01 3.283578e+01 4.056381e+01 2.640106e+01 2.865757e+01 2.573695e+01 7.517400e-01 1.322143e+00 1.438645e+00 2.734637e+00 1.850129e+00 2.271906e+00 3.155823e+00 3.029107e+00 2.667304e+00 2.542457e+00 2.275670e+00 2.563069e+00 8.895170e-04
<GCONST> 8.681300e+01
<MIXTURE> 40 1.030800e-02
<MEAN> 25
 -9.089843e+00 3.300549e+00 -3.268286e+00 9.186112e+00 2.503036e+00 5.591095e+00 5.142790e+00 2.569518e+00 4.917749e+00 5.169114e+00 5.315280e+00 1.209092e+00 8.037156e-03 -4.112002e-01 1.954809e-01 -1.727339e-01 -1.530307e-01 -1.955794e-01 -1.374428e-01 7.676296e-02 -1.315201e-01 -1.176380e-01 7.428791e-02 1.960116e-01 -3.041551e-03
<VARIANCE> 25
 3.992439e+01 2.283678e+01 3.435760e+01 2.388012e+01 2.498285e+01 1.545959e+01 1.551395e+01 1.867425e+01 1.574025e+01 1.666778e+01 1.427626e+01 1.367560e+01 6.663634e-01 7.335116e-01 1.354684e+00 8.323379e-01 1.068002e+00 1.443636e+00 1.374132e+00 1.034912e+00 1.212563e+00 1.454961e+00 1.258614e+00 1.025183e+00 7.766146e-04
<GCONST> 7.579270e+01
<MIXTURE> 41 6.713375e-03
<MEAN> 25
 9.225630e-01 1.147346e+00 1.079568e+01 -7.002840e+00 -9.292253e+00 -2.883884e+00 -1.935555e+00 -5.661655e+00 -5.057438e+00 3.691434e+00 -1.871743e+00 -6.041470e-01 -1.756943e-01 -4.779685e-01 1.482298e+00 -3.629844e+00 -2.293173e+00 -1.626227e-01 -3.039964e-01 2.755102e-02 -3.322062e-01 9.084116e-01 -9.519465e-01 4.307700e-01 8.059952e-02
<VARIANCE> 25
 1.074436e+01 2.761261e+01 3.020745e+01 3.758506e+01 4.324947e+01 3.943115e+01 3.370276e+01 3.102900e+01 3.023206e+01 3.068127e+01 2.823881e+01 2.726921e+01 3.069020e+00 3.324743e+00 3.508092e+00 3.416194e+00 4.388739e+00 5.073219e+00 4.252112e+00 4.863112e+00 4.814795e+00 3.908547e+00 3.391082e+00 3.464863e+00 2.675812e-03
<GCONST> 9.696098e+01
<MIXTURE> 42 1.106211e-02
<MEAN> 25
 -1.878546e+00 4.549155e+00 4.572411e+00 2.889012e+00 2.019604e-01 -6.215946e+00 -1.071421e+00 -1.870469e+00 -1.475187e+00 -1.194667e+00 -2.233336e+00 1.265802e+00 4.134753e+00 -3.417192e-01 1.524867e+00 1.983002e-01 -2.928238e+00 -1.160718e+00 -2.248735e+00 -8.155589e-01 -7.805504e-01 -7.380582e-01 5.193659e-01 -1.046583e+00 9.176133e-03
<VARIANCE> 25
 3.604406e+01 2.140709e+01 4.714114e+01 2.634063e+01 3.884892e+01 3.907559e+01 3.742266e+01 2.701672e+01 2.844532e+01 2.736434e+01 2.023290e+01 1.785530e+01 3.679707e+00 4.837101e+00 6.099287e+00 4.760825e+00 4.674939e+00 5.978173e+00 5.058158e+00 5.262733e+00 4.939336e+00 4.835144e+00 4.210695e+00 3.397282e+00 4.426616e-03
<GCONST> 9.978376e+01
<MIXTURE> 43 7.108249e-03
<MEAN> 25
 2.996485e+00 -5.722785e+00 -2.228682e+00 -3.931927e+00 -5.370854e+00 -3.686583e+00 3.896611e+00 3.072048e+00 -6.120034e+00 -5.874198e+00 -3.702123e+00 -9.915450e-01 3.789675e-01 1.994825e+00 1.843122e+00 -1.703194e-01 -1.238537e+00 -6.943340e-01 -9.013344e-01 -1.262395e+00 9.206177e-01 1.616925e+00 6.891046e-02 -2.810333e-02 -4.258145e-02
<VARIANCE> 25
 8.162863e+00 1.686757e+01 2.264381e+01 3.183994e+01 4.139923e+01 3.253375e+01 2.749958e+01 4.014624e+01 3.569882e+01 3.615648e+01 2.226579e+01 2.409243e+01 7.202846e-01 1.058826e+00 1.272245e+00 2.204732e+00 2.183856e+00 1.937339e+00 2.199417e+00 3.199621e+00 2.361905e+00 2.116010e+00 2.145877e+00 1.558064e+00 8.219506e-04
<GCONST> 8.497892e+01
<MIXTURE> 44 7.328289e-03
<MEAN> 25
 -1.385059e+01 2.008001e+00 3.808078e+00 -3.707384e+00 3.244820e+00 2.254388e+00 -1.102057e+00 2.717988e+00 1.721060e+00 -5.711654e-01 7.971924e-01 2.169216e+00 -1.723560e-01 -6.774771e-02 2.217333e-01 2.758946e-01 -1.654531e-01 3.511275e-01 6.370443e-01 -1.092491e-01 1.150667e-01 8.350346e-02 -1.205746e-01 -3.918670e-02 5.173440e-03
<VARIANCE> 25
 5.224060e+01 2.634011e+01 3.174876e+01 2.879280e+01 2.697125e+01 2.707535e+01 3.180718e+01 3.169611e+01 2.560955e+01 2.475271e+01 3.270145e+01 1.870505e+01 1.133271e+00 1.492132e+00 1.311553e+00 1.433594e+00 1.975084e+00 1.730393e+00 1.615755e+00 1.997917e+00 1.641910e+00 1.442002e+00 1.473512e+00 1.285096e+00 1.172080e-03
<GCONST> 8.467824e+01
<MIXTURE> 45 1.364932e-02
<MEAN> 25
 -1.212235e+01 3.449209e+00 -1.170580e+00 2.761755e+00 5.726231e+00 1.626363e-01 4.430304e+00 2.917234e+00 3.355017e+00 2.248163e+00 2.226462e+00 2.604378e+00 -2.905370e+00 5.986886e-01 -4.802833e-01 -5.706586e-01 1.742870e-01 3.805616e-02 4.445189e-01 9.586479e-02 -5.904651e-02 -9.099105e-02 1.922222e-01 8.515485e-02 1.168493e-01
<VARIANCE> 25
 3.647612e+01 2.972597e+01 3.104735e+01 3.484042e+01 3.069236e+01 2.861964e+01 3.429866e+01 2.692165e+01 2.433482e+01 2.288147e+01 2.817261e+01 1.608601e+01 2.407697e+00 2.994113e+00 2.826280e+00 2.710788e+00 2.460989e+00 2.678876e+00 2.310074e+00 2.270856e+00 2.102694e+00 2.113874e+00 2.088207e+00 1.612846e+00 4.159645e-03
<GCONST> 9.074521e+01
<MIXTURE> 46 9.336259e-03
<MEAN> 25
 -9.305420e+00 2.329081e+00 1.091066e+00 7.600728e+00 5.853473e+00 3.371463e+00 6.989685e+00 4.377095e+00 5.646534e+00 4.688772e+00 5.064174e+00 2.877605e+00 1.053095e+00 -2.795576e-01 6.535169e-02 9.821392e-01 6.057220e-01 9.380102e-01 3.625812e-01 6.602430e-01 4.491903e-01 5.256546e-01 6.405356e-01 5.496253e-01 -1.042988e-01
<VARIANCE> 25
 3.567020e+01 4.330531e+01 3.880131e+01 4.933231e+01 5.081520e+01 4.015179e+01 3.676157e+01 3.534909e+01 3.294869e+01 3.040102e+01 2.776946e+01 2.015263e+01 3.845974e+00 4.157920e+00 3.861259e+00 4.084848e+00 4.121767e+00 3.708649e+00 3.381766e+00 3.071903e+00 2.966665e+00 2.949069e+00 2.278497e+00 1.792662e+00 7.884294e-03
<GCONST> 9.820507e+01
<MIXTURE> 47 7.116147e-03
<MEAN> 25
 7.189790e+00 -7.258132e+00 -7.592650e+00 -6.330984e+00 1.525618e+00 8.897005e-01 -2.277733e+00 1.173430e+00 2.996414e+00 1.802040e-01 -4.206085e+00 -6.605041e+00 -1.938577e-01 -1.225167e+00 -7.112312e-01 -4.405919e-01 6.135007e-01 7.855156e-01 8.854096e-01 2.977128e-01 1.635804e-01 -8.989856e-01 -4.758220e-01 -4.753489e-01 3.063252e-02
<VARIANCE> 25
 1.124527e+01 2.118824e+01 2.144044e+01 3.476067e+01 3.569720e+01 5.168552e+01 4.518343e+01 4.073686e+01 4.273664e+01 4.668518e+01 4.778896e+01 3.362193e+01 5.305974e-01 8.076874e-01 1.132274e+00 1.653074e+00 1.939801e+00 2.228671e+00 2.315303e+00 2.488900e+00 2.298314e+00 2.124895e+00 2.188467e+00 2.001146e+00 5.700323e-04
<GCONST> 8.664056e+01
<MIXTURE> 48 7.116147e-03
<MEAN> 25
 7.189790e+00 -7.258132e+00 -7.592650e+00 -6.330984e+00 1.525618e+00 8.897005e-01 -2.277733e+00 1.173430e+00 2.996414e+00 1.802040e-01 -4.206085e+00 -6.605041e+00 -1.938577e-01 -1.225167e+00 -7.112312e-01 -4.405919e-01 6.135007e-01 7.855156e-01 8.854096e-01 2.977128e-01 1.635804e-01 -8.989856e-01 -4.758220e-01 -4.753489e-01 3.063252e-02
<VARIANCE> 25
 1.124527e+01 2.118824e+01 2.144044e+01 3.476067e+01 3.569720e+01 5.168552e+01 4.518343e+01 4.073686e+01 4.273664e+01 4.668518e+01 4.778896e+01 3.362193e+01 5.305974e-01 8.076874e-01 1.132274e+00 1.653074e+00 1.939801e+00 2.228671e+00 2.315303e+00 2.488900e+00 2.298314e+00 2.124895e+00 2.188467e+00 2.001146e+00 5.700323e-04
<GCONST> 8.664056e+01
<MIXTURE> 49 5.548473e-03
<MEAN> 25
 -5.087433e+00 3.547302e-01 1.706986e-01 8.453877e+00 6.148540e+00 5.620601e+00 6.068970e+00 4.488377e+00 5.026224e+00 3.723530e+00 4.934963e+00 2.862829e+00 3.660282e-01 6.559786e-01 7.026235e-01 3.534211e-01 -1.965993e-01 -6.695153e-01 -1.009057e+00 -1.121614e+00 -9.561676e-01 -6.807272e-01 -4.928828e-01 -2.715266e-01 -2.014863e-05
<VARIANCE> 25
 9.598163e+00 1.003640e+01 1.425563e+01 1.587324e+01 1.589437e+01 1.713658e+01 1.943525e+01 1.942956e+01 1.823027e+01 1.794973e+01 2.063218e+01 1.428904e+01 2.804168e-01 2.632273e-01 3.595105e-01 6.115442e-01 8.694440e-01 9.741675e-01 9.924995e-01 1.052715e+00 1.135294e+00 1.219600e+00 1.280758e+00 1.208608e+00 1.434306e-05
<GCONST> 6.432143e+01
<MIXTURE> 50 6.234641e-03
<MEAN> 25
 -4.665228e+00 9.508008e-02 -1.456241e+00 6.199979e+00 4.220974e+00 2.275477e+00 3.703357e+00 1.986888e+00 2.779464e+00 1.404686e+00 2.156185e+00 2.843586e+00 5.625830e-02 1.761154e-01 9.559473e-02 -1.768512e-01 -5.118029e-01 -6.148567e-01 -4.260315e-01 -5.162660e-02 4.416228e-01 7.730963e-01 7.393287e-01 4.454739e-01 -1.409355e-05
<VARIANCE> 25
 1.054441e+01 1.116773e+01 1.439828e+01 1.541365e+01 1.533767e+01 1.857356e+01 1.857026e+01 1.947953e+01 1.853977e+01 1.748365e+01 2.164528e+01 1.522358e+01 1.447377e-01 2.394433e-01 3.784781e-01 5.176419e-01 5.984933e-01 7.349540e-01 9.573533e-01 1.118030e+00 1.060604e+00 9.118147e-01 9.180221e-01 9.892985e-01 1.002662e-06
<GCONST> 5.955146e+01
<MIXTURE> 51 6.234641e-03
<MEAN> 25
 -4.665228e+00 9.508008e-02 -1.456241e+00 6.199979e+00 4.220974e+00 2.275477e+00 3.703357e+00 1.986888e+00 2.779464e+00 1.404686e+00 2.156185e+00 2.843586e+00 5.625830e-02 1.761154e-01 9.559473e-02 -1.768512e-01 -5.118029e-01 -6.148567e-01 -4.260315e-01 -5.162660e-02 4.416228e-01 7.730963e-01 7.393287e-01 4.454739e-01 -1.409355e-05
<VARIANCE> 25
 1.054441e+01 1.116773e+01 1.439828e+01 1.541365e+01 1.533767e+01 1.857356e+01 1.857026e+01 1.947953e+01 1.853977e+01 1.748365e+01 2.164528e+01 1.522358e+01 1.447377e-01 2.394433e-01 3.784781e-01 5.176419e-01 5.984933e-01 7.349540e-01 9.573533e-01 1.118030e+00 1.060604e+00 9.118147e-01 9.180221e-01 9.892985e-01 1.002662e-06
<GCONST> 5.955146e+01
<MIXTURE> 52 6.367945e-03
<MEAN> 25
 1.011629e+01 2.044923e+00 -6.186839e+00 -1.428013e+01 -4.223229e+00 8.530910e+00 -2.749630e+00 -3.060225e+00 -4.407969e+00 -2.123919e+00 3.356217e+00 7.428576e-01 -3.851085e-01 -4.801063e-01 -6.972338e-02 1.139161e+00 1.339698e+00 -4.733385e-01 -6.012749e-01 -6.572111e-01 4.340910e-02 1.245143e+00 3.873158e-01 -5.454091e-01 -1.379591e-02
<VARIANCE> 25
 9.333545e+00 2.048128e+01 2.542311e+01 3.859130e+01 4.568159e+01 3.071938e+01 4.652088e+01 4.889777e+01 4.301619e+01 4.605802e+01 3.992234e+01 2.999026e+01 4.503419e-01 1.480274e+00 1.310467e+00 2.757079e+00 2.326264e+00 2.198193e+00 2.987660e+00 2.803630e+00 3.013363e+00 2.669262e+00 2.517624e+00 2.275156e+00 1.545270e-03
<GCONST> 8.973827e+01
<MIXTURE> 53 6.367945e-03
<MEAN> 25
 1.011629e+01 2.044923e+00 -6.186839e+00 -1.428013e+01 -4.223229e+00 8.530910e+00 -2.749630e+00 -3.060225e+00 -4.407969e+00 -2.123919e+00 3.356217e+00 7.428576e-01 -3.851085e-01 -4.801063e-01 -6.972338e-02 1.139161e+00 1.339698e+00 -4.733385e-01 -6.012749e-01 -6.572111e-01 4.340910e-02 1.245143e+00 3.873158e-01 -5.454091e-01 -1.379591e-02
<VARIANCE> 25
 9.333545e+00 2.048128e+01 2.542311e+01 3.859130e+01 4.568159e+01 3.071938e+01 4.652088e+01 4.889777e+01 4.301619e+01 4.605802e+01 3.992234e+01 2.999026e+01 4.503419e-01 1.480274e+00 1.310467e+00 2.757079e+00 2.326264e+00 2.198193e+00 2.987660e+00 2.803630e+00 3.013363e+00 2.669262e+00 2.517624e+00 2.275156e+00 1.545270e-03
<GCONST> 8.973827e+01
<MIXTURE> 54 7.368620e-03
<MEAN> 25
 -3.633801e+00 4.931954e-02 -6.831419e-01 8.036570e+00 6.484003e+00 4.625407e+00 4.675332e+00 4.601055e+00 4.053099e+00 3.593801e+00 4.457477e+00 2.326298e+00 -2.133210e-03 2.653849e-02 3.415401e-02 4.748240e-02 5.136495e-02 4.707923e-02 3.888674e-02 2.892036e-02 3.080963e-02 2.506088e-02 1.452187e-02 1.778039e-03 -1.219590e-05
<VARIANCE> 25
 9.137465e+00 1.036359e+01 9.295803e+00 1.818508e+01 1.332127e+01 1.353345e+01 1.197145e+01 1.128198e+01 1.134292e+01 1.354989e+01 1.780268e+01 1.253449e+01 4.087522e-02 8.734614e-02 1.540843e-01 2.265825e-01 3.079380e-01 3.969485e-01 4.608482e-01 5.215847e-01 5.420835e-01 5.211474e-01 5.144392e-01 5.164422e-01 1.000000e-06
<GCONST> 4.724841e+01
<MIXTURE> 55 7.368620e-03
<MEAN> 25
 -3.633801e+00 4.931954e-02 -6.831419e-01 8.036570e+00 6.484003e+00 4.625407e+00 4.675332e+00 4.601055e+00 4.053099e+00 3.593801e+00 4.457477e+00 2.326298e+00 -2.133210e-03 2.653849e-02 3.415401e-02 4.748240e-02 5.136495e-02 4.707923e-02 3.888674e-02 2.892036e-02 3.080963e-02 2.506088e-02 1.452187e-02 1.778039e-03 -1.219590e-05
<VARIANCE> 25
 9.137465e+00 1.036359e+01 9.295803e+00 1.818508e+01 1.332127e+01 1.353345e+01 1.197145e+01 1.128198e+01 1.134292e+01 1.354989e+01 1.780268e+01 1.253449e+01 4.087522e-02 8.734614e-02 1.540843e-01 2.265825e-01 3.079380e-01 3.969485e-01 4.608482e-01 5.215847e-01 5.420835e-01 5.211474e-01 5.144392e-01 5.164422e-01 1.000000e-06
<GCONST> 4.724841e+01
<MIXTURE> 56 6.132464e-03
<MEAN> 25
 7.422998e+00 -6.474074e+00 -9.083636e+00 -8.191603e+00 3.863118e+00 3.656438e+00 -2.265065e+00 -1.268680e+00 1.965318e+00 7.179605e-01 -2.506196e+00 -7.102275e+00 -1.485085e-02 5.185826e-02 -1.043248e-01 2.302295e-02 2.724280e-01 2.964181e-02 1.050219e-01 -1.240359e-01 -3.689912e-02 -6.315847e-02 -8.251487e-02 6.893646e-03 -6.595474e-03
<VARIANCE> 25
 9.787435e+00 2.528111e+01 2.065883e+01 4.471660e+01 3.218899e+01 5.086717e+01 5.976450e+01 3.659389e+01 3.770568e+01 3.639596e+01 3.880550e+01 3.010325e+01 2.041866e-01 4.414583e-01 4.847673e-01 7.761456e-01 7.863988e-01 1.109658e+00 8.924018e-01 8.965078e-01 8.978176e-01 9.192293e-01 9.979682e-01 7.995623e-01 2.369727e-04
<GCONST> 7.515665e+01
<MIXTURE> 57 6.132464e-03
<MEAN> 25
 7.422998e+00 -6.474074e+00 -9.083636e+00 -8.191603e+00 3.863118e+00 3.656438e+00 -2.265065e+00 -1.268680e+00 1.965318e+00 7.179605e-01 -2.506196e+00 -7.102275e+00 -1.485085e-02 5.185826e-02 -1.043248e-01 2.302295e-02 2.724280e-01 2.964181e-02 1.050219e-01 -1.240359e-01 -3.689912e-02 -6.315847e-02 -8.251487e-02 6.893646e-03 -6.595474e-03
<VARIANCE> 25
 9.787435e+00 2.528111e+01 2.065883e+01 4.471660e+01 3.218899e+01 5.086717e+01 5.976450e+01 3.659389e+01 3.770568e+01 3.639596e+01 3.880550e+01 3.010325e+01 2.041866e-01 4.414583e-01 4.847673e-01 7.761456e-01 7.863988e-01 1.109658e+00 8.924018e-01 8.965078e-01 8.978176e-01 9.192293e-01 9.979682e-01 7.995623e-01 2.369727e-04
<GCONST> 7.515665e+01
<MIXTURE> 58 6.172147e-03
<MEAN> 25
 2.662109e+00 -3.072784e+00 7.265513e+00 -5.568781e+00 -1.272492e+01 -4.961102e+00 1.469147e+00 4.021365e-01 -2.549387e+00 2.003097e+00 7.928226e-01 -1.067991e+00 -3.423605e-02 -1.832621e-01 -6.934482e-02 -1.848975e-01 1.020092e-01 1.975953e-01 4.012445e-01 2.504188e-01 -4.439443e-02 1.169986e-01 -1.289259e-01 -1.170951e-01 -1.769571e-03
<VARIANCE> 25
 7.442328e+00 1.434809e+01 1.890649e+01 2.680876e+01 2.619118e+01 4.656238e+01 3.086340e+01 3.434853e+01 3.073930e+01 2.973645e+01 2.251081e+01 2.019384e+01 3.248320e-01 7.854041e-01 7.431924e-01 1.003517e+00 9.712263e-01 1.141085e+00 1.149524e+00 1.403981e+00 1.132243e+00 1.147277e+00 9.429107e-01 8.491558e-01 6.981488e-04
<GCONST> 7.554997e+01
<MIXTURE> 59 6.172147e-03
<MEAN> 25
 2.662109e+00 -3.072784e+00 7.265513e+00 -5.568781e+00 -1.272492e+01 -4.961102e+00 1.469147e+00 4.021365e-01 -2.549387e+00 2.003097e+00 7.928226e-01 -1.067991e+00 -3.423605e-02 -1.832621e-01 -6.934482e-02 -1.848975e-01 1.020092e-01 1.975953e-01 4.012445e-01 2.504188e-01 -4.439443e-02 1.169986e-01 -1.289259e-01 -1.170951e-01 -1.769571e-03
<VARIANCE> 25
 7.442328e+00 1.434809e+01 1.890649e+01 2.680876e+01 2.619118e+01 4.656238e+01 3.086340e+01 3.434853e+01 3.073930e+01 2.973645e+01 2.251081e+01 2.019384e+01 3.248320e-01 7.854041e-01 7.431924e-01 1.003517e+00 9.712263e-01 1.141085e+00 1.149524e+00 1.403981e+00 1.132243e+00 1.147277e+00 9.429107e-01 8.491558e-01 6.981488e-04
<GCONST> 7.554997e+01
<MIXTURE> 60 4.479129e-03
<MEAN> 25
 -4.249700e+00 -6.681738e-01 -1.088854e+00 3.698694e+00 1.730384e+00 2.109789e+00 1.632346e+00 1.537766e+00 2.157513e+00 1.263566e+00 2.378667e+00 1.915707e+00 -2.870041e-02 5.737432e-02 1.001038e-01 1.308430e-01 1.296597e-01 1.294255e-01 1.780952e-01 3.214693e-01 5.458304e-01 6.639834e-01 5.550923e-01 3.031811e-01 -3.982663e-04
<VARIANCE> 25
 7.048954e+00 4.543015e+00 1.030518e+01 1.128950e+01 1.357236e+01 1.702887e+01 1.400864e+01 1.189158e+01 1.270562e+01 1.321644e+01 1.595447e+01 1.228312e+01 8.706634e-02 1.684962e-01 2.801291e-01 4.315642e-01 5.859026e-01 7.270747e-01 8.282654e-01 8.995405e-01 9.018440e-01 8.355512e-01 8.392258e-01 8.613168e-01 2.299605e-05
<GCONST> 5.635970e+01
<MIXTURE> 61 4.479129e-03
<MEAN> 25
 -4.249700e+00 -6.681738e-01 -1.088854e+00 3.698694e+00 1.730384e+00 2.109789e+00 1.632346e+00 1.537766e+00 2.157513e+00 1.263566e+00 2.378667e+00 1.915707e+00 -2.870041e-02 5.737432e-02 1.001038e-01 1.308430e-01 1.296597e-01 1.294255e-01 1.780952e-01 3.214693e-01 5.458304e-01 6.639834e-01 5.550923e-01 3.031811e-01 -3.982663e-04
<VARIANCE> 25
 7.048954e+00 4.543015e+00 1.030518e+01 1.128950e+01 1.357236e+01 1.702887e+01 1.400864e+01 1.189158e+01 1.270562e+01 1.321644e+01 1.595447e+01 1.228312e+01 8.706634e-02 1.684962e-01 2.801291e-01 4.315642e-01 5.859026e-01 7.270747e-01 8.282654e-01 8.995405e-01 9.018440e-01 8.355512e-01 8.392258e-01 8.613168e-01 2.299605e-05
<GCONST> 5.635970e+01
<MIXTURE> 62 3.278034e-03
<MEAN> 25
 -5.067265e+00 1.248000e+00 1.020750e+00 8.808299e+00 6.128440e+00 5.044805e+00 5.488111e+00 4.006752e+00 4.977398e+00 3.928566e+00 4.962111e+00 2.913376e+00 -1.002549e+00 -1.165669e+00 -9.500448e-01 -2.726113e-01 4.269143e-01 1.004158e+00 1.386586e+00 1.545857e+00 1.468127e+00 1.245876e+00 1.064951e+00 7.219408e-01 -1.245299e-03
<VARIANCE> 25
 9.941355e+00 9.961451e+00 1.305917e+01 1.670692e+01 1.733288e+01 1.745397e+01 1.965267e+01 1.918639e+01 1.881775e+01 1.877241e+01 2.146209e+01 1.512780e+01 4.000886e-01 4.370428e-01 5.584090e-01 7.802107e-01 1.033441e+00 1.187019e+00 1.258574e+00 1.297565e+00 1.351507e+00 1.358836e+00 1.395461e+00 1.368282e+00 1.665095e-05
<GCONST> 6.759400e+01
<MIXTURE> 63 4.351215e-03
<MEAN> 25
 -3.540191e+00 -1.569458e+00 -5.610690e+00 3.007057e+00 3.377590e+00 -2.962421e-01 2.424167e+00 1.453090e+00 2.219326e+00 -7.379947e-01 -1.034206e+00 1.691947e+00 -9.665639e-02 3.683251e-01 4.230632e-01 5.554867e-01 3.242368e-01 3.345183e-01 3.906428e-01 3.360508e-02 2.780684e-01 1.234151e-01 3.129897e-01 2.369254e-01 -4.848335e-03
<VARIANCE> 25
 1.029220e+01 1.942321e+01 2.156503e+01 1.456496e+01 1.605681e+01 2.366794e+01 2.212307e+01 2.286951e+01 2.365301e+01 2.018635e+01 1.791313e+01 1.943730e+01 2.456594e-01 4.047225e-01 8.060256e-01 6.468396e-01 8.544940e-01 1.083718e+00 1.182964e+00 1.354250e+00 1.356912e+00 1.455526e+00 1.279065e+00 1.216068e+00 1.801832e-04
<GCONST> 7.111794e+01
<MIXTURE> 64 4.351215e-03
<MEAN> 25
 -3.540191e+00 -1.569458e+00 -5.610690e+00 3.007057e+00 3.377590e+00 -2.962421e-01 2.424167e+00 1.453090e+00 2.219326e+00 -7.379947e-01 -1.034206e+00 1.691947e+00 -9.665639e-02 3.683251e-01 4.230632e-01 5.554867e-01 3.242368e-01 3.345183e-01 3.906428e-01 3.360508e-02 2.780684e-01 1.234151e-01 3.129897e-01 2.369254e-01 -4.848335e-03
<VARIANCE> 25
 1.029220e+01 1.942321e+01 2.156503e+01 1.456496e+01 1.605681e+01 2.366794e+01 2.212307e+01 2.286951e+01 2.365301e+01 2.018635e+01 1.791313e+01 1.943730e+01 2.456594e-01 4.047225e-01 8.060256e-01 6.468396e-01 8.544940e-01 1.083718e+00 1.182964e+00 1.354250e+00 1.356912e+00 1.455526e+00 1.279065e+00 1.216068e+00 1.801832e-04
<GCONST> 7.111794e+01
<MIXTURE> 65 1.721197e-02
<MEAN> 25
 7.400903e+00 1.751082e+00 1.744837e+00 1.045729e+00 -4.165703e+00 -4.204559e+00 -5.426053e+00 -5.483564e+00 -3.032503e+00 -1.393117e+00 -4.697640e+00 -1.841641e+00 1.374061e-01 1.555398e-01 1.945333e-01 1.076432e-01 -7.245578e-02 2.735471e-01 -7.944325e-02 -2.315097e-01 3.185114e-01 1.314257e-01 -7.104278e-03 -1.740322e-01 -5.432379e-03
<VARIANCE> 25
 1.092959e+01 1.857463e+01 2.357440e+01 3.322217e+01 3.837233e+01 4.943025e+01 5.328593e+01 5.822186e+01 5.140806e+01 5.175467e+01 4.997153e+01 4.465580e+01 5.872110e-01 9.491923e-01 1.590085e+00 1.816890e+00 1.815059e+00 2.127414e+00 2.471728e+00 2.954661e+00 2.499292e+00 2.304174e+00 2.050141e+00 2.096996e+00 3.974069e-04
<GCONST> 8.830247e+01
<MIXTURE> 66 1.191532e-02
<MEAN> 25
 6.621202e+00 -4.064811e+00 -5.161043e+00 -4.168745e+00 1.556966e+00 -4.435365e+00 -7.652981e+00 1.858261e+00 3.333002e-01 -1.997400e+00 -5.607641e+00 -3.364234e+00 5.820926e-02 1.634925e+00 2.337938e+00 2.366551e+00 -1.277896e+00 -1.266070e+00 -2.068962e-01 -6.136889e-01 -3.113421e-01 2.257985e-01 -7.028776e-02 8.636229e-01 -6.025662e-02
<VARIANCE> 25
 7.794549e+00 1.998985e+01 2.569221e+01 3.156090e+01 3.409449e+01 4.897081e+01 5.256985e+01 4.216368e+01 4.910243e+01 5.882543e+01 3.368102e+01 3.200693e+01 1.173985e+00 2.127121e+00 2.125078e+00 2.190641e+00 3.654783e+00 3.743913e+00 4.323468e+00 4.243632e+00 3.918607e+00 5.380051e+00 3.482184e+00 3.152188e+00 1.350804e-03
<GCONST> 9.458507e+01
<MIXTURE> 67 1.559142e-02
<MEAN> 25
 8.977641e+00 2.033591e+00 -5.972651e+00 -8.270174e+00 9.004110e-01 3.075312e+00 -3.319577e+00 -2.243867e+00 -3.769373e+00 7.772429e-01 -5.331105e-02 -1.735628e+00 -1.073581e+00 1.831636e+00 1.060704e+00 3.072638e+00 1.391349e+00 -5.089488e-01 1.300749e+00 1.203361e-01 1.571703e-01 2.517185e-01 -2.756143e-01 6.253218e-01 -1.298656e-01
<VARIANCE> 25
 1.152061e+01 3.882762e+01 3.080269e+01 5.585134e+01 4.912354e+01 5.411551e+01 6.213317e+01 5.278869e+01 6.475175e+01 5.708512e+01 5.574474e+01 4.734650e+01 2.178685e+00 3.463930e+00 3.294189e+00 4.519814e+00 4.520827e+00 4.552197e+00 4.712190e+00 5.070314e+00 5.476782e+00 4.778793e+00 5.131099e+00 3.744123e+00 3.055140e-03
<GCONST> 1.029238e+02
<MIXTURE> 68 1.485092e-02
<MEAN> 25
 -2.118634e+00 -2.239216e+00 -4.465304e+00 2.108632e+00 4.039668e+00 -7.794499e-01 2.096906e+00 1.739013e+00 2.001885e+00 1.223764e+00 1.001776e+00 2.629073e+00 2.784844e+00 3.345374e-01 -8.382679e-02 -2.575972e+00 -2.074788e+00 -1.859302e+00 -2.086412e+00 -1.538677e+00 -1.511335e+00 -1.959386e+00 -1.952748e+00 -7.509306e-01 9.396398e-02
<VARIANCE> 25
 2.571910e+01 2.974522e+01 5.442672e+01 5.372884e+01 5.663322e+01 5.019797e+01 4.304434e+01 3.816301e+01 3.641203e+01 4.180545e+01 3.717870e+01 2.986843e+01 1.752463e+00 3.813715e+00 5.404002e+00 5.327804e+00 5.243854e+00 5.759556e+00 6.007260e+00 4.911079e+00 4.630001e+00 6.959436e+00 4.520597e+00 3.788021e+00 6.104378e-03
<GCONST> 1.035312e+02
<MIXTURE> 69 1.204884e-02
<MEAN> 25
 3.776501e+00 -4.181959e+00 -4.205524e+00 -2.769348e+00 -1.718343e+00 -7.920415e+00 -1.348701e-01 2.422609e+00 5.808994e-01 -7.413958e+00 -3.888573e+00 3.151037e+00 1.669348e+00 -1.874120e+00 -6.217265e-01 -2.361408e+00 -3.118703e-01 -4.179978e-01 -6.065506e-01 9.537714e-01 -4.657109e-01 -1.626521e+00 -1.954262e+00 -1.122082e-01 4.721678e-02
<VARIANCE> 25
 7.298376e+00 1.561508e+01 2.088554e+01 2.334023e+01 3.378528e+01 3.091268e+01 4.259611e+01 2.725761e+01 2.753074e+01 5.044165e+01 2.740465e+01 2.578691e+01 2.476892e+00 2.553033e+00 4.023903e+00 3.520254e+00 5.080561e+00 6.179733e+00 5.736117e+00 4.472328e+00 4.021638e+00 5.300071e+00 3.244487e+00 2.560135e+00 1.998085e-03
<GCONST> 9.482435e+01
<MIXTURE> 70 1.329190e-02
<MEAN> 25
 7.414623e+00 -2.102104e+00 -3.839510e+00 -3.429731e+00 -4.152353e-01 -6.521665e-01 -7.573070e+00 -3.924485e+00 5.333203e-01 2.913991e+00 -1.451519e-01 -4.778032e+00 1.896500e+00 -1.086165e+00 -7.933686e-01 -2.166308e+00 -1.499796e+00 1.055666e+00 -1.318557e+00 -6.540564e-02 3.294005e-01 -1.015463e-01 6.227333e-01 -1.390331e+00 5.738801e-02
<VARIANCE> 25
 1.009769e+01 2.213293e+01 2.776846e+01 4.811362e+01 3.445206e+01 4.311482e+01 4.957623e+01 4.327028e+01 4.565149e+01 3.189891e+01 4.355867e+01 2.711502e+01 3.510841e+00 3.182921e+00 4.627328e+00 4.853358e+00 5.084873e+00 6.781854e+00 6.728737e+00 7.370723e+00 6.126166e+00 5.376718e+00 5.820814e+00 4.287663e+00 2.499035e-03
<GCONST> 1.015757e+02
<MIXTURE> 71 1.406903e-02
<MEAN> 25
 5.405173e+00 4.363538e+00 4.219781e+00 2.317711e+00 -2.243179e+00 -2.978721e+00 -3.743906e+00 -5.213604e+00 -3.867275e+00 -1.200783e+00 -4.338211e+00 -2.293233e+00 -1.586225e+00 -3.884723e-01 -1.590348e-01 -1.837650e+00 9.581555e-01 1.766466e-01 -1.808420e-01 1.480085e+00 4.407580e-01 -3.621788e-01 4.714277e-01 2.277255e-01 3.816480e-02
<VARIANCE> 25
 1.943322e+01 2.480873e+01 2.144207e+01 4.624849e+01 3.935619e+01 3.505099e+01 4.449107e+01 4.659203e+01 3.899661e+01 4.340635e+01 3.382602e+01 3.567995e+01 1.515672e+00 2.942878e+00 4.388076e+00 4.478340e+00 3.987165e+00 4.854805e+00 5.372899e+00 5.017540e+00 4.197214e+00 3.685695e+00 3.373484e+00 2.839606e+00 1.209769e-03
<GCONST> 9.743246e+01
<MIXTURE> 72 8.134747e-03
<MEAN> 25
 3.675476e+00 -3.527063e+00 5.550770e+00 -2.609299e+00 -1.029228e+01 -9.429572e+00 -2.239772e+00 1.935806e+00 -4.812243e+00 -2.095198e+00 -1.832614e+00 6.892282e-01 9.093755e-01 -7.471463e-01 -2.548890e+00 4.426126e-01 2.088236e+00 -6.890407e-01 -1.274656e+00 1.495176e+00 1.846454e+00 -6.607060e-01 -1.253202e+00 3.712675e-01 -5.893262e-03
<VARIANCE> 25
 1.111052e+01 2.027780e+01 3.279549e+01 3.890799e+01 3.227695e+01 3.413818e+01 4.212783e+01 3.555809e+01 4.392223e+01 4.109087e+01 3.813496e+01 2.825572e+01 4.466421e-01 1.070120e+00 2.008870e+00 1.455945e+00 2.233559e+00 2.350862e+00 3.078052e+00 2.716811e+00 2.650920e+00 3.119085e+00 2.051190e+00 2.137644e+00 5.312943e-04
<GCONST> 8.748063e+01
<MIXTURE> 73 1.213625e-02
<MEAN> 25
 -5.411755e+00 -1.173100e+00 -1.646731e+00 5.297628e+00 3.750629e+00 2.689912e+00 5.145690e+00 3.413198e+00 4.586677e+00 3.482708e+00 4.564712e+00 3.260284e+00 9.218383e-01 -9.216633e-01 -9.148680e-01 -2.473734e+00 -1.248381e+00 -1.949410e+00 -1.066204e+00 -4.638359e-01 -9.260480e-01 -1.076606e+00 -9.289895e-01 5.326179e-02 1.365135e-01
<VARIANCE> 25
 1.272893e+01 1.625244e+01 1.465239e+01 2.106075e+01 2.672264e+01 2.307798e+01 1.829045e+01 1.807775e+01 1.605177e+01 1.945487e+01 2.090599e+01 1.496536e+01 3.649176e+00 2.843116e+00 5.159070e+00 4.315716e+00 5.539945e+00 4.761573e+00 4.201499e+00 3.657809e+00 3.760988e+00 4.813485e+00 3.494307e+00 2.929154e+00 5.216638e-03
<GCONST> 9.213953e+01
<MIXTURE> 74 1.756491e-02
<MEAN> 25
 4.106530e+00 -1.182762e+00 4.752190e+00 -1.444044e+00 -7.925655e+00 -8.029593e+00 -1.858414e+00 2.984281e-01 -3.620188e+00 -2.514580e+00 -1.215353e+00 7.764915e-02 2.694154e-01 2.000637e+00 -4.191881e-02 1.848996e+00 1.113008e+00 3.442441e-01 -2.301504e-01 -1.194426e+00 2.995502e-01 2.839170e-01 -1.031989e-01 5.917940e-02 -7.139646e-02
<VARIANCE> 25
 1.243148e+01 2.046724e+01 3.599263e+01 3.766914e+01 3.732316e+01 3.942428e+01 5.437507e+01 4.649314e+01 4.551525e+01 4.200642e+01 3.825037e+01 3.290852e+01 1.915088e+00 1.883968e+00 3.915645e+00 3.027728e+00 3.573107e+00 3.574894e+00 5.359869e+00 4.788787e+00 4.214349e+00 3.965631e+00 3.447163e+00 3.205164e+00 1.838482e-03
<GCONST> 9.698927e+01
<MIXTURE> 75 9.711651e-03
<MEAN> 25
 2.654589e+00 -1.256949e+00 1.098700e+01 1.709105e+00 -1.179602e+01 -7.639630e+00 -4.544433e+00 -4.631751e-01 -4.495080e+00 -4.613337e+00 3.262296e+00 1.604631e-01 1.746382e+00 -1.764167e+00 2.031706e-01 -2.633009e-01 -2.400365e+00 -5.151033e-01 -1.463751e+00 9.679216e-01 -1.535243e-01 -3.565488e-01 1.076180e+00 -6.179402e-01 3.853197e-02
<VARIANCE> 25
 1.114386e+01 1.785559e+01 3.077074e+01 2.804877e+01 2.719960e+01 3.281091e+01 3.159661e+01 3.120516e+01 3.372417e+01 3.205960e+01 2.045657e+01 2.183567e+01 2.378823e+00 1.904238e+00 4.279420e+00 2.506339e+00 3.873900e+00 4.373538e+00 4.155236e+00 3.507426e+00 3.946009e+00 3.381911e+00 3.105361e+00 2.548598e+00 1.540497e-03
<GCONST> 9.235249e+01
<MIXTURE> 76 1.052359e-02
<MEAN> 25
 -4.832951e+00 -1.472156e+00 -3.325492e+00 4.280969e+00 4.092993e+00 2.581825e+00 3.364205e+00 2.198208e+00 1.941468e+00 8.651733e-01 1.212242e+00 1.317525e+00 3.461086e-02 -5.461193e-01 -5.104256e-01 -8.661020e-01 -5.506083e-01 -7.326375e-01 -7.535245e-01 5.070562e-02 -4.351859e-01 -7.158455e-01 -3.679175e-01 2.391385e-02 2.447993e-02
<VARIANCE> 25
 3.430658e+01 3.139927e+01 2.697556e+01 2.318936e+01 2.582030e+01 2.566620e+01 2.707947e+01 2.425495e+01 2.192239e+01 2.233004e+01 2.222557e+01 2.185554e+01 9.416544e-01 1.070585e+00 1.719498e+00 1.309685e+00 1.121642e+00 1.572197e+00 1.572523e+00 1.856525e+00 1.420418e+00 1.789729e+00 1.665146e+00 1.304593e+00 1.232026e-03
<GCONST> 8.219882e+01
<MIXTURE> 77 1.244626e-02
<MEAN> 25
 -9.173879e-01 7.935847e+00 1.070209e+01 -1.119957e+01 -5.905923e+00 1.107255e+00 -8.211990e+00 -6.488236e+00 -2.288272e+00 1.208293e-01 -3.518157e+00 -1.066795e+00 2.382326e-02 1.747330e-01 7.418934e-02 2.123913e-01 -2.084558e-01 8.643467e-02 1.272632e-01 -9.092002e-02 -3.019109e-01 -4.744624e-03 -3.305018e-02 -6.991106e-02 -5.976046e-03
<VARIANCE> 25
 8.504327e+00 1.679585e+01 2.814750e+01 3.717320e+01 2.982286e+01 2.718293e+01 4.053526e+01 3.877822e+01 3.375119e+01 2.578724e+01 3.711990e+01 2.884509e+01 3.101250e-01 7.611738e-01 7.279044e-01 9.927866e-01 1.113959e+00 9.419792e-01 1.169282e+00 1.241516e+00 1.436174e+00 9.834039e-01 1.019723e+00 9.333426e-01 4.817930e-04
<GCONST> 7.697472e+01
<MIXTURE> 78 9.702551e-03
<MEAN> 25
 -1.127071e+01 1.209415e+00 -1.541009e+00 2.154729e+00 4.382226e+00 -2.160916e+00 3.497818e+00 2.640637e+00 2.645044e+00 7.390435e-01 -5.141101e-01 3.108000e+00 2.327977e+00 -2.874762e-01 2.243142e-01 5.686002e-01 -4.286229e-02 5.185281e-02 -3.030571e-01 -1.084568e-01 1.982226e-01 1.293616e-01 -3.917564e-01 -4.715891e-01 -6.018783e-02
<VARIANCE> 25
 4.342150e+01 3.275840e+01 3.334706e+01 3.366958e+01 3.902457e+01 3.708257e+01 3.883995e+01 3.260612e+01 2.756619e+01 2.774744e+01 2.748568e+01 2.011507e+01 4.970428e+00 2.563357e+00 2.876377e+00 3.117314e+00 2.797695e+00 3.579128e+00 3.323821e+00 2.901428e+00 2.336922e+00 2.364649e+00 2.242483e+00 2.115859e+00 4.682370e-03
<GCONST> 9.481786e+01
<MIXTURE> 79 1.156824e-02
<MEAN> 25
 1.174514e+00 1.217440e+00 7.982962e+00 -6.678858e+00 -9.221582e+00 -4.778303e-01 -1.114912e+00 -6.727305e+00 -4.785236e+00 6.760257e-01 -3.078207e+00 -3.644146e+00 1.156630e+00 -8.641993e-01 -8.682017e-01 2.483754e+00 3.974889e-01 -9.117180e-01 3.793447e-01 9.964008e-01 -1.229776e+00 -2.899794e-01 4.256855e-01 -2.779461e-01 -3.435012e-02
<VARIANCE> 25
 1.172242e+01 1.672511e+01 3.177325e+01 4.237028e+01 3.844855e+01 4.299413e+01 3.869481e+01 4.056564e+01 3.438612e+01 3.342045e+01 4.180530e+01 2.450712e+01 8.128644e-01 2.284345e+00 1.923670e+00 1.818242e+00 1.826508e+00 2.699202e+00 3.394226e+00 3.419578e+00 3.607172e+00 3.067309e+00 2.031441e+00 2.141750e+00 8.351961e-04
<GCONST> 8.988244e+01
<MIXTURE> 80 7.550998e-03
<MEAN> 25
 -1.433639e+01 4.170848e+00 3.340970e-01 3.415434e+00 2.006996e+00 1.540940e+00 6.118581e+00 2.354211e+00 3.055403e+00 2.482143e+00 5.007178e+00 1.363313e+00 4.187714e+00 -1.290881e-01 1.474818e+00 -1.184145e+00 -2.727250e+00 -2.812278e+00 -2.212113e+00 -1.937495e+00 -1.902699e+00 -1.885527e+00 -1.581797e+00 -4.066491e-01 -4.227741e-02
<VARIANCE> 25
 2.073029e+01 1.914183e+01 3.431545e+01 3.692814e+01 3.116745e+01 2.765695e+01 2.783161e+01 2.708537e+01 2.676398e+01 2.723354e+01 2.553827e+01 1.745758e+01 2.381503e+00 2.684726e+00 2.974503e+00 3.915428e+00 3.562163e+00 2.566832e+00 3.027025e+00 3.108148e+00 2.655262e+00 3.189038e+00 2.679280e+00 2.580297e+00 1.483711e-03
<GCONST> 9.147232e+01
<MIXTURE> 81 8.025434e-03
<MEAN> 25
 -1.302754e+00 3.363879e+00 8.843196e+00 -1.333313e+01 -7.389440e+00 -8.848790e-01 -3.785034e+00 -7.263914e+00 -2.061594e+00 1.188998e-01 -6.112601e+00 -9.834272e-01 7.734238e-02 -5.573041e-01 -1.675703e-01 -2.478298e-01 -4.411018e-01 1.496954e-01 5.015898e-01 -3.148375e-01 3.197644e-02 -3.348025e-01 -4.611944e-01 -5.622230e-01 8.608254e-03
<VARIANCE> 25
 7.059429e+00 2.458836e+01 2.216341e+01 2.545213e+01 2.931703e+01 2.484495e+01 5.024807e+01 3.436730e+01 3.566528e+01 2.573381e+01 2.491090e+01 2.771581e+01 7.368194e-01 2.070688e+00 1.297229e+00 2.765031e+00 2.007828e+00 2.152086e+00 3.251620e+00 2.717172e+00 3.955374e+00 3.073633e+00 1.868390e+00 2.148156e+00 9.212612e-04
<GCONST> 8.708284e+01
<MIXTURE> 82 8.213053e-03
<MEAN> 25
 -9.886338e+00 -3.847059e+00 1.667255e+00 -2.963407e+00 3.142009e+00 6.842521e-01 1.894549e+00 9.994973e-01 2.992263e+00 1.746177e+00 1.700840e+00 3.112251e+00 -1.313398e+00 -1.176511e-01 2.891247e-01 -2.605968e+00 -1.103703e+00 -1.240884e+00 -1.014497e+00 -8.518595e-01 -3.092937e-01 -4.899780e-01 -3.344298e-01 -9.197587e-02 1.772792e-01
<VARIANCE> 25
 1.857212e+01 2.530159e+01 3.223894e+01 3.071507e+01 3.291127e+01 3.208866e+01 3.303683e+01 3.323332e+01 3.067242e+01 2.500443e+01 3.080174e+01 1.749973e+01 3.736113e+00 3.029896e+00 3.296934e+00 3.243368e+00 3.534163e+00 3.339337e+00 2.930339e+00 3.035538e+00 2.782225e+00 2.488038e+00 2.473094e+00 1.855571e+00 3.554736e-03
<GCONST> 9.316193e+01
<MIXTURE> 83 1.167529e-02
<MEAN> 25
 -2.003982e+01 5.504568e+00 -1.790718e+00 -4.035714e-01 7.828436e+00 -1.233528e+00 5.460025e+00 3.043678e+00 1.192711e+00 2.191559e+00 7.249737e-01 2.881327e+00 -2.621532e-02 -4.502275e-01 4.952594e-03 -3.655992e-01 -4.974980e-01 -1.259449e-01 -1.343791e-01 -9.936906e-02 -4.151181e-02 -3.927175e-02 -3.048959e-02 -3.453716e-02 4.400003e-03
<VARIANCE> 25
 8.825824e+00 1.645379e+01 2.851915e+01 2.250099e+01 2.128399e+01 2.408588e+01 2.202667e+01 2.336698e+01 2.042964e+01 2.221983e+01 2.319568e+01 1.448766e+01 1.060878e+00 9.361576e-01 1.240824e+00 1.065567e+00 1.359355e+00 1.291436e+00 1.283321e+00 1.388067e+00 1.348897e+00 1.311063e+00 1.220703e+00 1.071811e+00 8.923699e-04
<GCONST> 7.703748e+01
<MIXTURE> 84 1.066614e-02
<MEAN> 25
 1.163532e+00 8.448549e+00 6.433186e+00 7.860582e+00 2.450178e+00 -1.063062e+00 -1.511252e+00 -4.316946e+00 -3.453526e+00 -3.008425e+00 -2.147621e+00 -1.894497e+00 -1.553289e+00 -1.158305e+00 -1.394840e+00 1.306227e+00 2.113121e+00 1.471930e+00 1.845495e+00 1.127344e+00 1.098442e+00 2.944567e-01 4.738666e-01 1.700891e-01 -6.923694e-02
<VARIANCE> 25
 2.201576e+01 2.031129e+01 2.570778e+01 2.160791e+01 2.698385e+01 2.517238e+01 3.045733e+01 2.350456e+01 2.689849e+01 2.589983e+01 2.212528e+01 2.316710e+01 2.153283e+00 2.266976e+00 3.794433e+00 2.960388e+00 3.058581e+00 3.179122e+00 3.998209e+00 3.242511e+00 3.439711e+00 3.051749e+00 3.202461e+00 2.926271e+00 3.139128e-03
<GCONST> 9.191596e+01
<MIXTURE> 85 7.591393e-03
<MEAN> 25
 -3.107756e+00 7.888926e+00 5.719743e+00 1.288255e+00 -3.491699e+00 -5.323227e+00 -2.981942e+00 -6.119674e+00 -3.539780e+00 -3.181514e+00 -4.777686e-01 -1.898378e+00 3.941803e+00 3.245391e-01 1.755795e+00 -2.090486e+00 -3.413261e+00 -2.582995e+00 -2.885464e+00 -2.340475e+00 -2.248152e+00 -1.264047e+00 -2.301965e+00 -6.154473e-01 9.196660e-03
<VARIANCE> 25
 4.247114e+01 2.346061e+01 3.651296e+01 3.822694e+01 3.973748e+01 4.117621e+01 3.215918e+01 2.788810e+01 2.664571e+01 2.612120e+01 2.621881e+01 2.056254e+01 2.707948e+00 4.324138e+00 4.057867e+00 5.182246e+00 4.409319e+00 3.880205e+00 3.853084e+00 3.988384e+00 3.849376e+00 4.040654e+00 3.941251e+00 3.484308e+00 5.443691e-03
<GCONST> 9.835561e+01
<MIXTURE> 86 1.273941e-02
<MEAN> 25
 -4.839319e+00 -1.179533e+00 -7.925754e-01 6.311013e+00 5.120496e+00 4.704155e+00 5.214906e+00 4.284328e+00 4.510615e+00 4.140956e+00 5.384763e+00 2.705920e+00 -3.359625e-02 -3.453033e-02 -6.129543e-02 -1.396511e-02 -8.121832e-02 -1.897444e-01 -2.728954e-01 -3.519866e-01 -3.369622e-01 -3.240772e-01 -2.605971e-01 -7.869147e-02 8.731119e-05
<VARIANCE> 25
 8.051010e+00 5.448519e+00 9.603248e+00 1.186569e+01 1.555014e+01 1.384131e+01 1.330940e+01 1.461760e+01 1.324836e+01 1.494090e+01 1.385691e+01 1.230552e+01 1.145684e-01 2.065531e-01 3.234602e-01 5.358433e-01 6.449692e-01 7.144097e-01 7.162915e-01 7.492172e-01 8.067347e-01 8.621318e-01 9.036332e-01 8.895526e-01 6.376804e-05
<GCONST> 5.839770e+01
<MIXTURE> 87 1.100681e-02
<MEAN> 25
 -2.971672e+00 4.479742e+00 3.291650e+00 7.167719e+00 5.499419e+00 1.212250e+00 1.633030e+00 -1.207088e+00 -4.625648e-01 -3.478816e-01 -4.092147e-01 -3.727449e-01 -2.009468e+00 -2.716250e+00 -1.938465e+00 -2.099221e+00 -1.948505e-01 -2.218598e-01 7.217835e-01 1.349570e+00 1.168383e+00 1.002438e+00 9.632794e-01 1.031841e+00 9.990910e-02
<VARIANCE> 25
 3.630416e+01 2.856533e+01 2.659971e+01 3.189020e+01 2.670456e+01 3.083333e+01 2.638894e+01 2.720243e+01 2.472137e+01 2.653751e+01 2.540487e+01 2.372230e+01 3.788083e+00 2.609111e+00 3.948557e+00 3.585189e+00 4.864612e+00 4.103665e+00 4.070612e+00 3.631377e+00 4.064342e+00 3.202151e+00 3.407996e+00 2.757205e+00 4.840712e-03
<GCONST> 9.591553e+01
<MIXTURE> 88 1.256585e-02
<MEAN> 25
 -2.737274e+00 -1.091329e+00 -1.300348e+00 6.017561e+00 5.159654e+00 3.677676e+00 4.079532e+00 1.911700e+00 2.958207e+00 3.030925e+00 3.022920e+00 2.127275e+00 -4.575270e-02 -2.837391e-01 6.904238e-02 1.963299e-01 2.995466e-01 3.270303e-01 -9.286663e-03 8.512532e-02 -2.000473e-01 -3.245390e-01 -4.065715e-01 7.713281e-03 1.263941e-03
<VARIANCE> 25
 1.099396e+01 1.110091e+01 1.256412e+01 1.325705e+01 1.547592e+01 1.637847e+01 1.543751e+01 2.118023e+01 1.490474e+01 1.693093e+01 1.764324e+01 1.361957e+01 1.071957e+00 1.930731e+00 1.998238e+00 1.799889e+00 2.073274e+00 2.303767e+00 2.298973e+00 2.666507e+00 2.191033e+00 3.696548e+00 2.706519e+00 1.910519e+00 1.577092e-03
<GCONST> 8.087141e+01
<MIXTURE> 89 9.333527e-03
<MEAN> 25
 6.080834e+00 -6.803453e+00 -3.533491e+00 -3.130176e+00 -1.589713e+00 -5.575669e+00 -6.122868e+00 4.097574e+00 3.449331e+00 -2.783964e+00 -6.020281e+00 -3.287823e+00 -5.705168e-01 1.579381e-01 1.986857e+00 8.907600e-01 -1.864042e+00 -1.639873e+00 8.813099e-01 1.252752e+00 -7.814056e-01 -1.310802e+00 4.034197e-01 1.531389e+00 -4.836715e-03
<VARIANCE> 25
 8.985668e+00 2.672002e+01 3.106084e+01 3.036021e+01 3.598425e+01 4.150974e+01 5.953550e+01 4.196334e+01 3.913045e+01 4.229816e+01 3.567299e+01 3.224955e+01 3.548588e-01 8.406559e-01 1.473727e+00 1.368566e+00 1.915386e+00 2.137467e+00 2.573308e+00 2.060403e+00 2.252587e+00 2.135952e+00 2.319178e+00 1.468469e+00 3.665785e-04
<GCONST> 8.532366e+01
<MIXTURE> 90 7.114505e-03
<MEAN> 25
 1.985648e+00 -8.730580e+00 -4.159211e+00 -3.095421e+00 -2.175070e+00 -1.007343e+00 2.836787e+00 3.582668e+00 -7.965923e+00 -8.618977e+00 -2.610939e+00 -3.553591e-01 -1.353294e-01 9.173547e-01 1.060100e+00 -8.638688e-01 -1.591377e+00 -8.873253e-02 6.948584e-01 -4.969036e-01 2.075124e-01 1.055872e+00 6.574621e-02 -5.488955e-01 -9.871742e-03
<VARIANCE> 25
 7.271279e+00 1.686425e+01 1.738270e+01 2.371388e+01 3.459657e+01 2.877815e+01 3.526104e+01 4.258344e+01 2.927033e+01 2.896752e+01 2.330025e+01 2.079405e+01 2.489702e-01 4.827443e-01 9.698659e-01 1.213339e+00 1.400965e+00 1.633544e+00 1.636895e+00 1.903265e+00 2.129608e+00 1.694077e+00 1.517751e+00 1.065378e+00 2.136529e-04
<GCONST> 7.724193e+01
<MIXTURE> 91 7.852945e-03
<MEAN> 25
 6.173102e+00 -7.280158e+00 -8.329158e+00 -4.592496e+00 3.915859e+00 -3.322515e-01 -2.377645e+00 1.224921e+00 7.335671e-01 -2.920669e+00 -4.655365e+00 -4.811086e+00 2.976236e-01 9.909073e-01 3.110576e-01 4.732007e-01 -9.463310e-02 -5.530912e-01 -4.836873e-01 -1.755024e-01 -1.612005e-01 6.231309e-01 -3.304674e-02 3.862987e-03 -3.400252e-02
<VARIANCE> 25
 9.617647e+00 2.159721e+01 1.922387e+01 4.058308e+01 3.438536e+01 5.009949e+01 5.073053e+01 3.817854e+01 4.805759e+01 5.881033e+01 3.514487e+01 3.886499e+01 4.429755e-01 8.053044e-01 1.252269e+00 1.280518e+00 2.071937e+00 2.185915e+00 2.336636e+00 2.221405e+00 2.199416e+00 2.265876e+00 1.886192e+00 2.012749e+00 5.454728e-04
<GCONST> 8.615451e+01
<MIXTURE> 92 7.852945e-03
<MEAN> 25
 6.173102e+00 -7.280158e+00 -8.329158e+00 -4.592496e+00 3.915859e+00 -3.322515e-01 -2.377645e+00 1.224921e+00 7.335671e-01 -2.920669e+00 -4.655365e+00 -4.811086e+00 2.976236e-01 9.909073e-01 3.110576e-01 4.732007e-01 -9.463310e-02 -5.530912e-01 -4.836873e-01 -1.755024e-01 -1.612005e-01 6.231309e-01 -3.304674e-02 3.862987e-03 -3.400252e-02
<VARIANCE> 25
 9.617647e+00 2.159721e+01 1.922387e+01 4.058308e+01 3.438536e+01 5.009949e+01 5.073053e+01 3.817854e+01 4.805759e+01 5.881033e+01 3.514487e+01 3.886499e+01 4.429755e-01 8.053044e-01 1.252269e+00 1.280518e+00 2.071937e+00 2.185915e+00 2.336636e+00 2.221405e+00 2.199416e+00 2.265876e+00 1.886192e+00 2.012749e+00 5.454728e-04
<GCONST> 8.615451e+01
<MIXTURE> 93 6.122769e-03
<MEAN> 25
 -6.825819e+00 -9.612056e-01 -2.402231e+00 5.798120e+00 5.908294e+00 3.922797e+00 6.123493e+00 3.609040e+00 4.119614e+00 2.509350e+00 1.818382e+00 3.705910e+00 -6.164000e-02 -1.543872e-01 -2.573870e-01 -3.317066e-01 -3.337587e-01 -2.844732e-01 -2.177871e-01 -1.742780e-01 -1.667204e-01 -1.506447e-01 -1.044153e-01 -3.554936e-02 -3.837683e-06
<VARIANCE> 25
 9.093901e+00 6.027777e+00 8.185111e+00 1.136881e+01 1.149258e+01 1.598249e+01 1.527640e+01 1.644382e+01 1.475774e+01 1.454170e+01 1.678724e+01 1.344866e+01 8.272374e-02 1.533694e-01 2.637162e-01 3.805642e-01 4.977629e-01 6.423341e-01 7.793725e-01 8.873125e-01 9.166239e-01 8.761251e-01 8.923470e-01 9.178919e-01 1.000000e-06
<GCONST> 5.360219e+01
<MIXTURE> 94 6.122769e-03
<MEAN> 25
 -6.825819e+00 -9.612056e-01 -2.402231e+00 5.798120e+00 5.908294e+00 3.922797e+00 6.123493e+00 3.609040e+00 4.119614e+00 2.509350e+00 1.818382e+00 3.705910e+00 -6.164000e-02 -1.543872e-01 -2.573870e-01 -3.317066e-01 -3.337587e-01 -2.844732e-01 -2.177871e-01 -1.742780e-01 -1.667204e-01 -1.506447e-01 -1.044153e-01 -3.554936e-02 -3.837683e-06
<VARIANCE> 25
 9.093901e+00 6.027777e+00 8.185111e+00 1.136881e+01 1.149258e+01 1.598249e+01 1.527640e+01 1.644382e+01 1.475774e+01 1.454170e+01 1.678724e+01 1.344866e+01 8.272374e-02 1.533694e-01 2.637162e-01 3.805642e-01 4.977629e-01 6.423341e-01 7.793725e-01 8.873125e-01 9.166239e-01 8.761251e-01 8.923470e-01 9.178919e-01 1.000000e-06
<GCONST> 5.360219e+01
<MIXTURE> 95 5.258835e-03
<MEAN> 25
 -5.822777e+00 -7.359003e-01 -1.992329e+00 4.896993e+00 4.224967e+00 2.809191e+00 4.169610e+00 1.659504e+00 2.224153e+00 8.789533e-01 1.199413e+00 2.590404e+00 1.449406e-01 1.461842e-01 8.398286e-02 -8.222773e-02 -3.773622e-01 -7.175428e-01 -1.055410e+00 -1.280607e+00 -1.263010e+00 -9.916880e-01 -6.498683e-01 -3.068383e-01 -1.305352e-04
<VARIANCE> 25
 1.025628e+01 6.492796e+00 1.225299e+01 1.277177e+01 1.397231e+01 1.831073e+01 1.790588e+01 1.689503e+01 1.540783e+01 1.546841e+01 1.998137e+01 1.437533e+01 2.097966e-01 2.933962e-01 4.555938e-01 6.302315e-01 8.006482e-01 8.961521e-01 9.114264e-01 9.256233e-01 9.709844e-01 1.075728e+00 1.158908e+00 1.114359e+00 4.217066e-05
<GCONST> 6.327706e+01
<MIXTURE> 96 7.034694e-03
<MEAN> 25
 -5.094895e+00 -4.527660e-01 -2.247406e+00 5.163203e+00 3.866162e+00 1.790927e+00 3.540185e+00 1.804225e+00 2.453119e+00 9.499100e-01 1.146587e+00 2.834445e+00 -2.970018e-02 8.799279e-02 2.135526e-01 4.059213e-01 5.385967e-01 4.998796e-01 2.464671e-01 -1.268659e-01 -4.627290e-01 -6.521043e-01 -6.078447e-01 -3.668894e-01 -1.669575e-05
<VARIANCE> 25
 1.101821e+01 9.735666e+00 1.292430e+01 1.427916e+01 1.501671e+01 1.951566e+01 1.807672e+01 1.929552e+01 1.800021e+01 1.660404e+01 1.976311e+01 1.455142e+01 1.204077e-01 2.181958e-01 3.166191e-01 3.977235e-01 4.947738e-01 6.604131e-01 8.674091e-01 9.962919e-01 9.582257e-01 8.642079e-01 8.876967e-01 9.412232e-01 1.002136e-06
<GCONST> 5.757912e+01
<MIXTURE> 97 7.034694e-03
<MEAN> 25
 -5.094895e+00 -4.527660e-01 -2.247406e+00 5.163203e+00 3.866162e+00 1.790927e+00 3.540185e+00 1.804225e+00 2.453119e+00 9.499100e-01 1.146587e+00 2.834445e+00 -2.970018e-02 8.799279e-02 2.135526e-01 4.059213e-01 5.385967e-01 4.998796e-01 2.464671e-01 -1.268659e-01 -4.627290e-01 -6.521043e-01 -6.078447e-01 -3.668894e-01 -1.669575e-05
<VARIANCE> 25
 1.101821e+01 9.735666e+00 1.292430e+01 1.427916e+01 1.501671e+01 1.951566e+01 1.807672e+01 1.929552e+01 1.800021e+01 1.660404e+01 1.976311e+01 1.455142e+01 1.204077e-01 2.181958e-01 3.166191e-01 3.977235e-01 4.947738e-01 6.604131e-01 8.674091e-01 9.962919e-01 9.582257e-01 8.642079e-01 8.876967e-01 9.412232e-01 1.002136e-06
<GCONST> 5.757912e+01
<MIXTURE> 98 9.917808e-03
<MEAN> 25
 -7.868104e-01 1.235204e+00 -1.768180e-01 5.310118e+00 3.733631e+00 2.458580e+00 3.036243e+00 1.062833e+00 1.907060e+00 9.926763e-01 1.557065e+00 2.420255e-01 -1.434072e+00 -1.394310e+00 -9.497886e-01 1.203808e-01 6.702572e-01 8.973033e-01 1.421111e+00 1.277568e+00 1.341669e+00 1.437224e+00 1.071727e+00 7.366135e-01 -3.126207e-02
<VARIANCE> 25
 1.230860e+01 1.948430e+01 2.736827e+01 2.772611e+01 3.287976e+01 2.914097e+01 2.594860e+01 2.720634e+01 2.536037e+01 2.642258e+01 2.518763e+01 2.483044e+01 1.378247e+00 1.449403e+00 2.088674e+00 1.891710e+00 2.482349e+00 2.510294e+00 2.661930e+00 2.349479e+00 2.728668e+00 3.017811e+00 2.543428e+00 2.050023e+00 2.194664e-03
<GCONST> 8.779581e+01
<MIXTURE> 99 6.696178e-03
<MEAN> 25
 -6.077967e+00 9.842836e+00 6.476828e+00 3.301427e+00 9.016663e-01 -5.060646e+00 -1.980388e+00 -4.167665e+00 -3.291637e+00 -3.456152e+00 -1.373578e+00 2.383359e-01 5.668721e-01 -7.183993e-01 4.302873e-01 -3.282329e-01 -1.123325e+00 -4.957922e-01 -3.241825e-01 -3.143604e-01 -1.328083e-01 4.018260e-03 2.121582e-01 1.095128e-01 8.347488e-03
<VARIANCE> 25
 3.599156e+01 2.440469e+01 4.819159e+01 3.361040e+01 3.488543e+01 3.435359e+01 2.744271e+01 2.859953e+01 2.663296e+01 2.770769e+01 2.095293e+01 2.839028e+01 2.101699e+00 1.827276e+00 1.612056e+00 1.777947e+00 2.534242e+00 2.018779e+00 1.782846e+00 1.682619e+00 1.528637e+00 1.586871e+00 1.271035e+00 1.292745e+00 1.563385e-03
<GCONST> 8.691279e+01
<MIXTURE> 100 4.498084e-03
<MEAN> 25
 -1.589587e+00 6.326637e+00 1.025251e+01 -7.467678e+00 -1.069586e+01 -5.022502e+00 -4.927752e+00 -9.911942e+00 -4.705246e+00 -8.133176e-01 -2.690579e+00 -2.716075e+00 2.901110e+00 -1.267891e+00 1.303536e+00 -2.130110e+00 -3.388445e+00 -7.778932e-01 -1.184707e+00 -8.177568e-01 -1.479016e+00 3.566076e-01 -1.640224e+00 -2.902862e-01 1.694643e-03
<VARIANCE> 25
 1.346826e+01 2.086953e+01 2.230762e+01 2.615833e+01 2.343222e+01 2.366591e+01 2.887683e+01 2.182111e+01 2.726236e+01 2.258612e+01 2.232901e+01 2.113196e+01 1.801045e+00 3.913604e+00 2.894625e+00 4.487813e+00 4.209054e+00 4.489911e+00 4.075393e+00 4.299834e+00 4.130570e+00 3.871257e+00 3.885952e+00 3.191584e+00 1.663496e-03
<GCONST> 9.250893e+01
<MIXTURE> 101 6.007792e-03
<MEAN> 25
 8.086453e+00 -3.487494e+00 -6.311695e+00 -6.830115e+00 8.430768e-01 -1.263723e+00 -1.057829e+01 -2.041527e+00 1.621684e+00 2.708808e+00 -2.386877e+00 -5.126336e+00 6.740307e-01 6.508046e-01 -1.449342e+00 -1.605639e+00 1.029952e+00 2.312153e+00 1.952160e-01 -1.459496e+00 -1.060668e+00 1.038379e+00 1.370281e+00 -4.198793e-01 -4.854501e-03
<VARIANCE> 25
 9.275810e+00 1.668010e+01 2.977567e+01 4.314647e+01 3.615587e+01 3.572343e+01 3.696256e+01 3.624183e+01 3.776263e+01 4.392666e+01 5.165334e+01 2.425786e+01 2.941742e-01 6.677799e-01 1.190639e+00 1.555337e+00 1.685093e+00 2.105264e+00 2.081880e+00 1.987868e+00 2.347524e+00 2.211663e+00 1.783410e+00 1.937164e+00 3.450784e-04
<GCONST> 8.364828e+01
<MIXTURE> 102 6.007792e-03
<MEAN> 25
 8.086453e+00 -3.487494e+00 -6.311695e+00 -6.830115e+00 8.430768e-01 -1.263723e+00 -1.057829e+01 -2.041527e+00 1.621684e+00 2.708808e+00 -2.386877e+00 -5.126336e+00 6.740307e-01 6.508046e-01 -1.449342e+00 -1.605639e+00 1.029952e+00 2.312153e+00 1.952160e-01 -1.459496e+00 -1.060668e+00 1.038379e+00 1.370281e+00 -4.198793e-01 -4.854501e-03
<VARIANCE> 25
 9.275810e+00 1.668010e+01 2.977567e+01 4.314647e+01 3.615587e+01 3.572343e+01 3.696256e+01 3.624183e+01 3.776263e+01 4.392666e+01 5.165334e+01 2.425786e+01 2.941742e-01 6.677799e-01 1.190639e+00 1.555337e+00 1.685093e+00 2.105264e+00 2.081880e+00 1.987868e+00 2.347524e+00 2.211663e+00 1.783410e+00 1.937164e+00 3.450784e-04
<GCONST> 8.364828e+01
<MIXTURE> 103 5.694618e-03
<MEAN> 25
 2.847085e+00 -9.291698e+00 -3.881414e+00 -2.351497e+00 -3.991913e-01 -6.964482e-01 1.532888e+00 4.596191e+00 -5.399293e+00 -9.949323e+00 -4.700832e+00 1.252587e+00 -1.583200e-01 -1.204236e+00 -9.178537e-01 2.747582e-01 1.084992e+00 7.781658e-01 1.603734e-01 1.775572e-01 -1.149616e+00 -5.107315e-01 1.412876e-01 -5.904809e-02 2.257961e-02
<VARIANCE> 25
 9.412337e+00 1.733653e+01 2.648696e+01 2.844292e+01 4.155517e+01 2.977096e+01 3.573903e+01 3.670743e+01 5.476867e+01 2.795832e+01 2.485688e+01 3.028126e+01 6.497914e-01 1.373450e+00 1.493230e+00 1.839923e+00 3.231957e+00 3.248173e+00 3.132688e+00 2.407930e+00 3.087972e+00 2.768534e+00 1.990484e+00 1.992315e+00 6.421363e-04
<GCONST> 8.736513e+01
<MIXTURE> 104 5.694618e-03
<MEAN> 25
 2.847085e+00 -9.291698e+00 -3.881414e+00 -2.351497e+00 -3.991913e-01 -6.964482e-01 1.532888e+00 4.596191e+00 -5.399293e+00 -9.949323e+00 -4.700832e+00 1.252587e+00 -1.583200e-01 -1.204236e+00 -9.178537e-01 2.747582e-01 1.084992e+00 7.781658e-01 1.603734e-01 1.775572e-01 -1.149616e+00 -5.107315e-01 1.412876e-01 -5.904809e-02 2.257961e-02
<VARIANCE> 25
 9.412337e+00 1.733653e+01 2.648696e+01 2.844292e+01 4.155517e+01 2.977096e+01 3.573903e+01 3.670743e+01 5.476867e+01 2.795832e+01 2.485688e+01 3.028126e+01 6.497914e-01 1.373450e+00 1.493230e+00 1.839923e+00 3.231957e+00 3.248173e+00 3.132688e+00 2.407930e+00 3.087972e+00 2.768534e+00 1.990484e+00 1.992315e+00 6.421363e-04
<GCONST> 8.736513e+01
<MIXTURE> 105 4.710235e-03
<MEAN> 25
 2.173040e+00 -1.465061e+00 9.094670e+00 -2.763948e+00 -1.138216e+01 -4.986190e+00 -4.122199e+00 -8.218393e-01 -3.650136e+00 -3.254671e+00 1.422894e+00 -1.092293e+00 -9.260284e-04 2.604949e-02 2.711334e-02 -6.340788e-02 -1.798306e-03 5.753811e-02 -5.481899e-03 5.225030e-02 -3.341338e-02 4.312072e-02 3.341663e-02 -3.127823e-02 -1.997995e-03
<VARIANCE> 25
 1.352703e+01 2.791450e+01 4.094126e+01 4.683962e+01 3.942835e+01 5.218214e+01 4.024768e+01 4.347805e+01 3.997359e+01 4.167528e+01 4.107988e+01 3.008781e+01 8.941674e-02 1.864749e-01 3.485225e-01 2.995379e-01 3.647649e-01 4.239474e-01 4.627658e-01 4.899724e-01 4.883808e-01 4.473065e-01 4.169255e-01 3.897876e-01 8.837940e-05
<GCONST> 6.669782e+01
<MIXTURE> 106 4.710235e-03
<MEAN> 25
 2.173040e+00 -1.465061e+00 9.094670e+00 -2.763948e+00 -1.138216e+01 -4.986190e+00 -4.122199e+00 -8.218393e-01 -3.650136e+00 -3.254671e+00 1.422894e+00 -1.092293e+00 -9.260284e-04 2.604949e-02 2.711334e-02 -6.340788e-02 -1.798306e-03 5.753811e-02 -5.481899e-03 5.225030e-02 -3.341338e-02 4.312072e-02 3.341663e-02 -3.127823e-02 -1.997995e-03
<VARIANCE> 25
 1.352703e+01 2.791450e+01 4.094126e+01 4.683962e+01 3.942835e+01 5.218214e+01 4.024768e+01 4.347805e+01 3.997359e+01 4.167528e+01 4.107988e+01 3.008781e+01 8.941674e-02 1.864749e-01 3.485225e-01 2.995379e-01 3.647649e-01 4.239474e-01 4.627658e-01 4.899724e-01 4.883808e-01 4.473065e-01 4.169255e-01 3.897876e-01 8.837940e-05
<GCONST> 6.669782e+01
<MIXTURE> 107 5.452374e-03
<MEAN> 25
 8.633813e+00 -2.309360e+00 -8.031490e+00 -9.560144e+00 1.962413e+00 2.956312e+00 -8.628740e+00 -4.554436e+00 -8.842486e-01 3.391624e+00 8.540090e-01 -5.073632e+00 -6.101224e-01 -7.670019e-01 8.340318e-01 1.770611e+00 2.259553e-01 -2.011941e+00 -9.186404e-01 8.465123e-01 1.769185e+00 4.521913e-02 -1.656468e+00 -8.199427e-01 -1.766680e-03
<VARIANCE> 25
 9.297235e+00 2.045453e+01 2.841518e+01 4.284285e+01 3.575726e+01 3.845263e+01 5.129985e+01 3.625044e+01 4.576362e+01 4.170920e+01 5.133078e+01 3.034982e+01 3.558587e-01 9.700273e-01 1.465192e+00 2.418834e+00 2.284675e+00 2.822989e+00 2.623066e+00 2.544819e+00 2.300778e+00 3.032745e+00 1.947537e+00 2.205481e+00 7.032737e-04
<GCONST> 8.806342e+01
<MIXTURE> 108 5.452374e-03
<MEAN> 25
 8.633813e+00 -2.309360e+00 -8.031490e+00 -9.560144e+00 1.962413e+00 2.956312e+00 -8.628740e+00 -4.554436e+00 -8.842486e-01 3.391624e+00 8.540090e-01 -5.073632e+00 -6.101224e-01 -7.670019e-01 8.340318e-01 1.770611e+00 2.259553e-01 -2.011941e+00 -9.186404e-01 8.465123e-01 1.769185e+00 4.521913e-02 -1.656468e+00 -8.199427e-01 -1.766680e-03
<VARIANCE> 25
 9.297235e+00 2.045453e+01 2.841518e+01 4.284285e+01 3.575726e+01 3.845263e+01 5.129985e+01 3.625044e+01 4.576362e+01 4.170920e+01 5.133078e+01 3.034982e+01 3.558587e-01 9.700273e-01 1.465192e+00 2.418834e+00 2.284675e+00 2.822989e+00 2.623066e+00 2.544819e+00 2.300778e+00 3.032745e+00 1.947537e+00 2.205481e+00 7.032737e-04
<GCONST> 8.806342e+01
<MIXTURE> 109 6.661064e-03
<MEAN> 25
 3.688198e+00 -9.774341e+00 -7.572453e+00 -9.554268e-01 2.946426e+00 3.385170e-03 -3.354928e-01 2.827721e+00 -3.299690e+00 -8.024194e+00 -5.269190e+00 -1.093717e-02 3.261153e-02 -5.972742e-02 -9.707538e-02 2.047817e-01 8.017626e-02 8.334313e-02 -1.886069e-01 -7.082704e-03 1.252695e-02 3.300897e-02 3.245343e-01 -6.422615e-02 -3.095801e-03
<VARIANCE> 25
 9.337618e+00 1.841603e+01 2.465316e+01 2.855305e+01 3.790416e+01 3.312104e+01 4.221687e+01 3.845692e+01 5.431170e+01 3.142202e+01 2.748239e+01 2.577425e+01 2.038588e-01 4.232651e-01 5.309564e-01 6.324657e-01 1.156589e+00 1.008741e+00 1.200681e+00 1.193841e+00 1.052304e+00 1.005471e+00 8.831143e-01 1.060758e+00 1.790998e-04
<GCONST> 7.452016e+01
<MIXTURE> 110 6.661064e-03
<MEAN> 25
 3.688198e+00 -9.774341e+00 -7.572453e+00 -9.554268e-01 2.946426e+00 3.385170e-03 -3.354928e-01 2.827721e+00 -3.299690e+00 -8.024194e+00 -5.269190e+00 -1.093717e-02 3.261153e-02 -5.972742e-02 -9.707538e-02 2.047817e-01 8.017626e-02 8.334313e-02 -1.886069e-01 -7.082704e-03 1.252695e-02 3.300897e-02 3.245343e-01 -6.422615e-02 -3.095801e-03
<VARIANCE> 25
 9.337618e+00 1.841603e+01 2.465316e+01 2.855305e+01 3.790416e+01 3.312104e+01 4.221687e+01 3.845692e+01 5.431170e+01 3.142202e+01 2.748239e+01 2.577425e+01 2.038588e-01 4.232651e-01 5.309564e-01 6.324657e-01 1.156589e+00 1.008741e+00 1.200681e+00 1.193841e+00 1.052304e+00 1.005471e+00 8.831143e-01 1.060758e+00 1.790998e-04
<GCONST> 7.452016e+01
<MIXTURE> 111 4.337247e-03
<MEAN> 25
 -4.430014e+00 -9.244059e-01 -1.738347e+00 1.702188e+00 9.537702e-01 9.410285e-01 3.041554e-01 2.505738e-01 1.008267e-01 -5.490351e-01 -6.425463e-01 1.968631e+00 -2.090611e-02 -2.950783e-02 -7.505688e-02 -7.047897e-02 -3.662591e-02 5.864785e-03 -4.443790e-03 -5.691379e-02 -1.366594e-01 -2.012232e-01 -1.916318e-01 -1.052555e-01 -2.452312e-04
<VARIANCE> 25
 7.328394e+00 5.041400e+00 1.025038e+01 9.398563e+00 1.307960e+01 2.382702e+01 1.461399e+01 1.343945e+01 1.156986e+01 1.187191e+01 1.359107e+01 1.155619e+01 7.878380e-02 1.645541e-01 2.758269e-01 4.202856e-01 5.666036e-01 7.021793e-01 7.991557e-01 8.550998e-01 8.916122e-01 8.525361e-01 8.583954e-01 8.438249e-01 2.245001e-05
<GCONST> 5.602176e+01
<MIXTURE> 112 4.337247e-03
<MEAN> 25
 -4.430014e+00 -9.244059e-01 -1.738347e+00 1.702188e+00 9.537702e-01 9.410285e-01 3.041554e-01 2.505738e-01 1.008267e-01 -5.490351e-01 -6.425463e-01 1.968631e+00 -2.090611e-02 -2.950783e-02 -7.505688e-02 -7.047897e-02 -3.662591e-02 5.864785e-03 -4.443790e-03 -5.691379e-02 -1.366594e-01 -2.012232e-01 -1.916318e-01 -1.052555e-01 -2.452312e-04
<VARIANCE> 25
 7.328394e+00 5.041400e+00 1.025038e+01 9.398563e+00 1.307960e+01 2.382702e+01 1.461399e+01 1.343945e+01 1.156986e+01 1.187191e+01 1.359107e+01 1.155619e+01 7.878380e-02 1.645541e-01 2.758269e-01 4.202856e-01 5.666036e-01 7.021793e-01 7.991557e-01 8.550998e-01 8.916122e-01 8.525361e-01 8.583954e-01 8.438249e-01 2.245001e-05
<GCONST> 5.602176e+01
<MIXTURE> 113 5.938666e-03
<MEAN> 25
 9.976879e+00 1.755384e+00 -8.780708e+00 -1.704391e+01 -1.033722e+00 5.658421e+00 -5.280895e+00 -1.465672e+00 -5.694789e+00 -4.927913e-01 2.993830e-01 -1.985244e-01 4.797860e-03 1.375920e-02 -5.960413e-02 -1.133192e-01 1.043957e-01 1.505268e-01 5.933728e-02 3.617444e-02 -5.702638e-02 -5.131266e-02 1.796992e-01 3.531932e-02 -1.409208e-03
<VARIANCE> 25
 8.880612e+00 1.639030e+01 2.968970e+01 3.426681e+01 5.273179e+01 3.386538e+01 3.970122e+01 3.913559e+01 3.737463e+01 4.640048e+01 3.629496e+01 2.844110e+01 1.218244e-01 3.206621e-01 3.162765e-01 6.314566e-01 6.129289e-01 6.535929e-01 7.764457e-01 8.454271e-01 9.596035e-01 9.054066e-01 7.243466e-01 7.135231e-01 1.247744e-04
<GCONST> 7.110753e+01
<MIXTURE> 114 5.938666e-03
<MEAN> 25
 9.976879e+00 1.755384e+00 -8.780708e+00 -1.704391e+01 -1.033722e+00 5.658421e+00 -5.280895e+00 -1.465672e+00 -5.694789e+00 -4.927913e-01 2.993830e-01 -1.985244e-01 4.797860e-03 1.375920e-02 -5.960413e-02 -1.133192e-01 1.043957e-01 1.505268e-01 5.933728e-02 3.617444e-02 -5.702638e-02 -5.131266e-02 1.796992e-01 3.531932e-02 -1.409208e-03
<VARIANCE> 25
 8.880612e+00 1.639030e+01 2.968970e+01 3.426681e+01 5.273179e+01 3.386538e+01 3.970122e+01 3.913559e+01 3.737463e+01 4.640048e+01 3.629496e+01 2.844110e+01 1.218244e-01 3.206621e-01 3.162765e-01 6.314566e-01 6.129289e-01 6.535929e-01 7.764457e-01 8.454271e-01 9.596035e-01 9.054066e-01 7.243466e-01 7.135231e-01 1.247744e-04
<GCONST> 7.110753e+01
<MIXTURE> 115 2.935202e-03
<MEAN> 25
 -4.030006e+00 -7.517840e-01 -3.108334e+00 3.657156e+00 2.413758e+00 -4.277439e-01 2.233589e+00 4.127877e-01 1.388406e+00 -1.890244e-02 4.048108e-02 2.686471e+00 3.156064e-02 -7.213098e-02 -2.306925e-01 -4.386950e-01 -6.334341e-01 -6.702132e-01 -5.919672e-01 -5.094599e-01 -4.865551e-01 -4.567866e-01 -3.435692e-01 -1.648954e-01 -3.083065e-06
<VARIANCE> 25
 9.280332e+00 9.885251e+00 1.353936e+01 1.270245e+01 1.348628e+01 1.755868e+01 1.709578e+01 2.080427e+01 1.792800e+01 1.721758e+01 1.919335e+01 1.467251e+01 2.037572e-01 3.456896e-01 4.854758e-01 5.616708e-01 6.340824e-01 7.980318e-01 1.008082e+00 1.130725e+00 1.075313e+00 9.943008e-01 1.025600e+00 1.064762e+00 1.000851e-06
<GCONST> 6.016479e+01
<MIXTURE> 116 2.935202e-03
<MEAN> 25
 -4.030006e+00 -7.517840e-01 -3.108334e+00 3.657156e+00 2.413758e+00 -4.277439e-01 2.233589e+00 4.127877e-01 1.388406e+00 -1.890244e-02 4.048108e-02 2.686471e+00 3.156064e-02 -7.213098e-02 -2.306925e-01 -4.386950e-01 -6.334341e-01 -6.702132e-01 -5.919672e-01 -5.094599e-01 -4.865551e-01 -4.567866e-01 -3.435692e-01 -1.648954e-01 -3.083065e-06
<VARIANCE> 25
 9.280332e+00 9.885251e+00 1.353936e+01 1.270245e+01 1.348628e+01 1.755868e+01 1.709578e+01 2.080427e+01 1.792800e+01 1.721758e+01 1.919335e+01 1.467251e+01 2.037572e-01 3.456896e-01 4.854758e-01 5.616708e-01 6.340824e-01 7.980318e-01 1.008082e+00 1.130725e+00 1.075313e+00 9.943008e-01 1.025600e+00 1.064762e+00 1.000851e-06
<GCONST> 6.016479e+01
<MIXTURE> 117 6.506003e-03
<MEAN> 25
 -4.644592e+00 1.117793e+00 1.054499e+00 9.758447e+00 6.260121e+00 6.256477e+00 6.463082e+00 5.044496e+00 6.385674e+00 4.929173e+00 6.367208e+00 2.709929e+00 -7.503008e-02 -2.341336e-01 -3.583474e-01 -4.199596e-01 -3.675186e-01 -3.027199e-01 -2.873273e-01 -3.314594e-01 -3.917833e-01 -3.689738e-01 -2.631080e-01 -1.159785e-01 -9.052962e-06
<VARIANCE> 25
 7.187259e+00 8.753097e+00 9.809425e+00 1.430823e+01 1.561781e+01 1.534934e+01 1.772638e+01 1.796108e+01 1.640261e+01 1.637152e+01 1.674076e+01 1.475332e+01 2.166086e-01 3.075042e-01 4.261350e-01 6.171185e-01 8.536685e-01 1.055364e+00 1.177562e+00 1.232911e+00 1.223976e+00 1.194855e+00 1.167213e+00 1.113683e+00 1.000000e-06
<GCONST> 6.042865e+01
<MIXTURE> 118 6.506003e-03
<MEAN> 25
 -4.644592e+00 1.117793e+00 1.054499e+00 9.758447e+00 6.260121e+00 6.256477e+00 6.463082e+00 5.044496e+00 6.385674e+00 4.929173e+00 6.367208e+00 2.709929e+00 -7.503008e-02 -2.341336e-01 -3.583474e-01 -4.199596e-01 -3.675186e-01 -3.027199e-01 -2.873273e-01 -3.314594e-01 -3.917833e-01 -3.689738e-01 -2.631080e-01 -1.159785e-01 -9.052962e-06
<VARIANCE> 25
 7.187259e+00 8.753097e+00 9.809425e+00 1.430823e+01 1.561781e+01 1.534934e+01 1.772638e+01 1.796108e+01 1.640261e+01 1.637152e+01 1.674076e+01 1.475332e+01 2.166086e-01 3.075042e-01 4.261350e-01 6.171185e-01 8.536685e-01 1.055364e+00 1.177562e+00 1.232911e+00 1.223976e+00 1.194855e+00 1.167213e+00 1.113683e+00 1.000000e-06
<GCONST> 6.042865e+01
<MIXTURE> 119 4.297961e-03
<MEAN> 25
 -4.919240e+00 -7.614691e+00 2.184797e+00 2.018136e+00 2.266940e+00 1.912817e-01 5.268919e+00 5.988926e+00 1.059747e+00 9.174513e-01 6.562515e+00 1.563774e+00 -4.607251e-02 -7.286660e-02 3.575300e-02 -5.388901e-02 -1.319883e-01 -1.876432e-01 -7.083781e-02 -1.093657e-02 -8.805428e-02 -1.015783e-01 -5.647095e-02 -5.674254e-02 9.736770e-04
<VARIANCE> 25
 8.724060e+00 9.791008e+00 1.673731e+01 2.001810e+01 2.272798e+01 2.311627e+01 2.491782e+01 2.665743e+01 2.601508e+01 2.818780e+01 2.065704e+01 2.028350e+01 1.617389e-01 2.873372e-01 4.606707e-01 6.328498e-01 8.024319e-01 1.006114e+00 1.095104e+00 1.274393e+00 1.279448e+00 1.246081e+00 1.188947e+00 1.103148e+00 2.333448e-04
<GCONST> 6.979948e+01
<MIXTURE> 120 4.297961e-03
<MEAN> 25
 -4.919240e+00 -7.614691e+00 2.184797e+00 2.018136e+00 2.266940e+00 1.912817e-01 5.268919e+00 5.988926e+00 1.059747e+00 9.174513e-01 6.562515e+00 1.563774e+00 -4.607251e-02 -7.286660e-02 3.575300e-02 -5.388901e-02 -1.319883e-01 -1.876432e-01 -7.083781e-02 -1.093657e-02 -8.805428e-02 -1.015783e-01 -5.647095e-02 -5.674254e-02 9.736770e-04
<VARIANCE> 25
 8.724060e+00 9.791008e+00 1.673731e+01 2.001810e+01 2.272798e+01 2.311627e+01 2.491782e+01 2.665743e+01 2.601508e+01 2.818780e+01 2.065704e+01 2.028350e+01 1.617389e-01 2.873372e-01 4.606707e-01 6.328498e-01 8.024319e-01 1.006114e+00 1.095104e+00 1.274393e+00 1.279448e+00 1.246081e+00 1.188947e+00 1.103148e+00 2.333448e-04
<GCONST> 6.979948e+01
<MIXTURE> 121 4.567511e-03
<MEAN> 25
 -6.580418e-01 -1.481147e+00 5.025958e+00 -1.348759e+01 -1.050890e+01 -2.301894e+00 2.697013e+00 -6.726727e+00 -1.086192e+00 -1.051597e+00 -3.532008e+00 -3.447108e+00 -4.622631e-02 1.761669e-01 -2.432453e-01 3.348103e-02 4.906913e-02 -3.307572e-02 3.562428e-03 -4.755918e-01 -2.406646e-01 -3.192333e-01 2.631366e-02 -3.539168e-02 -5.091158e-03
<VARIANCE> 25
 6.827302e+00 1.393164e+01 1.518844e+01 1.558891e+01 2.489786e+01 2.191665e+01 2.964988e+01 2.344301e+01 4.044146e+01 2.326296e+01 2.079422e+01 2.160346e+01 1.749596e-01 5.962953e-01 5.518421e-01 8.349614e-01 7.052910e-01 1.140768e+00 1.045774e+00 1.052488e+00 1.120945e+00 1.742527e+00 9.291094e-01 7.804767e-01 1.887791e-04
<GCONST> 7.038599e+01
<MIXTURE> 122 4.567511e-03
<MEAN> 25
 -6.580418e-01 -1.481147e+00 5.025958e+00 -1.348759e+01 -1.050890e+01 -2.301894e+00 2.697013e+00 -6.726727e+00 -1.086192e+00 -1.051597e+00 -3.532008e+00 -3.447108e+00 -4.622631e-02 1.761669e-01 -2.432453e-01 3.348103e-02 4.906913e-02 -3.307572e-02 3.562428e-03 -4.755918e-01 -2.406646e-01 -3.192333e-01 2.631366e-02 -3.539168e-02 -5.091158e-03
<VARIANCE> 25
 6.827302e+00 1.393164e+01 1.518844e+01 1.558891e+01 2.489786e+01 2.191665e+01 2.964988e+01 2.344301e+01 4.044146e+01 2.326296e+01 2.079422e+01 2.160346e+01 1.749596e-01 5.962953e-01 5.518421e-01 8.349614e-01 7.052910e-01 1.140768e+00 1.045774e+00 1.052488e+00 1.120945e+00 1.742527e+00 9.291094e-01 7.804767e-01 1.887791e-04
<GCONST> 7.038599e+01
<MIXTURE> 123 4.393044e-03
<MEAN> 25
 -4.036485e+00 9.398980e-01 1.390641e-01 6.176120e+00 5.249290e+00 3.491104e+00 3.224335e+00 4.787581e-01 2.303106e-01 -4.255320e-01 9.955369e-02 5.794997e-01 -4.848306e-01 -7.715077e-01 -8.562707e-01 -5.787585e-01 -2.355669e-01 7.575393e-02 4.230945e-01 6.549082e-01 7.492431e-01 8.122982e-01 7.086360e-01 5.035260e-01 -2.812736e-03
<VARIANCE> 25
 1.102915e+01 1.049106e+01 1.555881e+01 1.673334e+01 2.109522e+01 2.624784e+01 2.128252e+01 1.925632e+01 2.076742e+01 1.849668e+01 2.233684e+01 2.092562e+01 3.690122e-01 3.924699e-01 5.445727e-01 7.505531e-01 9.789833e-01 1.136382e+00 1.297186e+00 1.230488e+00 1.232027e+00 1.214583e+00 1.196630e+00 1.175608e+00 1.121380e-04
<GCONST> 7.008646e+01
<MIXTURE> 124 4.069876e-03
<MEAN> 25
 -6.562795e+00 -1.210947e+00 -2.922323e+00 5.105865e+00 4.972487e+00 3.389936e+00 5.390285e+00 2.565478e+00 3.192191e+00 1.282404e+00 1.128480e+00 3.043127e+00 -2.050753e-01 -3.228039e-01 -3.624869e-01 -2.166118e-01 1.282948e-01 5.197757e-01 8.101972e-01 8.593904e-01 6.548327e-01 3.276950e-01 7.224330e-02 -2.496523e-02 4.029489e-05
<VARIANCE> 25
 1.102200e+01 6.981823e+00 1.114308e+01 1.242884e+01 1.210544e+01 1.981531e+01 1.551350e+01 1.706559e+01 1.543942e+01 1.609537e+01 1.920256e+01 1.443842e+01 1.049964e-01 1.682486e-01 2.705379e-01 4.176349e-01 5.931649e-01 7.064512e-01 7.480478e-01 8.159931e-01 9.081922e-01 9.810202e-01 1.007907e+00 9.924151e-01 1.799319e-05
<GCONST> 5.879947e+01
<MIXTURE> 125 4.069876e-03
<MEAN> 25
 -6.562795e+00 -1.210947e+00 -2.922323e+00 5.105865e+00 4.972487e+00 3.389936e+00 5.390285e+00 2.565478e+00 3.192191e+00 1.282404e+00 1.128480e+00 3.043127e+00 -2.050753e-01 -3.228039e-01 -3.624869e-01 -2.166118e-01 1.282948e-01 5.197757e-01 8.101972e-01 8.593904e-01 6.548327e-01 3.276950e-01 7.224330e-02 -2.496523e-02 4.029489e-05
<VARIANCE> 25
 1.102200e+01 6.981823e+00 1.114308e+01 1.242884e+01 1.210544e+01 1.981531e+01 1.551350e+01 1.706559e+01 1.543942e+01 1.609537e+01 1.920256e+01 1.443842e+01 1.049964e-01 1.682486e-01 2.705379e-01 4.176349e-01 5.931649e-01 7.064512e-01 7.480478e-01 8.159931e-01 9.081922e-01 9.810202e-01 1.007907e+00 9.924151e-01 1.799319e-05
<GCONST> 5.879947e+01
<MIXTURE> 126 2.402244e-03
<MEAN> 25
 -3.526602e+00 -6.893574e+00 -5.260342e+00 2.277416e+00 4.230209e+00 -3.185701e+00 2.214302e-01 4.005000e+00 2.665887e+00 -2.821182e+00 -1.370467e+00 2.946929e+00 1.602911e-02 3.416114e-02 -5.128512e-02 -1.305609e-01 -3.459842e-01 -4.033760e-01 -2.865494e-01 -1.329948e-01 -8.976459e-02 -5.810771e-02 -9.088137e-02 -3.467251e-02 -1.897117e-03
<VARIANCE> 25
 8.247459e+00 1.215211e+01 1.356478e+01 1.449037e+01 2.370073e+01 2.270410e+01 2.331923e+01 3.022942e+01 3.875141e+01 2.527219e+01 2.110406e+01 1.859938e+01 1.698560e-01 3.643398e-01 4.831620e-01 5.793436e-01 7.380470e-01 9.928631e-01 1.081473e+00 1.218218e+00 1.301654e+00 1.299693e+00 1.188717e+00 1.109541e+00 2.109106e-04
<GCONST> 6.978849e+01
<MIXTURE> 127 2.402244e-03
<MEAN> 25
 -3.526602e+00 -6.893574e+00 -5.260342e+00 2.277416e+00 4.230209e+00 -3.185701e+00 2.214302e-01 4.005000e+00 2.665887e+00 -2.821182e+00 -1.370467e+00 2.946929e+00 1.602911e-02 3.416114e-02 -5.128512e-02 -1.305609e-01 -3.459842e-01 -4.033760e-01 -2.865494e-01 -1.329948e-01 -8.976459e-02 -5.810771e-02 -9.088137e-02 -3.467251e-02 -1.897117e-03
<VARIANCE> 25
 8.247459e+00 1.215211e+01 1.356478e+01 1.449037e+01 2.370073e+01 2.270410e+01 2.331923e+01 3.022942e+01 3.875141e+01 2.527219e+01 2.110406e+01 1.859938e+01 1.698560e-01 3.643398e-01 4.831620e-01 5.793436e-01 7.380470e-01 9.928631e-01 1.081473e+00 1.218218e+00 1.301654e+00 1.299693e+00 1.188717e+00 1.109541e+00 2.109106e-04
<GCONST> 6.978849e+01
<MIXTURE> 128 3.790457e-03
<MEAN> 25
 -3.924768e+00 1.541757e+00 -3.356084e-01 6.571453e+00 3.618388e+00 1.850387e+00 3.574065e+00 2.371001e+00 3.961341e+00 3.703527e+00 3.765108e+00 3.525370e+00 -3.966210e-01 -1.960332e-01 9.856150e-02 7.257624e-01 1.183734e+00 1.135905e+00 7.151921e-01 1.324572e-01 -4.386829e-01 -7.875395e-01 -7.013180e-01 -3.935836e-01 -3.694459e-05
<VARIANCE> 25
 1.027612e+01 1.169070e+01 1.500580e+01 1.932715e+01 2.004125e+01 2.125387e+01 2.431547e+01 2.465248e+01 2.640285e+01 2.387405e+01 2.682542e+01 1.819112e+01 8.924956e-01 1.147418e+00 1.365060e+00 1.502725e+00 1.580490e+00 1.862810e+00 2.258178e+00 2.326188e+00 2.147680e+00 1.857715e+00 1.744516e+00 1.747239e+00 1.000299e-06
<GCONST> 7.365627e+01
<TRANSP> 3
 0.000000e+00 1.000000e+00 0.000000e+00
 0.000000e+00 9.999990e-01 9.999998e-07
 0.000000e+00 0.000000e+00 0.000000e+00
<ENDHMM>
