~o
<STREAMINFO> 1 25
<VECSIZE> 25<NULLD><MFCC_E_D_N><DIAGC>
~h "jmodel"
<BEGINHMM>
<NUMSTATES> 3
<STATE> 2
<NUMMIXES> 128
<MIXTURE> 1 5.748963e-03
<MEAN> 25
 -2.517916e+00 3.109488e+00 2.172766e+00 8.418723e+00 4.102356e+00 3.324228e+00 3.980853e+00 3.908678e+00 5.808937e+00 5.283756e+00 5.895779e+00 2.992937e+00 -1.919861e+00 -1.587068e+00 -8.065442e-01 1.007076e+00 1.563871e+00 2.181337e+00 2.166699e+00 2.067189e+00 1.586552e+00 1.211537e+00 1.477072e+00 5.884004e-01 -4.464604e-02
<VARIANCE> 25
 1.009413e+01 1.163713e+01 1.526382e+01 1.990074e+01 2.375143e+01 2.161064e+01 2.199015e+01 2.215991e+01 2.045898e+01 2.223941e+01 2.064017e+01 1.672037e+01 1.854641e+00 2.132092e+00 3.007872e+00 3.184833e+00 3.669007e+00 3.275560e+00 3.323482e+00 3.297644e+00 3.730687e+00 3.753212e+00 3.686886e+00 2.755789e+00 3.112322e-03
<GCONST> 8.852354e+01
<MIXTURE> 2 4.549242e-03
<MEAN> 25
 -4.822941e+00 1.300495e+00 9.875880e-01 9.838778e+00 6.678782e+00 7.387682e+00 7.810260e+00 6.944242e+00 8.347476e+00 6.344646e+00 7.586180e+00 3.073427e+00 -5.851735e-02 3.812106e-02 1.458319e-01 2.263932e-01 2.673609e-01 2.900354e-01 2.955785e-01 3.167671e-01 3.493139e-01 3.098465e-01 1.968208e-01 8.363174e-02 4.967569e-06
<VARIANCE> 25
 7.177799e+00 8.885129e+00 1.056450e+01 1.619360e+01 1.717726e+01 1.563048e+01 1.690093e+01 1.847765e+01 1.658065e+01 1.734339e+01 1.813365e+01 1.425511e+01 1.274778e-01 2.293759e-01 3.391824e-01 4.644092e-01 6.463648e-01 8.256925e-01 9.291816e-01 9.981793e-01 1.051190e+00 1.074001e+00 1.073347e+00 1.018557e+00 1.008405e-06
<GCONST> 5.811720e+01
<MIXTURE> 3 4.549242e-03
<MEAN> 25
 -4.822941e+00 1.300495e+00 9.875880e-01 9.838778e+00 6.678782e+00 7.387682e+00 7.810260e+00 6.944242e+00 8.347476e+00 6.344646e+00 7.586180e+00 3.073427e+00 -5.851735e-02 3.812106e-02 1.458319e-01 2.263932e-01 2.673609e-01 2.900354e-01 2.955785e-01 3.167671e-01 3.493139e-01 3.098465e-01 1.968208e-01 8.363174e-02 4.967569e-06
<VARIANCE> 25
 7.177799e+00 8.885129e+00 1.056450e+01 1.619360e+01 1.717726e+01 1.563048e+01 1.690093e+01 1.847765e+01 1.658065e+01 1.734339e+01 1.813365e+01 1.425511e+01 1.274778e-01 2.293759e-01 3.391824e-01 4.644092e-01 6.463648e-01 8.256925e-01 9.291816e-01 9.981793e-01 1.051190e+00 1.074001e+00 1.073347e+00 1.018557e+00 1.008405e-06
<GCONST> 5.811720e+01
<MIXTURE> 4 1.671429e-02
<MEAN> 25
 3.045869e+00 2.618061e+00 -4.370041e+00 -9.800071e-02 3.219007e+00 -1.515769e+00 -3.688689e-01 -9.408211e-01 1.290864e+00 2.598421e-01 -1.541826e+00 -9.161835e-01 -2.363132e+00 1.061888e+00 1.870814e+00 3.269246e+00 1.234611e-01 5.080016e-01 1.573058e+00 1.128376e+00 9.404978e-01 6.043070e-01 1.013320e+00 8.400370e-01 -9.061258e-02
<VARIANCE> 25
 1.746696e+01 2.565999e+01 3.188288e+01 3.889920e+01 4.270000e+01 6.395798e+01 5.447295e+01 5.106556e+01 4.398032e+01 5.836139e+01 4.081817e+01 3.888098e+01 3.097396e+00 4.648757e+00 3.628648e+00 4.479187e+00 6.247200e+00 5.888121e+00 5.103875e+00 5.109689e+00 4.923070e+00 5.572224e+00 5.823181e+00 3.809069e+00 6.118145e-03
<GCONST> 1.038746e+02
<MIXTURE> 5 3.206198e-03
<MEAN> 25
 -3.250423e+00 2.107483e+00 5.591431e-01 9.089766e+00 6.532778e+00 6.169901e+00 6.949587e+00 4.667302e+00 5.452431e+00 3.797070e+00 4.631513e+00 2.512209e+00 -3.115456e-01 7.290974e-01 1.196098e+00 1.011185e+00 2.826774e-01 -1.191902e-01 -9.332541e-02 4.854115e-02 4.637529e-01 6.639117e-01 4.089108e-01 7.732510e-02 -1.006623e-05
<VARIANCE> 25
 1.054406e+01 1.370409e+01 2.278173e+01 2.724553e+01 2.041874e+01 1.958714e+01 2.031853e+01 1.992360e+01 2.125361e+01 2.108600e+01 2.388905e+01 1.622383e+01 1.187887e+00 1.233569e+00 1.336114e+00 1.647400e+00 2.218369e+00 2.330772e+00 2.242327e+00 2.227924e+00 2.327954e+00 2.303308e+00 2.045164e+00 1.844485e+00 1.044504e-06
<GCONST> 7.506848e+01
<MIXTURE> 6 5.475854e-03
<MEAN> 25
 9.385664e+00 -4.503590e-01 -6.409125e+00 -1.047768e+01 -1.963631e+00 6.501921e+00 -5.623653e+00 -5.070100e+00 -3.495915e+00 1.821725e+00 4.452496e+00 -1.224173e+00 4.650760e-01 8.569170e-01 -3.394513e-01 -1.421928e+00 -5.890754e-01 1.303563e+00 1.568297e+00 2.829384e-01 -1.197696e+00 -1.170721e+00 3.542540e-01 1.268939e+00 -7.749731e-03
<VARIANCE> 25
 1.021603e+01 1.625212e+01 2.471705e+01 4.346885e+01 3.590051e+01 3.063901e+01 4.383739e+01 3.755722e+01 4.010854e+01 3.797994e+01 4.061812e+01 2.745043e+01 3.087444e-01 8.433995e-01 9.104867e-01 1.939773e+00 1.591863e+00 2.007570e+00 1.939310e+00 2.059052e+00 2.324703e+00 1.947555e+00 2.209508e+00 1.573812e+00 5.677505e-04
<GCONST> 8.384551e+01
<MIXTURE> 7 5.475854e-03
<MEAN> 25
 9.385664e+00 -4.503590e-01 -6.409125e+00 -1.047768e+01 -1.963631e+00 6.501921e+00 -5.623653e+00 -5.070100e+00 -3.495915e+00 1.821725e+00 4.452496e+00 -1.224173e+00 4.650760e-01 8.569170e-01 -3.394513e-01 -1.421928e+00 -5.890754e-01 1.303563e+00 1.568297e+00 2.829384e-01 -1.197696e+00 -1.170721e+00 3.542540e-01 1.268939e+00 -7.749731e-03
<VARIANCE> 25
 1.021603e+01 1.625212e+01 2.471705e+01 4.346885e+01 3.590051e+01 3.063901e+01 4.383739e+01 3.755722e+01 4.010854e+01 3.797994e+01 4.061812e+01 2.745043e+01 3.087444e-01 8.433995e-01 9.104867e-01 1.939773e+00 1.591863e+00 2.007570e+00 1.939310e+00 2.059052e+00 2.324703e+00 1.947555e+00 2.209508e+00 1.573812e+00 5.677505e-04
<GCONST> 8.384551e+01
<MIXTURE> 8 1.165917e-02
<MEAN> 25
 -4.566665e+00 1.331351e+00 1.280112e+00 9.251910e+00 6.451347e+00 6.245653e+00 6.393299e+00 5.532884e+00 6.559285e+00 5.553778e+00 6.427096e+00 3.092202e+00 -6.488404e-01 -1.361172e+00 -1.051087e+00 -1.713055e+00 -1.940924e-01 -9.195597e-01 -1.713248e-01 -2.935668e-01 -2.465234e-01 -1.834288e-01 -2.349526e-01 9.509823e-02 9.573634e-02
<VARIANCE> 25
 9.756145e+00 9.626632e+00 1.147371e+01 1.759348e+01 1.660336e+01 1.588848e+01 1.819057e+01 1.797272e+01 1.706615e+01 1.711740e+01 1.906551e+01 1.388774e+01 2.711566e+00 2.833685e+00 3.805852e+00 3.661605e+00 3.498944e+00 3.279037e+00 3.164109e+00 3.060079e+00 2.907421e+00 2.629004e+00 2.411584e+00 1.903806e+00 6.676092e-03
<GCONST> 8.635065e+01
<MIXTURE> 9 1.199672e-02
<MEAN> 25
 8.988081e+00 3.143340e+00 -6.613335e+00 -1.087291e+01 -1.747185e+00 3.771888e+00 -2.448526e+00 -3.094841e+00 -5.435633e+00 -9.941032e-01 6.927730e-02 -7.471917e-02 1.471230e+00 5.402590e-02 -3.746031e-01 -2.731264e+00 -1.496704e+00 5.797653e-01 -9.903578e-01 -4.463000e-01 -1.314082e-01 -6.115984e-01 6.949793e-01 -2.000566e-01 6.906980e-02
<VARIANCE> 25
 1.215604e+01 1.995158e+01 3.262831e+01 5.078550e+01 4.774352e+01 4.184503e+01 4.019487e+01 5.363331e+01 3.841263e+01 3.914181e+01 3.540714e+01 2.502849e+01 1.944105e+00 2.541545e+00 4.314620e+00 4.485060e+00 4.856800e+00 4.494061e+00 3.983977e+00 5.945478e+00 4.596562e+00 3.772516e+00 3.716397e+00 2.581945e+00 2.166711e-03
<GCONST> 9.801727e+01
<MIXTURE> 10 6.596976e-03
<MEAN> 25
 9.806966e-01 7.141966e+00 5.151100e+00 6.703166e+00 1.158610e+00 -2.296703e+00 -2.842136e-01 -1.284911e+00 9.407257e-01 7.209898e-01 7.437242e-01 8.626840e-01 -1.764838e+00 -7.584421e-01 -2.873178e-01 3.072182e+00 2.081338e+00 2.732841e+00 2.382271e+00 2.304486e+00 1.764100e+00 1.616270e+00 2.307543e+00 5.273430e-01 -1.347961e-01
<VARIANCE> 25
 1.891912e+01 2.314699e+01 2.185159e+01 3.014598e+01 3.872630e+01 3.360881e+01 3.421645e+01 3.530633e+01 2.609980e+01 2.786498e+01 2.565436e+01 2.450426e+01 2.458992e+00 3.363334e+00 5.731525e+00 4.917691e+00 7.569381e+00 4.353339e+00 4.487636e+00 4.607107e+00 4.273931e+00 4.842555e+00 4.210580e+00 3.024215e+00 2.688947e-03
<GCONST> 9.745134e+01
<MIXTURE> 11 1.633820e-02
<MEAN> 25
 5.061260e+00 1.631429e+00 2.143629e+00 3.098163e+00 -2.263582e+00 -1.720317e+00 -2.622252e+00 -3.404739e+00 -1.625343e+00 3.537925e-01 -1.358215e+00 -1.371598e+00 -2.824372e-01 4.321493e-01 7.539586e-03 2.903505e-01 4.842203e-01 2.085242e-01 2.641690e-01 -1.935405e-01 -5.030263e-02 -8.269376e-02 -6.109169e-02 1.542005e-01 -7.324547e-03
<VARIANCE> 25
 8.561567e+00 1.518714e+01 1.398292e+01 2.206232e+01 2.373924e+01 3.109847e+01 3.450434e+01 2.541356e+01 2.787914e+01 2.404027e+01 2.483503e+01 2.049480e+01 8.845596e-01 1.203454e+00 1.415470e+00 1.870463e+00 1.611346e+00 1.874008e+00 1.910653e+00 2.612140e+00 1.731665e+00 2.018686e+00 1.463673e+00 1.545966e+00 8.183217e-04
<GCONST> 8.137588e+01
<MIXTURE> 12 5.904134e-03
<MEAN> 25
 1.070552e+01 3.660781e+00 -4.471540e+00 -1.581628e+01 -8.617385e+00 8.527805e+00 -9.314648e-01 -1.936681e+00 -1.651288e+00 -4.759176e+00 1.805535e+00 7.269320e-01 6.017962e-02 2.876442e-01 7.601663e-02 -3.689939e-01 -2.949810e-01 3.368094e-02 3.177077e-01 4.594181e-01 1.439795e-01 -3.750837e-01 -3.794869e-01 5.301172e-02 -6.313566e-03
<VARIANCE> 25
 9.083289e+00 2.113626e+01 2.315963e+01 3.653822e+01 4.201512e+01 3.154515e+01 4.176901e+01 4.852908e+01 4.386457e+01 3.791777e+01 3.756348e+01 2.861136e+01 2.512785e-01 6.827399e-01 6.854302e-01 1.166804e+00 1.195790e+00 1.052678e+00 1.174578e+00 1.396586e+00 1.231538e+00 1.215892e+00 1.213711e+00 9.504400e-01 5.760794e-04
<GCONST> 7.897140e+01
<MIXTURE> 13 5.904134e-03
<MEAN> 25
 1.070552e+01 3.660781e+00 -4.471540e+00 -1.581628e+01 -8.617385e+00 8.527805e+00 -9.314648e-01 -1.936681e+00 -1.651288e+00 -4.759176e+00 1.805535e+00 7.269320e-01 6.017962e-02 2.876442e-01 7.601663e-02 -3.689939e-01 -2.949810e-01 3.368094e-02 3.177077e-01 4.594181e-01 1.439795e-01 -3.750837e-01 -3.794869e-01 5.301172e-02 -6.313566e-03
<VARIANCE> 25
 9.083289e+00 2.113626e+01 2.315963e+01 3.653822e+01 4.201512e+01 3.154515e+01 4.176901e+01 4.852908e+01 4.386457e+01 3.791777e+01 3.756348e+01 2.861136e+01 2.512785e-01 6.827399e-01 6.854302e-01 1.166804e+00 1.195790e+00 1.052678e+00 1.174578e+00 1.396586e+00 1.231538e+00 1.215892e+00 1.213711e+00 9.504400e-01 5.760794e-04
<GCONST> 7.897140e+01
<MIXTURE> 14 6.488954e-03
<MEAN> 25
 -3.953984e+00 -1.922405e-01 -4.300240e-01 8.177755e+00 7.082970e+00 6.931810e+00 7.633989e+00 7.169700e+00 7.117060e+00 5.299215e+00 6.781378e+00 3.818816e+00 -2.886923e-01 2.191629e-01 3.601806e-01 2.778822e-01 1.345582e-01 1.083584e-01 2.078026e-01 2.814194e-01 2.385152e-01 4.286503e-01 4.731435e-01 9.575703e-02 -8.454327e-03
<VARIANCE> 25
 9.929032e+00 1.307561e+01 1.746742e+01 2.080503e+01 2.098702e+01 2.151266e+01 2.104187e+01 1.993165e+01 1.886542e+01 2.564517e+01 2.059863e+01 1.549025e+01 9.310746e-01 1.625943e+00 1.651744e+00 1.862149e+00 2.297675e+00 2.162489e+00 2.237416e+00 2.239626e+00 2.403909e+00 2.484445e+00 2.224097e+00 1.741765e+00 9.752809e-04
<GCONST> 8.176880e+01
<MIXTURE> 15 2.475190e-03
<MEAN> 25
 -4.543337e+00 -7.218101e-01 -1.252590e-01 6.868762e+00 5.439809e+00 5.555903e+00 5.619360e+00 4.846652e+00 4.981515e+00 3.914790e+00 5.112020e+00 2.362836e+00 -1.108964e-01 -3.377776e-02 7.376548e-02 2.419603e-01 4.869427e-01 8.275066e-01 1.080010e+00 1.160220e+00 1.060178e+00 7.136241e-01 3.741061e-01 1.101024e-01 -9.986758e-05
<VARIANCE> 25
 1.065298e+01 5.636269e+00 8.654637e+00 1.338404e+01 1.340819e+01 1.421204e+01 1.495512e+01 1.504745e+01 1.327861e+01 1.352724e+01 1.471979e+01 1.213626e+01 1.210047e-01 2.141066e-01 3.122148e-01 4.674114e-01 6.662430e-01 7.880360e-01 7.453569e-01 7.974260e-01 1.019781e+00 1.016487e+00 1.091465e+00 1.065372e+00 3.123783e-05
<GCONST> 5.890715e+01
<MIXTURE> 16 2.475190e-03
<MEAN> 25
 -4.543337e+00 -7.218101e-01 -1.252590e-01 6.868762e+00 5.439809e+00 5.555903e+00 5.619360e+00 4.846652e+00 4.981515e+00 3.914790e+00 5.112020e+00 2.362836e+00 -1.108964e-01 -3.377776e-02 7.376548e-02 2.419603e-01 4.869427e-01 8.275066e-01 1.080010e+00 1.160220e+00 1.060178e+00 7.136241e-01 3.741061e-01 1.101024e-01 -9.986758e-05
<VARIANCE> 25
 1.065298e+01 5.636269e+00 8.654637e+00 1.338404e+01 1.340819e+01 1.421204e+01 1.495512e+01 1.504745e+01 1.327861e+01 1.352724e+01 1.471979e+01 1.213626e+01 1.210047e-01 2.141066e-01 3.122148e-01 4.674114e-01 6.662430e-01 7.880360e-01 7.453569e-01 7.974260e-01 1.019781e+00 1.016487e+00 1.091465e+00 1.065372e+00 3.123783e-05
<GCONST> 5.890715e+01
<MIXTURE> 17 9.518312e-03
<MEAN> 25
 2.536376e+00 -1.033486e+00 4.535292e+00 9.917178e-01 -4.700214e+00 -5.615299e+00 -3.178608e+00 -4.272510e-01 -3.170024e+00 -3.133584e+00 -4.461724e-01 -4.176616e-01 -9.493222e-01 -7.518058e-01 8.668262e-01 -2.212266e+00 -1.978387e+00 -1.147900e-01 2.964934e-01 2.441527e-01 -5.206640e-01 -5.969724e-02 9.216300e-01 4.202461e-01 6.541007e-02
<VARIANCE> 25
 1.362509e+01 2.135072e+01 2.107468e+01 3.083937e+01 3.524518e+01 4.005157e+01 3.454463e+01 2.486522e+01 2.665566e+01 2.424917e+01 2.551163e+01 2.244959e+01 1.772238e+00 2.264769e+00 2.648386e+00 2.612190e+00 3.696623e+00 4.524251e+00 4.130241e+00 3.760093e+00 3.590135e+00 3.552909e+00 2.548091e+00 3.285853e+00 1.619032e-03
<GCONST> 9.205532e+01
<MIXTURE> 18 1.221018e-02
<MEAN> 25
 3.609144e+00 4.014823e+00 6.017972e+00 4.110162e+00 -4.553432e+00 -8.130995e+00 -1.576033e+00 -1.215627e+00 -3.116517e+00 -2.447190e+00 -9.070188e-01 2.386453e-01 -5.332769e-01 1.897869e+00 -3.005506e-01 2.009222e+00 2.924862e+00 1.613968e+00 8.108602e-01 -1.671476e-01 7.221878e-01 6.544130e-01 -2.277348e-01 -5.299743e-02 -1.153237e-01
<VARIANCE> 25
 1.505993e+01 2.564064e+01 3.340154e+01 2.868042e+01 3.965726e+01 3.161906e+01 3.969402e+01 3.377670e+01 3.506644e+01 3.233651e+01 3.177377e+01 3.023507e+01 2.761844e+00 3.484271e+00 4.415494e+00 3.691235e+00 4.141009e+00 5.333431e+00 4.620420e+00 4.032865e+00 4.203065e+00 4.395267e+00 4.087158e+00 3.431855e+00 4.154845e-03
<GCONST> 9.815300e+01
<MIXTURE> 19 9.912824e-03
<MEAN> 25
 -9.132173e+00 2.454674e+00 5.323521e-02 2.888972e-01 2.755749e+00 8.529330e-01 3.154618e+00 4.443310e-01 1.705791e+00 1.588449e+00 7.512393e-01 1.964232e+00 1.569466e+00 1.209814e+00 2.000328e+00 4.367485e-01 -1.018485e+00 -8.703115e-01 -9.995247e-01 -1.377833e+00 -1.592074e+00 -1.218417e+00 -8.909678e-01 -7.142815e-01 -7.337102e-04
<VARIANCE> 25
 5.602563e+01 2.705126e+01 4.012600e+01 4.839199e+01 3.214705e+01 2.746389e+01 2.689916e+01 3.133538e+01 2.725492e+01 2.512850e+01 2.837735e+01 1.856736e+01 2.882284e+00 2.444311e+00 1.970293e+00 2.424042e+00 2.169909e+00 1.986446e+00 2.254137e+00 2.628443e+00 2.110522e+00 1.994079e+00 2.632443e+00 1.597226e+00 2.161299e-03
<GCONST> 9.065051e+01
<MIXTURE> 20 6.308331e-03
<MEAN> 25
 -1.434566e+01 8.194531e+00 -4.556578e-01 4.931395e+00 3.180582e+00 2.052395e-01 3.639493e+00 -4.131387e-01 7.582800e-01 1.592041e+00 1.970676e+00 -3.948289e-01 -2.902371e+00 -7.385252e-01 -1.300931e+00 3.397577e-01 1.405946e+00 2.003267e+00 1.831370e+00 1.880456e+00 1.826371e+00 1.856348e+00 1.572249e+00 1.124660e+00 4.289472e-02
<VARIANCE> 25
 1.628740e+01 2.185469e+01 3.213585e+01 4.349806e+01 3.683187e+01 3.073326e+01 3.238793e+01 3.039922e+01 2.649129e+01 2.715200e+01 2.514219e+01 1.738097e+01 2.369567e+00 2.215233e+00 1.809354e+00 2.598479e+00 2.333382e+00 2.131228e+00 2.240003e+00 2.003483e+00 2.477485e+00 2.288091e+00 3.081933e+00 1.693426e+00 1.961291e-03
<GCONST> 8.911099e+01
<MIXTURE> 21 7.928653e-03
<MEAN> 25
 3.583001e+00 -4.273794e+00 4.804098e+00 -2.030312e+00 -9.943254e+00 -8.750511e+00 -2.411494e+00 4.060588e+00 -2.225247e+00 -3.691124e+00 2.968831e-01 1.274152e-01 -6.921858e-01 1.226523e+00 2.530385e+00 -9.342410e-02 -1.587700e+00 3.921075e-01 5.979713e-01 -1.502284e+00 -1.824101e+00 4.154218e-01 1.257109e+00 1.397452e-01 -1.236948e-02
<VARIANCE> 25
 1.008746e+01 1.840079e+01 3.658064e+01 2.924596e+01 2.960297e+01 3.199365e+01 4.091743e+01 3.750572e+01 4.082945e+01 3.321202e+01 3.271553e+01 2.208840e+01 3.873951e-01 1.021025e+00 1.942810e+00 1.274542e+00 2.369065e+00 2.248881e+00 4.014923e+00 2.706012e+00 2.162530e+00 2.677563e+00 2.008749e+00 2.253297e+00 4.205494e-04
<GCONST> 8.566033e+01
<MIXTURE> 22 8.827789e-03
<MEAN> 25
 -1.631880e+01 8.310822e+00 -6.047582e+00 7.035271e+00 1.262089e+00 2.627201e+00 6.095859e+00 -2.300625e-01 5.210895e+00 3.017959e+00 2.874856e+00 8.807781e-01 -2.333626e-01 -2.335391e-01 -1.008641e-01 -5.433054e-02 1.229307e-01 3.872989e-01 3.426339e-01 3.533568e-01 1.014598e-01 4.965845e-01 3.920215e-01 2.928098e-01 1.046937e-03
<VARIANCE> 25
 7.348422e+00 1.197728e+01 1.830984e+01 1.691613e+01 2.625154e+01 1.772981e+01 1.891076e+01 1.596565e+01 1.621884e+01 1.879231e+01 2.453728e+01 1.636009e+01 7.492968e-01 1.119476e+00 1.290530e+00 1.176791e+00 1.452300e+00 1.405061e+00 1.231570e+00 1.124597e+00 1.545442e+00 1.520976e+00 1.445955e+00 1.190724e+00 1.138236e-03
<GCONST> 7.562866e+01
<MIXTURE> 23 6.455497e-03
<MEAN> 25
 5.755387e+00 7.110818e-01 2.373607e+00 1.943804e+00 -2.314501e+00 -2.570826e+00 -3.762206e+00 -3.477050e+00 -2.390870e+00 -6.745874e-01 -2.882836e+00 -1.230710e+00 7.822338e-02 9.409614e-02 7.202077e-03 1.006783e-01 1.599866e-02 1.227610e-01 7.410414e-03 1.117060e-02 1.203325e-01 -1.804136e-02 2.819778e-02 1.379964e-01 -3.126852e-03
<VARIANCE> 25
 7.531469e+00 1.229717e+01 1.620418e+01 2.313098e+01 2.504530e+01 4.160877e+01 3.837601e+01 3.266613e+01 3.030817e+01 2.929894e+01 3.501355e+01 2.465283e+01 1.220254e-01 2.878071e-01 4.070828e-01 5.324987e-01 6.472134e-01 8.040385e-01 8.458062e-01 8.139540e-01 1.053690e+00 8.891577e-01 7.563725e-01 7.729872e-01 8.288163e-05
<GCONST> 6.812979e+01
<MIXTURE> 24 6.455497e-03
<MEAN> 25
 5.755387e+00 7.110818e-01 2.373607e+00 1.943804e+00 -2.314501e+00 -2.570826e+00 -3.762206e+00 -3.477050e+00 -2.390870e+00 -6.745874e-01 -2.882836e+00 -1.230710e+00 7.822338e-02 9.409614e-02 7.202077e-03 1.006783e-01 1.599866e-02 1.227610e-01 7.410414e-03 1.117060e-02 1.203325e-01 -1.804136e-02 2.819778e-02 1.379964e-01 -3.126852e-03
<VARIANCE> 25
 7.531469e+00 1.229717e+01 1.620418e+01 2.313098e+01 2.504530e+01 4.160877e+01 3.837601e+01 3.266613e+01 3.030817e+01 2.929894e+01 3.501355e+01 2.465283e+01 1.220254e-01 2.878071e-01 4.070828e-01 5.324987e-01 6.472134e-01 8.040385e-01 8.458062e-01 8.139540e-01 1.053690e+00 8.891577e-01 7.563725e-01 7.729872e-01 8.288163e-05
<GCONST> 6.812979e+01
<MIXTURE> 25 1.118642e-02
<MEAN> 25
 2.820366e-01 3.029937e+00 1.531230e+01 -1.192305e+00 -1.043546e+01 -2.013623e+00 -4.971087e+00 -2.902566e+00 -6.715808e+00 -5.207818e+00 3.780710e+00 -1.703074e+00 -1.589540e-01 3.731664e-01 1.103206e-01 2.973170e-01 2.505771e-01 1.184531e-01 2.021140e-01 -1.162755e-01 -9.972440e-02 9.726881e-02 2.603500e-02 -2.853560e-02 -1.191359e-02
<VARIANCE> 25
 8.362943e+00 2.151775e+01 2.942706e+01 2.868584e+01 3.231025e+01 3.700574e+01 2.595226e+01 2.729544e+01 2.667295e+01 3.322438e+01 2.005572e+01 2.511712e+01 6.256822e-01 1.347117e+00 1.325956e+00 1.547305e+00 2.092720e+00 2.165058e+00 1.743787e+00 1.521554e+00 1.654619e+00 1.565963e+00 1.416190e+00 1.329495e+00 1.225402e-03
<GCONST> 8.245113e+01
<MIXTURE> 26 7.727677e-03
<MEAN> 25
 2.137203e+00 -5.658007e+00 -9.569044e+00 -1.062856e+00 7.302855e+00 5.038276e+00 3.581540e+00 -3.361348e-01 2.036733e+00 -6.444140e-01 -3.156573e+00 -1.241554e+00 -6.530001e-01 5.608477e-01 2.694088e-01 7.272518e-01 7.199752e-02 1.731002e-01 3.956399e-01 4.889842e-01 3.223269e-01 1.377252e-01 3.632549e-01 3.141561e-01 -4.122032e-02
<VARIANCE> 25
 2.141785e+01 3.410126e+01 2.876857e+01 5.645370e+01 3.825167e+01 4.140236e+01 4.273670e+01 4.095065e+01 3.677207e+01 5.124560e+01 4.045643e+01 4.456586e+01 1.555879e+00 1.814817e+00 2.036862e+00 2.042876e+00 2.228935e+00 2.349658e+00 2.421302e+00 2.951474e+00 2.328437e+00 2.284800e+00 2.013576e+00 2.176271e+00 3.941939e-03
<GCONST> 9.350581e+01
<MIXTURE> 27 7.727677e-03
<MEAN> 25
 2.137203e+00 -5.658007e+00 -9.569044e+00 -1.062856e+00 7.302855e+00 5.038276e+00 3.581540e+00 -3.361348e-01 2.036733e+00 -6.444140e-01 -3.156573e+00 -1.241554e+00 -6.530001e-01 5.608477e-01 2.694088e-01 7.272518e-01 7.199752e-02 1.731002e-01 3.956399e-01 4.889842e-01 3.223269e-01 1.377252e-01 3.632549e-01 3.141561e-01 -4.122032e-02
<VARIANCE> 25
 2.141785e+01 3.410126e+01 2.876857e+01 5.645370e+01 3.825167e+01 4.140236e+01 4.273670e+01 4.095065e+01 3.677207e+01 5.124560e+01 4.045643e+01 4.456586e+01 1.555879e+00 1.814817e+00 2.036862e+00 2.042876e+00 2.228935e+00 2.349658e+00 2.421302e+00 2.951474e+00 2.328437e+00 2.284800e+00 2.013576e+00 2.176271e+00 3.941939e-03
<GCONST> 9.350581e+01
<MIXTURE> 28 5.036674e-03
<MEAN> 25
 -3.463685e+00 -2.460923e-01 -1.247976e+00 5.663452e+00 4.618931e+00 3.658383e+00 4.527725e+00 3.339212e+00 4.040461e+00 2.053323e+00 2.143543e+00 2.402085e+00 -9.154183e-02 1.545597e-01 5.208949e-01 7.780756e-01 7.779227e-01 7.183048e-01 3.586279e-01 3.564149e-01 5.246322e-01 4.907882e-01 4.471688e-01 3.725432e-01 8.484045e-05
<VARIANCE> 25
 1.494105e+01 8.392580e+00 1.047281e+01 1.401726e+01 1.426008e+01 1.471949e+01 1.595805e+01 1.764753e+01 1.513254e+01 1.600372e+01 1.951638e+01 1.487711e+01 2.814523e-01 3.388159e-01 4.027086e-01 4.424192e-01 5.737861e-01 9.473473e-01 9.852147e-01 1.013194e+00 1.090383e+00 9.851053e-01 9.844531e-01 1.106357e+00 1.069688e-06
<GCONST> 5.963768e+01
<MIXTURE> 29 5.036674e-03
<MEAN> 25
 -3.463685e+00 -2.460923e-01 -1.247976e+00 5.663452e+00 4.618931e+00 3.658383e+00 4.527725e+00 3.339212e+00 4.040461e+00 2.053323e+00 2.143543e+00 2.402085e+00 -9.154183e-02 1.545597e-01 5.208949e-01 7.780756e-01 7.779227e-01 7.183048e-01 3.586279e-01 3.564149e-01 5.246322e-01 4.907882e-01 4.471688e-01 3.725432e-01 8.484045e-05
<VARIANCE> 25
 1.494105e+01 8.392580e+00 1.047281e+01 1.401726e+01 1.426008e+01 1.471949e+01 1.595805e+01 1.764753e+01 1.513254e+01 1.600372e+01 1.951638e+01 1.487711e+01 2.814523e-01 3.388159e-01 4.027086e-01 4.424192e-01 5.737861e-01 9.473473e-01 9.852147e-01 1.013194e+00 1.090383e+00 9.851053e-01 9.844531e-01 1.106357e+00 1.069688e-06
<GCONST> 5.963768e+01
<MIXTURE> 30 8.917812e-03
<MEAN> 25
 -3.557407e+00 -2.367352e-01 8.983129e-01 7.947910e+00 7.169220e+00 7.213567e+00 7.021707e+00 6.677106e+00 6.021720e+00 4.126353e+00 5.885295e+00 3.128750e+00 -2.386892e-02 3.841211e-02 1.042966e-01 1.357245e-01 1.107724e-01 7.413395e-02 5.096088e-02 -9.753338e-02 -3.921635e-02 4.315343e-02 6.506433e-02 3.732429e-02 -2.162208e-04
<VARIANCE> 25
 8.917672e+00 9.245649e+00 9.231900e+00 1.608765e+01 1.498219e+01 1.494615e+01 1.846503e+01 1.644870e+01 1.531319e+01 1.836435e+01 2.136733e+01 1.340614e+01 1.025110e-01 2.025428e-01 3.025817e-01 4.700588e-01 6.664950e-01 6.950377e-01 7.382835e-01 8.315190e-01 8.825671e-01 8.301777e-01 1.141132e+00 7.602299e-01 5.610910e-05
<GCONST> 6.046026e+01
<MIXTURE> 31 4.136493e-03
<MEAN> 25
 -1.676122e+00 -3.641310e+00 3.623667e-01 3.614164e+00 2.563038e+00 1.620590e+00 4.088060e+00 5.315650e+00 2.086411e+00 1.416115e+00 5.403167e+00 2.732177e+00 3.022864e-01 3.345187e-01 -2.637559e-01 2.360682e-01 2.547248e-01 4.009979e-01 1.626492e-01 1.067162e-01 3.285459e-01 1.957653e-01 -8.598880e-03 1.211048e-01 -1.527370e-02
<VARIANCE> 25
 8.044845e+00 1.384120e+01 1.288453e+01 1.614193e+01 2.117692e+01 2.173958e+01 2.047950e+01 2.156738e+01 2.293746e+01 2.503819e+01 1.646721e+01 1.521544e+01 2.472011e-01 4.997452e-01 6.184323e-01 6.951273e-01 1.039707e+00 9.814385e-01 1.205998e+00 1.340288e+00 1.410228e+00 1.384197e+00 1.348632e+00 1.136766e+00 2.100758e-04
<GCONST> 7.028963e+01
<MIXTURE> 32 4.136493e-03
<MEAN> 25
 -1.676122e+00 -3.641310e+00 3.623667e-01 3.614164e+00 2.563038e+00 1.620590e+00 4.088060e+00 5.315650e+00 2.086411e+00 1.416115e+00 5.403167e+00 2.732177e+00 3.022864e-01 3.345187e-01 -2.637559e-01 2.360682e-01 2.547248e-01 4.009979e-01 1.626492e-01 1.067162e-01 3.285459e-01 1.957653e-01 -8.598880e-03 1.211048e-01 -1.527370e-02
<VARIANCE> 25
 8.044845e+00 1.384120e+01 1.288453e+01 1.614193e+01 2.117692e+01 2.173958e+01 2.047950e+01 2.156738e+01 2.293746e+01 2.503819e+01 1.646721e+01 1.521544e+01 2.472011e-01 4.997452e-01 6.184323e-01 6.951273e-01 1.039707e+00 9.814385e-01 1.205998e+00 1.340288e+00 1.410228e+00 1.384197e+00 1.348632e+00 1.136766e+00 2.100758e-04
<GCONST> 7.028963e+01
<MIXTURE> 33 1.508826e-02
<MEAN> 25
 3.941778e+00 -2.292907e+00 -3.840131e+00 -3.596287e+00 -3.627480e-03 -5.635500e+00 -6.277424e+00 -1.440778e-01 1.478839e+00 -2.307373e+00 -3.880946e+00 -3.402072e+00 5.525112e-01 -6.966668e-01 -2.605667e+00 -1.957675e+00 1.368161e+00 1.083614e+00 -5.553567e-01 1.517894e-01 9.298828e-01 3.131494e-01 -6.767166e-01 -1.384034e+00 3.775231e-02
<VARIANCE> 25
 1.294979e+01 1.677342e+01 3.831657e+01 4.111401e+01 3.612051e+01 4.003920e+01 3.172699e+01 3.930408e+01 2.887405e+01 5.793592e+01 2.932644e+01 2.924574e+01 1.207897e+00 2.143701e+00 2.604955e+00 1.908470e+00 3.313336e+00 2.582275e+00 3.267082e+00 4.733963e+00 2.946829e+00 4.403842e+00 3.041807e+00 2.476807e+00 1.199065e-03
<GCONST> 9.256857e+01
<MIXTURE> 34 1.588179e-02
<MEAN> 25
 8.230678e+00 -3.929856e-02 1.566762e-03 6.713493e-01 -2.616497e+00 -1.672227e+00 -5.861228e+00 -4.262601e+00 -1.697173e+00 3.196055e-01 -2.538537e+00 -3.458755e+00 4.426059e-02 1.191409e+00 1.379991e+00 2.390013e+00 -1.314263e-01 8.707554e-02 7.774949e-01 -1.420196e+00 -7.131799e-01 4.286775e-01 -4.064504e-01 1.428723e-01 -6.271688e-02
<VARIANCE> 25
 9.386804e+00 2.743408e+01 2.742625e+01 4.810944e+01 4.016451e+01 4.756090e+01 5.555068e+01 5.149780e+01 4.762230e+01 3.925507e+01 4.346259e+01 3.110200e+01 1.187163e+00 2.206579e+00 4.093791e+00 3.644132e+00 5.393781e+00 6.042976e+00 5.506537e+00 6.038172e+00 4.864180e+00 4.840354e+00 4.489302e+00 3.551779e+00 1.184860e-03
<GCONST> 9.878307e+01
<MIXTURE> 35 1.467755e-02
<MEAN> 25
 -1.682873e+00 -4.405210e+00 -1.023454e+01 -8.603655e-01 9.160602e+00 7.798014e-01 1.751781e+00 1.477329e+00 3.503471e-01 4.166565e+00 -1.436891e+00 9.804646e-01 4.477215e-01 -1.094854e+00 -1.793307e+00 -1.467561e+00 4.611170e-01 -7.906926e-01 -7.303809e-01 -3.560741e-01 -4.516648e-01 1.153757e-01 -6.501632e-01 -3.013191e-01 9.622870e-02
<VARIANCE> 25
 1.578261e+01 2.694469e+01 4.679387e+01 5.462003e+01 3.634147e+01 5.790548e+01 5.386776e+01 3.714166e+01 4.408480e+01 4.056999e+01 3.680540e+01 2.945155e+01 3.020032e+00 2.976130e+00 5.845040e+00 4.389000e+00 4.583293e+00 4.649958e+00 4.207263e+00 4.948348e+00 4.362719e+00 4.729178e+00 3.386021e+00 3.377895e+00 4.370849e-03
<GCONST> 1.011430e+02
<MIXTURE> 36 1.093293e-02
<MEAN> 25
 4.086044e+00 -2.874762e+00 4.789611e+00 2.405510e+00 -6.780805e+00 -5.850517e+00 -4.401970e+00 1.605275e+00 -1.473447e+00 -1.598990e+00 3.137630e+00 -2.279714e-02 3.742659e-01 4.433936e-02 -6.519237e-01 -5.910369e-02 6.961811e-01 1.521870e-01 -3.515069e-01 -6.937236e-02 4.673044e-01 4.548233e-01 -2.613089e-01 -6.339994e-02 -9.480469e-03
<VARIANCE> 25
 8.255995e+00 1.020947e+01 1.733261e+01 1.934352e+01 2.296234e+01 1.859967e+01 3.145139e+01 2.003244e+01 2.476709e+01 2.454639e+01 1.960273e+01 1.881275e+01 4.230329e-01 5.250305e-01 1.026509e+00 1.269898e+00 1.809819e+00 1.071027e+00 1.631504e+00 1.339412e+00 1.249862e+00 2.276209e+00 1.199377e+00 1.397934e+00 5.919080e-04
<GCONST> 7.535345e+01
<MIXTURE> 37 1.246826e-02
<MEAN> 25
 -1.131109e+00 7.189136e+00 9.712379e+00 -6.146946e+00 -7.022939e+00 -1.428970e+00 -5.910487e+00 -7.671192e+00 -2.435028e+00 -1.335089e+00 -4.405442e+00 -3.943678e-01 5.827140e-01 4.513053e-01 -1.075955e+00 3.474118e+00 1.549063e+00 -7.059878e-01 5.893987e-01 7.083977e-01 5.260228e-01 -4.070885e-01 9.139383e-01 -3.028201e-01 -7.861559e-02
<VARIANCE> 25
 1.507208e+01 1.934267e+01 2.818507e+01 4.402380e+01 2.911553e+01 3.144174e+01 5.274649e+01 3.196224e+01 3.187537e+01 2.550352e+01 3.327977e+01 3.313426e+01 2.180751e+00 3.389476e+00 2.438698e+00 2.814722e+00 3.148597e+00 3.100156e+00 5.589060e+00 3.529406e+00 2.649795e+00 2.659661e+00 3.634313e+00 4.066120e+00 2.751061e-03
<GCONST> 9.463828e+01
<MIXTURE> 38 1.154525e-02
<MEAN> 25
 -6.888681e+00 8.213166e+00 2.146410e-01 6.491204e-01 -2.984799e+00 -6.503764e+00 -1.269927e+00 -4.083032e+00 -3.675676e+00 -1.482166e+00 -1.333200e+00 -1.805726e+00 -3.756726e+00 1.764920e+00 -6.746574e-01 1.842177e+00 1.596711e+00 1.323932e+00 1.048077e+00 5.218363e-01 7.422265e-01 1.223969e+00 -1.048013e-01 6.049471e-01 5.876128e-02
<VARIANCE> 25
 2.878155e+01 2.202282e+01 3.310363e+01 2.936298e+01 3.569678e+01 2.812985e+01 2.466423e+01 2.927054e+01 2.840913e+01 1.968302e+01 1.821321e+01 2.195742e+01 1.477244e+00 2.414244e+00 2.650930e+00 5.143061e+00 2.796484e+00 3.061734e+00 4.560055e+00 2.841897e+00 3.186754e+00 2.992485e+00 3.156819e+00 1.955962e+00 1.599603e-03
<GCONST> 9.132050e+01
<MIXTURE> 39 9.501865e-03
<MEAN> 25
 -4.444502e-01 1.368070e+00 7.120250e+00 -1.063421e+01 -9.421493e+00 -2.670483e+00 -3.498192e+00 -5.213716e+00 -4.112706e+00 -4.133897e-01 -4.863303e+00 -1.385406e+00 -9.102842e-01 1.430423e+00 1.418494e+00 -1.615017e+00 -4.679853e-01 1.374905e+00 -1.344409e+00 -1.493933e+00 7.223744e-01 4.573693e-01 -6.746631e-01 2.397099e-01 5.981833e-03
<VARIANCE> 25
 8.342677e+00 1.698621e+01 2.746302e+01 3.043436e+01 3.152655e+01 3.115143e+01 3.422590e+01 3.351178e+01 3.079059e+01 2.153645e+01 2.936435e+01 3.029660e+01 6.581800e-01 1.350063e+00 1.118682e+00 2.547222e+00 1.705930e+00 2.240807e+00 3.317499e+00 3.518061e+00 1.944555e+00 2.252181e+00 3.157719e+00 2.276253e+00 8.031048e-04
<GCONST> 8.590085e+01
<MIXTURE> 40 1.030800e-02
<MEAN> 25
 -4.928113e+00 2.656941e+00 -1.407081e+00 4.881731e+00 1.111608e+00 3.433684e+00 2.592140e+00 2.359813e+00 3.774854e+00 3.014432e+00 4.336053e+00 1.641819e+00 -1.509215e-01 -1.846276e-01 2.248750e-02 -9.132324e-02 -5.901210e-02 -4.911097e-02 1.491532e-01 1.569924e-01 -6.775916e-02 -1.026922e-01 7.489686e-02 -4.175386e-02 6.310724e-04
<VARIANCE> 25
 3.870437e+01 1.632605e+01 2.294354e+01 1.817898e+01 2.326463e+01 1.411177e+01 1.548354e+01 1.629303e+01 1.314172e+01 1.338738e+01 1.672899e+01 1.253621e+01 7.366399e-01 6.802335e-01 7.264023e-01 8.374730e-01 1.055130e+00 1.089564e+00 1.175278e+00 1.112953e+00 1.148258e+00 1.051222e+00 1.078294e+00 8.878295e-01 4.708003e-04
<GCONST> 7.197276e+01
<MIXTURE> 41 6.713375e-03
<MEAN> 25
 6.673391e-01 1.051709e+00 1.018028e+01 -7.290954e+00 -9.499660e+00 -3.691075e+00 -2.275687e+00 -5.301361e+00 -5.199875e+00 2.643205e+00 -2.362957e+00 -1.071849e+00 -1.952744e-01 -5.590823e-01 1.450592e+00 -3.532540e+00 -2.330535e+00 -1.520097e-01 -2.576067e-01 -1.763778e-01 -5.514976e-01 9.639338e-01 -9.413804e-01 2.878607e-01 7.920352e-02
<VARIANCE> 25
 1.153931e+01 2.713024e+01 3.396220e+01 3.905134e+01 3.868837e+01 3.579281e+01 3.240775e+01 3.146730e+01 3.393820e+01 2.756396e+01 3.221970e+01 2.683437e+01 3.064232e+00 3.054438e+00 3.390857e+00 3.357379e+00 4.298154e+00 5.127807e+00 4.637392e+00 4.762870e+00 4.150321e+00 4.149316e+00 3.375645e+00 3.701567e+00 2.646095e-03
<GCONST> 9.694070e+01
<MIXTURE> 42 1.106211e-02
<MEAN> 25
 -2.066820e+00 4.024108e+00 3.693584e+00 2.451399e+00 1.285072e-01 -6.078547e+00 -1.155977e+00 -1.627512e+00 -1.937001e+00 -9.643620e-01 -2.302101e+00 8.853253e-01 3.630906e+00 -5.016698e-01 1.250160e+00 -5.719729e-02 -2.520276e+00 -1.254130e+00 -2.136077e+00 -6.142852e-01 -6.219030e-01 -7.673476e-01 4.793567e-01 -8.496197e-01 6.421511e-03
<VARIANCE> 25
 3.475248e+01 1.843299e+01 3.917127e+01 2.692166e+01 3.543670e+01 3.238047e+01 3.243268e+01 2.606863e+01 3.223606e+01 2.377422e+01 1.836544e+01 1.718656e+01 3.653846e+00 4.473392e+00 5.126293e+00 4.132893e+00 4.267901e+00 4.993843e+00 4.491979e+00 4.472159e+00 4.334979e+00 5.517428e+00 3.878250e+00 2.980659e+00 3.718687e-03
<GCONST> 9.748623e+01
<MIXTURE> 43 7.108249e-03
<MEAN> 25
 2.149621e+00 -4.831214e+00 -2.249048e+00 -5.688086e+00 -5.152998e+00 -5.760131e+00 2.816173e+00 2.853923e+00 -6.135364e+00 -6.906286e+00 -4.470211e+00 -1.181880e+00 4.055493e-01 1.643946e+00 1.903878e+00 -6.002573e-02 -1.227821e+00 -4.176184e-01 -1.252112e+00 -1.465869e+00 7.876639e-01 1.641271e+00 -4.136151e-02 -2.101221e-01 -3.979494e-02
<VARIANCE> 25
 8.371683e+00 1.845712e+01 2.067777e+01 2.495894e+01 3.535696e+01 3.431422e+01 2.681893e+01 3.421106e+01 3.456235e+01 2.701946e+01 2.264540e+01 2.232362e+01 7.052485e-01 1.211234e+00 1.204614e+00 2.365706e+00 2.087100e+00 2.111904e+00 3.454153e+00 3.353680e+00 2.151225e+00 2.065607e+00 2.168493e+00 1.551275e+00 7.568845e-04
<GCONST> 8.456210e+01
<MIXTURE> 44 7.328289e-03
<MEAN> 25
 -9.291430e+00 2.563297e+00 2.209138e+00 -2.051680e+00 1.337884e+00 2.106017e+00 -1.400869e+00 1.378379e+00 1.464232e+00 5.702703e-03 2.107191e+00 1.586140e+00 -2.463250e-01 -1.129034e-01 1.370835e-02 -1.468566e-03 3.458122e-02 3.769464e-01 6.059246e-01 2.812245e-01 1.669698e-01 1.980257e-01 2.424331e-02 2.573973e-01 4.745320e-03
<VARIANCE> 25
 4.500595e+01 2.036097e+01 2.471250e+01 2.475857e+01 2.376710e+01 2.923396e+01 2.119412e+01 2.474432e+01 1.769068e+01 2.141208e+01 2.381916e+01 1.598599e+01 1.244020e+00 1.434429e+00 1.122429e+00 1.103367e+00 1.728252e+00 1.500699e+00 1.122009e+00 1.268074e+00 1.308075e+00 1.254334e+00 1.821986e+00 1.054011e+00 8.813770e-04
<GCONST> 8.008128e+01
<MIXTURE> 45 1.364932e-02
<MEAN> 25
 -9.008105e+00 3.680533e+00 -1.348470e+00 2.082469e+00 2.628276e+00 -6.364676e-01 3.354167e+00 2.638541e-01 1.742133e+00 2.425050e+00 2.275815e+00 1.003818e+00 -2.907383e+00 1.016105e+00 -6.140734e-01 -2.809126e-01 4.454821e-01 -1.315112e-01 6.546053e-01 -2.501346e-01 -1.454915e-01 2.395971e-01 3.025609e-01 9.893637e-02 9.792031e-02
<VARIANCE> 25
 3.697156e+01 2.488473e+01 1.965126e+01 2.161542e+01 3.598281e+01 2.284821e+01 2.599337e+01 2.519740e+01 2.193160e+01 2.129631e+01 2.476275e+01 1.755824e+01 2.049203e+00 2.236354e+00 1.925166e+00 2.021303e+00 1.732129e+00 1.752045e+00 2.182724e+00 1.952043e+00 2.292789e+00 2.099183e+00 2.013054e+00 1.893726e+00 3.009693e-03
<GCONST> 8.678495e+01
<MIXTURE> 46 9.336259e-03
<MEAN> 25
 -9.050510e+00 2.719603e+00 1.823923e-01 5.763851e+00 4.068793e+00 2.082380e+00 5.980689e+00 3.090807e+00 4.750814e+00 5.997647e+00 5.029538e+00 3.144255e+00 1.160502e+00 -5.273115e-01 2.136592e-01 6.966516e-01 7.001756e-01 8.262324e-01 4.808642e-01 9.356645e-01 3.574759e-01 5.598184e-01 5.467947e-01 5.846717e-01 -9.094885e-02
<VARIANCE> 25
 3.675368e+01 4.089875e+01 4.104929e+01 5.096335e+01 5.263314e+01 3.765213e+01 3.464289e+01 3.583555e+01 3.511206e+01 3.120951e+01 2.627992e+01 1.961235e+01 3.254087e+00 3.769642e+00 3.372705e+00 3.688001e+00 3.679230e+00 2.989570e+00 2.934950e+00 3.054345e+00 2.849509e+00 3.185774e+00 2.278930e+00 1.679920e+00 6.708952e-03
<GCONST> 9.703090e+01
<MIXTURE> 47 7.116147e-03
<MEAN> 25
 6.463844e+00 -6.370747e+00 -7.533229e+00 -5.984868e+00 1.281181e+00 4.925034e-01 -2.418337e+00 1.116447e+00 2.742663e+00 1.828328e-01 -4.069548e+00 -6.328896e+00 -2.061579e-01 -1.187719e+00 -6.622181e-01 -4.188724e-01 5.706978e-01 7.570378e-01 8.510745e-01 5.276371e-01 6.791180e-02 -8.556771e-01 -4.789579e-01 -4.807803e-01 2.875719e-02
<VARIANCE> 25
 1.355451e+01 2.440115e+01 2.723430e+01 3.281356e+01 3.321040e+01 5.121150e+01 4.187953e+01 3.729858e+01 3.910922e+01 4.534333e+01 4.603478e+01 3.208517e+01 4.976466e-01 7.786101e-01 1.105249e+00 1.526624e+00 1.888950e+00 2.015000e+00 2.087959e+00 3.041800e+00 2.038049e+00 2.218149e+00 2.370517e+00 1.829606e+00 6.750179e-04
<GCONST> 8.654998e+01
<MIXTURE> 48 7.116147e-03
<MEAN> 25
 6.463844e+00 -6.370747e+00 -7.533229e+00 -5.984868e+00 1.281181e+00 4.925034e-01 -2.418337e+00 1.116447e+00 2.742663e+00 1.828328e-01 -4.069548e+00 -6.328896e+00 -2.061579e-01 -1.187719e+00 -6.622181e-01 -4.188724e-01 5.706978e-01 7.570378e-01 8.510745e-01 5.276371e-01 6.791180e-02 -8.556771e-01 -4.789579e-01 -4.807803e-01 2.875719e-02
<VARIANCE> 25
 1.355451e+01 2.440115e+01 2.723430e+01 3.281356e+01 3.321040e+01 5.121150e+01 4.187953e+01 3.729858e+01 3.910922e+01 4.534333e+01 4.603478e+01 3.208517e+01 4.976466e-01 7.786101e-01 1.105249e+00 1.526624e+00 1.888950e+00 2.015000e+00 2.087959e+00 3.041800e+00 2.038049e+00 2.218149e+00 2.370517e+00 1.829606e+00 6.750179e-04
<GCONST> 8.654998e+01
<MIXTURE> 49 5.548473e-03
<MEAN> 25
 -2.485553e+00 -1.915494e-02 6.211165e-01 6.749099e+00 5.140839e+00 4.925187e+00 4.366045e+00 3.968261e+00 4.075660e+00 3.192627e+00 4.820446e+00 2.279084e+00 3.803682e-01 5.970799e-01 7.830252e-01 3.757105e-01 -2.054546e-01 -5.447403e-01 -9.235979e-01 -1.226933e+00 -8.905017e-01 -5.177190e-01 -4.167192e-01 -9.306955e-02 1.935624e-04
<VARIANCE> 25
 1.418213e+01 7.762818e+00 1.065774e+01 1.470675e+01 1.369130e+01 1.377491e+01 1.822533e+01 1.534811e+01 1.641415e+01 1.465798e+01 2.095636e+01 1.232720e+01 2.561949e-01 2.759053e-01 4.218579e-01 5.013923e-01 7.874721e-01 8.720065e-01 9.709855e-01 9.995753e-01 1.012531e+00 1.077394e+00 9.967166e-01 1.299323e+00 1.702195e-05
<GCONST> 6.236946e+01
<MIXTURE> 50 6.234641e-03
<MEAN> 25
 -1.514118e+00 -5.795241e-02 -3.613018e-01 4.867866e+00 3.321235e+00 3.161581e+00 2.626124e+00 1.505443e+00 2.348008e+00 1.186462e+00 1.625325e+00 1.559967e+00 4.666527e-02 1.446170e-01 1.680855e-01 -8.525883e-02 -5.235775e-01 -6.713049e-01 -4.642129e-01 -1.648173e-02 4.243173e-01 6.851237e-01 7.752320e-01 3.385372e-01 -1.226552e-04
<VARIANCE> 25
 1.297378e+01 8.934996e+00 1.078583e+01 1.201859e+01 1.340072e+01 1.562763e+01 1.701190e+01 1.806756e+01 1.683635e+01 1.610007e+01 1.603901e+01 1.074932e+01 1.741217e-01 2.418723e-01 3.752947e-01 6.048253e-01 5.151592e-01 7.328861e-01 9.551160e-01 1.024353e+00 1.160976e+00 9.707938e-01 9.539397e-01 9.672508e-01 1.629803e-06
<GCONST> 5.845514e+01
<MIXTURE> 51 6.234641e-03
<MEAN> 25
 -1.514118e+00 -5.795241e-02 -3.613018e-01 4.867866e+00 3.321235e+00 3.161581e+00 2.626124e+00 1.505443e+00 2.348008e+00 1.186462e+00 1.625325e+00 1.559967e+00 4.666527e-02 1.446170e-01 1.680855e-01 -8.525883e-02 -5.235775e-01 -6.713049e-01 -4.642129e-01 -1.648173e-02 4.243173e-01 6.851237e-01 7.752320e-01 3.385372e-01 -1.226552e-04
<VARIANCE> 25
 1.297378e+01 8.934996e+00 1.078583e+01 1.201859e+01 1.340072e+01 1.562763e+01 1.701190e+01 1.806756e+01 1.683635e+01 1.610007e+01 1.603901e+01 1.074932e+01 1.741217e-01 2.418723e-01 3.752947e-01 6.048253e-01 5.151592e-01 7.328861e-01 9.551160e-01 1.024353e+00 1.160976e+00 9.707938e-01 9.539397e-01 9.672508e-01 1.629803e-06
<GCONST> 5.845514e+01
<MIXTURE> 52 6.367945e-03
<MEAN> 25
 1.002774e+01 1.925394e+00 -6.118860e+00 -1.393965e+01 -4.165284e+00 8.313287e+00 -2.758075e+00 -3.043573e+00 -4.212621e+00 -1.967843e+00 3.306215e+00 7.458578e-01 -3.864762e-01 -4.836762e-01 -7.955302e-02 1.128833e+00 1.327756e+00 -4.271623e-01 -5.704545e-01 -6.336061e-01 3.145002e-02 1.221784e+00 3.766926e-01 -5.422100e-01 -1.423984e-02
<VARIANCE> 25
 9.509703e+00 2.043616e+01 2.505154e+01 4.124380e+01 4.493191e+01 3.178151e+01 4.597586e+01 4.793828e+01 4.312738e+01 4.553276e+01 3.897673e+01 2.960115e+01 4.510729e-01 1.447323e+00 1.284747e+00 2.698052e+00 2.282341e+00 2.265214e+00 2.963035e+00 2.761636e+00 2.946289e+00 2.624646e+00 2.470793e+00 2.223480e+00 1.531126e-03
<GCONST> 8.958135e+01
<MIXTURE> 53 6.367945e-03
<MEAN> 25
 1.002774e+01 1.925394e+00 -6.118860e+00 -1.393965e+01 -4.165284e+00 8.313287e+00 -2.758075e+00 -3.043573e+00 -4.212621e+00 -1.967843e+00 3.306215e+00 7.458578e-01 -3.864762e-01 -4.836762e-01 -7.955302e-02 1.128833e+00 1.327756e+00 -4.271623e-01 -5.704545e-01 -6.336061e-01 3.145002e-02 1.221784e+00 3.766926e-01 -5.422100e-01 -1.423984e-02
<VARIANCE> 25
 9.509703e+00 2.043616e+01 2.505154e+01 4.124380e+01 4.493191e+01 3.178151e+01 4.597586e+01 4.793828e+01 4.312738e+01 4.553276e+01 3.897673e+01 2.960115e+01 4.510729e-01 1.447323e+00 1.284747e+00 2.698052e+00 2.282341e+00 2.265214e+00 2.963035e+00 2.761636e+00 2.946289e+00 2.624646e+00 2.470793e+00 2.223480e+00 1.531126e-03
<GCONST> 8.958135e+01
<MIXTURE> 54 7.368620e-03
<MEAN> 25
 -2.039386e+00 -2.696631e-01 -3.459761e-01 6.788961e+00 5.819558e+00 4.526239e+00 3.717459e+00 4.248139e+00 3.620038e+00 2.979584e+00 3.603495e+00 1.764732e+00 1.331263e-02 1.257464e-02 3.751130e-02 3.812625e-02 4.264665e-02 5.421927e-02 3.721227e-02 -1.393878e-02 8.716512e-02 8.274718e-02 9.610814e-02 -3.531388e-02 1.237754e-04
<VARIANCE> 25
 1.204957e+01 8.606833e+00 7.835599e+00 1.692400e+01 1.134593e+01 1.069690e+01 1.326572e+01 9.734768e+00 1.022591e+01 1.199532e+01 1.724040e+01 1.202168e+01 4.252876e-02 8.215328e-02 1.611959e-01 2.085032e-01 3.146409e-01 4.725635e-01 4.303894e-01 6.540257e-01 5.368385e-01 5.440601e-01 6.577945e-01 4.911110e-01 1.451029e-06
<GCONST> 4.725182e+01
<MIXTURE> 55 7.368620e-03
<MEAN> 25
 -2.039386e+00 -2.696631e-01 -3.459761e-01 6.788961e+00 5.819558e+00 4.526239e+00 3.717459e+00 4.248139e+00 3.620038e+00 2.979584e+00 3.603495e+00 1.764732e+00 1.331263e-02 1.257464e-02 3.751130e-02 3.812625e-02 4.264665e-02 5.421927e-02 3.721227e-02 -1.393878e-02 8.716512e-02 8.274718e-02 9.610814e-02 -3.531388e-02 1.237754e-04
<VARIANCE> 25
 1.204957e+01 8.606833e+00 7.835599e+00 1.692400e+01 1.134593e+01 1.069690e+01 1.326572e+01 9.734768e+00 1.022591e+01 1.199532e+01 1.724040e+01 1.202168e+01 4.252876e-02 8.215328e-02 1.611959e-01 2.085032e-01 3.146409e-01 4.725635e-01 4.303894e-01 6.540257e-01 5.368385e-01 5.440601e-01 6.577945e-01 4.911110e-01 1.451029e-06
<GCONST> 4.725182e+01
<MIXTURE> 56 6.132464e-03
<MEAN> 25
 6.268291e+00 -4.734531e+00 -8.603947e+00 -7.938864e+00 2.707288e+00 2.396528e+00 -3.320382e+00 -2.394550e+00 1.524909e+00 1.026776e+00 -1.263028e+00 -6.023678e+00 -2.501670e-02 2.988416e-02 -5.746832e-02 6.174174e-02 2.522134e-01 1.122958e-01 1.621023e-01 -7.649425e-02 -9.572094e-02 -5.047951e-02 -7.153698e-02 -1.973396e-02 -7.507410e-03
<VARIANCE> 25
 1.117200e+01 2.424127e+01 2.411226e+01 4.264477e+01 3.320779e+01 4.315742e+01 5.264887e+01 3.406290e+01 3.290083e+01 3.449289e+01 3.454345e+01 2.813399e+01 2.235735e-01 3.952391e-01 4.378272e-01 6.773373e-01 7.583886e-01 1.045884e+00 8.657404e-01 9.342275e-01 9.574930e-01 1.016991e+00 9.693734e-01 6.683356e-01 2.204622e-04
<GCONST> 7.419082e+01
<MIXTURE> 57 6.132464e-03
<MEAN> 25
 6.268291e+00 -4.734531e+00 -8.603947e+00 -7.938864e+00 2.707288e+00 2.396528e+00 -3.320382e+00 -2.394550e+00 1.524909e+00 1.026776e+00 -1.263028e+00 -6.023678e+00 -2.501670e-02 2.988416e-02 -5.746832e-02 6.174174e-02 2.522134e-01 1.122958e-01 1.621023e-01 -7.649425e-02 -9.572094e-02 -5.047951e-02 -7.153698e-02 -1.973396e-02 -7.507410e-03
<VARIANCE> 25
 1.117200e+01 2.424127e+01 2.411226e+01 4.264477e+01 3.320779e+01 4.315742e+01 5.264887e+01 3.406290e+01 3.290083e+01 3.449289e+01 3.454345e+01 2.813399e+01 2.235735e-01 3.952391e-01 4.378272e-01 6.773373e-01 7.583886e-01 1.045884e+00 8.657404e-01 9.342275e-01 9.574930e-01 1.016991e+00 9.693734e-01 6.683356e-01 2.204622e-04
<GCONST> 7.419082e+01
<MIXTURE> 58 6.172147e-03
<MEAN> 25
 2.309616e+00 -2.696465e+00 5.559470e+00 -3.285637e+00 -1.065887e+01 -4.365582e+00 4.976915e-01 3.263849e-01 -1.430809e+00 2.130409e+00 1.420759e+00 -6.051763e-01 4.668413e-02 -2.043020e-01 7.264253e-02 4.611211e-02 1.669769e-01 2.271530e-01 5.032127e-01 3.433165e-01 2.717390e-02 -1.655789e-02 -5.953342e-02 -2.478706e-01 -2.038932e-03
<VARIANCE> 25
 7.387373e+00 1.258779e+01 1.908299e+01 3.213275e+01 2.571881e+01 3.563950e+01 2.670794e+01 2.416064e+01 2.816211e+01 2.825205e+01 1.942164e+01 1.855124e+01 3.459888e-01 7.022154e-01 7.087324e-01 1.036342e+00 1.036277e+00 1.078567e+00 1.317864e+00 1.524893e+00 1.094489e+00 1.306430e+00 9.543954e-01 1.137430e+00 5.294834e-04
<GCONST> 7.473634e+01
<MIXTURE> 59 6.172147e-03
<MEAN> 25
 2.309616e+00 -2.696465e+00 5.559470e+00 -3.285637e+00 -1.065887e+01 -4.365582e+00 4.976915e-01 3.263849e-01 -1.430809e+00 2.130409e+00 1.420759e+00 -6.051763e-01 4.668413e-02 -2.043020e-01 7.264253e-02 4.611211e-02 1.669769e-01 2.271530e-01 5.032127e-01 3.433165e-01 2.717390e-02 -1.655789e-02 -5.953342e-02 -2.478706e-01 -2.038932e-03
<VARIANCE> 25
 7.387373e+00 1.258779e+01 1.908299e+01 3.213275e+01 2.571881e+01 3.563950e+01 2.670794e+01 2.416064e+01 2.816211e+01 2.825205e+01 1.942164e+01 1.855124e+01 3.459888e-01 7.022154e-01 7.087324e-01 1.036342e+00 1.036277e+00 1.078567e+00 1.317864e+00 1.524893e+00 1.094489e+00 1.306430e+00 9.543954e-01 1.137430e+00 5.294834e-04
<GCONST> 7.473634e+01
<MIXTURE> 60 4.479129e-03
<MEAN> 25
 6.549720e-01 -9.775366e-01 -1.859406e-01 2.823737e+00 1.786100e+00 2.639705e+00 1.062123e+00 1.358816e+00 1.560070e+00 9.094958e-01 1.367444e+00 9.749376e-01 -2.300024e-03 5.540776e-02 1.139146e-01 1.179010e-01 8.387045e-02 1.380269e-01 1.468259e-01 2.969425e-01 5.502980e-01 6.376492e-01 5.740641e-01 2.178936e-01 -1.514679e-04
<VARIANCE> 25
 5.377652e+00 5.059983e+00 6.748587e+00 7.537140e+00 9.621923e+00 9.435283e+00 9.871884e+00 9.141835e+00 1.065602e+01 1.001306e+01 1.055168e+01 9.006658e+00 1.178535e-01 1.928513e-01 2.610791e-01 4.292170e-01 6.464950e-01 7.487312e-01 9.298912e-01 8.778770e-01 9.939998e-01 7.913690e-01 9.425994e-01 9.784772e-01 3.718741e-05
<GCONST> 5.399325e+01
<MIXTURE> 61 4.479129e-03
<MEAN> 25
 6.549720e-01 -9.775366e-01 -1.859406e-01 2.823737e+00 1.786100e+00 2.639705e+00 1.062123e+00 1.358816e+00 1.560070e+00 9.094958e-01 1.367444e+00 9.749376e-01 -2.300024e-03 5.540776e-02 1.139146e-01 1.179010e-01 8.387045e-02 1.380269e-01 1.468259e-01 2.969425e-01 5.502980e-01 6.376492e-01 5.740641e-01 2.178936e-01 -1.514679e-04
<VARIANCE> 25
 5.377652e+00 5.059983e+00 6.748587e+00 7.537140e+00 9.621923e+00 9.435283e+00 9.871884e+00 9.141835e+00 1.065602e+01 1.001306e+01 1.055168e+01 9.006658e+00 1.178535e-01 1.928513e-01 2.610791e-01 4.292170e-01 6.464950e-01 7.487312e-01 9.298912e-01 8.778770e-01 9.939998e-01 7.913690e-01 9.425994e-01 9.784772e-01 3.718741e-05
<GCONST> 5.399325e+01
<MIXTURE> 62 3.278034e-03
<MEAN> 25
 -4.628986e+00 1.494598e+00 6.115453e-01 8.391781e+00 5.335940e+00 4.537017e+00 4.341674e+00 3.561832e+00 5.078398e+00 3.920903e+00 5.020312e+00 2.616897e+00 -9.670035e-01 -1.107282e+00 -8.448679e-01 -3.361624e-01 3.874625e-01 9.495867e-01 1.403302e+00 1.531713e+00 1.438364e+00 1.392656e+00 1.139396e+00 6.718103e-01 -1.291541e-03
<VARIANCE> 25
 1.145148e+01 1.070545e+01 1.346096e+01 1.642238e+01 2.049257e+01 1.828176e+01 2.695474e+01 1.892146e+01 1.823753e+01 1.705786e+01 1.976341e+01 1.595639e+01 3.729923e-01 4.170083e-01 6.123263e-01 7.556968e-01 1.068943e+00 1.275340e+00 1.255500e+00 1.180870e+00 1.305114e+00 1.566176e+00 1.364098e+00 1.340044e+00 1.682297e-05
<GCONST> 6.820602e+01
<MIXTURE> 63 4.351215e-03
<MEAN> 25
 -1.290906e+00 -5.531318e-02 -1.941020e+00 1.907427e+00 1.739347e+00 6.993602e-01 1.859673e+00 5.369005e-01 1.507777e+00 -1.022481e-01 -3.770951e-02 8.852941e-01 -3.625526e-02 3.084070e-01 3.172531e-01 5.134376e-01 4.412980e-01 4.666931e-01 4.075187e-01 2.052416e-01 1.490692e-01 1.010874e-01 9.336580e-02 8.186185e-02 -6.405464e-04
<VARIANCE> 25
 9.300493e+00 1.236990e+01 1.439314e+01 1.148026e+01 1.541040e+01 1.670329e+01 1.507362e+01 1.915787e+01 1.657638e+01 1.715130e+01 1.337637e+01 1.191057e+01 3.716697e-01 4.034276e-01 5.821360e-01 6.849012e-01 8.470968e-01 1.041342e+00 1.207125e+00 1.475484e+00 1.281665e+00 1.331475e+00 1.322132e+00 1.215601e+00 1.696972e-04
<GCONST> 6.769910e+01
<MIXTURE> 64 4.351215e-03
<MEAN> 25
 -1.290906e+00 -5.531318e-02 -1.941020e+00 1.907427e+00 1.739347e+00 6.993602e-01 1.859673e+00 5.369005e-01 1.507777e+00 -1.022481e-01 -3.770951e-02 8.852941e-01 -3.625526e-02 3.084070e-01 3.172531e-01 5.134376e-01 4.412980e-01 4.666931e-01 4.075187e-01 2.052416e-01 1.490692e-01 1.010874e-01 9.336580e-02 8.186185e-02 -6.405464e-04
<VARIANCE> 25
 9.300493e+00 1.236990e+01 1.439314e+01 1.148026e+01 1.541040e+01 1.670329e+01 1.507362e+01 1.915787e+01 1.657638e+01 1.715130e+01 1.337637e+01 1.191057e+01 3.716697e-01 4.034276e-01 5.821360e-01 6.849012e-01 8.470968e-01 1.041342e+00 1.207125e+00 1.475484e+00 1.281665e+00 1.331475e+00 1.322132e+00 1.215601e+00 1.696972e-04
<GCONST> 6.769910e+01
<MIXTURE> 65 1.721197e-02
<MEAN> 25
 5.629684e+00 7.405122e-01 1.332799e+00 1.969228e-01 -3.331389e+00 -4.071235e+00 -5.548553e+00 -3.864614e+00 -1.967614e+00 -8.423133e-01 -3.146396e+00 -9.967379e-01 9.872765e-02 5.622277e-02 1.648140e-01 -6.514059e-02 -1.709825e-01 2.621619e-01 -3.918226e-02 -7.675711e-02 3.215917e-01 2.261674e-01 1.255040e-01 -8.896273e-02 -1.688686e-03
<VARIANCE> 25
 9.209983e+00 1.203576e+01 1.635591e+01 2.244660e+01 2.537316e+01 3.971578e+01 3.810568e+01 3.252803e+01 3.409385e+01 3.204989e+01 3.913791e+01 3.008347e+01 4.976434e-01 8.253835e-01 1.473356e+00 1.789513e+00 1.793933e+00 1.732006e+00 2.248081e+00 2.539542e+00 2.203570e+00 2.010938e+00 1.625340e+00 2.008231e+00 4.069687e-04
<GCONST> 8.248653e+01
<MIXTURE> 66 1.191532e-02
<MEAN> 25
 4.990099e+00 -1.973779e+00 -5.665269e+00 -5.856050e+00 1.787593e+00 -6.128855e+00 -6.912701e+00 -2.037938e-01 -1.662095e-01 -3.013216e+00 -5.433599e+00 -4.061010e+00 1.544994e-01 1.074951e+00 2.503357e+00 2.696056e+00 -1.811355e+00 -6.464838e-01 2.096344e-02 -5.556564e-02 -7.091808e-03 5.318165e-01 2.059672e-01 6.924427e-01 -6.415876e-02
<VARIANCE> 25
 7.236020e+00 2.134946e+01 3.633004e+01 3.227288e+01 2.810342e+01 3.974486e+01 4.490327e+01 4.072692e+01 3.531992e+01 4.216070e+01 2.598997e+01 3.317092e+01 1.048743e+00 2.128322e+00 1.697471e+00 1.761286e+00 3.584088e+00 3.804861e+00 5.078274e+00 4.924367e+00 2.888863e+00 4.088045e+00 2.744251e+00 2.640173e+00 1.336031e-03
<GCONST> 9.221027e+01
<MIXTURE> 67 1.559142e-02
<MEAN> 25
 8.491549e+00 2.115069e+00 -5.977789e+00 -8.273008e+00 9.501558e-01 2.556376e+00 -3.618888e+00 -2.493156e+00 -3.558011e+00 7.353715e-01 5.140277e-02 -1.798869e+00 -1.011657e+00 1.756722e+00 1.032082e+00 3.091404e+00 1.132514e+00 -3.810292e-01 1.381998e+00 1.120546e-01 1.401060e-01 3.618307e-01 -2.624277e-01 5.280744e-01 -1.259268e-01
<VARIANCE> 25
 1.320312e+01 3.621019e+01 3.264220e+01 5.226796e+01 4.622358e+01 5.398500e+01 6.011088e+01 4.989269e+01 6.031100e+01 5.447692e+01 5.231846e+01 4.911881e+01 2.201274e+00 3.355425e+00 3.290803e+00 4.233924e+00 5.049943e+00 4.846934e+00 4.565145e+00 4.831082e+00 5.084869e+00 4.652997e+00 4.865914e+00 3.661024e+00 3.166346e-03
<GCONST> 1.025496e+02
<MIXTURE> 68 1.485092e-02
<MEAN> 25
 -2.684301e+00 -1.820724e+00 -4.623676e+00 6.234229e-01 3.786966e+00 -1.534173e+00 1.409248e+00 1.104282e+00 1.432334e+00 1.603079e+00 -3.645988e-01 2.346939e+00 2.748484e+00 3.094680e-01 -4.601808e-01 -2.928174e+00 -1.586605e+00 -1.908168e+00 -2.285714e+00 -1.501612e+00 -1.246293e+00 -2.095258e+00 -1.849249e+00 -8.351990e-01 7.983041e-02
<VARIANCE> 25
 2.522450e+01 2.855968e+01 5.634809e+01 4.324820e+01 4.974208e+01 4.902681e+01 3.588764e+01 3.822562e+01 3.284337e+01 4.453558e+01 3.396454e+01 2.494417e+01 1.729046e+00 3.287331e+00 5.562716e+00 5.071166e+00 5.621339e+00 4.990133e+00 5.113857e+00 4.335644e+00 4.227314e+00 6.203184e+00 4.612259e+00 3.300455e+00 5.683612e-03
<GCONST> 1.017078e+02
<MIXTURE> 69 1.204884e-02
<MEAN> 25
 2.281467e+00 -2.860954e+00 -3.453374e+00 -5.594162e+00 -2.498780e+00 -9.534168e+00 -1.619251e+00 1.181522e+00 -6.408013e-01 -8.509664e+00 -4.918669e+00 1.930509e+00 1.820145e+00 -1.418433e+00 -8.777565e-01 -2.388370e+00 1.214050e-01 -8.773826e-01 -6.499251e-01 7.097965e-01 -3.044685e-01 -2.329996e+00 -1.858003e+00 -4.388020e-01 3.721303e-02
<VARIANCE> 25
 7.801485e+00 1.517253e+01 2.088584e+01 2.650247e+01 2.922880e+01 3.298741e+01 3.642257e+01 2.324099e+01 2.248660e+01 5.199656e+01 2.435411e+01 2.748326e+01 2.579050e+00 2.318673e+00 4.037945e+00 3.192128e+00 4.013193e+00 5.820271e+00 5.386050e+00 4.044631e+00 3.872130e+00 6.217355e+00 2.672698e+00 2.843935e+00 1.640015e-03
<GCONST> 9.359316e+01
<MIXTURE> 70 1.329190e-02
<MEAN> 25
 6.905634e+00 -1.773810e+00 -4.074276e+00 -3.900862e+00 -4.342633e-01 -1.074730e+00 -7.145212e+00 -4.001916e+00 3.798856e-01 2.650914e+00 -2.116469e-01 -4.654039e+00 1.852657e+00 -9.788122e-01 -7.222114e-01 -2.102353e+00 -1.350342e+00 1.024734e+00 -1.377663e+00 -2.200453e-01 3.911348e-01 4.682573e-02 7.311816e-01 -1.312137e+00 5.011791e-02
<VARIANCE> 25
 1.164094e+01 2.031831e+01 2.933960e+01 4.511263e+01 3.362330e+01 4.338213e+01 4.846636e+01 4.338067e+01 4.334140e+01 3.134273e+01 4.305057e+01 2.592704e+01 3.238810e+00 3.289007e+00 4.506509e+00 4.892285e+00 4.964127e+00 6.968356e+00 6.024107e+00 6.974568e+00 5.539167e+00 5.434905e+00 5.369112e+00 4.021630e+00 2.882608e-03
<GCONST> 1.011376e+02
<MIXTURE> 71 1.406903e-02
<MEAN> 25
 4.563999e+00 3.096343e+00 3.371139e+00 1.740022e+00 -2.697152e+00 -3.334248e+00 -3.943083e+00 -4.751212e+00 -3.559743e+00 -2.321810e+00 -4.074633e+00 -2.031009e+00 -1.680079e+00 -2.964405e-01 -2.769637e-01 -1.615328e+00 9.314749e-01 1.301637e-01 -2.381517e-01 8.664622e-01 1.418720e-01 -1.470599e-01 5.088837e-01 1.363661e-01 4.465817e-02
<VARIANCE> 25
 1.643245e+01 2.263251e+01 1.906186e+01 3.435703e+01 3.118902e+01 3.279042e+01 3.881644e+01 3.378424e+01 2.949692e+01 3.064326e+01 3.109874e+01 3.011034e+01 1.711218e+00 2.772388e+00 3.777132e+00 3.630294e+00 3.984814e+00 4.406915e+00 4.333597e+00 5.567873e+00 3.315415e+00 3.515297e+00 3.232395e+00 2.621255e+00 1.305411e-03
<GCONST> 9.428347e+01
<MIXTURE> 72 8.134747e-03
<MEAN> 25
 3.117553e+00 -3.796491e+00 5.137110e+00 -2.889188e+00 -9.184924e+00 -8.615544e+00 -2.378141e+00 1.667599e+00 -5.012500e+00 -2.550778e+00 -1.402972e+00 4.448972e-01 1.074652e+00 -6.886469e-01 -2.256327e+00 4.297930e-01 1.949238e+00 -5.167694e-01 -1.428741e+00 1.075292e+00 1.840746e+00 -6.326909e-01 -1.100936e+00 6.181323e-01 -9.663840e-03
<VARIANCE> 25
 1.050418e+01 1.770131e+01 2.832287e+01 4.709703e+01 3.149883e+01 3.386204e+01 3.885347e+01 3.093445e+01 3.818624e+01 4.679369e+01 3.768172e+01 2.506243e+01 5.630956e-01 1.179303e+00 2.082702e+00 1.298095e+00 2.052203e+00 2.219511e+00 2.724219e+00 3.096994e+00 2.669284e+00 2.760330e+00 1.952139e+00 2.239336e+00 5.511907e-04
<GCONST> 8.697373e+01
<MIXTURE> 73 1.213625e-02
<MEAN> 25
 -5.431806e+00 -8.224375e-01 -1.165853e+00 4.241286e+00 3.058811e+00 1.863966e+00 4.808931e+00 2.746167e+00 3.988170e+00 3.415564e+00 3.725879e+00 3.036511e+00 6.816232e-01 -8.108934e-01 -8.510610e-01 -2.485211e+00 -1.221967e+00 -2.022470e+00 -9.227386e-01 -4.822029e-01 -8.741858e-01 -7.246121e-01 -8.982455e-01 -2.064384e-01 1.344718e-01
<VARIANCE> 25
 1.281913e+01 1.349564e+01 1.338847e+01 2.173234e+01 2.610680e+01 2.420137e+01 1.893587e+01 2.035595e+01 1.627163e+01 1.758281e+01 2.194833e+01 1.470170e+01 4.219582e+00 2.850226e+00 5.101776e+00 4.361385e+00 5.953384e+00 4.605076e+00 4.426622e+00 3.801078e+00 3.782594e+00 4.741412e+00 3.693809e+00 2.827609e+00 5.090509e-03
<GCONST> 9.228546e+01
<MIXTURE> 74 1.756491e-02
<MEAN> 25
 2.925473e+00 -1.174981e+00 3.370573e+00 -2.701541e+00 -6.280080e+00 -7.941621e+00 -2.530820e+00 3.287461e-01 -3.618266e+00 -2.684067e+00 -1.223885e+00 1.078796e-01 5.285314e-01 1.348413e+00 -1.567290e-01 1.710197e+00 1.152174e+00 8.084173e-01 5.496407e-02 -1.016798e+00 5.514749e-01 9.373346e-01 9.109138e-02 3.884947e-01 -6.483307e-02
<VARIANCE> 25
 9.053832e+00 1.514411e+01 2.540423e+01 4.563449e+01 3.658892e+01 3.035972e+01 5.087167e+01 3.221677e+01 3.109690e+01 3.590535e+01 3.204131e+01 3.010516e+01 1.665411e+00 2.174255e+00 3.068421e+00 1.971665e+00 3.209740e+00 4.247365e+00 4.999815e+00 3.195912e+00 2.914927e+00 4.780257e+00 2.264965e+00 3.080337e+00 1.559339e-03
<GCONST> 9.281168e+01
<MIXTURE> 75 9.711651e-03
<MEAN> 25
 2.178338e+00 -1.330357e+00 9.059751e+00 1.755607e+00 -1.100496e+01 -7.049332e+00 -4.383668e+00 -7.273725e-01 -3.760539e+00 -3.402285e+00 3.381823e+00 -1.561627e-01 1.583353e+00 -1.634320e+00 2.133327e-01 -2.872285e-01 -2.439528e+00 -7.044779e-01 -1.312764e+00 6.221912e-01 -2.053538e-01 -1.356325e-01 1.150770e+00 -5.300305e-01 3.212848e-02
<VARIANCE> 25
 1.115654e+01 1.709559e+01 3.571529e+01 2.551878e+01 2.709377e+01 2.998649e+01 2.864078e+01 2.745525e+01 3.081415e+01 3.126275e+01 1.826138e+01 1.835162e+01 2.045529e+00 1.706355e+00 3.405497e+00 2.117581e+00 3.805282e+00 3.875852e+00 3.544636e+00 3.444780e+00 3.410139e+00 3.191667e+00 2.832673e+00 2.250992e+00 1.435936e-03
<GCONST> 9.017822e+01
<MIXTURE> 76 1.052359e-02
<MEAN> 25
 -2.612398e+00 2.199754e-01 -9.116941e-01 2.570193e+00 7.798667e-01 1.057942e+00 1.554387e+00 6.776590e-01 1.569472e+00 6.533629e-01 1.404476e+00 9.660051e-01 -9.075838e-02 -2.901994e-01 -1.073753e-01 -6.624042e-01 -5.722337e-01 -8.230143e-01 -5.875067e-01 -3.185301e-01 -3.310979e-01 -3.012748e-01 -3.019708e-01 -8.543163e-02 1.029832e-02
<VARIANCE> 25
 2.385902e+01 1.632111e+01 1.602686e+01 1.600379e+01 2.316951e+01 1.824451e+01 1.842383e+01 2.151127e+01 1.433766e+01 1.585631e+01 1.784355e+01 1.387178e+01 1.175140e+00 1.000471e+00 1.092388e+00 1.057503e+00 1.156114e+00 1.504603e+00 1.522450e+00 1.528741e+00 1.363865e+00 1.810430e+00 1.494448e+00 1.348693e+00 8.568366e-04
<GCONST> 7.667253e+01
<MIXTURE> 77 1.244626e-02
<MEAN> 25
 -1.438263e+00 7.336262e+00 9.778496e+00 -1.195782e+01 -6.952520e+00 -5.307069e-01 -8.143353e+00 -6.873825e+00 -2.236029e+00 -1.334728e+00 -4.747952e+00 -1.343804e+00 3.500330e-02 1.775618e-01 1.603786e-01 2.663177e-01 -5.227739e-02 2.282626e-01 1.163411e-01 -1.414257e-01 -1.961157e-01 -1.092014e-02 -6.582093e-02 -9.166263e-02 -7.958395e-03
<VARIANCE> 25
 9.095428e+00 1.692014e+01 2.763755e+01 5.132993e+01 2.689270e+01 2.666931e+01 3.861773e+01 3.783108e+01 2.864566e+01 2.443963e+01 3.295309e+01 2.648119e+01 2.970348e-01 7.701004e-01 7.494234e-01 1.025943e+00 1.146886e+00 9.399375e-01 1.086634e+00 1.094724e+00 1.299091e+00 1.001229e+00 1.041759e+00 9.975724e-01 4.847191e-04
<GCONST> 7.660572e+01
<MIXTURE> 78 9.702551e-03
<MEAN> 25
 -1.052174e+01 3.405142e+00 -3.632431e+00 2.464383e+00 1.168403e+00 -2.699862e+00 2.693796e+00 1.315154e+00 1.769642e+00 2.460500e+00 7.179911e-01 2.457133e+00 2.141996e+00 -7.711671e-01 2.476099e-01 -1.727287e-01 3.211113e-01 -2.210096e-01 -1.283862e-01 4.952325e-01 2.579527e-01 1.085439e-01 -5.401710e-01 -3.147009e-01 -5.408319e-02
<VARIANCE> 25
 3.717693e+01 2.892706e+01 3.078229e+01 2.668183e+01 3.594225e+01 2.713195e+01 2.689824e+01 2.601777e+01 2.725865e+01 3.098145e+01 2.201742e+01 1.805428e+01 3.382988e+00 2.415154e+00 2.169639e+00 2.611918e+00 2.604473e+00 2.713610e+00 2.742069e+00 2.668215e+00 2.164510e+00 3.226526e+00 2.471033e+00 2.070646e+00 3.168249e-03
<GCONST> 9.139806e+01
<MIXTURE> 79 1.156824e-02
<MEAN> 25
 1.376040e-01 9.768756e-01 6.325660e+00 -7.212595e+00 -8.781616e+00 -2.937140e+00 -1.690782e+00 -6.234210e+00 -5.323336e+00 -1.240888e+00 -4.262837e+00 -3.783909e+00 1.044044e+00 -7.205357e-01 -9.015577e-01 2.290122e+00 5.216885e-01 -9.572808e-01 2.687306e-01 1.144221e+00 -9.840539e-01 -3.565801e-01 7.892495e-01 1.711834e-01 -3.589910e-02
<VARIANCE> 25
 1.076860e+01 2.057761e+01 2.859114e+01 5.079224e+01 3.156785e+01 4.190388e+01 3.051934e+01 3.581712e+01 2.947037e+01 3.162867e+01 4.284825e+01 2.053271e+01 1.063717e+00 2.755694e+00 1.657138e+00 1.778492e+00 1.745306e+00 2.202740e+00 3.595471e+00 3.741310e+00 3.171581e+00 2.433319e+00 2.385661e+00 2.398942e+00 9.133612e-04
<GCONST> 8.932169e+01
<MIXTURE> 80 7.550998e-03
<MEAN> 25
 -1.449105e+01 4.195941e+00 5.066558e-01 4.927137e-01 1.530342e+00 -2.007474e-01 4.761933e+00 2.796403e+00 2.097249e-01 3.870746e+00 5.205013e+00 1.779082e+00 4.062176e+00 -4.681325e-01 1.413749e+00 -1.149376e+00 -2.466558e+00 -2.567688e+00 -2.113274e+00 -1.230443e+00 -1.678983e+00 -2.245996e+00 -1.332010e+00 -5.121296e-01 -4.842663e-02
<VARIANCE> 25
 1.856774e+01 1.627329e+01 2.789620e+01 4.675163e+01 2.826245e+01 2.721541e+01 2.817161e+01 3.047279e+01 4.054311e+01 2.864510e+01 2.407589e+01 1.474487e+01 2.159691e+00 2.373944e+00 2.433935e+00 3.080000e+00 3.337589e+00 2.171452e+00 2.826525e+00 3.727128e+00 3.102197e+00 3.591061e+00 2.510579e+00 2.255134e+00 1.321373e-03
<GCONST> 9.066064e+01
<MIXTURE> 81 8.025434e-03
<MEAN> 25
 -2.161510e+00 2.463176e+00 8.447256e+00 -1.528162e+01 -7.963233e+00 -2.797178e+00 -4.089383e+00 -7.082825e+00 -2.837196e+00 -1.673069e+00 -7.908614e+00 -1.053545e+00 -9.724914e-02 -2.286301e-01 -8.101286e-02 -2.400935e-01 -3.265955e-01 2.122019e-01 6.402813e-01 -4.955699e-01 2.021369e-01 -3.325551e-01 -3.620784e-01 -6.975198e-01 9.532335e-03
<VARIANCE> 25
 6.502748e+00 1.900738e+01 1.873333e+01 2.304393e+01 2.314932e+01 2.036178e+01 4.046019e+01 3.603781e+01 3.146044e+01 2.088626e+01 2.330227e+01 2.666768e+01 8.244811e-01 2.189003e+00 1.164752e+00 2.780621e+00 1.530444e+00 2.353017e+00 3.216649e+00 2.518757e+00 4.326820e+00 3.329497e+00 1.835173e+00 1.993342e+00 7.236667e-04
<GCONST> 8.506446e+01
<MIXTURE> 82 8.213053e-03
<MEAN> 25
 -9.029479e+00 -3.769572e+00 1.472073e+00 -3.196961e+00 2.225086e+00 -6.134594e-01 1.285152e+00 -3.632041e-01 3.052145e+00 2.552436e+00 1.736413e+00 3.281028e+00 -1.283512e+00 3.915834e-02 2.150969e-02 -2.525588e+00 -9.285805e-01 -1.493714e+00 -9.918092e-01 -1.089537e+00 -3.639269e-01 -7.800700e-01 -4.246422e-01 1.285164e-01 1.521839e-01
<VARIANCE> 25
 1.693491e+01 2.063062e+01 2.838823e+01 2.558196e+01 2.894300e+01 3.251619e+01 2.744860e+01 3.363656e+01 2.443418e+01 3.108130e+01 3.310220e+01 1.545619e+01 3.002095e+00 2.353234e+00 3.021111e+00 2.586801e+00 3.406726e+00 3.460210e+00 2.451702e+00 3.351153e+00 2.510719e+00 2.663998e+00 2.224338e+00 2.405692e+00 4.082190e-03
<GCONST> 9.159703e+01
<MIXTURE> 83 1.167529e-02
<MEAN> 25
 -1.960716e+01 6.082829e+00 -2.065192e+00 -8.194757e-01 7.002984e+00 -1.399067e+00 5.120700e+00 1.836801e+00 3.139026e-01 3.060601e+00 5.956852e-01 1.879535e+00 -5.654252e-02 -6.621357e-01 2.074528e-01 -6.051202e-01 -3.005368e-01 -7.664349e-02 7.343674e-02 1.160623e-01 -3.628382e-01 1.614704e-01 1.988547e-01 6.859618e-02 2.962334e-03
<VARIANCE> 25
 8.303106e+00 1.531112e+01 2.481723e+01 2.253302e+01 2.209080e+01 2.155364e+01 2.107305e+01 2.929205e+01 2.131595e+01 2.328744e+01 2.095287e+01 1.740390e+01 9.366588e-01 1.228612e+00 1.576715e+00 1.215391e+00 1.624934e+00 1.214331e+00 1.377423e+00 1.433050e+00 1.729590e+00 1.404729e+00 1.675521e+00 1.165678e+00 8.159024e-04
<GCONST> 7.841249e+01
<MIXTURE> 84 1.066614e-02
<MEAN> 25
 8.447831e-01 8.484150e+00 6.291992e+00 6.967949e+00 1.996114e+00 -1.252332e+00 -1.463087e+00 -4.379620e+00 -3.477072e+00 -3.569134e+00 -2.618455e+00 -1.990727e+00 -1.545954e+00 -1.175309e+00 -1.274787e+00 1.210253e+00 2.125532e+00 1.531374e+00 1.649030e+00 1.122144e+00 1.011277e+00 4.639587e-01 4.722896e-01 3.520851e-01 -6.552674e-02
<VARIANCE> 25
 2.179739e+01 1.920720e+01 2.468587e+01 2.645149e+01 3.016272e+01 2.648742e+01 2.783648e+01 2.319625e+01 2.458811e+01 3.008613e+01 2.290527e+01 2.364777e+01 2.168778e+00 2.340564e+00 3.612649e+00 3.001397e+00 3.224575e+00 3.095998e+00 3.618095e+00 3.300886e+00 3.254029e+00 3.019514e+00 3.355370e+00 2.670590e+00 3.466245e-03
<GCONST> 9.212243e+01
<MIXTURE> 85 7.591393e-03
<MEAN> 25
 -3.576298e+00 7.666758e+00 5.523406e+00 4.649149e-01 -3.650251e+00 -5.812873e+00 -2.962098e+00 -5.086596e+00 -4.478196e+00 -3.175690e+00 -5.928936e-01 -1.888694e+00 3.997780e+00 1.051836e-01 1.625592e+00 -2.021340e+00 -3.220616e+00 -2.534303e+00 -2.789911e+00 -2.173956e+00 -1.989401e+00 -1.647038e+00 -2.341488e+00 -6.651223e-01 4.597870e-03
<VARIANCE> 25
 4.134742e+01 2.197412e+01 3.411879e+01 4.259483e+01 3.700452e+01 4.059110e+01 2.986690e+01 3.750778e+01 3.636513e+01 2.492996e+01 2.417422e+01 1.905732e+01 2.608997e+00 4.423760e+00 3.917814e+00 4.821362e+00 4.415547e+00 3.585877e+00 3.615362e+00 3.900997e+00 4.201715e+00 5.354043e+00 3.835332e+00 3.289895e+00 5.176977e-03
<GCONST> 9.849673e+01
<MIXTURE> 86 1.273941e-02
<MEAN> 25
 -1.665597e-01 -1.156997e+00 1.946114e-01 4.261068e+00 3.411896e+00 4.347652e+00 3.376451e+00 3.972693e+00 3.795175e+00 2.857945e+00 3.297562e+00 1.470503e+00 1.792475e-03 1.186185e-02 -1.130955e-02 3.726737e-02 -1.166823e-01 -2.971934e-01 -2.399742e-01 -3.663148e-01 -4.162027e-01 -4.043062e-01 -3.624304e-01 -7.496324e-02 -7.551190e-04
<VARIANCE> 25
 7.388392e+00 4.873466e+00 5.757083e+00 8.979199e+00 1.007167e+01 8.429538e+00 1.084318e+01 1.011782e+01 1.141682e+01 9.984777e+00 9.053968e+00 9.839681e+00 1.180529e-01 2.103470e-01 2.928110e-01 5.149553e-01 5.918007e-01 7.769647e-01 7.977458e-01 8.020698e-01 8.278445e-01 7.766502e-01 1.162092e+00 7.761314e-01 6.564645e-05
<GCONST> 5.485395e+01
<MIXTURE> 87 1.100681e-02
<MEAN> 25
 -2.715856e+00 3.938042e+00 2.974644e+00 5.972305e+00 4.697046e+00 1.230854e+00 1.456216e+00 -1.287223e+00 -5.616770e-01 -4.171219e-01 -6.201285e-01 -3.958693e-01 -2.026178e+00 -2.320605e+00 -1.790881e+00 -1.983988e+00 -1.818215e-01 -3.095693e-01 7.629712e-01 1.010995e+00 1.160388e+00 1.261925e+00 9.806202e-01 9.253783e-01 9.580991e-02
<VARIANCE> 25
 3.723901e+01 2.747373e+01 2.464562e+01 3.226064e+01 2.720804e+01 2.874681e+01 2.475982e+01 2.517376e+01 2.230670e+01 2.346282e+01 2.194145e+01 2.177592e+01 3.487166e+00 3.385024e+00 3.689430e+00 3.300014e+00 5.202368e+00 4.003362e+00 3.812000e+00 3.979744e+00 3.710633e+00 3.480719e+00 3.486320e+00 2.817289e+00 4.435593e-03
<GCONST> 9.523096e+01
<MIXTURE> 88 1.256585e-02
<MEAN> 25
 -1.454232e+00 2.986774e-01 1.206920e-01 2.660733e+00 2.488603e+00 2.432313e+00 2.822133e+00 2.008828e+00 2.465998e+00 1.847176e+00 1.859213e+00 1.099769e+00 -4.923172e-02 1.915946e-01 1.885812e-01 2.154624e-01 3.274304e-01 1.264202e-01 1.827195e-01 -1.494507e-03 -2.918382e-01 -1.834588e-01 -1.865815e-01 1.766271e-02 -4.003344e-04
<VARIANCE> 25
 7.760185e+00 7.115724e+00 1.077953e+01 1.054822e+01 1.272491e+01 1.413974e+01 1.507973e+01 1.522186e+01 1.221429e+01 1.500160e+01 1.342435e+01 9.688877e+00 1.238551e+00 1.310533e+00 1.334227e+00 1.453698e+00 2.040930e+00 1.618146e+00 2.109039e+00 2.254529e+00 2.156033e+00 2.055285e+00 2.214738e+00 1.641478e+00 9.697553e-04
<GCONST> 7.514094e+01
<MIXTURE> 89 9.333527e-03
<MEAN> 25
 4.524219e+00 -5.018111e+00 -4.925363e+00 -3.823668e+00 -6.499866e-01 -5.956555e+00 -5.748635e+00 3.642786e+00 2.615052e+00 -3.023707e+00 -5.098439e+00 -2.825646e+00 -5.809319e-01 -4.191554e-02 2.008025e+00 8.661059e-01 -1.676546e+00 -1.398061e+00 1.189133e+00 1.277194e+00 -5.268950e-01 -1.266215e+00 8.625822e-01 1.373785e+00 -4.484114e-03
<VARIANCE> 25
 1.214177e+01 2.465897e+01 4.264465e+01 3.589026e+01 3.317323e+01 3.799846e+01 4.602513e+01 3.748475e+01 3.442868e+01 4.780777e+01 3.037828e+01 2.527150e+01 3.405420e-01 1.263491e+00 1.504752e+00 1.162893e+00 2.460687e+00 2.197450e+00 2.354921e+00 2.259318e+00 2.337749e+00 1.911052e+00 2.641354e+00 1.086383e+00 3.390280e-04
<GCONST> 8.526105e+01
<MIXTURE> 90 7.114505e-03
<MEAN> 25
 9.899889e-01 -7.608459e+00 -3.875032e+00 -5.148697e+00 -2.330575e+00 -3.500812e+00 2.167095e+00 4.394876e+00 -8.330823e+00 -9.789555e+00 -3.386582e+00 -1.594343e-01 -7.216606e-02 7.954081e-01 9.644261e-01 -6.017542e-01 -1.494457e+00 -1.471832e-01 7.075014e-01 -5.049360e-01 1.293610e-01 1.157428e+00 2.160651e-01 -5.277382e-01 -8.938160e-03
<VARIANCE> 25
 6.962273e+00 1.561226e+01 1.623316e+01 1.891837e+01 2.766007e+01 3.216934e+01 3.307373e+01 3.526268e+01 2.815081e+01 1.971071e+01 2.266712e+01 1.660826e+01 2.339172e-01 5.116366e-01 1.506577e+00 1.400456e+00 1.562429e+00 1.630636e+00 1.872278e+00 1.983126e+00 1.901301e+00 1.383432e+00 1.411781e+00 9.486527e-01 1.954797e-04
<GCONST> 7.605476e+01
<MIXTURE> 91 7.852945e-03
<MEAN> 25
 5.276181e+00 -5.841131e+00 -8.924421e+00 -6.184534e+00 3.888626e+00 -1.559149e+00 -2.833050e+00 2.865962e-01 5.327625e-01 -3.729327e+00 -4.882906e+00 -5.199677e+00 2.741464e-01 9.198206e-01 1.507502e-01 5.605385e-01 -1.406365e-01 -5.224609e-01 -3.513744e-01 -2.873338e-01 -1.634610e-01 7.375299e-01 -1.079157e-01 -6.104787e-03 -3.208421e-02
<VARIANCE> 25
 1.169189e+01 2.847757e+01 2.802124e+01 4.080892e+01 3.453667e+01 5.364907e+01 4.834925e+01 3.717187e+01 4.198772e+01 6.081371e+01 3.463842e+01 4.037614e+01 4.255200e-01 7.950770e-01 1.606482e+00 1.273735e+00 1.975442e+00 2.062105e+00 2.639168e+00 2.349984e+00 2.020825e+00 2.596923e+00 1.805109e+00 1.814170e+00 5.723753e-04
<GCONST> 8.714369e+01
<MIXTURE> 92 7.852945e-03
<MEAN> 25
 5.276181e+00 -5.841131e+00 -8.924421e+00 -6.184534e+00 3.888626e+00 -1.559149e+00 -2.833050e+00 2.865962e-01 5.327625e-01 -3.729327e+00 -4.882906e+00 -5.199677e+00 2.741464e-01 9.198206e-01 1.507502e-01 5.605385e-01 -1.406365e-01 -5.224609e-01 -3.513744e-01 -2.873338e-01 -1.634610e-01 7.375299e-01 -1.079157e-01 -6.104787e-03 -3.208421e-02
<VARIANCE> 25
 1.169189e+01 2.847757e+01 2.802124e+01 4.080892e+01 3.453667e+01 5.364907e+01 4.834925e+01 3.717187e+01 4.198772e+01 6.081371e+01 3.463842e+01 4.037614e+01 4.255200e-01 7.950770e-01 1.606482e+00 1.273735e+00 1.975442e+00 2.062105e+00 2.639168e+00 2.349984e+00 2.020825e+00 2.596923e+00 1.805109e+00 1.814170e+00 5.723753e-04
<GCONST> 8.714369e+01
<MIXTURE> 93 6.122769e-03
<MEAN> 25
 -6.229134e+00 -9.389524e-01 -2.112389e+00 5.562579e+00 5.800986e+00 3.944072e+00 5.933077e+00 3.511351e+00 3.956281e+00 2.369924e+00 1.688607e+00 3.497451e+00 -5.848322e-02 -1.547323e-01 -2.554553e-01 -3.397571e-01 -3.510270e-01 -2.991986e-01 -2.267094e-01 -1.875320e-01 -1.608524e-01 -1.447546e-01 -7.381410e-02 -3.970772e-02 2.630274e-05
<VARIANCE> 25
 1.225316e+01 5.975244e+00 8.911716e+00 1.136988e+01 1.133957e+01 1.520222e+01 1.516141e+01 1.603474e+01 1.480071e+01 1.393715e+01 1.632420e+01 1.334531e+01 8.290979e-02 1.532082e-01 2.671357e-01 3.819607e-01 4.930651e-01 6.534804e-01 8.020620e-01 8.697369e-01 9.224237e-01 8.420661e-01 9.116384e-01 8.948529e-01 1.158840e-06
<GCONST> 5.394952e+01
<MIXTURE> 94 6.122769e-03
<MEAN> 25
 -6.229134e+00 -9.389524e-01 -2.112389e+00 5.562579e+00 5.800986e+00 3.944072e+00 5.933077e+00 3.511351e+00 3.956281e+00 2.369924e+00 1.688607e+00 3.497451e+00 -5.848322e-02 -1.547323e-01 -2.554553e-01 -3.397571e-01 -3.510270e-01 -2.991986e-01 -2.267094e-01 -1.875320e-01 -1.608524e-01 -1.447546e-01 -7.381410e-02 -3.970772e-02 2.630274e-05
<VARIANCE> 25
 1.225316e+01 5.975244e+00 8.911716e+00 1.136988e+01 1.133957e+01 1.520222e+01 1.516141e+01 1.603474e+01 1.480071e+01 1.393715e+01 1.632420e+01 1.334531e+01 8.290979e-02 1.532082e-01 2.671357e-01 3.819607e-01 4.930651e-01 6.534804e-01 8.020620e-01 8.697369e-01 9.224237e-01 8.420661e-01 9.116384e-01 8.948529e-01 1.158840e-06
<GCONST> 5.394952e+01
<MIXTURE> 95 5.258835e-03
<MEAN> 25
 -7.184556e-01 -2.840717e-01 -2.806043e-02 2.967597e+00 2.956645e+00 2.611082e+00 2.389167e+00 1.271031e+00 7.459742e-01 3.672189e-01 1.165161e+00 9.705152e-01 2.555757e-01 -3.073429e-03 1.287041e-01 -7.221755e-02 -3.899060e-01 -6.133636e-01 -1.033545e+00 -1.214043e+00 -1.206670e+00 -7.334630e-01 -5.326316e-01 -3.350061e-01 -2.344079e-03
<VARIANCE> 25
 9.411239e+00 5.094394e+00 8.172453e+00 8.663622e+00 9.725737e+00 1.186447e+01 1.286200e+01 1.135128e+01 1.634036e+01 1.073822e+01 1.239350e+01 1.065650e+01 2.366579e-01 3.219144e-01 4.246058e-01 6.318992e-01 6.474993e-01 7.448934e-01 8.706637e-01 8.768335e-01 1.175761e+00 1.092400e+00 9.948987e-01 1.311794e+00 5.745104e-05
<GCONST> 5.972229e+01
<MIXTURE> 96 7.034694e-03
<MEAN> 25
 -1.220323e+00 -6.402553e-01 -8.876786e-01 3.879144e+00 2.657980e+00 2.242792e+00 2.117607e+00 1.636081e+00 1.696806e+00 9.458308e-01 1.094489e+00 1.756879e+00 2.777799e-03 5.771245e-02 2.235953e-01 4.229247e-01 5.606350e-01 5.034692e-01 2.476229e-01 -2.278514e-01 -6.133283e-01 -7.292008e-01 -6.321138e-01 -2.363316e-01 1.139393e-04
<VARIANCE> 25
 1.266272e+01 7.793221e+00 9.028021e+00 1.194471e+01 1.145499e+01 1.341809e+01 1.378124e+01 1.371546e+01 1.413012e+01 1.508333e+01 1.657479e+01 1.349473e+01 1.390326e-01 1.923521e-01 3.469448e-01 3.657602e-01 4.570684e-01 7.122210e-01 8.721078e-01 1.104011e+00 1.114880e+00 7.126048e-01 7.793105e-01 1.014306e+00 1.526612e-06
<GCONST> 5.556472e+01
<MIXTURE> 97 7.034694e-03
<MEAN> 25
 -1.220323e+00 -6.402553e-01 -8.876786e-01 3.879144e+00 2.657980e+00 2.242792e+00 2.117607e+00 1.636081e+00 1.696806e+00 9.458308e-01 1.094489e+00 1.756879e+00 2.777799e-03 5.771245e-02 2.235953e-01 4.229247e-01 5.606350e-01 5.034692e-01 2.476229e-01 -2.278514e-01 -6.133283e-01 -7.292008e-01 -6.321138e-01 -2.363316e-01 1.139393e-04
<VARIANCE> 25
 1.266272e+01 7.793221e+00 9.028021e+00 1.194471e+01 1.145499e+01 1.341809e+01 1.378124e+01 1.371546e+01 1.413012e+01 1.508333e+01 1.657479e+01 1.349473e+01 1.390326e-01 1.923521e-01 3.469448e-01 3.657602e-01 4.570684e-01 7.122210e-01 8.721078e-01 1.104011e+00 1.114880e+00 7.126048e-01 7.793105e-01 1.014306e+00 1.526612e-06
<GCONST> 5.556472e+01
<MIXTURE> 98 9.917808e-03
<MEAN> 25
 -3.533804e-01 7.843578e-01 1.708881e-01 2.739546e+00 1.425398e+00 1.534363e+00 1.616045e+00 5.699331e-01 1.492928e+00 1.162644e+00 1.155188e+00 2.188195e-01 -1.194606e+00 -9.241039e-01 -5.906590e-01 5.311373e-02 5.623805e-01 7.991986e-01 1.190519e+00 1.271322e+00 1.232828e+00 1.390919e+00 9.863058e-01 6.862196e-01 -1.645501e-02
<VARIANCE> 25
 1.206836e+01 1.616113e+01 2.201594e+01 2.008140e+01 3.175980e+01 2.303447e+01 2.520997e+01 2.271386e+01 2.129889e+01 2.476061e+01 2.242793e+01 1.866910e+01 1.440850e+00 1.691929e+00 1.835059e+00 1.773033e+00 2.334482e+00 2.320920e+00 2.236772e+00 2.325145e+00 2.638842e+00 2.385723e+00 2.105024e+00 1.949515e+00 2.072865e-03
<GCONST> 8.504454e+01
<MIXTURE> 99 6.696178e-03
<MEAN> 25
 -6.832864e+00 7.666694e+00 1.264417e+00 3.705518e+00 -1.867172e+00 -4.263469e+00 -2.013878e+00 -4.367547e+00 -2.130138e+00 -1.504876e+00 -5.697322e-01 -2.808204e-01 3.077134e-01 -4.566489e-01 2.995449e-01 -3.886339e-01 -9.654417e-01 -5.859619e-01 -4.863630e-01 -1.931912e-01 -6.196988e-02 1.401651e-01 4.938737e-01 2.533940e-01 8.448604e-04
<VARIANCE> 25
 3.632214e+01 2.183823e+01 3.930524e+01 2.770858e+01 3.130632e+01 2.365796e+01 2.159456e+01 1.843874e+01 1.991999e+01 2.138789e+01 1.529107e+01 1.786152e+01 1.942128e+00 1.552737e+00 1.423643e+00 1.097906e+00 2.122127e+00 1.750108e+00 1.497381e+00 1.483675e+00 1.409703e+00 1.576336e+00 1.380959e+00 1.149930e+00 1.169279e-03
<GCONST> 8.204536e+01
<MIXTURE> 100 4.498084e-03
<MEAN> 25
 -2.076014e+00 6.080525e+00 9.621858e+00 -7.777929e+00 -1.018794e+01 -5.582704e+00 -3.870851e+00 -9.521921e+00 -5.110422e+00 -9.148055e-02 -2.357342e+00 -2.634427e+00 2.911646e+00 -1.391629e+00 1.176372e+00 -2.098317e+00 -3.224211e+00 -8.720390e-01 -1.192633e+00 -8.105558e-01 -9.644297e-01 1.538703e-01 -1.277708e+00 -3.146759e-01 -7.751510e-04
<VARIANCE> 25
 1.339475e+01 1.868868e+01 2.233219e+01 2.383133e+01 2.194626e+01 2.224958e+01 3.296118e+01 1.990878e+01 3.139909e+01 2.347162e+01 2.064828e+01 1.891679e+01 1.667702e+00 3.500452e+00 2.624268e+00 4.058357e+00 3.841348e+00 3.974555e+00 3.607075e+00 3.741764e+00 5.360882e+00 3.639539e+00 4.185289e+00 2.790334e+00 1.536147e-03
<GCONST> 9.140276e+01
<MIXTURE> 101 6.007792e-03
<MEAN> 25
 7.148231e+00 -2.764139e+00 -6.977280e+00 -7.226791e+00 1.278565e+00 -1.877083e+00 -9.897422e+00 -2.431476e+00 1.737872e+00 2.286396e+00 -1.856539e+00 -5.119062e+00 6.609010e-01 5.899844e-01 -1.309978e+00 -1.613388e+00 9.258173e-01 2.148430e+00 1.069420e-01 -1.313571e+00 -9.648337e-01 8.952934e-01 1.384290e+00 -2.729858e-01 -2.243887e-03
<VARIANCE> 25
 1.305358e+01 1.614354e+01 3.687499e+01 4.740890e+01 3.704459e+01 3.250054e+01 3.543774e+01 3.242202e+01 3.527960e+01 4.064815e+01 4.572956e+01 2.240257e+01 2.723255e-01 6.284083e-01 1.283317e+00 1.483863e+00 1.611714e+00 2.102636e+00 2.190651e+00 2.021954e+00 2.211359e+00 2.136457e+00 1.697781e+00 1.904957e+00 3.806946e-04
<GCONST> 8.354458e+01
<MIXTURE> 102 6.007792e-03
<MEAN> 25
 7.148231e+00 -2.764139e+00 -6.977280e+00 -7.226791e+00 1.278565e+00 -1.877083e+00 -9.897422e+00 -2.431476e+00 1.737872e+00 2.286396e+00 -1.856539e+00 -5.119062e+00 6.609010e-01 5.899844e-01 -1.309978e+00 -1.613388e+00 9.258173e-01 2.148430e+00 1.069420e-01 -1.313571e+00 -9.648337e-01 8.952934e-01 1.384290e+00 -2.729858e-01 -2.243887e-03
<VARIANCE> 25
 1.305358e+01 1.614354e+01 3.687499e+01 4.740890e+01 3.704459e+01 3.250054e+01 3.543774e+01 3.242202e+01 3.527960e+01 4.064815e+01 4.572956e+01 2.240257e+01 2.723255e-01 6.284083e-01 1.283317e+00 1.483863e+00 1.611714e+00 2.102636e+00 2.190651e+00 2.021954e+00 2.211359e+00 2.136457e+00 1.697781e+00 1.904957e+00 3.806946e-04
<GCONST> 8.354458e+01
<MIXTURE> 103 5.694618e-03
<MEAN> 25
 2.190885e+00 -8.617193e+00 -3.311360e+00 -4.299150e+00 -9.028825e-01 -2.230680e+00 1.119607e+00 4.146921e+00 -5.844522e+00 -1.058266e+01 -6.443287e+00 1.270685e+00 -1.313037e-01 -1.165762e+00 -9.125572e-01 9.640774e-02 1.071347e+00 6.745589e-01 1.509926e-01 2.846275e-01 -9.829615e-01 -5.544674e-01 1.526080e-02 -4.858737e-02 2.372083e-02
<VARIANCE> 25
 9.737282e+00 1.889492e+01 2.855054e+01 3.030762e+01 3.805504e+01 3.132783e+01 3.933008e+01 3.287129e+01 5.219159e+01 3.737817e+01 2.539893e+01 2.736284e+01 6.025822e-01 1.293252e+00 1.409517e+00 1.859568e+00 3.048376e+00 3.000859e+00 2.985425e+00 2.381661e+00 2.880180e+00 2.915520e+00 2.086383e+00 1.937255e+00 6.097789e-04
<GCONST> 8.730436e+01
<MIXTURE> 104 5.694618e-03
<MEAN> 25
 2.190885e+00 -8.617193e+00 -3.311360e+00 -4.299150e+00 -9.028825e-01 -2.230680e+00 1.119607e+00 4.146921e+00 -5.844522e+00 -1.058266e+01 -6.443287e+00 1.270685e+00 -1.313037e-01 -1.165762e+00 -9.125572e-01 9.640774e-02 1.071347e+00 6.745589e-01 1.509926e-01 2.846275e-01 -9.829615e-01 -5.544674e-01 1.526080e-02 -4.858737e-02 2.372083e-02
<VARIANCE> 25
 9.737282e+00 1.889492e+01 2.855054e+01 3.030762e+01 3.805504e+01 3.132783e+01 3.933008e+01 3.287129e+01 5.219159e+01 3.737817e+01 2.539893e+01 2.736284e+01 6.025822e-01 1.293252e+00 1.409517e+00 1.859568e+00 3.048376e+00 3.000859e+00 2.985425e+00 2.381661e+00 2.880180e+00 2.915520e+00 2.086383e+00 1.937255e+00 6.097789e-04
<GCONST> 8.730436e+01
<MIXTURE> 105 4.710235e-03
<MEAN> 25
 2.240134e+00 -1.295087e+00 7.647365e+00 -1.987365e+00 -9.185540e+00 -4.650170e+00 -3.779944e+00 -6.081591e-01 -3.640365e+00 -3.025761e+00 3.840387e-01 -9.891852e-01 1.882689e-02 1.732875e-02 -2.313810e-02 -2.054039e-02 -4.143983e-02 7.327100e-02 -8.728060e-03 1.177181e-01 2.821257e-02 -6.309468e-03 -1.346529e-02 -8.434119e-03 -1.477588e-03
<VARIANCE> 25
 1.186313e+01 2.204513e+01 3.953048e+01 4.286902e+01 4.501047e+01 4.759425e+01 3.897015e+01 3.743568e+01 3.478048e+01 3.729309e+01 4.171560e+01 2.616339e+01 9.082322e-02 1.809291e-01 3.530954e-01 3.112773e-01 3.891397e-01 4.856524e-01 4.791672e-01 5.407385e-01 5.081207e-01 4.417290e-01 4.220264e-01 4.452334e-01 8.034106e-05
<GCONST> 6.613844e+01
<MIXTURE> 106 4.710235e-03
<MEAN> 25
 2.240134e+00 -1.295087e+00 7.647365e+00 -1.987365e+00 -9.185540e+00 -4.650170e+00 -3.779944e+00 -6.081591e-01 -3.640365e+00 -3.025761e+00 3.840387e-01 -9.891852e-01 1.882689e-02 1.732875e-02 -2.313810e-02 -2.054039e-02 -4.143983e-02 7.327100e-02 -8.728060e-03 1.177181e-01 2.821257e-02 -6.309468e-03 -1.346529e-02 -8.434119e-03 -1.477588e-03
<VARIANCE> 25
 1.186313e+01 2.204513e+01 3.953048e+01 4.286902e+01 4.501047e+01 4.759425e+01 3.897015e+01 3.743568e+01 3.478048e+01 3.729309e+01 4.171560e+01 2.616339e+01 9.082322e-02 1.809291e-01 3.530954e-01 3.112773e-01 3.891397e-01 4.856524e-01 4.791672e-01 5.407385e-01 5.081207e-01 4.417290e-01 4.220264e-01 4.452334e-01 8.034106e-05
<GCONST> 6.613844e+01
<MIXTURE> 107 5.452374e-03
<MEAN> 25
 7.874796e+00 -1.743241e+00 -7.858109e+00 -9.550927e+00 2.711283e+00 1.828020e+00 -7.995337e+00 -4.762516e+00 -1.024471e+00 3.319290e+00 5.147882e-01 -4.519609e+00 -5.764667e-01 -5.572866e-01 8.564715e-01 1.573413e+00 2.186545e-01 -1.787759e+00 -7.179553e-01 9.592821e-01 1.901609e+00 -1.485483e-01 -1.530400e+00 -7.155014e-01 -3.628986e-03
<VARIANCE> 25
 1.003388e+01 1.899949e+01 2.754109e+01 4.293390e+01 3.495463e+01 3.745531e+01 4.405490e+01 3.137399e+01 4.044364e+01 3.604498e+01 4.411629e+01 2.674118e+01 3.162812e-01 9.957507e-01 1.264398e+00 2.260920e+00 2.172289e+00 2.698694e+00 2.494081e+00 2.289547e+00 2.391852e+00 2.893958e+00 1.734353e+00 2.225022e+00 6.061548e-04
<GCONST> 8.632150e+01
<MIXTURE> 108 5.452374e-03
<MEAN> 25
 7.874796e+00 -1.743241e+00 -7.858109e+00 -9.550927e+00 2.711283e+00 1.828020e+00 -7.995337e+00 -4.762516e+00 -1.024471e+00 3.319290e+00 5.147882e-01 -4.519609e+00 -5.764667e-01 -5.572866e-01 8.564715e-01 1.573413e+00 2.186545e-01 -1.787759e+00 -7.179553e-01 9.592821e-01 1.901609e+00 -1.485483e-01 -1.530400e+00 -7.155014e-01 -3.628986e-03
<VARIANCE> 25
 1.003388e+01 1.899949e+01 2.754109e+01 4.293390e+01 3.495463e+01 3.745531e+01 4.405490e+01 3.137399e+01 4.044364e+01 3.604498e+01 4.411629e+01 2.674118e+01 3.162812e-01 9.957507e-01 1.264398e+00 2.260920e+00 2.172289e+00 2.698694e+00 2.494081e+00 2.289547e+00 2.391852e+00 2.893958e+00 1.734353e+00 2.225022e+00 6.061548e-04
<GCONST> 8.632150e+01
<MIXTURE> 109 6.661064e-03
<MEAN> 25
 3.331303e+00 -7.985598e+00 -6.431796e+00 -1.584770e+00 2.607811e+00 -1.957698e-01 -3.238480e-01 1.639273e+00 -3.487355e+00 -7.401655e+00 -5.153413e+00 -1.144968e-01 -4.366443e-03 -1.333374e-01 -9.243634e-02 2.664653e-01 2.052337e-01 1.343983e-01 -1.223773e-01 2.142244e-02 -9.857931e-03 7.278202e-03 2.358060e-01 4.434738e-02 -3.113074e-03
<VARIANCE> 25
 8.027405e+00 2.196927e+01 2.269450e+01 2.822271e+01 3.403202e+01 3.391521e+01 3.865967e+01 3.158727e+01 4.184105e+01 3.460188e+01 2.776034e+01 2.324226e+01 1.826907e-01 4.005454e-01 4.945128e-01 5.834915e-01 1.143744e+00 1.056715e+00 1.204028e+00 1.135250e+00 9.628755e-01 1.029583e+00 8.136185e-01 1.077422e+00 1.517141e-04
<GCONST> 7.319810e+01
<MIXTURE> 110 6.661064e-03
<MEAN> 25
 3.331303e+00 -7.985598e+00 -6.431796e+00 -1.584770e+00 2.607811e+00 -1.957698e-01 -3.238480e-01 1.639273e+00 -3.487355e+00 -7.401655e+00 -5.153413e+00 -1.144968e-01 -4.366443e-03 -1.333374e-01 -9.243634e-02 2.664653e-01 2.052337e-01 1.343983e-01 -1.223773e-01 2.142244e-02 -9.857931e-03 7.278202e-03 2.358060e-01 4.434738e-02 -3.113074e-03
<VARIANCE> 25
 8.027405e+00 2.196927e+01 2.269450e+01 2.822271e+01 3.403202e+01 3.391521e+01 3.865967e+01 3.158727e+01 4.184105e+01 3.460188e+01 2.776034e+01 2.324226e+01 1.826907e-01 4.005454e-01 4.945128e-01 5.834915e-01 1.143744e+00 1.056715e+00 1.204028e+00 1.135250e+00 9.628755e-01 1.029583e+00 8.136185e-01 1.077422e+00 1.517141e-04
<GCONST> 7.319810e+01
<MIXTURE> 111 4.337247e-03
<MEAN> 25
 5.387526e-01 -1.183592e+00 -2.104321e-01 1.877226e+00 1.446258e+00 2.096377e+00 4.292564e-01 2.091819e-01 -1.521813e-01 -5.120263e-01 -2.445985e-01 4.104309e-01 7.125604e-03 -6.738007e-02 -7.918414e-02 -9.387859e-02 -7.423694e-02 3.673432e-02 1.640416e-02 -7.039026e-02 -1.932533e-01 -3.464377e-01 -3.122565e-01 -2.156923e-01 -1.063117e-03
<VARIANCE> 25
 7.084237e+00 4.401711e+00 5.698394e+00 6.341464e+00 8.315434e+00 1.193519e+01 9.455742e+00 9.042300e+00 9.650893e+00 9.006575e+00 8.266487e+00 1.036234e+01 9.878074e-02 1.897013e-01 2.615397e-01 4.824651e-01 5.803965e-01 7.409327e-01 8.890668e-01 8.592646e-01 1.009076e+00 8.987792e-01 8.435536e-01 8.770996e-01 3.367460e-05
<GCONST> 5.307758e+01
<MIXTURE> 112 4.337247e-03
<MEAN> 25
 5.387526e-01 -1.183592e+00 -2.104321e-01 1.877226e+00 1.446258e+00 2.096377e+00 4.292564e-01 2.091819e-01 -1.521813e-01 -5.120263e-01 -2.445985e-01 4.104309e-01 7.125604e-03 -6.738007e-02 -7.918414e-02 -9.387859e-02 -7.423694e-02 3.673432e-02 1.640416e-02 -7.039026e-02 -1.932533e-01 -3.464377e-01 -3.122565e-01 -2.156923e-01 -1.063117e-03
<VARIANCE> 25
 7.084237e+00 4.401711e+00 5.698394e+00 6.341464e+00 8.315434e+00 1.193519e+01 9.455742e+00 9.042300e+00 9.650893e+00 9.006575e+00 8.266487e+00 1.036234e+01 9.878074e-02 1.897013e-01 2.615397e-01 4.824651e-01 5.803965e-01 7.409327e-01 8.890668e-01 8.592646e-01 1.009076e+00 8.987792e-01 8.435536e-01 8.770996e-01 3.367460e-05
<GCONST> 5.307758e+01
<MIXTURE> 113 5.938666e-03
<MEAN> 25
 8.543962e+00 1.586308e+00 -9.758234e+00 -1.649643e+01 7.349909e-01 2.939101e+00 -5.268405e+00 -3.993773e+00 -5.417922e+00 -3.983002e-02 7.489886e-01 -8.292760e-01 -1.698705e-02 3.441288e-02 -5.323424e-03 -1.129734e-01 1.322834e-01 1.585408e-01 -4.715013e-02 7.426683e-02 -1.575604e-01 4.729096e-03 1.382254e-01 -3.592861e-02 -1.834324e-03
<VARIANCE> 25
 1.173232e+01 1.247693e+01 2.571120e+01 2.739286e+01 4.622050e+01 4.086223e+01 3.606058e+01 4.480430e+01 3.205971e+01 4.023431e+01 2.987835e+01 2.523026e+01 1.367083e-01 2.816590e-01 2.582879e-01 5.490501e-01 6.521189e-01 5.506437e-01 9.257257e-01 8.160956e-01 9.049805e-01 7.458397e-01 7.374577e-01 5.740247e-01 1.236946e-04
<GCONST> 6.944377e+01
<MIXTURE> 114 5.938666e-03
<MEAN> 25
 8.543962e+00 1.586308e+00 -9.758234e+00 -1.649643e+01 7.349909e-01 2.939101e+00 -5.268405e+00 -3.993773e+00 -5.417922e+00 -3.983002e-02 7.489886e-01 -8.292760e-01 -1.698705e-02 3.441288e-02 -5.323424e-03 -1.129734e-01 1.322834e-01 1.585408e-01 -4.715013e-02 7.426683e-02 -1.575604e-01 4.729096e-03 1.382254e-01 -3.592861e-02 -1.834324e-03
<VARIANCE> 25
 1.173232e+01 1.247693e+01 2.571120e+01 2.739286e+01 4.622050e+01 4.086223e+01 3.606058e+01 4.480430e+01 3.205971e+01 4.023431e+01 2.987835e+01 2.523026e+01 1.367083e-01 2.816590e-01 2.582879e-01 5.490501e-01 6.521189e-01 5.506437e-01 9.257257e-01 8.160956e-01 9.049805e-01 7.458397e-01 7.374577e-01 5.740247e-01 1.236946e-04
<GCONST> 6.944377e+01
<MIXTURE> 115 2.935202e-03
<MEAN> 25
 -9.188058e-01 -8.725728e-01 -1.134324e+00 3.334013e+00 1.572167e+00 5.928465e-01 1.178289e+00 3.877008e-01 9.650308e-01 1.461515e-01 4.278457e-01 1.874329e+00 3.805733e-02 -7.220079e-02 -2.689239e-01 -4.989340e-01 -5.659940e-01 -6.566663e-01 -6.844262e-01 -6.400636e-01 -5.869203e-01 -4.262305e-01 -3.138358e-01 -1.500191e-01 -9.911951e-05
<VARIANCE> 25
 1.016204e+01 8.314545e+00 1.105416e+01 8.523081e+00 1.019611e+01 1.395761e+01 1.228388e+01 1.658646e+01 1.569574e+01 1.208287e+01 1.408239e+01 1.084853e+01 1.950614e-01 3.273605e-01 4.918560e-01 5.553809e-01 5.331890e-01 6.272234e-01 1.132358e+00 9.802279e-01 1.258567e+00 8.180817e-01 9.639190e-01 1.470023e+00 1.596801e-06
<GCONST> 5.746862e+01
<MIXTURE> 116 2.935202e-03
<MEAN> 25
 -9.188058e-01 -8.725728e-01 -1.134324e+00 3.334013e+00 1.572167e+00 5.928465e-01 1.178289e+00 3.877008e-01 9.650308e-01 1.461515e-01 4.278457e-01 1.874329e+00 3.805733e-02 -7.220079e-02 -2.689239e-01 -4.989340e-01 -5.659940e-01 -6.566663e-01 -6.844262e-01 -6.400636e-01 -5.869203e-01 -4.262305e-01 -3.138358e-01 -1.500191e-01 -9.911951e-05
<VARIANCE> 25
 1.016204e+01 8.314545e+00 1.105416e+01 8.523081e+00 1.019611e+01 1.395761e+01 1.228388e+01 1.658646e+01 1.569574e+01 1.208287e+01 1.408239e+01 1.084853e+01 1.950614e-01 3.273605e-01 4.918560e-01 5.553809e-01 5.331890e-01 6.272234e-01 1.132358e+00 9.802279e-01 1.258567e+00 8.180817e-01 9.639190e-01 1.470023e+00 1.596801e-06
<GCONST> 5.746862e+01
<MIXTURE> 117 6.506003e-03
<MEAN> 25
 -4.320023e+00 1.058922e+00 9.899531e-01 9.453998e+00 6.054463e+00 6.163018e+00 6.054663e+00 4.735086e+00 6.315420e+00 4.812622e+00 6.198461e+00 2.649528e+00 -5.156995e-02 -2.398285e-01 -3.403422e-01 -4.219555e-01 -3.919296e-01 -3.397594e-01 -3.042516e-01 -3.503195e-01 -4.378237e-01 -3.432240e-01 -2.048663e-01 -1.168406e-01 9.382762e-06
<VARIANCE> 25
 8.030504e+00 8.569973e+00 9.368358e+00 1.509056e+01 1.545435e+01 1.465456e+01 1.863544e+01 2.122878e+01 1.638407e+01 1.565470e+01 1.600943e+01 1.399403e+01 2.351415e-01 2.944085e-01 4.104814e-01 6.104429e-01 8.239710e-01 1.115492e+00 1.193531e+00 1.181676e+00 1.199696e+00 1.157279e+00 1.160384e+00 1.115404e+00 1.120694e-06
<GCONST> 6.058153e+01
<MIXTURE> 118 6.506003e-03
<MEAN> 25
 -4.320023e+00 1.058922e+00 9.899531e-01 9.453998e+00 6.054463e+00 6.163018e+00 6.054663e+00 4.735086e+00 6.315420e+00 4.812622e+00 6.198461e+00 2.649528e+00 -5.156995e-02 -2.398285e-01 -3.403422e-01 -4.219555e-01 -3.919296e-01 -3.397594e-01 -3.042516e-01 -3.503195e-01 -4.378237e-01 -3.432240e-01 -2.048663e-01 -1.168406e-01 9.382762e-06
<VARIANCE> 25
 8.030504e+00 8.569973e+00 9.368358e+00 1.509056e+01 1.545435e+01 1.465456e+01 1.863544e+01 2.122878e+01 1.638407e+01 1.565470e+01 1.600943e+01 1.399403e+01 2.351415e-01 2.944085e-01 4.104814e-01 6.104429e-01 8.239710e-01 1.115492e+00 1.193531e+00 1.181676e+00 1.199696e+00 1.157279e+00 1.160384e+00 1.115404e+00 1.120694e-06
<GCONST> 6.058153e+01
<MIXTURE> 119 4.297961e-03
<MEAN> 25
 -3.346818e+00 -6.352650e+00 2.415601e+00 1.690064e+00 1.541552e+00 5.388247e-01 4.895287e+00 4.903616e+00 6.682578e-01 2.044385e+00 5.729252e+00 9.286978e-01 -2.511299e-02 -1.100163e-01 5.035021e-02 2.140952e-02 -1.164672e-01 -1.866808e-01 7.406468e-03 3.275791e-02 -1.423552e-01 -2.304577e-01 -1.113702e-01 -5.494776e-02 9.331589e-04
<VARIANCE> 25
 1.123853e+01 1.096824e+01 1.509964e+01 1.676724e+01 2.076713e+01 1.882645e+01 2.299810e+01 2.390694e+01 2.094445e+01 2.752421e+01 1.918833e+01 1.977399e+01 2.159947e-01 3.012483e-01 4.700599e-01 6.323581e-01 8.153567e-01 8.983266e-01 1.292941e+00 1.184451e+00 1.393458e+00 1.260389e+00 1.283856e+00 1.403386e+00 1.983868e-04
<GCONST> 6.966520e+01
<MIXTURE> 120 4.297961e-03
<MEAN> 25
 -3.346818e+00 -6.352650e+00 2.415601e+00 1.690064e+00 1.541552e+00 5.388247e-01 4.895287e+00 4.903616e+00 6.682578e-01 2.044385e+00 5.729252e+00 9.286978e-01 -2.511299e-02 -1.100163e-01 5.035021e-02 2.140952e-02 -1.164672e-01 -1.866808e-01 7.406468e-03 3.275791e-02 -1.423552e-01 -2.304577e-01 -1.113702e-01 -5.494776e-02 9.331589e-04
<VARIANCE> 25
 1.123853e+01 1.096824e+01 1.509964e+01 1.676724e+01 2.076713e+01 1.882645e+01 2.299810e+01 2.390694e+01 2.094445e+01 2.752421e+01 1.918833e+01 1.977399e+01 2.159947e-01 3.012483e-01 4.700599e-01 6.323581e-01 8.153567e-01 8.983266e-01 1.292941e+00 1.184451e+00 1.393458e+00 1.260389e+00 1.283856e+00 1.403386e+00 1.983868e-04
<GCONST> 6.966520e+01
<MIXTURE> 121 4.567511e-03
<MEAN> 25
 -1.541021e+00 -9.776887e-01 4.814853e+00 -1.239555e+01 -1.090598e+01 -3.259943e+00 1.110864e+00 -5.225093e+00 -4.455689e+00 -1.071254e+00 -4.854243e+00 -4.893614e+00 4.119417e-02 2.123394e-01 -1.578435e-01 2.208477e-01 1.837407e-01 -3.239927e-02 2.123808e-04 -1.032366e-01 -3.186440e-01 -2.664629e-01 8.030660e-02 -9.795739e-02 -6.651544e-03
<VARIANCE> 25
 6.202249e+00 9.617343e+00 1.123440e+01 3.028448e+01 1.899731e+01 2.510955e+01 2.200234e+01 2.432976e+01 4.345139e+01 2.523192e+01 1.630865e+01 2.319295e+01 1.737031e-01 4.982698e-01 5.538518e-01 6.761693e-01 8.574297e-01 9.136928e-01 8.334661e-01 1.105425e+00 9.741598e-01 1.501016e+00 1.118296e+00 1.143528e+00 1.836070e-04
<GCONST> 6.951869e+01
<MIXTURE> 122 4.567511e-03
<MEAN> 25
 -1.541021e+00 -9.776887e-01 4.814853e+00 -1.239555e+01 -1.090598e+01 -3.259943e+00 1.110864e+00 -5.225093e+00 -4.455689e+00 -1.071254e+00 -4.854243e+00 -4.893614e+00 4.119417e-02 2.123394e-01 -1.578435e-01 2.208477e-01 1.837407e-01 -3.239927e-02 2.123808e-04 -1.032366e-01 -3.186440e-01 -2.664629e-01 8.030660e-02 -9.795739e-02 -6.651544e-03
<VARIANCE> 25
 6.202249e+00 9.617343e+00 1.123440e+01 3.028448e+01 1.899731e+01 2.510955e+01 2.200234e+01 2.432976e+01 4.345139e+01 2.523192e+01 1.630865e+01 2.319295e+01 1.737031e-01 4.982698e-01 5.538518e-01 6.761693e-01 8.574297e-01 9.136928e-01 8.334661e-01 1.105425e+00 9.741598e-01 1.501016e+00 1.118296e+00 1.143528e+00 1.836070e-04
<GCONST> 6.951869e+01
<MIXTURE> 123 4.393044e-03
<MEAN> 25
 -4.121767e-01 4.059111e-01 1.208799e+00 3.791269e+00 2.895389e+00 2.648087e+00 1.551849e+00 2.947877e-01 -2.589211e-01 -7.303905e-02 5.356009e-01 2.074210e-02 -2.143841e-01 -5.938054e-01 -6.123706e-01 -5.250683e-01 -2.833753e-01 -1.405023e-01 1.852130e-01 5.853944e-01 7.398568e-01 5.902178e-01 5.409514e-01 4.088556e-01 -3.725624e-03
<VARIANCE> 25
 9.906252e+00 8.172958e+00 1.093145e+01 1.035765e+01 1.212066e+01 1.366543e+01 1.358894e+01 1.256999e+01 1.121918e+01 1.693424e+01 1.330371e+01 1.416558e+01 4.004200e-01 3.209372e-01 3.345704e-01 6.330265e-01 1.010189e+00 1.058159e+00 1.515410e+00 1.430878e+00 1.066708e+00 1.318501e+00 1.172371e+00 1.411589e+00 1.064955e-04
<GCONST> 6.474062e+01
<MIXTURE> 124 4.069876e-03
<MEAN> 25
 -3.077677e+00 -1.295728e+00 -1.750498e+00 4.302967e+00 4.309417e+00 3.681501e+00 3.961926e+00 2.448174e+00 2.508324e+00 1.113851e+00 1.358568e+00 2.412559e+00 -1.915675e-01 -3.093632e-01 -3.706634e-01 -1.914779e-01 6.819400e-02 6.013583e-01 9.144748e-01 8.621400e-01 6.854262e-01 2.583441e-01 -6.888058e-02 -7.514893e-02 -4.246163e-04
<VARIANCE> 25
 1.813454e+01 5.959369e+00 9.660530e+00 1.107147e+01 1.076239e+01 1.522091e+01 1.356196e+01 1.346664e+01 1.373444e+01 1.251221e+01 1.537301e+01 1.374485e+01 1.000302e-01 1.641359e-01 2.962554e-01 4.504403e-01 6.128947e-01 7.465508e-01 7.850139e-01 8.543469e-01 1.005183e+00 8.809689e-01 1.030261e+00 9.185675e-01 2.422074e-05
<GCONST> 5.799852e+01
<MIXTURE> 125 4.069876e-03
<MEAN> 25
 -3.077677e+00 -1.295728e+00 -1.750498e+00 4.302967e+00 4.309417e+00 3.681501e+00 3.961926e+00 2.448174e+00 2.508324e+00 1.113851e+00 1.358568e+00 2.412559e+00 -1.915675e-01 -3.093632e-01 -3.706634e-01 -1.914779e-01 6.819400e-02 6.013583e-01 9.144748e-01 8.621400e-01 6.854262e-01 2.583441e-01 -6.888058e-02 -7.514893e-02 -4.246163e-04
<VARIANCE> 25
 1.813454e+01 5.959369e+00 9.660530e+00 1.107147e+01 1.076239e+01 1.522091e+01 1.356196e+01 1.346664e+01 1.373444e+01 1.251221e+01 1.537301e+01 1.374485e+01 1.000302e-01 1.641359e-01 2.962554e-01 4.504403e-01 6.128947e-01 7.465508e-01 7.850139e-01 8.543469e-01 1.005183e+00 8.809689e-01 1.030261e+00 9.185675e-01 2.422074e-05
<GCONST> 5.799852e+01
<MIXTURE> 126 2.402244e-03
<MEAN> 25
 -3.036598e+00 -6.042997e+00 -4.627985e+00 2.160442e+00 3.650449e+00 -2.716109e+00 5.287302e-02 3.131223e+00 2.744750e+00 -2.308573e+00 -1.072869e+00 2.606344e+00 3.368817e-02 -1.224419e-02 -1.792210e-02 -1.895260e-01 -3.085853e-01 -4.327107e-01 -3.029882e-01 -1.442351e-01 -8.548833e-02 -1.183991e-01 -1.843580e-01 -4.018367e-02 -1.712857e-03
<VARIANCE> 25
 9.289364e+00 1.466045e+01 1.395441e+01 1.415965e+01 2.347748e+01 2.274817e+01 2.095283e+01 2.725586e+01 3.023770e+01 2.565792e+01 2.052683e+01 1.875307e+01 1.966758e-01 3.478131e-01 4.858400e-01 6.308833e-01 7.440870e-01 1.011623e+00 1.140163e+00 1.183803e+00 1.305487e+00 1.357477e+00 1.282900e+00 1.145163e+00 1.968437e-04
<GCONST> 6.995707e+01
<MIXTURE> 127 2.402244e-03
<MEAN> 25
 -3.036598e+00 -6.042997e+00 -4.627985e+00 2.160442e+00 3.650449e+00 -2.716109e+00 5.287302e-02 3.131223e+00 2.744750e+00 -2.308573e+00 -1.072869e+00 2.606344e+00 3.368817e-02 -1.224419e-02 -1.792210e-02 -1.895260e-01 -3.085853e-01 -4.327107e-01 -3.029882e-01 -1.442351e-01 -8.548833e-02 -1.183991e-01 -1.843580e-01 -4.018367e-02 -1.712857e-03
<VARIANCE> 25
 9.289364e+00 1.466045e+01 1.395441e+01 1.415965e+01 2.347748e+01 2.274817e+01 2.095283e+01 2.725586e+01 3.023770e+01 2.565792e+01 2.052683e+01 1.875307e+01 1.966758e-01 3.478131e-01 4.858400e-01 6.308833e-01 7.440870e-01 1.011623e+00 1.140163e+00 1.183803e+00 1.305487e+00 1.357477e+00 1.282900e+00 1.145163e+00 1.968437e-04
<GCONST> 6.995707e+01
<MIXTURE> 128 3.790457e-03
<MEAN> 25
 -2.503150e+00 1.501063e+00 -6.528533e-01 4.360645e+00 2.323000e+00 1.204668e+00 2.647207e+00 2.560937e+00 3.423762e+00 3.291087e+00 3.870914e+00 2.741934e+00 -3.071548e-01 -1.799303e-01 1.581149e-02 7.908190e-01 7.921036e-01 9.702393e-01 6.040898e-01 1.663198e-01 -4.299261e-01 -9.110002e-01 -7.032897e-01 -5.044138e-01 -6.486020e-07
<VARIANCE> 25
 1.083746e+01 1.147492e+01 1.215961e+01 2.333816e+01 1.674500e+01 1.890197e+01 2.082965e+01 2.137608e+01 2.157361e+01 2.127138e+01 2.085004e+01 1.623333e+01 6.987493e-01 1.195716e+00 1.156493e+00 1.577022e+00 1.451747e+00 1.788867e+00 1.803113e+00 2.294499e+00 2.315607e+00 1.676333e+00 1.603799e+00 1.554751e+00 1.785668e-06
<GCONST> 7.205741e+01
<TRANSP> 3
 0.000000e+00 1.000000e+00 0.000000e+00
 0.000000e+00 9.999990e-01 9.999998e-07
 0.000000e+00 0.000000e+00 0.000000e+00
<ENDHMM>
