~o
<STREAMINFO> 1 25
<VECSIZE> 25<NULLD><MFCC_E_D_N><DIAGC>
~h "jmodel"
<BEGINHMM>
<NUMSTATES> 3
<STATE> 2
<NUMMIXES> 128
<MIXTURE> 1 5.748963e-03
<MEAN> 25
 -2.227570e+00 2.928142e+00 2.281721e+00 8.389210e+00 4.320501e+00 3.195104e+00 4.022459e+00 3.934236e+00 5.629573e+00 4.768819e+00 5.269115e+00 2.828478e+00 -1.789618e+00 -1.565263e+00 -9.193026e-01 9.988019e-01 1.712604e+00 2.570144e+00 2.020648e+00 1.972694e+00 1.547510e+00 1.132496e+00 1.364413e+00 2.541218e-01 -4.964821e-02
<VARIANCE> 25
 9.955135e+00 1.116180e+01 1.338929e+01 1.759883e+01 2.133726e+01 2.256956e+01 1.967927e+01 1.975761e+01 1.904532e+01 2.247616e+01 2.175363e+01 1.653155e+01 1.975783e+00 1.973564e+00 2.750549e+00 2.981957e+00 3.609273e+00 4.043642e+00 3.135039e+00 3.122224e+00 3.314069e+00 3.558985e+00 3.432661e+00 3.572299e+00 3.032012e-03
<GCONST> 8.780698e+01
<MIXTURE> 2 4.549242e-03
<MEAN> 25
 -4.875642e+00 1.311696e+00 9.943436e-01 9.899762e+00 6.692273e+00 7.424619e+00 7.847022e+00 6.958084e+00 8.373242e+00 6.372952e+00 7.624377e+00 3.074682e+00 -6.199968e-02 4.161593e-02 1.425255e-01 2.258572e-01 2.652842e-01 2.813679e-01 2.954244e-01 3.195452e-01 3.497662e-01 3.089227e-01 1.971848e-01 8.007420e-02 1.240899e-06
<VARIANCE> 25
 6.952362e+00 8.901914e+00 1.065119e+01 1.591115e+01 1.723569e+01 1.556310e+01 1.689945e+01 1.848549e+01 1.658666e+01 1.738671e+01 1.811025e+01 1.433995e+01 1.252504e-01 2.266277e-01 3.364718e-01 4.671240e-01 6.492782e-01 8.148826e-01 9.298768e-01 1.003182e+00 1.051666e+00 1.077773e+00 1.075660e+00 1.013937e+00 1.000015e-06
<GCONST> 5.804309e+01
<MIXTURE> 3 4.549242e-03
<MEAN> 25
 -4.875642e+00 1.311696e+00 9.943436e-01 9.899762e+00 6.692273e+00 7.424619e+00 7.847022e+00 6.958084e+00 8.373242e+00 6.372952e+00 7.624377e+00 3.074682e+00 -6.199968e-02 4.161593e-02 1.425255e-01 2.258572e-01 2.652842e-01 2.813679e-01 2.954244e-01 3.195452e-01 3.497662e-01 3.089227e-01 1.971848e-01 8.007420e-02 1.240899e-06
<VARIANCE> 25
 6.952362e+00 8.901914e+00 1.065119e+01 1.591115e+01 1.723569e+01 1.556310e+01 1.689945e+01 1.848549e+01 1.658666e+01 1.738671e+01 1.811025e+01 1.433995e+01 1.252504e-01 2.266277e-01 3.364718e-01 4.671240e-01 6.492782e-01 8.148826e-01 9.298768e-01 1.003182e+00 1.051666e+00 1.077773e+00 1.075660e+00 1.013937e+00 1.000015e-06
<GCONST> 5.804309e+01
<MIXTURE> 4 1.671429e-02
<MEAN> 25
 3.023485e+00 2.534721e+00 -3.956427e+00 6.191898e-01 4.148848e+00 -4.436767e-01 -7.112579e-01 -6.995866e-01 1.938121e+00 1.140556e+00 -1.118534e+00 4.157289e-01 -2.432594e+00 1.203246e+00 1.712814e+00 3.146063e+00 7.421008e-01 3.702911e-01 1.711959e+00 1.153930e+00 1.114184e+00 -7.087073e-02 1.198064e+00 3.118156e-01 -9.466384e-02
<VARIANCE> 25
 1.739895e+01 2.469301e+01 2.403420e+01 3.353601e+01 3.665081e+01 5.571049e+01 5.607779e+01 4.477662e+01 4.955381e+01 5.053474e+01 4.365539e+01 3.072892e+01 2.224161e+00 4.197563e+00 3.101563e+00 4.037179e+00 4.110959e+00 5.379799e+00 5.472106e+00 4.484199e+00 4.787198e+00 5.906060e+00 5.020451e+00 4.649616e+00 5.121426e-03
<GCONST> 1.014550e+02
<MIXTURE> 5 3.206198e-03
<MEAN> 25
 -3.415004e+00 2.180713e+00 6.079801e-01 9.423118e+00 6.696985e+00 6.313763e+00 7.107402e+00 4.720553e+00 5.494904e+00 3.848538e+00 4.656143e+00 2.605315e+00 -3.249035e-01 7.529085e-01 1.224516e+00 1.033619e+00 3.081768e-01 -1.007045e-01 -8.371188e-02 3.377493e-02 4.587101e-01 6.829872e-01 4.044055e-01 8.810178e-02 -2.825700e-05
<VARIANCE> 25
 1.025793e+01 1.393886e+01 2.349570e+01 2.568619e+01 2.021351e+01 1.943291e+01 2.017211e+01 2.037275e+01 2.141529e+01 2.127773e+01 2.410327e+01 1.636058e+01 1.209865e+00 1.243888e+00 1.356844e+00 1.675314e+00 2.284551e+00 2.376215e+00 2.300794e+00 2.274700e+00 2.315833e+00 2.238767e+00 2.085469e+00 1.873205e+00 1.000428e-06
<GCONST> 7.517317e+01
<MIXTURE> 6 5.475854e-03
<MEAN> 25
 9.050052e+00 -5.834793e-01 -6.549506e+00 -1.091621e+01 -6.996628e-01 6.886802e+00 -5.438863e+00 -5.222306e+00 -4.272327e+00 2.544275e+00 4.019268e+00 -7.607823e-01 4.870872e-01 8.928323e-01 -3.308959e-01 -1.334769e+00 -7.817761e-01 1.204012e+00 1.510476e+00 1.071542e-01 -1.255228e+00 -1.189808e+00 4.586284e-01 1.093259e+00 -8.564789e-03
<VARIANCE> 25
 1.039650e+01 1.510568e+01 2.116508e+01 3.459964e+01 4.472419e+01 2.699886e+01 3.999878e+01 3.358939e+01 3.812578e+01 3.764421e+01 3.907729e+01 2.668046e+01 2.736954e-01 7.759230e-01 8.600067e-01 1.884368e+00 1.546781e+00 1.973956e+00 1.694734e+00 2.041628e+00 2.199175e+00 1.760901e+00 2.177603e+00 1.469910e+00 5.136289e-04
<GCONST> 8.235172e+01
<MIXTURE> 7 5.475854e-03
<MEAN> 25
 9.050052e+00 -5.834793e-01 -6.549506e+00 -1.091621e+01 -6.996628e-01 6.886802e+00 -5.438863e+00 -5.222306e+00 -4.272327e+00 2.544275e+00 4.019268e+00 -7.607823e-01 4.870872e-01 8.928323e-01 -3.308959e-01 -1.334769e+00 -7.817761e-01 1.204012e+00 1.510476e+00 1.071542e-01 -1.255228e+00 -1.189808e+00 4.586284e-01 1.093259e+00 -8.564789e-03
<VARIANCE> 25
 1.039650e+01 1.510568e+01 2.116508e+01 3.459964e+01 4.472419e+01 2.699886e+01 3.999878e+01 3.358939e+01 3.812578e+01 3.764421e+01 3.907729e+01 2.668046e+01 2.736954e-01 7.759230e-01 8.600067e-01 1.884368e+00 1.546781e+00 1.973956e+00 1.694734e+00 2.041628e+00 2.199175e+00 1.760901e+00 2.177603e+00 1.469910e+00 5.136289e-04
<GCONST> 8.235172e+01
<MIXTURE> 8 1.165917e-02
<MEAN> 25
 -4.115367e+00 7.970572e-01 9.565506e-01 8.744503e+00 6.651106e+00 6.532716e+00 6.142983e+00 5.531302e+00 6.462628e+00 5.283223e+00 6.216527e+00 2.580678e+00 -6.312217e-01 -1.348192e+00 -1.250294e+00 -1.584541e+00 -1.889085e-01 -7.563356e-01 -2.682734e-02 -3.766788e-01 -4.507331e-01 4.679478e-02 -2.716486e-01 2.038730e-01 9.306972e-02
<VARIANCE> 25
 1.044092e+01 1.072122e+01 1.074691e+01 1.871701e+01 1.590153e+01 1.495690e+01 1.656396e+01 1.703530e+01 1.584659e+01 1.713853e+01 2.015314e+01 1.451356e+01 2.628562e+00 2.912691e+00 4.225091e+00 3.697160e+00 3.437395e+00 3.530949e+00 3.018512e+00 2.767081e+00 3.108019e+00 2.730942e+00 2.411377e+00 1.839873e+00 6.161083e-03
<GCONST> 8.630775e+01
<MIXTURE> 9 1.199672e-02
<MEAN> 25
 8.753300e+00 3.248850e+00 -6.484529e+00 -1.047715e+01 -1.682108e+00 4.317084e+00 -2.369863e+00 -2.795553e+00 -4.748608e+00 -2.230087e-01 1.854578e-01 4.457284e-01 1.376215e+00 1.923628e-02 -4.295639e-01 -2.703038e+00 -1.460748e+00 3.129151e-01 -1.159547e+00 -6.290056e-01 -1.164062e-01 -3.951798e-01 2.902276e-01 4.222254e-02 7.180236e-02
<VARIANCE> 25
 1.196761e+01 1.824433e+01 2.949524e+01 4.709388e+01 4.627003e+01 2.923942e+01 3.702518e+01 4.528180e+01 3.731948e+01 4.275448e+01 3.173520e+01 2.653529e+01 1.792700e+00 2.211276e+00 4.072064e+00 4.121466e+00 4.515562e+00 4.858140e+00 3.866535e+00 6.001087e+00 4.614729e+00 3.601652e+00 3.874645e+00 2.691596e+00 1.892952e-03
<GCONST> 9.663051e+01
<MIXTURE> 10 6.596976e-03
<MEAN> 25
 8.408984e-01 7.290501e+00 5.162027e+00 6.813261e+00 1.248278e+00 -2.522166e+00 -4.454335e-01 -1.674543e+00 1.187229e+00 1.087396e+00 8.029508e-01 9.001084e-01 -1.758237e+00 -6.726899e-01 -5.106300e-01 2.896625e+00 2.439317e+00 2.855040e+00 2.314176e+00 2.248296e+00 1.793314e+00 1.390593e+00 2.160966e+00 2.384502e-01 -1.347976e-01
<VARIANCE> 25
 1.804664e+01 2.070919e+01 2.177282e+01 2.823090e+01 3.701249e+01 3.565476e+01 3.282845e+01 3.156597e+01 2.661858e+01 2.857846e+01 2.514318e+01 2.536328e+01 2.364538e+00 3.193919e+00 5.269789e+00 5.065509e+00 5.212080e+00 4.608053e+00 4.492065e+00 4.482956e+00 4.112615e+00 5.084398e+00 4.435956e+00 3.833728e+00 2.606920e-03
<GCONST> 9.692408e+01
<MIXTURE> 11 1.633820e-02
<MEAN> 25
 6.514331e+00 3.799978e+00 3.950076e+00 5.164153e+00 -2.670441e+00 -1.590171e+00 -2.701408e+00 -4.352523e+00 -1.836872e+00 -1.351751e+00 -1.855583e+00 -2.595456e+00 -2.690204e-01 4.392698e-01 3.242166e-01 2.051501e-01 4.543029e-01 8.897166e-02 4.690407e-01 1.902826e-01 -4.011454e-02 -4.631259e-02 -3.446841e-01 -2.792641e-01 -1.995624e-02
<VARIANCE> 25
 1.112054e+01 1.826897e+01 1.579861e+01 2.422653e+01 2.937561e+01 3.066694e+01 3.919128e+01 4.314691e+01 3.855962e+01 3.180171e+01 2.815100e+01 2.469169e+01 8.032595e-01 1.018670e+00 1.405889e+00 1.942567e+00 2.016197e+00 2.300343e+00 2.447591e+00 2.805940e+00 1.903811e+00 1.883989e+00 1.485776e+00 2.158340e+00 9.068736e-04
<GCONST> 8.480272e+01
<MIXTURE> 12 5.904134e-03
<MEAN> 25
 1.072063e+01 3.703357e+00 -4.535764e+00 -1.596229e+01 -8.585204e+00 8.622647e+00 -8.928421e-01 -1.947736e+00 -1.793579e+00 -4.801778e+00 1.765001e+00 7.171115e-01 6.879228e-02 2.946941e-01 7.485335e-02 -3.680210e-01 -3.172591e-01 2.211770e-02 3.105901e-01 4.479140e-01 1.423371e-01 -3.868343e-01 -3.744785e-01 5.111144e-02 -6.335491e-03
<VARIANCE> 25
 9.033503e+00 2.100590e+01 2.330278e+01 3.487112e+01 4.311898e+01 3.077019e+01 4.146159e+01 4.865877e+01 4.427623e+01 3.788304e+01 3.770346e+01 2.870960e+01 2.466855e-01 6.832763e-01 6.850476e-01 1.171876e+00 1.190700e+00 1.056283e+00 1.167909e+00 1.379429e+00 1.234782e+00 1.213849e+00 1.227069e+00 9.545829e-01 5.752735e-04
<GCONST> 7.891314e+01
<MIXTURE> 13 5.904134e-03
<MEAN> 25
 1.072063e+01 3.703357e+00 -4.535764e+00 -1.596229e+01 -8.585204e+00 8.622647e+00 -8.928421e-01 -1.947736e+00 -1.793579e+00 -4.801778e+00 1.765001e+00 7.171115e-01 6.879228e-02 2.946941e-01 7.485335e-02 -3.680210e-01 -3.172591e-01 2.211770e-02 3.105901e-01 4.479140e-01 1.423371e-01 -3.868343e-01 -3.744785e-01 5.111144e-02 -6.335491e-03
<VARIANCE> 25
 9.033503e+00 2.100590e+01 2.330278e+01 3.487112e+01 4.311898e+01 3.077019e+01 4.146159e+01 4.865877e+01 4.427623e+01 3.788304e+01 3.770346e+01 2.870960e+01 2.466855e-01 6.832763e-01 6.850476e-01 1.171876e+00 1.190700e+00 1.056283e+00 1.167909e+00 1.379429e+00 1.234782e+00 1.213849e+00 1.227069e+00 9.545829e-01 5.752735e-04
<GCONST> 7.891314e+01
<MIXTURE> 14 6.488954e-03
<MEAN> 25
 -4.192361e+00 -4.102940e-01 -3.411556e-01 8.806912e+00 7.544749e+00 7.430457e+00 7.657922e+00 7.258605e+00 7.176829e+00 5.234121e+00 6.923671e+00 3.944872e+00 -2.231433e-01 2.330128e-01 4.061587e-01 2.746183e-01 -6.872551e-02 7.571508e-03 5.257750e-02 1.545006e-01 3.166742e-01 5.325233e-01 4.736697e-01 5.888312e-02 -9.061535e-03
<VARIANCE> 25
 9.694106e+00 1.346405e+01 1.811231e+01 1.758079e+01 2.094588e+01 1.903435e+01 2.177126e+01 2.013572e+01 1.968735e+01 2.340447e+01 2.131445e+01 1.640468e+01 1.061862e+00 1.692212e+00 1.837216e+00 1.942932e+00 2.416473e+00 2.403065e+00 2.267072e+00 2.197132e+00 2.251222e+00 2.444513e+00 2.217118e+00 1.799849e+00 1.044802e-03
<GCONST> 8.209151e+01
<MIXTURE> 15 2.475190e-03
<MEAN> 25
 -5.421440e+00 -6.454450e-01 -2.015322e-01 7.364776e+00 5.717915e+00 5.700243e+00 6.059687e+00 4.979923e+00 5.163641e+00 4.151183e+00 5.501027e+00 2.537948e+00 -1.212965e-01 -2.916869e-02 7.509572e-02 2.437007e-01 4.892152e-01 7.860983e-01 1.072015e+00 1.181947e+00 1.059076e+00 7.558125e-01 4.193089e-01 1.530873e-01 -8.625709e-05
<VARIANCE> 25
 6.995387e+00 5.606025e+00 9.029383e+00 1.282939e+01 1.407948e+01 1.429351e+01 1.491752e+01 1.489309e+01 1.409674e+01 1.419958e+01 1.509979e+01 1.251297e+01 1.247353e-01 2.061247e-01 3.196983e-01 5.029140e-01 6.995351e-01 7.945067e-01 7.633705e-01 7.917263e-01 9.090437e-01 1.023811e+00 1.071304e+00 1.041201e+00 2.799235e-05
<GCONST> 5.859117e+01
<MIXTURE> 16 2.475190e-03
<MEAN> 25
 -5.421440e+00 -6.454450e-01 -2.015322e-01 7.364776e+00 5.717915e+00 5.700243e+00 6.059687e+00 4.979923e+00 5.163641e+00 4.151183e+00 5.501027e+00 2.537948e+00 -1.212965e-01 -2.916869e-02 7.509572e-02 2.437007e-01 4.892152e-01 7.860983e-01 1.072015e+00 1.181947e+00 1.059076e+00 7.558125e-01 4.193089e-01 1.530873e-01 -8.625709e-05
<VARIANCE> 25
 6.995387e+00 5.606025e+00 9.029383e+00 1.282939e+01 1.407948e+01 1.429351e+01 1.491752e+01 1.489309e+01 1.409674e+01 1.419958e+01 1.509979e+01 1.251297e+01 1.247353e-01 2.061247e-01 3.196983e-01 5.029140e-01 6.995351e-01 7.945067e-01 7.633705e-01 7.917263e-01 9.090437e-01 1.023811e+00 1.071304e+00 1.041201e+00 2.799235e-05
<GCONST> 5.859117e+01
<MIXTURE> 17 9.518312e-03
<MEAN> 25
 2.955755e+00 -5.277027e-01 5.413749e+00 9.709884e-01 -5.357633e+00 -7.209555e+00 -4.518530e+00 1.142549e+00 -1.312745e+00 -3.493908e+00 -7.274705e-01 -7.638716e-01 -7.292785e-01 -1.043963e+00 7.010410e-01 -2.000634e+00 -1.863607e+00 -1.140990e+00 1.640401e-01 8.560626e-02 -3.830819e-01 4.996901e-01 7.286952e-01 1.185189e+00 7.010075e-02
<VARIANCE> 25
 1.053420e+01 2.083746e+01 1.832251e+01 2.776315e+01 2.949963e+01 3.884576e+01 3.071478e+01 2.554826e+01 2.950552e+01 1.743620e+01 1.777869e+01 2.537648e+01 1.117704e+00 1.842796e+00 2.799908e+00 2.090271e+00 2.723900e+00 4.616009e+00 4.463610e+00 4.090104e+00 2.960294e+00 2.912108e+00 1.977928e+00 3.031661e+00 1.401367e-03
<GCONST> 8.893497e+01
<MIXTURE> 18 1.221018e-02
<MEAN> 25
 3.376804e+00 4.152189e+00 5.928775e+00 4.395572e+00 -4.262881e+00 -8.109264e+00 -1.827629e+00 -9.638269e-01 -1.884446e+00 -2.069044e+00 -5.496716e-01 1.487493e+00 -5.229767e-01 1.712180e+00 -2.479065e-01 1.981232e+00 2.832557e+00 1.879107e+00 8.099537e-01 1.952038e-01 7.840210e-01 3.550367e-01 -2.464915e-01 -5.969493e-01 -1.151024e-01
<VARIANCE> 25
 1.382348e+01 2.156913e+01 2.989773e+01 2.201904e+01 3.268580e+01 3.236837e+01 3.266554e+01 2.920984e+01 3.887609e+01 3.331168e+01 2.647017e+01 3.496582e+01 2.246310e+00 3.136953e+00 4.281956e+00 3.406557e+00 3.662634e+00 4.671425e+00 4.276564e+00 4.122278e+00 3.809090e+00 4.050984e+00 3.709478e+00 3.841260e+00 3.564581e-03
<GCONST> 9.605404e+01
<MIXTURE> 19 9.912824e-03
<MEAN> 25
 -9.330703e+00 2.063913e+00 1.801497e-02 1.746950e+00 3.214422e+00 1.979134e+00 3.274316e+00 1.420755e+00 2.405810e+00 9.519823e-01 1.332039e+00 1.492982e+00 2.013757e+00 1.624441e+00 2.150046e+00 5.951306e-01 -1.260431e+00 -1.233254e+00 -1.057116e+00 -1.462369e+00 -1.367616e+00 -1.119269e+00 -7.256004e-01 -6.847053e-01 2.172372e-03
<VARIANCE> 25
 5.557898e+01 2.863178e+01 4.417426e+01 5.064695e+01 4.155666e+01 4.404067e+01 2.942646e+01 2.751250e+01 2.664782e+01 2.641586e+01 2.908864e+01 2.074418e+01 2.155119e+00 2.268749e+00 1.960760e+00 2.333543e+00 2.544558e+00 2.528120e+00 2.201930e+00 2.314381e+00 2.272098e+00 1.851504e+00 2.093345e+00 1.772017e+00 2.282396e-03
<GCONST> 9.146303e+01
<MIXTURE> 20 6.308331e-03
<MEAN> 25
 -1.415158e+01 7.405665e+00 8.160594e-01 6.196826e+00 4.783047e+00 1.725218e+00 5.242205e+00 8.848658e-01 8.498368e-01 7.998706e-01 2.553383e+00 -3.522246e-01 -3.275431e+00 -8.509707e-01 -1.554708e+00 3.422635e-01 1.503602e+00 2.063651e+00 1.970639e+00 2.029789e+00 2.123412e+00 2.015432e+00 1.664391e+00 9.416478e-01 4.761460e-02
<VARIANCE> 25
 2.001203e+01 2.331710e+01 3.077475e+01 3.701242e+01 3.101674e+01 2.824077e+01 2.990974e+01 3.118091e+01 2.835031e+01 2.793653e+01 2.492509e+01 2.101747e+01 2.090446e+00 2.210429e+00 1.901717e+00 2.521700e+00 2.786226e+00 2.297110e+00 2.316646e+00 2.369092e+00 2.262049e+00 2.704578e+00 2.264105e+00 1.854047e+00 1.880248e-03
<GCONST> 8.930611e+01
<MIXTURE> 21 7.928653e-03
<MEAN> 25
 2.967072e+00 -3.827492e+00 5.118942e+00 -1.549963e+00 -9.899547e+00 -9.353047e+00 -1.938151e+00 3.503018e+00 -1.999103e+00 -2.755327e+00 6.122756e-01 9.202029e-01 -6.808649e-01 1.226071e+00 2.159724e+00 3.706147e-02 -1.409362e+00 2.992168e-01 1.078906e+00 -1.524566e+00 -1.905165e+00 4.147060e-01 1.185860e+00 4.416265e-01 -6.830050e-03
<VARIANCE> 25
 1.081658e+01 1.866998e+01 2.579750e+01 2.527292e+01 2.667770e+01 2.902545e+01 3.992345e+01 3.613671e+01 3.541460e+01 2.764022e+01 2.969405e+01 2.270181e+01 4.526832e-01 8.558639e-01 2.716819e+00 1.313516e+00 1.946950e+00 2.045927e+00 4.820476e+00 2.443758e+00 1.938668e+00 2.271023e+00 1.758127e+00 2.207332e+00 4.910250e-04
<GCONST> 8.445274e+01
<MIXTURE> 22 8.827789e-03
<MEAN> 25
 -1.782994e+01 7.275609e+00 -4.120203e+00 7.699863e+00 4.019581e+00 3.157715e+00 8.596231e+00 1.879873e+00 4.259080e+00 2.983272e+00 5.293647e+00 5.096149e-01 -3.794444e-01 -2.713337e-01 -1.283075e-01 -8.598141e-02 -1.282752e-01 3.380275e-01 1.479381e-01 5.824617e-02 3.415961e-01 9.804107e-02 1.011219e-01 2.319415e-01 1.142613e-02
<VARIANCE> 25
 7.596519e+00 1.572585e+01 1.606209e+01 2.434004e+01 2.497160e+01 2.169138e+01 1.839016e+01 1.749459e+01 3.158320e+01 2.046356e+01 1.984000e+01 1.793952e+01 1.094306e+00 1.308021e+00 1.276930e+00 1.497785e+00 1.467025e+00 1.926415e+00 1.420263e+00 1.585024e+00 1.593014e+00 1.561329e+00 1.314449e+00 1.101633e+00 1.711519e-03
<GCONST> 7.888129e+01
<MIXTURE> 23 6.455497e-03
<MEAN> 25
 7.239418e+00 2.422225e+00 3.275103e+00 2.678940e+00 -4.453556e+00 -2.777982e+00 -4.465525e+00 -5.603491e+00 -2.782757e+00 -1.149709e+00 -3.650840e+00 -2.222867e+00 5.054841e-02 1.392982e-01 6.876321e-02 1.586559e-01 1.137064e-01 1.494128e-01 -7.434720e-02 -1.019008e-01 6.143776e-02 1.663068e-01 -1.819562e-02 1.091671e-01 -5.189178e-03
<VARIANCE> 25
 1.217391e+01 1.942277e+01 2.193396e+01 3.694732e+01 3.469703e+01 5.119687e+01 5.243990e+01 5.329582e+01 4.584195e+01 4.160912e+01 4.354900e+01 4.129425e+01 1.129281e-01 2.940345e-01 3.549520e-01 5.098106e-01 6.183026e-01 7.921544e-01 7.778079e-01 8.788665e-01 9.226580e-01 8.469754e-01 7.532681e-01 7.112918e-01 9.293244e-05
<GCONST> 7.221324e+01
<MIXTURE> 24 6.455497e-03
<MEAN> 25
 7.239418e+00 2.422225e+00 3.275103e+00 2.678940e+00 -4.453556e+00 -2.777982e+00 -4.465525e+00 -5.603491e+00 -2.782757e+00 -1.149709e+00 -3.650840e+00 -2.222867e+00 5.054841e-02 1.392982e-01 6.876321e-02 1.586559e-01 1.137064e-01 1.494128e-01 -7.434720e-02 -1.019008e-01 6.143776e-02 1.663068e-01 -1.819562e-02 1.091671e-01 -5.189178e-03
<VARIANCE> 25
 1.217391e+01 1.942277e+01 2.193396e+01 3.694732e+01 3.469703e+01 5.119687e+01 5.243990e+01 5.329582e+01 4.584195e+01 4.160912e+01 4.354900e+01 4.129425e+01 1.129281e-01 2.940345e-01 3.549520e-01 5.098106e-01 6.183026e-01 7.921544e-01 7.778079e-01 8.788665e-01 9.226580e-01 8.469754e-01 7.532681e-01 7.112918e-01 9.293244e-05
<GCONST> 7.221324e+01
<MIXTURE> 25 1.118642e-02
<MEAN> 25
 2.665793e-01 3.462258e+00 1.651771e+01 -9.994526e-01 -1.119672e+01 -1.744808e+00 -4.939767e+00 -2.978498e+00 -6.748769e+00 -5.159132e+00 3.994624e+00 -1.454438e+00 -1.360341e-01 4.320253e-01 1.728464e-01 1.612752e-01 2.158791e-01 7.624226e-02 2.227083e-01 -1.450479e-01 -2.520330e-01 7.563598e-02 -6.187248e-02 -1.023758e-01 -1.251245e-02
<VARIANCE> 25
 8.728694e+00 2.163018e+01 2.264103e+01 2.848731e+01 3.164997e+01 4.133142e+01 2.681166e+01 2.997295e+01 2.894012e+01 3.999180e+01 2.072468e+01 2.911854e+01 5.838780e-01 1.416537e+00 1.379184e+00 1.356109e+00 2.223084e+00 2.075207e+00 1.767725e+00 1.705108e+00 1.549518e+00 1.679718e+00 1.330674e+00 1.410092e+00 1.257918e-03
<GCONST> 8.295510e+01
<MIXTURE> 26 7.727677e-03
<MEAN> 25
 1.977274e+00 -5.641480e+00 -1.025309e+01 -1.152073e+00 7.981775e+00 5.659981e+00 3.887300e+00 -5.362526e-01 1.367747e+00 -2.555438e-01 -2.046250e+00 -2.053323e-01 -5.245088e-01 5.854937e-01 5.448008e-01 9.003597e-01 1.496849e-01 2.471959e-01 2.069559e-01 4.074532e-01 4.140783e-01 5.185945e-02 5.715857e-01 2.426215e-01 -4.825339e-02
<VARIANCE> 25
 2.161925e+01 3.170854e+01 2.876956e+01 5.575106e+01 3.840497e+01 3.975722e+01 4.026264e+01 3.918492e+01 3.897925e+01 5.160405e+01 3.936697e+01 4.506713e+01 1.676166e+00 1.742437e+00 2.159194e+00 2.061666e+00 2.285728e+00 2.139804e+00 2.239187e+00 2.430521e+00 2.346014e+00 2.183495e+00 2.204867e+00 2.108982e+00 3.086025e-03
<GCONST> 9.287602e+01
<MIXTURE> 27 7.727677e-03
<MEAN> 25
 1.977274e+00 -5.641480e+00 -1.025309e+01 -1.152073e+00 7.981775e+00 5.659981e+00 3.887300e+00 -5.362526e-01 1.367747e+00 -2.555438e-01 -2.046250e+00 -2.053323e-01 -5.245088e-01 5.854937e-01 5.448008e-01 9.003597e-01 1.496849e-01 2.471959e-01 2.069559e-01 4.074532e-01 4.140783e-01 5.185945e-02 5.715857e-01 2.426215e-01 -4.825339e-02
<VARIANCE> 25
 2.161925e+01 3.170854e+01 2.876956e+01 5.575106e+01 3.840497e+01 3.975722e+01 4.026264e+01 3.918492e+01 3.897925e+01 5.160405e+01 3.936697e+01 4.506713e+01 1.676166e+00 1.742437e+00 2.159194e+00 2.061666e+00 2.285728e+00 2.139804e+00 2.239187e+00 2.430521e+00 2.346014e+00 2.183495e+00 2.204867e+00 2.108982e+00 3.086025e-03
<GCONST> 9.287602e+01
<MIXTURE> 28 5.036674e-03
<MEAN> 25
 -5.448407e+00 9.171207e-03 -1.568403e+00 6.611397e+00 5.232742e+00 3.520888e+00 5.415309e+00 3.131758e+00 3.920987e+00 2.388897e+00 2.634780e+00 3.211608e+00 -1.148803e-01 2.229779e-01 5.283132e-01 7.846965e-01 8.215216e-01 7.026255e-01 5.214694e-01 3.905492e-01 4.452549e-01 4.817518e-01 3.710768e-01 1.894823e-01 -1.189262e-05
<VARIANCE> 25
 1.043773e+01 8.353327e+00 1.215086e+01 1.485968e+01 1.470378e+01 1.772980e+01 1.803055e+01 1.900232e+01 1.717650e+01 1.675071e+01 2.061378e+01 1.509651e+01 2.564779e-01 3.363683e-01 4.068197e-01 4.638411e-01 6.216460e-01 8.466308e-01 1.060428e+00 1.146618e+00 1.102135e+00 1.029887e+00 1.036049e+00 1.066178e+00 1.000816e-06
<GCONST> 6.026072e+01
<MIXTURE> 29 5.036674e-03
<MEAN> 25
 -5.448407e+00 9.171207e-03 -1.568403e+00 6.611397e+00 5.232742e+00 3.520888e+00 5.415309e+00 3.131758e+00 3.920987e+00 2.388897e+00 2.634780e+00 3.211608e+00 -1.148803e-01 2.229779e-01 5.283132e-01 7.846965e-01 8.215216e-01 7.026255e-01 5.214694e-01 3.905492e-01 4.452549e-01 4.817518e-01 3.710768e-01 1.894823e-01 -1.189262e-05
<VARIANCE> 25
 1.043773e+01 8.353327e+00 1.215086e+01 1.485968e+01 1.470378e+01 1.772980e+01 1.803055e+01 1.900232e+01 1.717650e+01 1.675071e+01 2.061378e+01 1.509651e+01 2.564779e-01 3.363683e-01 4.068197e-01 4.638411e-01 6.216460e-01 8.466308e-01 1.060428e+00 1.146618e+00 1.102135e+00 1.029887e+00 1.036049e+00 1.066178e+00 1.000816e-06
<GCONST> 6.026072e+01
<MIXTURE> 30 8.917812e-03
<MEAN> 25
 -4.488629e+00 -1.983842e-01 6.553459e-01 9.077669e+00 7.770336e+00 7.503188e+00 7.577590e+00 6.879293e+00 6.527401e+00 4.885628e+00 7.007727e+00 3.492769e+00 -2.433338e-02 3.027564e-02 5.694131e-02 8.961968e-02 8.298182e-02 4.488290e-02 1.198522e-02 -3.189770e-03 1.800417e-02 5.140420e-02 6.083469e-02 3.379842e-02 -5.726783e-04
<VARIANCE> 25
 6.950614e+00 9.853881e+00 1.038188e+01 1.380509e+01 1.575098e+01 1.642826e+01 1.912695e+01 1.815366e+01 1.628406e+01 1.841682e+01 2.122667e+01 1.440458e+01 9.748951e-02 1.992674e-01 3.246929e-01 4.813087e-01 6.203477e-01 7.238021e-01 7.734767e-01 8.118742e-01 8.754151e-01 9.359339e-01 9.195681e-01 8.623767e-01 5.109664e-05
<GCONST> 6.059466e+01
<MIXTURE> 31 4.136493e-03
<MEAN> 25
 -3.136487e+00 -5.183580e+00 1.175982e-01 4.634901e+00 3.026827e+00 9.228850e-01 5.710529e+00 6.204632e+00 2.275528e+00 8.536642e-01 5.944834e+00 2.956751e+00 2.545162e-01 5.108154e-01 -2.023071e-01 3.817773e-01 1.485561e-01 4.698188e-01 1.626717e-01 -9.487242e-02 4.315921e-01 3.024837e-01 6.750466e-02 5.869539e-02 -1.871353e-02
<VARIANCE> 25
 6.783892e+00 1.618286e+01 1.593881e+01 1.695821e+01 2.763710e+01 2.805895e+01 2.412973e+01 2.541089e+01 2.577106e+01 2.668635e+01 2.145523e+01 1.782668e+01 1.862939e-01 4.764372e-01 5.565567e-01 7.617363e-01 8.984978e-01 1.067763e+00 1.230315e+00 1.500544e+00 1.298604e+00 1.272332e+00 1.143264e+00 1.092440e+00 2.351553e-04
<GCONST> 7.145794e+01
<MIXTURE> 32 4.136493e-03
<MEAN> 25
 -3.136487e+00 -5.183580e+00 1.175982e-01 4.634901e+00 3.026827e+00 9.228850e-01 5.710529e+00 6.204632e+00 2.275528e+00 8.536642e-01 5.944834e+00 2.956751e+00 2.545162e-01 5.108154e-01 -2.023071e-01 3.817773e-01 1.485561e-01 4.698188e-01 1.626717e-01 -9.487242e-02 4.315921e-01 3.024837e-01 6.750466e-02 5.869539e-02 -1.871353e-02
<VARIANCE> 25
 6.783892e+00 1.618286e+01 1.593881e+01 1.695821e+01 2.763710e+01 2.805895e+01 2.412973e+01 2.541089e+01 2.577106e+01 2.668635e+01 2.145523e+01 1.782668e+01 1.862939e-01 4.764372e-01 5.565567e-01 7.617363e-01 8.984978e-01 1.067763e+00 1.230315e+00 1.500544e+00 1.298604e+00 1.272332e+00 1.143264e+00 1.092440e+00 2.351553e-04
<GCONST> 7.145794e+01
<MIXTURE> 33 1.508826e-02
<MEAN> 25
 6.307998e+00 -3.959026e+00 -2.122450e+00 -2.640810e+00 -1.734037e+00 -5.402236e+00 -6.958448e+00 1.844300e+00 2.327827e+00 -5.665404e-01 -4.738467e+00 -2.907515e+00 6.539038e-01 -1.130979e+00 -2.370244e+00 -1.832805e+00 1.471351e+00 1.415651e+00 -7.637123e-01 6.046985e-01 9.649332e-01 5.896954e-01 -3.477677e-01 -1.288996e+00 3.669541e-02
<VARIANCE> 25
 1.098747e+01 2.122998e+01 2.820499e+01 3.564872e+01 4.064499e+01 4.622551e+01 4.363514e+01 4.510164e+01 3.927226e+01 4.242706e+01 3.439640e+01 2.765386e+01 1.153245e+00 1.947437e+00 2.266527e+00 2.160521e+00 4.158747e+00 3.426614e+00 4.242755e+00 5.532584e+00 3.818633e+00 4.335025e+00 3.265881e+00 2.583156e+00 1.490924e-03
<GCONST> 9.435266e+01
<MIXTURE> 34 1.588179e-02
<MEAN> 25
 8.469445e+00 1.093932e-01 4.799883e-02 1.028028e+00 -2.611817e+00 -1.486070e+00 -6.261872e+00 -4.894163e+00 -1.698513e+00 2.832828e-01 -2.234650e+00 -3.392753e+00 -8.311237e-02 1.268949e+00 1.551849e+00 2.368371e+00 -2.087627e-01 -1.554902e-01 7.469934e-01 -1.310932e+00 -7.645726e-01 2.517070e-02 -5.133970e-01 -1.826933e-02 -6.201626e-02
<VARIANCE> 25
 8.926539e+00 2.828647e+01 2.733873e+01 4.648957e+01 3.990386e+01 4.558798e+01 5.153655e+01 5.390522e+01 4.819057e+01 4.108821e+01 4.556964e+01 3.046608e+01 1.210714e+00 1.865685e+00 3.975007e+00 3.737714e+00 5.512375e+00 5.441017e+00 5.180968e+00 6.720738e+00 4.959179e+00 5.166425e+00 4.595625e+00 4.160332e+00 1.058640e-03
<GCONST> 9.869608e+01
<MIXTURE> 35 1.467755e-02
<MEAN> 25
 -2.089236e+00 -4.975060e+00 -9.893029e+00 5.842984e-02 9.754509e+00 2.611307e+00 2.266079e+00 1.827430e+00 2.779762e-01 4.813925e+00 -2.663046e-01 2.182911e+00 4.140893e-01 -8.995933e-01 -1.731291e+00 -1.340093e+00 4.052219e-01 -6.064099e-01 -5.658072e-01 -3.903024e-01 -6.543866e-01 2.303105e-01 -5.375429e-01 -1.631652e-01 9.959688e-02
<VARIANCE> 25
 1.671285e+01 2.422001e+01 3.831281e+01 5.348899e+01 3.474110e+01 5.767522e+01 4.117167e+01 3.782172e+01 4.663224e+01 3.070402e+01 3.033316e+01 2.624721e+01 2.803403e+00 3.038446e+00 6.198002e+00 4.536583e+00 5.529857e+00 4.980533e+00 4.159678e+00 3.905861e+00 5.175293e+00 3.818615e+00 3.369950e+00 3.491263e+00 4.569180e-03
<GCONST> 1.001181e+02
<MIXTURE> 36 1.093293e-02
<MEAN> 25
 3.975215e+00 -1.992380e+00 6.157166e+00 2.930499e+00 -7.977070e+00 -7.986391e+00 -6.050115e+00 2.248122e+00 -1.382138e+00 -4.487948e+00 2.127407e+00 1.238949e+00 4.244255e-01 1.500924e-01 -6.376342e-01 2.121200e-01 8.996556e-01 2.436499e-01 -6.845534e-01 3.773005e-02 5.437397e-01 3.945304e-01 -3.914056e-01 -7.423205e-01 -1.900429e-02
<VARIANCE> 25
 8.914886e+00 1.566930e+01 1.708809e+01 2.051369e+01 2.973335e+01 3.102651e+01 3.886594e+01 2.833402e+01 2.910351e+01 2.617005e+01 2.067439e+01 4.150480e+01 3.961633e-01 6.081160e-01 1.485509e+00 1.089385e+00 1.280957e+00 1.842250e+00 3.111187e+00 1.480125e+00 1.729407e+00 1.576746e+00 1.058250e+00 2.233490e+00 6.350279e-04
<GCONST> 7.991254e+01
<MIXTURE> 37 1.246826e-02
<MEAN> 25
 4.155738e-01 7.099836e+00 1.150317e+01 -5.430128e+00 -7.979566e+00 -1.534913e+00 -4.449208e+00 -7.901195e+00 -2.874335e+00 2.835158e-01 -2.718092e+00 -1.264432e+00 1.598286e-01 4.801442e-01 -1.533661e+00 3.620496e+00 2.082988e+00 -3.118144e-02 9.520859e-01 6.024291e-01 6.249371e-01 -6.013106e-01 5.085801e-01 -1.991240e-01 -9.458940e-02
<VARIANCE> 25
 1.425107e+01 2.608774e+01 2.968340e+01 4.602990e+01 3.024294e+01 3.041228e+01 4.174368e+01 3.240427e+01 3.928048e+01 4.201711e+01 3.964260e+01 2.773749e+01 2.621565e+00 3.232290e+00 3.053586e+00 3.703892e+00 4.223340e+00 3.978246e+00 3.904084e+00 3.575140e+00 3.161082e+00 3.846214e+00 3.458828e+00 2.572867e+00 3.546969e-03
<GCONST> 9.659299e+01
<MIXTURE> 38 1.154525e-02
<MEAN> 25
 -4.460452e+00 8.925179e+00 4.587799e+00 3.245260e+00 8.687739e-01 -5.129415e+00 -5.903472e-01 -2.708937e+00 -2.836576e+00 -3.083425e+00 -1.480407e+00 -5.466976e-01 -4.508821e+00 1.256583e+00 -3.130956e-01 1.455914e+00 2.539115e+00 1.388576e+00 2.054467e+00 9.541703e-01 7.744656e-01 6.467838e-01 1.007517e+00 3.319726e-01 4.874275e-02
<VARIANCE> 25
 3.127060e+01 2.978041e+01 3.880400e+01 3.286229e+01 4.868599e+01 3.689238e+01 3.622815e+01 4.159827e+01 3.472943e+01 3.240878e+01 2.417121e+01 2.861268e+01 2.357605e+00 3.925315e+00 3.888308e+00 5.132260e+00 4.314048e+00 4.993198e+00 4.769594e+00 4.622396e+00 4.441449e+00 4.927887e+00 4.366130e+00 3.254177e+00 2.049657e-03
<GCONST> 9.924198e+01
<MIXTURE> 39 9.501865e-03
<MEAN> 25
 2.841752e-01 2.912864e+00 9.600169e+00 -6.935579e+00 -1.133531e+01 -1.117959e+00 -2.670771e+00 -7.269003e+00 -3.434045e+00 2.433618e+00 -2.363334e+00 -9.221190e-01 -5.929223e-01 1.231083e+00 1.766628e+00 -1.318904e+00 1.279313e-01 1.476267e+00 -1.011544e+00 -1.336290e+00 4.554229e-01 9.225448e-01 -8.362008e-01 6.220194e-01 4.194944e-03
<VARIANCE> 25
 9.204670e+00 2.488146e+01 2.707865e+01 4.426691e+01 2.738694e+01 3.638715e+01 3.577517e+01 2.721498e+01 3.327028e+01 3.230941e+01 3.556464e+01 3.006468e+01 5.805518e-01 1.368894e+00 1.293607e+00 2.246878e+00 1.988594e+00 2.811252e+00 4.028250e+00 2.472847e+00 2.408883e+00 2.776435e+00 2.589568e+00 2.074007e+00 9.618776e-04
<GCONST> 8.770141e+01
<MIXTURE> 40 1.030800e-02
<MEAN> 25
 -9.341843e+00 2.120603e+00 -1.092557e+00 8.222820e+00 3.771039e+00 5.524452e+00 5.282238e+00 4.261253e+00 4.546803e+00 4.123493e+00 5.669473e+00 1.637004e+00 -9.890214e-02 -2.380309e-01 -2.598966e-02 -2.246009e-01 -1.133734e-01 -1.025032e-01 6.263348e-02 7.724778e-02 1.997556e-03 3.247966e-03 6.066108e-02 1.980978e-02 3.725645e-03
<VARIANCE> 25
 4.245413e+01 2.083282e+01 2.944215e+01 2.678463e+01 2.626626e+01 1.936581e+01 1.953430e+01 1.833329e+01 1.765608e+01 1.915735e+01 1.900864e+01 1.495990e+01 7.518110e-01 7.465053e-01 8.814493e-01 1.106226e+00 1.139132e+00 1.270263e+00 1.325873e+00 1.314717e+00 1.250354e+00 1.227208e+00 1.173337e+00 1.083790e+00 8.718104e-04
<GCONST> 7.693473e+01
<MIXTURE> 41 6.713375e-03
<MEAN> 25
 1.156012e+00 1.586999e+00 9.722864e+00 -6.479335e+00 -1.035268e+01 -4.162974e+00 -3.057745e+00 -5.038621e+00 -3.939292e+00 2.430064e+00 -1.449769e+00 -1.226436e+00 1.088712e-02 -7.279969e-01 1.660899e+00 -3.394531e+00 -2.340315e+00 -9.491591e-02 -4.372402e-01 -6.195938e-01 -8.535817e-01 1.280097e+00 -9.624950e-01 2.532186e-01 8.181494e-02
<VARIANCE> 25
 1.095004e+01 2.752013e+01 3.309853e+01 3.870975e+01 3.491711e+01 3.730200e+01 3.834238e+01 2.780210e+01 3.498499e+01 2.657857e+01 3.016261e+01 2.645869e+01 2.864047e+00 3.037473e+00 3.574122e+00 3.577409e+00 4.490395e+00 5.445197e+00 4.816006e+00 4.606752e+00 3.585951e+00 4.089870e+00 3.526777e+00 3.143042e+00 2.763451e-03
<GCONST> 9.667925e+01
<MIXTURE> 42 1.106211e-02
<MEAN> 25
 -1.858640e+00 4.341728e+00 4.115766e+00 2.993370e+00 -5.974939e-01 -6.540236e+00 -4.964646e-01 -1.962355e+00 -1.386253e+00 -1.495774e+00 -1.734867e+00 1.158856e+00 4.024958e+00 -2.929599e-01 1.445883e+00 -1.771411e-01 -2.642810e+00 -1.473977e+00 -2.181932e+00 -6.808267e-01 -7.658539e-01 -8.487909e-01 4.054020e-01 -9.893615e-01 7.104407e-03
<VARIANCE> 25
 3.314860e+01 1.975193e+01 4.400597e+01 2.644656e+01 4.062883e+01 3.939574e+01 3.556731e+01 2.554032e+01 2.793796e+01 2.570385e+01 2.098269e+01 1.738710e+01 3.600969e+00 4.475167e+00 5.548948e+00 5.614909e+00 5.167084e+00 7.884572e+00 4.666480e+00 5.286034e+00 4.542021e+00 4.524755e+00 3.952156e+00 3.290984e+00 4.079311e-03
<GCONST> 9.937454e+01
<MIXTURE> 43 7.108249e-03
<MEAN> 25
 3.053566e+00 -6.112333e+00 -2.282858e+00 -4.995167e+00 -7.119926e+00 -3.518136e+00 4.056721e+00 1.274717e+00 -4.710347e+00 -7.284541e+00 -4.286124e+00 -1.051860e+00 2.673282e-01 2.125013e+00 1.865579e+00 -6.187389e-02 -1.346020e+00 -6.886656e-01 -9.594341e-01 -7.207090e-01 8.019640e-01 1.435915e+00 3.491921e-01 -3.292367e-03 -4.526624e-02
<VARIANCE> 25
 9.492660e+00 1.974884e+01 2.627628e+01 3.470449e+01 3.856305e+01 3.555280e+01 3.218602e+01 3.826056e+01 4.071946e+01 3.822279e+01 2.557120e+01 2.932731e+01 6.890149e-01 1.233848e+00 1.559403e+00 2.636146e+00 2.439886e+00 2.593087e+00 2.562205e+00 3.003088e+00 2.514419e+00 2.581267e+00 2.263475e+00 1.896621e+00 9.332854e-04
<GCONST> 8.779253e+01
<MIXTURE> 44 7.328289e-03
<MEAN> 25
 -1.509815e+01 1.535262e+00 3.568989e+00 -3.127838e+00 3.298277e+00 2.111158e+00 2.806967e-02 2.467239e+00 1.517959e+00 -8.760750e-01 1.768885e+00 1.817232e+00 -1.792978e-01 4.196199e-03 1.750759e-01 3.036611e-01 -1.266210e-01 1.998031e-01 4.754859e-01 1.335026e-01 2.545948e-01 1.337995e-01 5.359945e-02 8.504000e-02 4.462114e-03
<VARIANCE> 25
 4.520092e+01 2.772442e+01 3.436554e+01 3.099565e+01 2.937429e+01 3.013033e+01 2.521554e+01 3.134675e+01 2.766886e+01 2.724495e+01 2.687922e+01 2.030052e+01 1.219123e+00 1.535530e+00 1.387312e+00 1.340276e+00 2.138053e+00 1.660871e+00 1.520088e+00 1.698456e+00 1.570547e+00 1.508078e+00 1.364419e+00 1.252566e+00 1.292060e-03
<GCONST> 8.464631e+01
<MIXTURE> 45 1.364932e-02
<MEAN> 25
 -1.173239e+01 3.839847e+00 -9.524589e-01 4.264277e+00 4.660145e+00 1.991995e+00 5.310169e+00 3.227706e+00 2.377263e+00 2.457885e+00 2.474131e+00 1.490432e+00 -3.113646e+00 8.695728e-01 -7.360069e-01 -9.003084e-02 -2.767138e-01 1.813079e-01 8.639215e-01 1.565046e-01 -2.910104e-01 1.255642e-01 3.091322e-01 2.666416e-02 1.160426e-01
<VARIANCE> 25
 3.343112e+01 2.675143e+01 2.574883e+01 3.520789e+01 3.131964e+01 3.345517e+01 2.737290e+01 2.154278e+01 2.209559e+01 1.935142e+01 2.272681e+01 1.601086e+01 2.111708e+00 2.855352e+00 2.497490e+00 2.663483e+00 2.604738e+00 2.460515e+00 2.395601e+00 1.872797e+00 2.018568e+00 2.244125e+00 1.809901e+00 1.571842e+00 3.235444e-03
<GCONST> 8.871467e+01
<MIXTURE> 46 9.336259e-03
<MEAN> 25
 -9.342515e+00 2.420019e+00 1.059913e+00 7.525174e+00 5.838317e+00 3.439960e+00 7.046851e+00 4.433685e+00 5.721795e+00 4.553511e+00 4.947469e+00 2.694160e+00 1.044387e+00 -2.617988e-01 8.595500e-02 9.861573e-01 5.521421e-01 9.411613e-01 3.987410e-01 6.556308e-01 4.655063e-01 4.691340e-01 6.068764e-01 4.629413e-01 -1.042055e-01
<VARIANCE> 25
 3.497889e+01 4.359200e+01 3.829849e+01 4.866523e+01 5.006990e+01 4.322985e+01 3.619741e+01 3.464651e+01 3.264211e+01 3.081690e+01 2.803639e+01 2.185131e+01 3.832091e+00 4.071996e+00 3.885157e+00 4.050142e+00 4.190410e+00 3.695733e+00 3.398207e+00 3.106956e+00 2.918888e+00 2.845098e+00 2.305633e+00 1.922510e+00 7.834280e-03
<GCONST> 9.830938e+01
<MIXTURE> 47 7.116147e-03
<MEAN> 25
 7.313474e+00 -7.361453e+00 -7.743938e+00 -6.447921e+00 1.514752e+00 8.443677e-01 -2.382717e+00 1.224971e+00 3.012063e+00 1.525050e-01 -4.255023e+00 -6.692720e+00 -1.838415e-01 -1.255708e+00 -6.940224e-01 -4.202466e-01 6.247742e-01 8.168883e-01 8.732095e-01 2.971187e-01 1.152576e-01 -8.804246e-01 -4.678980e-01 -4.540009e-01 3.014733e-02
<VARIANCE> 25
 1.079268e+01 2.110374e+01 2.061604e+01 3.322104e+01 3.620970e+01 5.285836e+01 4.524241e+01 4.076053e+01 4.337192e+01 4.701838e+01 4.850724e+01 3.361847e+01 5.190521e-01 7.734357e-01 1.127498e+00 1.665977e+00 1.979494e+00 2.209109e+00 2.326820e+00 2.479351e+00 2.201614e+00 2.149149e+00 2.185156e+00 2.009901e+00 5.503973e-04
<GCONST> 8.647318e+01
<MIXTURE> 48 7.116147e-03
<MEAN> 25
 7.313474e+00 -7.361453e+00 -7.743938e+00 -6.447921e+00 1.514752e+00 8.443677e-01 -2.382717e+00 1.224971e+00 3.012063e+00 1.525050e-01 -4.255023e+00 -6.692720e+00 -1.838415e-01 -1.255708e+00 -6.940224e-01 -4.202466e-01 6.247742e-01 8.168883e-01 8.732095e-01 2.971187e-01 1.152576e-01 -8.804246e-01 -4.678980e-01 -4.540009e-01 3.014733e-02
<VARIANCE> 25
 1.079268e+01 2.110374e+01 2.061604e+01 3.322104e+01 3.620970e+01 5.285836e+01 4.524241e+01 4.076053e+01 4.337192e+01 4.701838e+01 4.850724e+01 3.361847e+01 5.190521e-01 7.734357e-01 1.127498e+00 1.665977e+00 1.979494e+00 2.209109e+00 2.326820e+00 2.479351e+00 2.201614e+00 2.149149e+00 2.185156e+00 2.009901e+00 5.503973e-04
<GCONST> 8.647318e+01
<MIXTURE> 49 5.548473e-03
<MEAN> 25
 -5.086611e+00 3.538103e-01 1.704817e-01 8.451565e+00 6.148611e+00 5.621294e+00 6.068589e+00 4.488542e+00 5.025011e+00 3.721100e+00 4.932595e+00 2.859239e+00 3.660302e-01 6.558027e-01 7.024321e-01 3.534988e-01 -1.964804e-01 -6.693087e-01 -1.009405e+00 -1.121741e+00 -9.555997e-01 -6.807029e-01 -4.926282e-01 -2.714854e-01 -2.021210e-05
<VARIANCE> 25
 9.597780e+00 1.003648e+01 1.425175e+01 1.588734e+01 1.589021e+01 1.713348e+01 1.943023e+01 1.942390e+01 1.823029e+01 1.796268e+01 2.064598e+01 1.432965e+01 2.803226e-01 2.632596e-01 3.595198e-01 6.113874e-01 8.692457e-01 9.740397e-01 9.926809e-01 1.052504e+00 1.136113e+00 1.219216e+00 1.280627e+00 1.208274e+00 1.433998e-05
<GCONST> 6.432424e+01
<MIXTURE> 50 6.234641e-03
<MEAN> 25
 -4.562931e+00 7.010214e-03 -1.415055e+00 6.052327e+00 4.297776e+00 2.393779e+00 3.645870e+00 2.102116e+00 2.770013e+00 1.231023e+00 2.088050e+00 2.593251e+00 6.568606e-02 1.645859e-01 8.331605e-02 -1.595325e-01 -4.992830e-01 -5.836110e-01 -4.607643e-01 -9.563573e-02 4.704729e-01 7.582996e-01 7.430663e-01 4.491386e-01 1.232564e-05
<VARIANCE> 25
 1.050507e+01 1.099302e+01 1.390512e+01 1.558596e+01 1.499420e+01 1.855195e+01 1.835043e+01 1.921049e+01 1.805779e+01 1.775793e+01 2.152916e+01 1.742904e+01 1.423922e-01 2.369890e-01 3.716577e-01 5.110438e-01 5.881056e-01 7.411559e-01 9.826965e-01 1.138563e+00 1.051086e+00 9.128734e-01 8.948012e-01 9.730124e-01 1.015689e-06
<GCONST> 5.951811e+01
<MIXTURE> 51 6.234641e-03
<MEAN> 25
 -4.562931e+00 7.010214e-03 -1.415055e+00 6.052327e+00 4.297776e+00 2.393779e+00 3.645870e+00 2.102116e+00 2.770013e+00 1.231023e+00 2.088050e+00 2.593251e+00 6.568606e-02 1.645859e-01 8.331605e-02 -1.595325e-01 -4.992830e-01 -5.836110e-01 -4.607643e-01 -9.563573e-02 4.704729e-01 7.582996e-01 7.430663e-01 4.491386e-01 1.232564e-05
<VARIANCE> 25
 1.050507e+01 1.099302e+01 1.390512e+01 1.558596e+01 1.499420e+01 1.855195e+01 1.835043e+01 1.921049e+01 1.805779e+01 1.775793e+01 2.152916e+01 1.742904e+01 1.423922e-01 2.369890e-01 3.716577e-01 5.110438e-01 5.881056e-01 7.411559e-01 9.826965e-01 1.138563e+00 1.051086e+00 9.128734e-01 8.948012e-01 9.730124e-01 1.015689e-06
<GCONST> 5.951811e+01
<MIXTURE> 52 6.367945e-03
<MEAN> 25
 9.884071e+00 1.937505e+00 -6.384407e+00 -1.414853e+01 -3.944093e+00 8.355832e+00 -2.577021e+00 -3.256948e+00 -4.436614e+00 -1.895159e+00 3.316983e+00 8.595872e-01 -3.995109e-01 -4.618329e-01 -2.755774e-02 1.183312e+00 1.304363e+00 -4.530368e-01 -5.749387e-01 -6.468478e-01 9.243613e-02 1.156123e+00 4.318241e-01 -4.754525e-01 -1.467999e-02
<VARIANCE> 25
 1.005473e+01 1.983894e+01 2.503346e+01 3.743414e+01 4.545882e+01 3.006727e+01 4.545239e+01 4.759771e+01 4.176334e+01 4.528532e+01 3.849282e+01 2.902712e+01 4.365083e-01 1.423023e+00 1.310117e+00 2.701771e+00 2.259224e+00 2.135276e+00 2.889658e+00 2.696861e+00 2.932488e+00 2.723026e+00 2.457563e+00 2.287477e+00 1.513827e-03
<GCONST> 8.927461e+01
<MIXTURE> 53 6.367945e-03
<MEAN> 25
 9.884071e+00 1.937505e+00 -6.384407e+00 -1.414853e+01 -3.944093e+00 8.355832e+00 -2.577021e+00 -3.256948e+00 -4.436614e+00 -1.895159e+00 3.316983e+00 8.595872e-01 -3.995109e-01 -4.618329e-01 -2.755774e-02 1.183312e+00 1.304363e+00 -4.530368e-01 -5.749387e-01 -6.468478e-01 9.243613e-02 1.156123e+00 4.318241e-01 -4.754525e-01 -1.467999e-02
<VARIANCE> 25
 1.005473e+01 1.983894e+01 2.503346e+01 3.743414e+01 4.545882e+01 3.006727e+01 4.545239e+01 4.759771e+01 4.176334e+01 4.528532e+01 3.849282e+01 2.902712e+01 4.365083e-01 1.423023e+00 1.310117e+00 2.701771e+00 2.259224e+00 2.135276e+00 2.889658e+00 2.696861e+00 2.932488e+00 2.723026e+00 2.457563e+00 2.287477e+00 1.513827e-03
<GCONST> 8.927461e+01
<MIXTURE> 54 7.368620e-03
<MEAN> 25
 -3.628125e+00 4.175229e-02 -6.824183e-01 8.020900e+00 6.479042e+00 4.627333e+00 4.673367e+00 4.601955e+00 4.049598e+00 3.577950e+00 4.447181e+00 2.309300e+00 -1.571543e-03 2.609488e-02 3.430336e-02 4.863776e-02 5.114644e-02 4.829128e-02 3.697681e-02 2.661929e-02 3.236316e-02 2.459541e-02 1.531503e-02 1.819722e-03 -9.145393e-06
<VARIANCE> 25
 9.132744e+00 1.036675e+01 9.274756e+00 1.825222e+01 1.332450e+01 1.351782e+01 1.196257e+01 1.125705e+01 1.132927e+01 1.362988e+01 1.783144e+01 1.267597e+01 4.096599e-02 8.733781e-02 1.542256e-01 2.267974e-01 3.074566e-01 3.973235e-01 4.663456e-01 5.239543e-01 5.433241e-01 5.213419e-01 5.144367e-01 5.164523e-01 1.006464e-06
<GCONST> 4.729215e+01
<MIXTURE> 55 7.368620e-03
<MEAN> 25
 -3.628125e+00 4.175229e-02 -6.824183e-01 8.020900e+00 6.479042e+00 4.627333e+00 4.673367e+00 4.601955e+00 4.049598e+00 3.577950e+00 4.447181e+00 2.309300e+00 -1.571543e-03 2.609488e-02 3.430336e-02 4.863776e-02 5.114644e-02 4.829128e-02 3.697681e-02 2.661929e-02 3.236316e-02 2.459541e-02 1.531503e-02 1.819722e-03 -9.145393e-06
<VARIANCE> 25
 9.132744e+00 1.036675e+01 9.274756e+00 1.825222e+01 1.332450e+01 1.351782e+01 1.196257e+01 1.125705e+01 1.132927e+01 1.362988e+01 1.783144e+01 1.267597e+01 4.096599e-02 8.733781e-02 1.542256e-01 2.267974e-01 3.074566e-01 3.973235e-01 4.663456e-01 5.239543e-01 5.433241e-01 5.213419e-01 5.144367e-01 5.164523e-01 1.006464e-06
<GCONST> 4.729215e+01
<MIXTURE> 56 6.132464e-03
<MEAN> 25
 7.429231e+00 -6.345644e+00 -9.120203e+00 -8.793994e+00 4.046745e+00 3.906005e+00 -2.140734e+00 -1.807952e+00 1.505495e+00 9.593938e-01 -2.279335e+00 -6.517017e+00 -2.630905e-02 1.281873e-02 -7.736051e-02 4.751075e-02 2.535692e-01 5.009816e-02 9.395754e-02 -1.900142e-01 -1.350471e-02 -5.017832e-02 -2.224771e-02 5.042948e-02 -7.100147e-03
<VARIANCE> 25
 8.974992e+00 2.438735e+01 1.903086e+01 3.938897e+01 3.168043e+01 4.808810e+01 5.855680e+01 3.656965e+01 4.075560e+01 3.685609e+01 3.837858e+01 3.520164e+01 2.090423e-01 4.213943e-01 4.569097e-01 7.910516e-01 8.349351e-01 1.075541e+00 9.179367e-01 9.550966e-01 8.947148e-01 8.992197e-01 1.040140e+00 7.767965e-01 2.457440e-04
<GCONST> 7.504800e+01
<MIXTURE> 57 6.132464e-03
<MEAN> 25
 7.429231e+00 -6.345644e+00 -9.120203e+00 -8.793994e+00 4.046745e+00 3.906005e+00 -2.140734e+00 -1.807952e+00 1.505495e+00 9.593938e-01 -2.279335e+00 -6.517017e+00 -2.630905e-02 1.281873e-02 -7.736051e-02 4.751075e-02 2.535692e-01 5.009816e-02 9.395754e-02 -1.900142e-01 -1.350471e-02 -5.017832e-02 -2.224771e-02 5.042948e-02 -7.100147e-03
<VARIANCE> 25
 8.974992e+00 2.438735e+01 1.903086e+01 3.938897e+01 3.168043e+01 4.808810e+01 5.855680e+01 3.656965e+01 4.075560e+01 3.685609e+01 3.837858e+01 3.520164e+01 2.090423e-01 4.213943e-01 4.569097e-01 7.910516e-01 8.349351e-01 1.075541e+00 9.179367e-01 9.550966e-01 8.947148e-01 8.992197e-01 1.040140e+00 7.767965e-01 2.457440e-04
<GCONST> 7.504800e+01
<MIXTURE> 58 6.172147e-03
<MEAN> 25
 2.317238e+00 -2.855456e+00 7.217789e+00 -5.158246e+00 -1.305660e+01 -5.740032e+00 1.799123e+00 7.402981e-01 -2.381457e+00 1.868356e+00 5.056997e-01 -7.073860e-01 -4.455654e-02 -7.355352e-02 -6.234600e-02 -9.036095e-02 -4.900912e-03 2.571673e-01 5.059243e-01 2.160729e-01 1.620643e-02 7.382293e-02 -2.978620e-02 -1.226226e-01 -2.981734e-03
<VARIANCE> 25
 7.859845e+00 1.531531e+01 2.091545e+01 2.724268e+01 2.441765e+01 4.664878e+01 3.250998e+01 3.445317e+01 3.117334e+01 3.261864e+01 2.128957e+01 2.102168e+01 2.965179e-01 8.293244e-01 7.282335e-01 1.125905e+00 8.729164e-01 1.250812e+00 1.518864e+00 1.267431e+00 1.099302e+00 1.113840e+00 9.344352e-01 8.745381e-01 7.010882e-04
<GCONST> 7.604938e+01
<MIXTURE> 59 6.172147e-03
<MEAN> 25
 2.317238e+00 -2.855456e+00 7.217789e+00 -5.158246e+00 -1.305660e+01 -5.740032e+00 1.799123e+00 7.402981e-01 -2.381457e+00 1.868356e+00 5.056997e-01 -7.073860e-01 -4.455654e-02 -7.355352e-02 -6.234600e-02 -9.036095e-02 -4.900912e-03 2.571673e-01 5.059243e-01 2.160729e-01 1.620643e-02 7.382293e-02 -2.978620e-02 -1.226226e-01 -2.981734e-03
<VARIANCE> 25
 7.859845e+00 1.531531e+01 2.091545e+01 2.724268e+01 2.441765e+01 4.664878e+01 3.250998e+01 3.445317e+01 3.117334e+01 3.261864e+01 2.128957e+01 2.102168e+01 2.965179e-01 8.293244e-01 7.282335e-01 1.125905e+00 8.729164e-01 1.250812e+00 1.518864e+00 1.267431e+00 1.099302e+00 1.113840e+00 9.344352e-01 8.745381e-01 7.010882e-04
<GCONST> 7.604938e+01
<MIXTURE> 60 4.479129e-03
<MEAN> 25
 -3.897477e+00 -8.131264e-01 -1.040474e+00 3.511467e+00 1.889629e+00 2.215800e+00 1.707584e+00 1.886684e+00 2.250609e+00 9.045862e-01 2.465915e+00 1.654602e+00 -3.370462e-02 3.960573e-02 9.404615e-02 1.409378e-01 1.165895e-01 1.203576e-01 1.504799e-01 3.177873e-01 5.770504e-01 6.490951e-01 5.152627e-01 2.888233e-01 -8.059575e-04
<VARIANCE> 25
 7.658062e+00 4.430452e+00 9.551641e+00 1.090704e+01 1.310099e+01 1.563432e+01 1.383621e+01 1.227459e+01 1.179325e+01 1.326295e+01 1.482848e+01 1.236806e+01 8.855519e-02 1.635828e-01 2.725905e-01 4.043764e-01 5.784532e-01 7.887565e-01 8.078060e-01 9.489559e-01 8.894306e-01 8.081205e-01 8.476220e-01 8.706964e-01 2.730582e-05
<GCONST> 5.620578e+01
<MIXTURE> 61 4.479129e-03
<MEAN> 25
 -3.897477e+00 -8.131264e-01 -1.040474e+00 3.511467e+00 1.889629e+00 2.215800e+00 1.707584e+00 1.886684e+00 2.250609e+00 9.045862e-01 2.465915e+00 1.654602e+00 -3.370462e-02 3.960573e-02 9.404615e-02 1.409378e-01 1.165895e-01 1.203576e-01 1.504799e-01 3.177873e-01 5.770504e-01 6.490951e-01 5.152627e-01 2.888233e-01 -8.059575e-04
<VARIANCE> 25
 7.658062e+00 4.430452e+00 9.551641e+00 1.090704e+01 1.310099e+01 1.563432e+01 1.383621e+01 1.227459e+01 1.179325e+01 1.326295e+01 1.482848e+01 1.236806e+01 8.855519e-02 1.635828e-01 2.725905e-01 4.043764e-01 5.784532e-01 7.887565e-01 8.078060e-01 9.489559e-01 8.894306e-01 8.081205e-01 8.476220e-01 8.706964e-01 2.730582e-05
<GCONST> 5.620578e+01
<MIXTURE> 62 3.278034e-03
<MEAN> 25
 -5.091026e+00 1.241214e+00 1.026271e+00 8.818723e+00 6.130915e+00 5.050725e+00 5.499556e+00 4.033865e+00 4.986128e+00 3.917933e+00 4.966511e+00 2.951131e+00 -1.003324e+00 -1.166706e+00 -9.532436e-01 -2.767730e-01 4.275916e-01 1.005176e+00 1.384688e+00 1.552256e+00 1.478758e+00 1.243487e+00 1.067137e+00 7.261052e-01 -1.264886e-03
<VARIANCE> 25
 9.873005e+00 9.958960e+00 1.311584e+01 1.673339e+01 1.741418e+01 1.752483e+01 1.970122e+01 1.911283e+01 1.886002e+01 1.872700e+01 2.156159e+01 1.479604e+01 4.017271e-01 4.320417e-01 5.541465e-01 7.793610e-01 1.035032e+00 1.192222e+00 1.252357e+00 1.279046e+00 1.329671e+00 1.363855e+00 1.400036e+00 1.371338e+00 1.632312e-05
<GCONST> 6.752585e+01
<MIXTURE> 63 4.351215e-03
<MEAN> 25
 -3.551254e+00 -2.037433e+00 -3.726256e+00 2.867402e+00 2.531391e+00 -8.775107e-01 3.432459e+00 1.228331e+00 1.960303e+00 -1.333372e+00 -9.462304e-01 1.750164e+00 -6.108772e-02 4.224762e-01 3.671054e-01 5.389869e-01 4.511971e-01 5.064495e-01 2.631865e-01 6.459332e-02 2.708419e-01 1.706153e-01 1.172508e-01 8.470319e-02 -6.741006e-03
<VARIANCE> 25
 8.452114e+00 1.318323e+01 1.686684e+01 1.407306e+01 1.972268e+01 2.983076e+01 2.501566e+01 2.189728e+01 2.272405e+01 1.915123e+01 1.653178e+01 1.913564e+01 2.939410e-01 4.434359e-01 5.609865e-01 6.450835e-01 8.637780e-01 1.082026e+00 1.383854e+00 1.570080e+00 1.433731e+00 1.246835e+00 1.171875e+00 1.187419e+00 1.885190e-04
<GCONST> 7.063507e+01
<MIXTURE> 64 4.351215e-03
<MEAN> 25
 -3.551254e+00 -2.037433e+00 -3.726256e+00 2.867402e+00 2.531391e+00 -8.775107e-01 3.432459e+00 1.228331e+00 1.960303e+00 -1.333372e+00 -9.462304e-01 1.750164e+00 -6.108772e-02 4.224762e-01 3.671054e-01 5.389869e-01 4.511971e-01 5.064495e-01 2.631865e-01 6.459332e-02 2.708419e-01 1.706153e-01 1.172508e-01 8.470319e-02 -6.741006e-03
<VARIANCE> 25
 8.452114e+00 1.318323e+01 1.686684e+01 1.407306e+01 1.972268e+01 2.983076e+01 2.501566e+01 2.189728e+01 2.272405e+01 1.915123e+01 1.653178e+01 1.913564e+01 2.939410e-01 4.434359e-01 5.609865e-01 6.450835e-01 8.637780e-01 1.082026e+00 1.383854e+00 1.570080e+00 1.433731e+00 1.246835e+00 1.171875e+00 1.187419e+00 1.885190e-04
<GCONST> 7.063507e+01
<MIXTURE> 65 1.721197e-02
<MEAN> 25
 6.773220e+00 2.164734e+00 2.400266e+00 1.241621e+00 -4.703224e+00 -4.157568e+00 -5.224474e+00 -5.349294e+00 -2.716699e+00 -3.062613e+00 -4.436594e+00 -1.969412e+00 2.122698e-01 1.081814e-01 1.771144e-01 9.635518e-02 -1.600356e-01 4.247931e-01 -2.785320e-01 6.178817e-02 1.348557e-01 -5.165944e-03 -1.186576e-01 -4.641773e-01 -6.471533e-03
<VARIANCE> 25
 1.242548e+01 1.539322e+01 2.163304e+01 3.106721e+01 3.230161e+01 4.889492e+01 5.192490e+01 5.543608e+01 4.893287e+01 4.912211e+01 4.839268e+01 4.763626e+01 5.204534e-01 8.243822e-01 1.400484e+00 1.724074e+00 1.738173e+00 2.521539e+00 2.984073e+00 2.845661e+00 2.194624e+00 2.118491e+00 1.996384e+00 2.782907e+00 4.511429e-04
<GCONST> 8.776845e+01
<MIXTURE> 66 1.191532e-02
<MEAN> 25
 6.377871e+00 -3.609843e+00 -5.287096e+00 -4.589782e+00 1.277027e+00 -4.800403e+00 -7.100381e+00 2.210567e-01 5.342135e-01 -1.489267e+00 -5.322236e+00 -3.038420e+00 -1.424126e-01 1.554771e+00 2.267356e+00 2.349350e+00 -1.312356e+00 -1.188788e+00 7.490898e-02 -2.796107e-01 -3.914367e-02 -4.615567e-01 -1.545192e-01 6.823306e-01 -6.295715e-02
<VARIANCE> 25
 8.770990e+00 2.168967e+01 2.521030e+01 3.018838e+01 3.498644e+01 4.914599e+01 5.159346e+01 4.846927e+01 4.885136e+01 6.268699e+01 3.825512e+01 3.465781e+01 1.234381e+00 2.311601e+00 2.171213e+00 2.251961e+00 3.946094e+00 3.934860e+00 4.003709e+00 4.975296e+00 3.941401e+00 5.067686e+00 3.546814e+00 3.942470e+00 1.333937e-03
<GCONST> 9.570331e+01
<MIXTURE> 67 1.559142e-02
<MEAN> 25
 8.748382e+00 2.019441e+00 -5.939185e+00 -8.105554e+00 1.102230e+00 3.063623e+00 -3.137579e+00 -2.337151e+00 -3.804690e+00 8.387462e-01 1.864879e-01 -1.500715e+00 -1.077299e+00 1.758094e+00 1.128147e+00 3.084917e+00 1.351108e+00 -4.903550e-01 1.271993e+00 1.836646e-01 2.096303e-01 1.727988e-01 -2.329351e-01 5.600685e-01 -1.271911e-01
<VARIANCE> 25
 1.219125e+01 3.723935e+01 2.963078e+01 5.429000e+01 4.810128e+01 5.203045e+01 6.083521e+01 5.086435e+01 6.281075e+01 5.482597e+01 5.502053e+01 4.661656e+01 2.089398e+00 3.452468e+00 3.263637e+00 4.337340e+00 4.392420e+00 4.388607e+00 4.555645e+00 4.952878e+00 5.308623e+00 4.719368e+00 4.976491e+00 3.707211e+00 3.085264e-03
<GCONST> 1.023608e+02
<MIXTURE> 68 1.485092e-02
<MEAN> 25
 -2.012636e+00 -2.648463e+00 -4.426972e+00 1.725518e+00 4.214444e+00 -3.652406e-01 2.160486e+00 1.297391e+00 1.412792e+00 1.146883e+00 7.172965e-01 1.140071e+00 2.501711e+00 7.553945e-01 1.546020e-01 -2.865510e+00 -2.578994e+00 -1.823553e+00 -2.199369e+00 -1.779959e+00 -1.120736e+00 -1.608831e+00 -1.712260e+00 -7.518821e-01 8.183298e-02
<VARIANCE> 25
 2.442494e+01 2.943354e+01 4.846012e+01 4.531916e+01 4.646603e+01 5.871819e+01 3.533224e+01 3.517191e+01 3.563567e+01 4.309867e+01 2.960689e+01 2.421088e+01 1.726818e+00 3.040004e+00 4.646154e+00 4.869249e+00 4.132244e+00 4.675289e+00 5.164295e+00 4.039042e+00 4.773406e+00 4.751650e+00 4.148039e+00 3.050184e+00 5.937618e-03
<GCONST> 1.004763e+02
<MIXTURE> 69 1.204884e-02
<MEAN> 25
 3.737902e+00 -3.708549e+00 -2.884591e+00 -3.624802e+00 -3.297974e+00 -8.560504e+00 -3.292677e-01 2.127897e+00 -1.399634e-01 -5.113523e+00 -4.623273e+00 1.012676e+00 1.687475e+00 -1.827258e+00 -1.028134e+00 -2.367455e+00 -3.277049e-01 -3.753032e-01 -5.333852e-01 6.108867e-01 -5.301832e-01 -1.579834e+00 -2.045347e+00 -9.900321e-02 5.011215e-02
<VARIANCE> 25
 1.030454e+01 1.914144e+01 2.391825e+01 2.277440e+01 3.514628e+01 3.546353e+01 4.342603e+01 2.699739e+01 3.487951e+01 3.254807e+01 2.967987e+01 2.126313e+01 3.194841e+00 3.502168e+00 3.096120e+00 3.180449e+00 5.128880e+00 4.887259e+00 6.027403e+00 5.492353e+00 5.054460e+00 5.172417e+00 3.642618e+00 3.550411e+00 2.711501e-03
<GCONST> 9.654494e+01
<MIXTURE> 70 1.329190e-02
<MEAN> 25
 7.330863e+00 -1.816007e+00 -3.918478e+00 -3.713227e+00 -5.565727e-01 -5.603471e-01 -7.470539e+00 -4.019731e+00 5.121902e-01 2.773383e+00 -3.026381e-01 -4.744223e+00 1.889962e+00 -1.022756e+00 -7.315110e-01 -2.227185e+00 -1.516728e+00 9.369472e-01 -1.418533e+00 -2.058237e-01 3.725886e-01 -8.730891e-03 5.581068e-01 -1.360319e+00 5.812879e-02
<VARIANCE> 25
 9.972760e+00 2.201917e+01 2.723422e+01 4.556247e+01 3.403230e+01 4.237540e+01 4.806379e+01 4.183138e+01 4.463217e+01 3.132237e+01 4.293778e+01 2.646233e+01 3.351597e+00 3.289664e+00 4.611713e+00 4.700015e+00 4.940849e+00 7.017957e+00 6.524780e+00 7.395717e+00 5.912150e+00 5.099563e+00 5.802691e+00 4.208653e+00 2.424173e-03
<GCONST> 1.010989e+02
<MIXTURE> 71 1.406903e-02
<MEAN> 25
 6.150200e+00 4.946376e+00 4.252746e+00 3.033006e+00 -3.424032e+00 -3.440539e+00 -3.481872e+00 -6.159515e+00 -4.426994e+00 -2.644968e+00 -5.019497e+00 -3.211037e+00 -1.517487e+00 -6.821968e-01 -2.274337e-01 -1.753421e+00 1.001233e+00 -2.613609e-01 4.514300e-02 1.471244e+00 2.827153e-01 -1.392029e-01 6.358923e-01 2.322964e-01 4.036156e-02
<VARIANCE> 25
 1.872532e+01 2.529379e+01 2.280342e+01 4.295283e+01 3.887799e+01 3.973595e+01 4.083160e+01 4.347653e+01 3.831093e+01 4.223369e+01 3.528786e+01 3.361171e+01 1.722277e+00 2.922749e+00 5.057269e+00 4.720107e+00 4.713272e+00 4.845422e+00 4.756063e+00 5.365712e+00 4.148031e+00 4.013194e+00 3.493340e+00 3.426757e+00 1.427006e-03
<GCONST> 9.818532e+01
<MIXTURE> 72 8.134747e-03
<MEAN> 25
 3.100314e+00 -3.116753e+00 5.485206e+00 -1.740913e+00 -9.484942e+00 -8.754293e+00 -2.203703e+00 1.721944e+00 -4.726085e+00 -2.307252e+00 -1.127891e+00 1.905178e+00 9.780354e-01 -7.449846e-01 -2.349266e+00 4.533419e-01 2.000375e+00 -6.960143e-01 -1.290468e+00 1.523439e+00 1.693800e+00 -8.799216e-01 -1.096664e+00 5.248620e-01 -6.487962e-03
<VARIANCE> 25
 1.105642e+01 1.898933e+01 2.913391e+01 3.661507e+01 3.163289e+01 3.280323e+01 3.550986e+01 3.156519e+01 3.714882e+01 3.540155e+01 3.700531e+01 3.350450e+01 3.928508e-01 8.719478e-01 1.940153e+00 1.349907e+00 1.925785e+00 2.259721e+00 2.871128e+00 2.566226e+00 2.286623e+00 3.140646e+00 2.025830e+00 2.102341e+00 4.591029e-04
<GCONST> 8.563066e+01
<MIXTURE> 73 1.213625e-02
<MEAN> 25
 -5.496770e+00 -1.459658e+00 -1.897580e+00 4.835457e+00 4.140420e+00 2.821436e+00 5.025012e+00 3.458033e+00 3.957340e+00 3.761553e+00 4.201460e+00 2.856539e+00 5.782144e-01 -8.329948e-01 -1.185334e+00 -2.341327e+00 -1.256167e+00 -1.760599e+00 -7.423849e-01 -6.701505e-01 -9.799904e-01 -4.467660e-01 -8.679914e-01 3.386998e-02 1.411358e-01
<VARIANCE> 25
 1.319714e+01 1.473713e+01 1.415956e+01 2.399798e+01 2.488656e+01 2.511196e+01 1.798019e+01 1.801461e+01 1.637716e+01 1.691981e+01 2.072059e+01 1.365637e+01 3.508678e+00 3.023621e+00 5.891570e+00 4.382501e+00 6.590802e+00 5.005769e+00 3.928643e+00 3.585768e+00 4.047922e+00 4.146528e+00 3.458230e+00 2.593283e+00 4.231247e-03
<GCONST> 9.183675e+01
<MIXTURE> 74 1.756491e-02
<MEAN> 25
 3.843844e+00 -9.399775e-01 4.466947e+00 -6.224589e-01 -7.495020e+00 -7.981524e+00 -2.714348e+00 9.350682e-01 -3.088097e+00 -3.569300e+00 -1.372276e+00 4.535311e-01 3.784715e-01 1.703978e+00 2.008680e-01 1.741553e+00 1.186179e+00 9.285525e-01 -1.501439e-01 -8.422259e-01 3.274077e-01 1.645912e-01 -2.453803e-01 -5.688501e-01 -7.295647e-02
<VARIANCE> 25
 1.086581e+01 1.935060e+01 3.292692e+01 3.295956e+01 3.483945e+01 3.580129e+01 4.808923e+01 3.986930e+01 4.380330e+01 4.065030e+01 3.314217e+01 3.744028e+01 1.753808e+00 1.955673e+00 3.391545e+00 2.173128e+00 3.219297e+00 4.681564e+00 5.143006e+00 4.343701e+00 3.549446e+00 3.453506e+00 2.975503e+00 3.676419e+00 1.608522e-03
<GCONST> 9.509574e+01
<MIXTURE> 75 9.711651e-03
<MEAN> 25
 2.600448e+00 -1.115556e+00 1.075248e+01 1.686232e+00 -1.159872e+01 -7.605469e+00 -4.534097e+00 -4.432358e-01 -4.322845e+00 -4.563488e+00 3.131762e+00 2.270415e-02 1.690811e+00 -1.730824e+00 1.988113e-01 -2.989444e-01 -2.338821e+00 -5.529658e-01 -1.464376e+00 9.194782e-01 -1.570686e-01 -3.375088e-01 1.041594e+00 -5.834708e-01 3.827665e-02
<VARIANCE> 25
 1.088211e+01 1.766192e+01 3.110602e+01 2.692847e+01 2.747114e+01 3.206495e+01 3.077742e+01 3.033129e+01 3.374772e+01 3.069861e+01 2.028406e+01 2.224183e+01 2.405134e+00 1.892443e+00 4.169961e+00 2.504201e+00 3.885920e+00 4.370551e+00 4.111185e+00 3.665841e+00 3.824626e+00 3.419135e+00 3.039088e+00 2.597882e+00 1.533895e-03
<GCONST> 9.217438e+01
<MIXTURE> 76 1.052359e-02
<MEAN> 25
 -5.470664e+00 -1.275415e+00 -2.205815e+00 3.610650e+00 3.328605e+00 1.602475e+00 3.890848e+00 2.370868e+00 2.206222e+00 -4.956283e-02 1.010829e+00 1.078646e+00 6.639079e-03 -7.181536e-01 -2.819575e-01 -1.059226e+00 -8.205096e-01 -9.555628e-01 -7.123220e-01 -4.356195e-01 -5.184907e-01 -4.953138e-01 -3.257844e-01 -1.631523e-01 2.209568e-02
<VARIANCE> 25
 3.632297e+01 2.698772e+01 3.201993e+01 2.608430e+01 3.309184e+01 4.357397e+01 2.383228e+01 2.335458e+01 2.238840e+01 2.573197e+01 2.241939e+01 2.195785e+01 9.921507e-01 1.355461e+00 1.387803e+00 1.420503e+00 1.805407e+00 1.848101e+00 1.535046e+00 1.635384e+00 1.763914e+00 1.403860e+00 1.366071e+00 1.209295e+00 1.313750e-03
<GCONST> 8.358760e+01
<MIXTURE> 77 1.244626e-02
<MEAN> 25
 -8.577949e-01 7.915887e+00 1.213412e+01 -9.675810e+00 -7.286063e+00 1.977841e+00 -8.764712e+00 -7.680725e+00 -2.140228e+00 1.353160e+00 -4.215759e+00 2.190989e-01 7.499965e-02 1.454262e-02 6.021290e-02 1.561950e-01 1.808266e-02 1.695916e-01 -2.359119e-02 7.151578e-02 -4.975091e-02 3.948834e-02 5.521966e-02 9.031022e-02 -8.026117e-03
<VARIANCE> 25
 9.199421e+00 1.836860e+01 2.311777e+01 4.881309e+01 2.811147e+01 3.492806e+01 3.473635e+01 2.724865e+01 3.526858e+01 3.739453e+01 3.199523e+01 4.033102e+01 2.507895e-01 7.193241e-01 5.515359e-01 1.010530e+00 1.046239e+00 1.306376e+00 1.246137e+00 9.847308e-01 1.220837e+00 9.847597e-01 9.153708e-01 1.044791e+00 4.586118e-04
<GCONST> 7.686700e+01
<MIXTURE> 78 9.702551e-03
<MEAN> 25
 -1.032070e+01 1.800109e+00 -1.794765e+00 2.579051e+00 3.988483e+00 -2.163733e+00 3.952601e+00 2.376060e+00 3.156536e+00 3.770424e-01 -1.067210e-01 2.187986e+00 2.125960e+00 -2.994356e-01 3.857148e-01 5.722701e-01 -9.004336e-02 2.277060e-01 -1.296214e-01 6.159481e-02 2.293596e-01 1.437958e-02 -3.971540e-01 -7.200019e-01 -6.322386e-02
<VARIANCE> 25
 4.670699e+01 3.429583e+01 2.957036e+01 3.012811e+01 3.617832e+01 4.064174e+01 3.240231e+01 3.002165e+01 2.747130e+01 2.635254e+01 2.577430e+01 2.552529e+01 4.721590e+00 2.361865e+00 2.757706e+00 2.914199e+00 2.651297e+00 3.444387e+00 3.627437e+00 2.742000e+00 2.106041e+00 2.279331e+00 2.026844e+00 2.371892e+00 4.180038e-03
<GCONST> 9.403127e+01
<MIXTURE> 79 1.156824e-02
<MEAN> 25
 1.337794e+00 1.790987e+00 9.224149e+00 -5.207626e+00 -1.130058e+01 -1.500919e+00 -2.286666e+00 -6.352417e+00 -5.641085e+00 2.015516e+00 -2.529367e+00 -1.716721e+00 1.059709e+00 -5.823887e-01 -1.336279e+00 2.177247e+00 5.410576e-01 -1.624447e+00 5.226387e-01 1.254888e+00 -5.367432e-01 -1.066989e+00 5.053885e-01 2.345582e-01 -3.244863e-02
<VARIANCE> 25
 1.405247e+01 1.909744e+01 2.926420e+01 4.648932e+01 2.727457e+01 3.718589e+01 3.518169e+01 3.077276e+01 3.401377e+01 4.389399e+01 3.698829e+01 3.054558e+01 8.258916e-01 1.786975e+00 1.534040e+00 1.936167e+00 2.058409e+00 3.019716e+00 2.484498e+00 3.103275e+00 2.519215e+00 3.187104e+00 1.875153e+00 1.973403e+00 1.138719e-03
<GCONST> 8.896339e+01
<MIXTURE> 80 7.550998e-03
<MEAN> 25
 -1.473168e+01 3.823879e+00 5.850942e-01 3.988638e+00 1.430355e+00 3.126665e+00 6.579651e+00 2.203022e+00 2.821088e+00 2.151871e+00 4.405977e+00 9.974326e-01 4.190221e+00 -2.097761e-01 1.595420e+00 -1.153577e+00 -2.784986e+00 -3.139860e+00 -2.254979e+00 -2.102056e+00 -1.714362e+00 -1.564099e+00 -1.297567e+00 -2.745456e-01 -4.355862e-02
<VARIANCE> 25
 1.880180e+01 1.823896e+01 3.115919e+01 3.950465e+01 3.449273e+01 4.735825e+01 2.533181e+01 2.697237e+01 2.382120e+01 2.600433e+01 2.549930e+01 1.679893e+01 2.272267e+00 2.612070e+00 2.382671e+00 3.737607e+00 3.073781e+00 3.934514e+00 2.703321e+00 2.874877e+00 2.895167e+00 2.488286e+00 3.338851e+00 2.690202e+00 1.342263e-03
<GCONST> 9.138139e+01
<MIXTURE> 81 8.025434e-03
<MEAN> 25
 -1.100451e+00 3.895886e+00 1.009363e+01 -1.452203e+01 -9.175431e+00 -1.568324e+00 -6.593272e+00 -8.440506e+00 -3.975827e+00 -5.837239e-02 -7.251800e+00 -2.201222e+00 1.084196e-01 -5.241585e-01 6.372243e-02 -5.771056e-01 -4.459865e-01 3.350458e-01 4.510129e-01 1.176908e-01 -1.743374e-01 2.384545e-01 -4.025988e-01 -6.296284e-02 1.150851e-02
<VARIANCE> 25
 9.719013e+00 3.211939e+01 2.580060e+01 2.996888e+01 3.240506e+01 3.005219e+01 4.495192e+01 2.717777e+01 3.698792e+01 3.367524e+01 2.626149e+01 3.007518e+01 7.558002e-01 2.275117e+00 1.577872e+00 2.803109e+00 2.573401e+00 2.050289e+00 3.598792e+00 2.245364e+00 2.329158e+00 2.824508e+00 2.320115e+00 2.074058e+00 1.147144e-03
<GCONST> 8.859545e+01
<MIXTURE> 82 8.213053e-03
<MEAN> 25
 -9.924443e+00 -3.897588e+00 1.471360e+00 -2.786645e+00 2.974697e+00 7.265287e-01 1.982456e+00 9.689683e-01 2.940138e+00 1.848146e+00 1.854418e+00 3.030463e+00 -1.279785e+00 -8.832555e-02 2.815379e-01 -2.561734e+00 -1.161753e+00 -1.335858e+00 -1.024219e+00 -8.814181e-01 -3.021587e-01 -4.717223e-01 -2.764618e-01 -6.824305e-02 1.757641e-01
<VARIANCE> 25
 1.771913e+01 2.464103e+01 3.281069e+01 3.184716e+01 3.336382e+01 3.201245e+01 3.104437e+01 3.234741e+01 3.019343e+01 2.532919e+01 3.070217e+01 1.736646e+01 3.714651e+00 3.068311e+00 3.247991e+00 3.289948e+00 3.621748e+00 3.424627e+00 2.885664e+00 2.954195e+00 2.745814e+00 2.455946e+00 2.467382e+00 1.852706e+00 3.628748e-03
<GCONST> 9.305447e+01
<MIXTURE> 83 1.167529e-02
<MEAN> 25
 -2.003631e+01 5.508568e+00 -1.792732e+00 -3.890858e-01 7.814857e+00 -1.221429e+00 5.467576e+00 3.045180e+00 1.178330e+00 2.186540e+00 7.235022e-01 2.867249e+00 -2.780259e-02 -4.510608e-01 4.756612e-03 -3.641886e-01 -4.989790e-01 -1.220201e-01 -1.346232e-01 -1.012773e-01 -3.936177e-02 -4.081531e-02 -3.155100e-02 -3.358800e-02 4.451116e-03
<VARIANCE> 25
 8.822028e+00 1.644574e+01 2.848049e+01 2.264285e+01 2.140580e+01 2.419022e+01 2.203834e+01 2.333301e+01 2.056540e+01 2.220253e+01 2.316559e+01 1.462191e+01 1.061780e+00 9.355370e-01 1.239439e+00 1.065694e+00 1.359247e+00 1.302096e+00 1.281945e+00 1.388885e+00 1.350376e+00 1.310858e+00 1.219881e+00 1.071018e+00 8.933487e-04
<GCONST> 7.707186e+01
<MIXTURE> 84 1.066614e-02
<MEAN> 25
 1.242830e+00 8.145377e+00 6.912581e+00 7.514155e+00 2.616263e+00 -5.883150e-01 -1.758372e+00 -3.974737e+00 -3.225364e+00 -2.510413e+00 -2.320313e+00 -1.973006e+00 -1.694834e+00 -1.109297e+00 -1.134794e+00 1.128383e+00 2.324975e+00 1.508916e+00 1.542270e+00 1.426857e+00 8.835211e-01 3.881299e-01 1.911086e-01 2.307668e-01 -6.876791e-02
<VARIANCE> 25
 2.044315e+01 1.998912e+01 1.950852e+01 2.200743e+01 2.735423e+01 2.562801e+01 2.590560e+01 2.511685e+01 2.600147e+01 2.377385e+01 2.105174e+01 2.330172e+01 1.896715e+00 2.312694e+00 3.524955e+00 3.181721e+00 3.159288e+00 3.059489e+00 2.986979e+00 3.110990e+00 3.617905e+00 3.159023e+00 3.396537e+00 2.766332e+00 3.139828e-03
<GCONST> 9.098127e+01
<MIXTURE> 85 7.591393e-03
<MEAN> 25
 -3.267637e+00 7.366019e+00 5.191549e+00 2.204456e+00 -4.281032e+00 -5.307833e+00 -2.254555e+00 -5.922839e+00 -3.463553e+00 -2.996027e+00 6.723481e-02 -1.816548e+00 3.933882e+00 2.294696e-01 1.641106e+00 -2.282706e+00 -3.053144e+00 -3.217337e+00 -2.681510e+00 -2.177570e+00 -2.145612e+00 -1.287415e+00 -2.038434e+00 -4.377727e-01 6.415236e-03
<VARIANCE> 25
 3.967731e+01 2.301033e+01 3.490596e+01 4.429482e+01 4.053224e+01 3.934657e+01 3.259851e+01 2.617669e+01 2.496056e+01 2.413927e+01 2.595488e+01 1.910577e+01 2.583839e+00 4.036381e+00 3.711036e+00 4.979602e+00 4.967902e+00 7.543512e+00 3.722238e+00 3.976263e+00 3.559464e+00 3.693519e+00 4.081291e+00 3.371927e+00 4.960581e-03
<GCONST> 9.830980e+01
<MIXTURE> 86 1.273941e-02
<MEAN> 25
 -4.653730e+00 -1.268540e+00 -6.754283e-01 5.990254e+00 4.923184e+00 4.528672e+00 5.194373e+00 4.657789e+00 4.493359e+00 3.463190e+00 5.179600e+00 2.300624e+00 -3.530020e-02 -1.023921e-02 -7.859852e-03 -1.745673e-02 -4.028769e-02 -1.407008e-01 -3.058980e-01 -3.071722e-01 -2.953680e-01 -3.016152e-01 -2.459344e-01 -1.569611e-01 -1.341926e-03
<VARIANCE> 25
 8.481378e+00 5.306304e+00 9.485437e+00 1.278360e+01 1.500823e+01 1.351583e+01 1.277869e+01 1.218172e+01 1.253817e+01 1.551404e+01 1.371873e+01 1.373888e+01 1.038296e-01 1.793358e-01 3.074883e-01 4.811565e-01 6.860887e-01 7.295979e-01 7.562794e-01 7.450821e-01 8.162890e-01 8.271596e-01 8.515155e-01 8.796235e-01 5.827005e-05
<GCONST> 5.782915e+01
<MIXTURE> 87 1.100681e-02
<MEAN> 25
 -3.111906e+00 3.821035e+00 3.265153e+00 7.057235e+00 5.792885e+00 1.255578e+00 1.879962e+00 -3.351236e-03 -3.946226e-01 -1.057976e+00 -9.106957e-01 -3.425491e-01 -2.163060e+00 -2.775456e+00 -2.177974e+00 -1.835300e+00 -9.130052e-02 -2.772034e-01 5.940446e-01 1.212584e+00 1.267736e+00 9.828695e-01 1.005167e+00 1.025044e+00 1.032663e-01
<VARIANCE> 25
 3.500391e+01 3.142414e+01 2.596599e+01 3.163346e+01 2.762614e+01 3.101897e+01 2.634183e+01 3.357747e+01 2.433566e+01 2.329935e+01 2.267693e+01 2.240774e+01 3.522450e+00 2.806216e+00 3.693870e+00 4.699924e+00 4.507122e+00 4.164411e+00 3.869014e+00 3.777199e+00 3.418710e+00 3.224643e+00 3.156363e+00 2.489945e+00 4.546050e-03
<GCONST> 9.559814e+01
<MIXTURE> 88 1.256585e-02
<MEAN> 25
 -2.698754e+00 -7.279716e-01 -8.373211e-01 4.984904e+00 4.181272e+00 4.694808e+00 4.164090e+00 2.834292e+00 3.441529e+00 1.336023e+00 2.543907e+00 3.079989e-01 -1.318517e-01 4.841503e-02 1.068679e-01 4.181367e-01 3.599755e-01 6.779483e-01 1.804835e-02 1.497245e-01 -3.371302e-01 -2.250977e-01 -2.439850e-01 -2.303190e-01 -8.707981e-03
<VARIANCE> 25
 1.074097e+01 7.191417e+00 1.120967e+01 1.152091e+01 1.685256e+01 1.903905e+01 1.430494e+01 1.464916e+01 1.528998e+01 2.072119e+01 1.877190e+01 1.812810e+01 1.172928e+00 1.854488e+00 2.456929e+00 2.128304e+00 3.110058e+00 3.567345e+00 2.312526e+00 2.414837e+00 2.216379e+00 2.789179e+00 2.152575e+00 2.091756e+00 2.174716e-03
<GCONST> 8.161219e+01
<MIXTURE> 89 9.333527e-03
<MEAN> 25
 6.034684e+00 -6.754066e+00 -3.486724e+00 -3.139811e+00 -1.603950e+00 -5.583126e+00 -6.089972e+00 4.078425e+00 3.463661e+00 -2.814504e+00 -5.974929e+00 -3.272766e+00 -5.740855e-01 1.563631e-01 1.973841e+00 8.951651e-01 -1.856632e+00 -1.643380e+00 8.929152e-01 1.262595e+00 -7.790807e-01 -1.305223e+00 4.010437e-01 1.518710e+00 -4.759478e-03
<VARIANCE> 25
 9.092557e+00 2.710973e+01 3.137803e+01 3.020754e+01 3.581041e+01 4.166282e+01 5.919701e+01 4.187529e+01 3.870746e+01 4.215570e+01 3.580307e+01 3.216227e+01 3.517008e-01 8.388327e-01 1.496243e+00 1.329313e+00 1.921494e+00 2.111128e+00 2.599429e+00 2.040222e+00 2.257777e+00 2.136189e+00 2.319443e+00 1.512141e+00 3.717914e-04
<GCONST> 8.534477e+01
<MIXTURE> 90 7.114505e-03
<MEAN> 25
 2.444271e+00 -9.708761e+00 -4.743918e+00 -3.970635e+00 -3.382342e+00 -1.819562e+00 3.365039e+00 1.183598e+00 -7.521617e+00 -1.020975e+01 -3.425529e+00 -7.400238e-01 -1.637397e-01 9.088020e-01 1.167131e+00 -8.515576e-01 -1.610634e+00 -2.109110e-01 6.462173e-01 -2.084267e-01 -1.679849e-01 7.352452e-01 1.820764e-01 -5.499857e-01 -1.114601e-02
<VARIANCE> 25
 8.495308e+00 1.790962e+01 1.988035e+01 2.804011e+01 3.679966e+01 3.220620e+01 3.850701e+01 3.635871e+01 3.526207e+01 2.771283e+01 2.698226e+01 2.610879e+01 2.237646e-01 6.121591e-01 7.883759e-01 1.047251e+00 1.472980e+00 1.592539e+00 1.784076e+00 1.656975e+00 1.809483e+00 1.678415e+00 1.493969e+00 1.309575e+00 2.148975e-04
<GCONST> 7.815289e+01
<MIXTURE> 91 7.852945e-03
<MEAN> 25
 5.969961e+00 -7.497125e+00 -8.252602e+00 -5.318361e+00 4.186669e+00 -3.956010e-02 -2.272480e+00 9.607776e-01 7.319882e-01 -2.840075e+00 -5.230810e+00 -4.636388e+00 3.134241e-01 9.995603e-01 1.523622e-01 4.461775e-01 6.589793e-02 -3.892812e-01 -4.401662e-01 -1.437191e-01 -6.862727e-02 5.915915e-01 -9.548505e-02 1.521115e-01 -3.364929e-02
<VARIANCE> 25
 1.129062e+01 2.177021e+01 1.977240e+01 3.846635e+01 3.438815e+01 5.218800e+01 5.102937e+01 3.855404e+01 4.835246e+01 6.317541e+01 3.780471e+01 4.134163e+01 4.621708e-01 8.253475e-01 1.099205e+00 1.377562e+00 2.337103e+00 2.520178e+00 2.298111e+00 2.319798e+00 2.186479e+00 2.345814e+00 2.044824e+00 1.770550e+00 5.943176e-04
<GCONST> 8.693265e+01
<MIXTURE> 92 7.852945e-03
<MEAN> 25
 5.969961e+00 -7.497125e+00 -8.252602e+00 -5.318361e+00 4.186669e+00 -3.956010e-02 -2.272480e+00 9.607776e-01 7.319882e-01 -2.840075e+00 -5.230810e+00 -4.636388e+00 3.134241e-01 9.995603e-01 1.523622e-01 4.461775e-01 6.589793e-02 -3.892812e-01 -4.401662e-01 -1.437191e-01 -6.862727e-02 5.915915e-01 -9.548505e-02 1.521115e-01 -3.364929e-02
<VARIANCE> 25
 1.129062e+01 2.177021e+01 1.977240e+01 3.846635e+01 3.438815e+01 5.218800e+01 5.102937e+01 3.855404e+01 4.835246e+01 6.317541e+01 3.780471e+01 4.134163e+01 4.621708e-01 8.253475e-01 1.099205e+00 1.377562e+00 2.337103e+00 2.520178e+00 2.298111e+00 2.319798e+00 2.186479e+00 2.345814e+00 2.044824e+00 1.770550e+00 5.943176e-04
<GCONST> 8.693265e+01
<MIXTURE> 93 6.122769e-03
<MEAN> 25
 -6.809691e+00 -9.666958e-01 -2.396015e+00 5.782574e+00 5.910395e+00 3.932910e+00 6.114687e+00 3.614061e+00 4.111085e+00 2.487768e+00 1.806669e+00 3.669760e+00 -6.030457e-02 -1.540219e-01 -2.570344e-01 -3.290437e-01 -3.324873e-01 -2.829435e-01 -2.231908e-01 -1.786878e-01 -1.622970e-01 -1.506086e-01 -1.020052e-01 -3.472244e-02 -2.930119e-06
<VARIANCE> 25
 9.144130e+00 6.017451e+00 8.170174e+00 1.140962e+01 1.145673e+01 1.597565e+01 1.527069e+01 1.639823e+01 1.474031e+01 1.463607e+01 1.680594e+01 1.386499e+01 8.299505e-02 1.530430e-01 2.630150e-01 3.816196e-01 4.969653e-01 6.411564e-01 7.874877e-01 8.905302e-01 9.197314e-01 8.750718e-01 8.916631e-01 9.162064e-01 9.991780e-07
<GCONST> 5.364848e+01
<MIXTURE> 94 6.122769e-03
<MEAN> 25
 -6.809691e+00 -9.666958e-01 -2.396015e+00 5.782574e+00 5.910395e+00 3.932910e+00 6.114687e+00 3.614061e+00 4.111085e+00 2.487768e+00 1.806669e+00 3.669760e+00 -6.030457e-02 -1.540219e-01 -2.570344e-01 -3.290437e-01 -3.324873e-01 -2.829435e-01 -2.231908e-01 -1.786878e-01 -1.622970e-01 -1.506086e-01 -1.020052e-01 -3.472244e-02 -2.930119e-06
<VARIANCE> 25
 9.144130e+00 6.017451e+00 8.170174e+00 1.140962e+01 1.145673e+01 1.597565e+01 1.527069e+01 1.639823e+01 1.474031e+01 1.463607e+01 1.680594e+01 1.386499e+01 8.299505e-02 1.530430e-01 2.630150e-01 3.816196e-01 4.969653e-01 6.411564e-01 7.874877e-01 8.905302e-01 9.197314e-01 8.750718e-01 8.916631e-01 9.162064e-01 9.991780e-07
<GCONST> 5.364848e+01
<MIXTURE> 95 5.258835e-03
<MEAN> 25
 -5.803314e+00 -7.499051e-01 -1.978912e+00 4.870066e+00 4.235957e+00 2.837398e+00 4.175284e+00 1.683175e+00 2.217995e+00 8.406505e-01 1.173804e+00 2.521968e+00 1.461349e-01 1.461688e-01 8.482643e-02 -7.886970e-02 -3.736444e-01 -7.121369e-01 -1.062327e+00 -1.282726e+00 -1.249719e+00 -9.887185e-01 -6.437208e-01 -3.069448e-01 -1.544973e-04
<VARIANCE> 25
 1.026417e+01 6.471308e+00 1.217341e+01 1.281529e+01 1.392249e+01 1.835917e+01 1.780355e+01 1.685929e+01 1.533340e+01 1.548518e+01 1.997212e+01 1.510035e+01 2.086780e-01 2.913113e-01 4.512608e-01 6.285525e-01 7.995089e-01 8.956984e-01 9.147213e-01 9.204719e-01 9.964042e-01 1.071220e+00 1.158719e+00 1.108304e+00 4.185166e-05
<GCONST> 6.328745e+01
<MIXTURE> 96 7.034694e-03
<MEAN> 25
 -5.032273e+00 -5.069377e-01 -2.213459e+00 5.086605e+00 3.866365e+00 1.866497e+00 3.569895e+00 1.854207e+00 2.444186e+00 8.763974e-01 1.106843e+00 2.672604e+00 -2.529768e-02 8.480812e-02 2.140995e-01 4.103642e-01 5.314665e-01 5.004576e-01 2.262635e-01 -1.410737e-01 -4.473199e-01 -6.503423e-01 -5.963882e-01 -3.666671e-01 3.677914e-06
<VARIANCE> 25
 1.108144e+01 9.728050e+00 1.272161e+01 1.437739e+01 1.495745e+01 1.960483e+01 1.781971e+01 1.911424e+01 1.774635e+01 1.665821e+01 1.964941e+01 1.603606e+01 1.199097e-01 2.155821e-01 3.136754e-01 3.923590e-01 4.897727e-01 6.554487e-01 9.211491e-01 1.003219e+00 9.640953e-01 8.496271e-01 8.826852e-01 9.261221e-01 1.047474e-06
<GCONST> 5.765411e+01
<MIXTURE> 97 7.034694e-03
<MEAN> 25
 -5.032273e+00 -5.069377e-01 -2.213459e+00 5.086605e+00 3.866365e+00 1.866497e+00 3.569895e+00 1.854207e+00 2.444186e+00 8.763974e-01 1.106843e+00 2.672604e+00 -2.529768e-02 8.480812e-02 2.140995e-01 4.103642e-01 5.314665e-01 5.004576e-01 2.262635e-01 -1.410737e-01 -4.473199e-01 -6.503423e-01 -5.963882e-01 -3.666671e-01 3.677914e-06
<VARIANCE> 25
 1.108144e+01 9.728050e+00 1.272161e+01 1.437739e+01 1.495745e+01 1.960483e+01 1.781971e+01 1.911424e+01 1.774635e+01 1.665821e+01 1.964941e+01 1.603606e+01 1.199097e-01 2.155821e-01 3.136754e-01 3.923590e-01 4.897727e-01 6.554487e-01 9.211491e-01 1.003219e+00 9.640953e-01 8.496271e-01 8.826852e-01 9.261221e-01 1.047474e-06
<GCONST> 5.765411e+01
<MIXTURE> 98 9.917808e-03
<MEAN> 25
 -1.024406e+00 6.394380e-01 5.481149e-01 4.301245e+00 4.002234e+00 3.398200e+00 3.264874e+00 2.440430e+00 1.497040e+00 1.746910e-01 -9.058542e-02 -8.119170e-01 -1.728216e+00 -1.423784e+00 -1.004634e+00 4.224602e-01 7.135051e-01 8.047627e-01 1.179313e+00 1.482715e+00 1.178122e+00 1.039853e+00 1.114788e+00 7.095029e-01 -2.415522e-02
<VARIANCE> 25
 1.145463e+01 1.638625e+01 2.537923e+01 2.580555e+01 3.824371e+01 3.097253e+01 2.607920e+01 2.555924e+01 2.222449e+01 2.907991e+01 2.354594e+01 2.612247e+01 1.194226e+00 1.817619e+00 2.309497e+00 2.270140e+00 2.724746e+00 2.641497e+00 2.597855e+00 2.802949e+00 2.660228e+00 2.775193e+00 2.507947e+00 2.644257e+00 2.990590e-03
<GCONST> 8.860815e+01
<MIXTURE> 99 6.696178e-03
<MEAN> 25
 -5.820205e+00 9.363526e+00 6.540437e+00 3.399571e+00 6.049108e-01 -5.075930e+00 -1.631270e+00 -3.610262e+00 -3.018605e+00 -3.895252e+00 -1.616343e+00 -4.992861e-02 5.207996e-01 -7.218127e-01 3.121146e-01 -4.901259e-01 -1.152419e+00 -5.880550e-01 -3.923697e-01 -2.178189e-01 -8.592943e-02 -4.439133e-02 1.512031e-01 1.451313e-01 1.176300e-02
<VARIANCE> 25
 3.791779e+01 2.744891e+01 4.404441e+01 2.974861e+01 3.495733e+01 3.400684e+01 2.691025e+01 3.046696e+01 2.830597e+01 2.638462e+01 1.931236e+01 3.003470e+01 2.068531e+00 1.820643e+00 1.368946e+00 1.766338e+00 2.484772e+00 2.224166e+00 1.609206e+00 1.674278e+00 1.566728e+00 1.504125e+00 1.301944e+00 1.292866e+00 1.516544e-03
<GCONST> 8.663770e+01
<MIXTURE> 100 4.498084e-03
<MEAN> 25
 -1.595899e+00 6.337624e+00 1.026518e+01 -7.452303e+00 -1.077783e+01 -5.077285e+00 -4.938877e+00 -9.958690e+00 -4.708889e+00 -8.542284e-01 -2.726845e+00 -2.709035e+00 2.913987e+00 -1.259183e+00 1.299526e+00 -2.185537e+00 -3.416317e+00 -7.840174e-01 -1.218465e+00 -8.218454e-01 -1.474432e+00 3.479179e-01 -1.654011e+00 -2.848822e-01 2.056404e-03
<VARIANCE> 25
 1.361797e+01 2.107022e+01 2.252746e+01 2.647620e+01 2.301405e+01 2.372279e+01 2.910862e+01 2.175400e+01 2.751406e+01 2.263193e+01 2.242840e+01 2.133944e+01 1.808329e+00 3.951598e+00 2.918555e+00 4.281415e+00 4.185973e+00 4.536342e+00 4.015940e+00 4.341177e+00 4.163193e+00 3.895653e+00 3.907229e+00 3.223108e+00 1.675238e-03
<GCONST> 9.257719e+01
<MIXTURE> 101 6.007792e-03
<MEAN> 25
 7.307314e+00 -3.850262e+00 -6.310582e+00 -7.190125e+00 2.455378e+00 -5.539702e-01 -1.002154e+01 -1.330253e+00 1.233833e+00 3.131520e+00 -3.440391e+00 -4.476387e+00 6.886864e-01 6.998545e-01 -1.301823e+00 -1.434652e+00 1.007313e+00 2.146407e+00 1.453909e-01 -1.573123e+00 -1.108398e+00 1.277887e+00 1.452051e+00 -3.258366e-01 -6.209877e-03
<VARIANCE> 25
 1.114742e+01 1.508483e+01 2.563815e+01 3.720406e+01 4.412244e+01 3.339425e+01 3.341605e+01 3.508594e+01 3.412882e+01 4.135322e+01 5.069194e+01 2.298012e+01 2.604992e-01 5.866746e-01 1.169078e+00 1.482935e+00 1.597599e+00 1.945981e+00 1.932565e+00 1.796275e+00 2.102370e+00 2.315640e+00 1.786186e+00 1.796372e+00 3.064290e-04
<GCONST> 8.231590e+01
<MIXTURE> 102 6.007792e-03
<MEAN> 25
 7.307314e+00 -3.850262e+00 -6.310582e+00 -7.190125e+00 2.455378e+00 -5.539702e-01 -1.002154e+01 -1.330253e+00 1.233833e+00 3.131520e+00 -3.440391e+00 -4.476387e+00 6.886864e-01 6.998545e-01 -1.301823e+00 -1.434652e+00 1.007313e+00 2.146407e+00 1.453909e-01 -1.573123e+00 -1.108398e+00 1.277887e+00 1.452051e+00 -3.258366e-01 -6.209877e-03
<VARIANCE> 25
 1.114742e+01 1.508483e+01 2.563815e+01 3.720406e+01 4.412244e+01 3.339425e+01 3.341605e+01 3.508594e+01 3.412882e+01 4.135322e+01 5.069194e+01 2.298012e+01 2.604992e-01 5.866746e-01 1.169078e+00 1.482935e+00 1.597599e+00 1.945981e+00 1.932565e+00 1.796275e+00 2.102370e+00 2.315640e+00 1.786186e+00 1.796372e+00 3.064290e-04
<GCONST> 8.231590e+01
<MIXTURE> 103 5.694618e-03
<MEAN> 25
 2.314090e+00 -9.173842e+00 -5.185396e+00 -4.143322e+00 -1.032021e+00 -2.609671e+00 2.328102e+00 3.082099e+00 -4.595984e+00 -8.856323e+00 -4.928513e+00 3.329899e-01 -5.760323e-02 -1.470984e+00 -1.026537e+00 2.581491e-01 1.276537e+00 1.217571e+00 -1.112863e-01 -1.554850e-01 -5.575488e-01 -7.191440e-01 -3.989324e-01 1.916265e-01 2.542624e-02
<VARIANCE> 25
 1.295075e+01 1.783006e+01 2.296006e+01 3.118366e+01 4.098674e+01 3.552710e+01 3.920148e+01 3.233714e+01 3.610611e+01 2.508001e+01 2.683229e+01 2.269127e+01 6.256487e-01 1.340801e+00 1.283016e+00 1.919237e+00 2.519054e+00 2.265949e+00 2.776568e+00 2.207539e+00 2.595161e+00 2.493741e+00 2.339288e+00 1.737441e+00 7.515585e-04
<GCONST> 8.596796e+01
<MIXTURE> 104 5.694618e-03
<MEAN> 25
 2.314090e+00 -9.173842e+00 -5.185396e+00 -4.143322e+00 -1.032021e+00 -2.609671e+00 2.328102e+00 3.082099e+00 -4.595984e+00 -8.856323e+00 -4.928513e+00 3.329899e-01 -5.760323e-02 -1.470984e+00 -1.026537e+00 2.581491e-01 1.276537e+00 1.217571e+00 -1.112863e-01 -1.554850e-01 -5.575488e-01 -7.191440e-01 -3.989324e-01 1.916265e-01 2.542624e-02
<VARIANCE> 25
 1.295075e+01 1.783006e+01 2.296006e+01 3.118366e+01 4.098674e+01 3.552710e+01 3.920148e+01 3.233714e+01 3.610611e+01 2.508001e+01 2.683229e+01 2.269127e+01 6.256487e-01 1.340801e+00 1.283016e+00 1.919237e+00 2.519054e+00 2.265949e+00 2.776568e+00 2.207539e+00 2.595161e+00 2.493741e+00 2.339288e+00 1.737441e+00 7.515585e-04
<GCONST> 8.596796e+01
<MIXTURE> 105 4.710235e-03
<MEAN> 25
 2.021343e+00 -1.289360e+00 9.208162e+00 -2.580422e+00 -1.140837e+01 -4.622151e+00 -4.309665e+00 -1.144118e+00 -3.611373e+00 -2.782691e+00 1.365296e+00 -6.189245e-01 1.193744e-02 1.433632e-02 3.807769e-02 -3.523053e-02 2.269925e-02 8.313215e-02 1.338738e-02 4.011793e-02 -4.090478e-02 7.827403e-02 8.405101e-02 -5.405212e-02 -2.103195e-03
<VARIANCE> 25
 1.343302e+01 2.778205e+01 3.897125e+01 4.283173e+01 3.663653e+01 5.615111e+01 3.950677e+01 4.388400e+01 3.869122e+01 4.308329e+01 4.000738e+01 3.499773e+01 7.995505e-02 1.901754e-01 3.343019e-01 2.941086e-01 3.666841e-01 4.566389e-01 4.681662e-01 4.759356e-01 5.354354e-01 4.626901e-01 4.598341e-01 4.056163e-01 8.570468e-05
<GCONST> 6.680600e+01
<MIXTURE> 106 4.710235e-03
<MEAN> 25
 2.021343e+00 -1.289360e+00 9.208162e+00 -2.580422e+00 -1.140837e+01 -4.622151e+00 -4.309665e+00 -1.144118e+00 -3.611373e+00 -2.782691e+00 1.365296e+00 -6.189245e-01 1.193744e-02 1.433632e-02 3.807769e-02 -3.523053e-02 2.269925e-02 8.313215e-02 1.338738e-02 4.011793e-02 -4.090478e-02 7.827403e-02 8.405101e-02 -5.405212e-02 -2.103195e-03
<VARIANCE> 25
 1.343302e+01 2.778205e+01 3.897125e+01 4.283173e+01 3.663653e+01 5.615111e+01 3.950677e+01 4.388400e+01 3.869122e+01 4.308329e+01 4.000738e+01 3.499773e+01 7.995505e-02 1.901754e-01 3.343019e-01 2.941086e-01 3.666841e-01 4.566389e-01 4.681662e-01 4.759356e-01 5.354354e-01 4.626901e-01 4.598341e-01 4.056163e-01 8.570468e-05
<GCONST> 6.680600e+01
<MIXTURE> 107 5.452374e-03
<MEAN> 25
 8.116076e+00 -1.918800e+00 -7.903487e+00 -9.340641e+00 2.178838e+00 2.836581e+00 -8.249660e+00 -4.797472e+00 -7.504249e-01 3.887072e+00 7.014168e-01 -4.268882e+00 -5.955409e-01 -6.740897e-01 8.843977e-01 1.765227e+00 1.671754e-01 -1.940171e+00 -9.687812e-01 8.071507e-01 1.701905e+00 -5.718935e-02 -1.454442e+00 -7.867406e-01 -1.519450e-03
<VARIANCE> 25
 1.014026e+01 1.912302e+01 2.569563e+01 3.955444e+01 3.333466e+01 3.466533e+01 4.705971e+01 3.300437e+01 4.113261e+01 3.916666e+01 4.632050e+01 3.247306e+01 3.458897e-01 9.468915e-01 1.393981e+00 2.345616e+00 2.296275e+00 2.560039e+00 2.444730e+00 2.349715e+00 2.225622e+00 2.894761e+00 2.116463e+00 2.217683e+00 8.621670e-04
<GCONST> 8.718049e+01
<MIXTURE> 108 5.452374e-03
<MEAN> 25
 8.116076e+00 -1.918800e+00 -7.903487e+00 -9.340641e+00 2.178838e+00 2.836581e+00 -8.249660e+00 -4.797472e+00 -7.504249e-01 3.887072e+00 7.014168e-01 -4.268882e+00 -5.955409e-01 -6.740897e-01 8.843977e-01 1.765227e+00 1.671754e-01 -1.940171e+00 -9.687812e-01 8.071507e-01 1.701905e+00 -5.718935e-02 -1.454442e+00 -7.867406e-01 -1.519450e-03
<VARIANCE> 25
 1.014026e+01 1.912302e+01 2.569563e+01 3.955444e+01 3.333466e+01 3.466533e+01 4.705971e+01 3.300437e+01 4.113261e+01 3.916666e+01 4.632050e+01 3.247306e+01 3.458897e-01 9.468915e-01 1.393981e+00 2.345616e+00 2.296275e+00 2.560039e+00 2.444730e+00 2.349715e+00 2.225622e+00 2.894761e+00 2.116463e+00 2.217683e+00 8.621670e-04
<GCONST> 8.718049e+01
<MIXTURE> 109 6.661064e-03
<MEAN> 25
 3.886253e+00 -1.031565e+01 -8.088350e+00 -1.480839e+00 2.586421e+00 -2.841482e-01 5.500961e-02 1.387644e+00 -2.491373e+00 -8.487785e+00 -5.384151e+00 9.440318e-02 -1.401652e-02 -9.624032e-02 -5.364339e-02 2.610422e-01 2.503213e-01 1.443384e-01 -1.659861e-01 -1.246123e-01 -1.180061e-02 -1.106071e-01 1.961958e-01 7.160342e-02 -3.670516e-03
<VARIANCE> 25
 9.648353e+00 1.884219e+01 2.032262e+01 3.061553e+01 4.013544e+01 3.698900e+01 4.532420e+01 3.348175e+01 4.438860e+01 3.501997e+01 2.851971e+01 2.718232e+01 1.970770e-01 4.430939e-01 5.303613e-01 6.148544e-01 1.256252e+00 9.743115e-01 1.251951e+00 1.062765e+00 1.095871e+00 9.347473e-01 8.701564e-01 9.473453e-01 1.766146e-04
<GCONST> 7.433119e+01
<MIXTURE> 110 6.661064e-03
<MEAN> 25
 3.886253e+00 -1.031565e+01 -8.088350e+00 -1.480839e+00 2.586421e+00 -2.841482e-01 5.500961e-02 1.387644e+00 -2.491373e+00 -8.487785e+00 -5.384151e+00 9.440318e-02 -1.401652e-02 -9.624032e-02 -5.364339e-02 2.610422e-01 2.503213e-01 1.443384e-01 -1.659861e-01 -1.246123e-01 -1.180061e-02 -1.106071e-01 1.961958e-01 7.160342e-02 -3.670516e-03
<VARIANCE> 25
 9.648353e+00 1.884219e+01 2.032262e+01 3.061553e+01 4.013544e+01 3.698900e+01 4.532420e+01 3.348175e+01 4.438860e+01 3.501997e+01 2.851971e+01 2.718232e+01 1.970770e-01 4.430939e-01 5.303613e-01 6.148544e-01 1.256252e+00 9.743115e-01 1.251951e+00 1.062765e+00 1.095871e+00 9.347473e-01 8.701564e-01 9.473453e-01 1.766146e-04
<GCONST> 7.433119e+01
<MIXTURE> 111 4.337247e-03
<MEAN> 25
 -4.282659e+00 -1.007364e+00 -1.646600e+00 1.659715e+00 9.949793e-01 1.077587e+00 5.123974e-01 4.543613e-01 2.088928e-01 -6.494918e-01 -5.532792e-01 1.734159e+00 -2.819827e-02 -3.460961e-02 -5.101255e-02 -4.935233e-02 -2.611303e-02 3.545082e-02 8.165288e-03 -4.502931e-02 -1.230562e-01 -2.030444e-01 -2.055234e-01 -1.412249e-01 -4.536986e-04
<VARIANCE> 25
 7.398720e+00 5.037967e+00 9.872100e+00 9.056355e+00 1.272301e+01 2.310309e+01 1.505478e+01 1.380241e+01 1.137875e+01 1.159224e+01 1.329086e+01 1.243688e+01 8.102388e-02 1.596989e-01 2.753154e-01 4.197127e-01 5.565701e-01 7.224096e-01 8.157602e-01 8.561550e-01 8.783414e-01 8.249990e-01 8.346329e-01 8.572493e-01 2.531769e-05
<GCONST> 5.605169e+01
<MIXTURE> 112 4.337247e-03
<MEAN> 25
 -4.282659e+00 -1.007364e+00 -1.646600e+00 1.659715e+00 9.949793e-01 1.077587e+00 5.123974e-01 4.543613e-01 2.088928e-01 -6.494918e-01 -5.532792e-01 1.734159e+00 -2.819827e-02 -3.460961e-02 -5.101255e-02 -4.935233e-02 -2.611303e-02 3.545082e-02 8.165288e-03 -4.502931e-02 -1.230562e-01 -2.030444e-01 -2.055234e-01 -1.412249e-01 -4.536986e-04
<VARIANCE> 25
 7.398720e+00 5.037967e+00 9.872100e+00 9.056355e+00 1.272301e+01 2.310309e+01 1.505478e+01 1.380241e+01 1.137875e+01 1.159224e+01 1.329086e+01 1.243688e+01 8.102388e-02 1.596989e-01 2.753154e-01 4.197127e-01 5.565701e-01 7.224096e-01 8.157602e-01 8.561550e-01 8.783414e-01 8.249990e-01 8.346329e-01 8.572493e-01 2.531769e-05
<GCONST> 5.605169e+01
<MIXTURE> 113 5.938666e-03
<MEAN> 25
 9.249985e+00 1.470710e+00 -8.619122e+00 -1.616150e+01 -1.076845e-01 5.428407e+00 -4.134247e+00 -1.886472e+00 -6.195846e+00 5.827400e-01 5.619794e-01 5.557810e-02 6.984997e-03 6.530640e-02 -1.407576e-01 -1.247979e-01 -2.094431e-02 -1.482900e-02 1.451371e-01 -1.308387e-02 4.663430e-02 -1.115374e-01 2.157500e-01 4.494981e-02 -2.287799e-03
<VARIANCE> 25
 9.156151e+00 1.389995e+01 2.454399e+01 3.136257e+01 4.678047e+01 2.877827e+01 3.849122e+01 3.343565e+01 3.330429e+01 4.213968e+01 3.059729e+01 2.433131e+01 1.317549e-01 3.166256e-01 3.226830e-01 5.953803e-01 7.195836e-01 7.142194e-01 7.889829e-01 9.279512e-01 8.842891e-01 7.871600e-01 6.828188e-01 6.550541e-01 1.177218e-04
<GCONST> 6.964584e+01
<MIXTURE> 114 5.938666e-03
<MEAN> 25
 9.249985e+00 1.470710e+00 -8.619122e+00 -1.616150e+01 -1.076845e-01 5.428407e+00 -4.134247e+00 -1.886472e+00 -6.195846e+00 5.827400e-01 5.619794e-01 5.557810e-02 6.984997e-03 6.530640e-02 -1.407576e-01 -1.247979e-01 -2.094431e-02 -1.482900e-02 1.451371e-01 -1.308387e-02 4.663430e-02 -1.115374e-01 2.157500e-01 4.494981e-02 -2.287799e-03
<VARIANCE> 25
 9.156151e+00 1.389995e+01 2.454399e+01 3.136257e+01 4.678047e+01 2.877827e+01 3.849122e+01 3.343565e+01 3.330429e+01 4.213968e+01 3.059729e+01 2.433131e+01 1.317549e-01 3.166256e-01 3.226830e-01 5.953803e-01 7.195836e-01 7.142194e-01 7.889829e-01 9.279512e-01 8.842891e-01 7.871600e-01 6.828188e-01 6.550541e-01 1.177218e-04
<GCONST> 6.964584e+01
<MIXTURE> 115 2.935202e-03
<MEAN> 25
 -4.020728e+00 -7.642781e-01 -3.093615e+00 3.637970e+00 2.438328e+00 -3.775816e-01 2.249576e+00 4.394189e-01 1.384130e+00 -4.528929e-02 2.056061e-02 2.615418e+00 3.353010e-02 -7.134026e-02 -2.297429e-01 -4.326237e-01 -6.284220e-01 -6.660768e-01 -6.018532e-01 -5.162408e-01 -4.774624e-01 -4.569877e-01 -3.390917e-01 -1.644136e-01 -3.934814e-06
<VARIANCE> 25
 9.232088e+00 9.849246e+00 1.348794e+01 1.269017e+01 1.351162e+01 1.788098e+01 1.702169e+01 2.080270e+01 1.782901e+01 1.722050e+01 1.915341e+01 1.546332e+01 2.031715e-01 3.437212e-01 4.828389e-01 5.644749e-01 6.346847e-01 7.964000e-01 1.018203e+00 1.131791e+00 1.083087e+00 9.887739e-01 1.023178e+00 1.058723e+00 9.946442e-07
<GCONST> 6.019999e+01
<MIXTURE> 116 2.935202e-03
<MEAN> 25
 -4.020728e+00 -7.642781e-01 -3.093615e+00 3.637970e+00 2.438328e+00 -3.775816e-01 2.249576e+00 4.394189e-01 1.384130e+00 -4.528929e-02 2.056061e-02 2.615418e+00 3.353010e-02 -7.134026e-02 -2.297429e-01 -4.326237e-01 -6.284220e-01 -6.660768e-01 -6.018532e-01 -5.162408e-01 -4.774624e-01 -4.569877e-01 -3.390917e-01 -1.644136e-01 -3.934814e-06
<VARIANCE> 25
 9.232088e+00 9.849246e+00 1.348794e+01 1.269017e+01 1.351162e+01 1.788098e+01 1.702169e+01 2.080270e+01 1.782901e+01 1.722050e+01 1.915341e+01 1.546332e+01 2.031715e-01 3.437212e-01 4.828389e-01 5.644749e-01 6.346847e-01 7.964000e-01 1.018203e+00 1.131791e+00 1.083087e+00 9.887739e-01 1.023178e+00 1.058723e+00 9.946442e-07
<GCONST> 6.019999e+01
<MIXTURE> 117 6.506003e-03
<MEAN> 25
 -4.644353e+00 1.117509e+00 1.054386e+00 9.757811e+00 6.260141e+00 6.256454e+00 6.462744e+00 5.044521e+00 6.385355e+00 4.928484e+00 6.366691e+00 2.709313e+00 -7.499766e-02 -2.341265e-01 -3.583387e-01 -4.198974e-01 -3.674982e-01 -3.026721e-01 -2.874236e-01 -3.315432e-01 -3.916505e-01 -3.689264e-01 -2.630226e-01 -1.159293e-01 -8.999820e-06
<VARIANCE> 25
 7.187457e+00 8.753440e+00 9.808825e+00 1.431242e+01 1.561659e+01 1.534863e+01 1.772714e+01 1.795970e+01 1.640291e+01 1.637629e+01 1.674393e+01 1.475917e+01 2.166050e-01 3.074853e-01 4.261065e-01 6.171244e-01 8.536184e-01 1.055317e+00 1.177646e+00 1.232911e+00 1.224109e+00 1.194851e+00 1.167230e+00 1.113664e+00 1.000030e-06
<GCONST> 6.042967e+01
<MIXTURE> 118 6.506003e-03
<MEAN> 25
 -4.644353e+00 1.117509e+00 1.054386e+00 9.757811e+00 6.260141e+00 6.256454e+00 6.462744e+00 5.044521e+00 6.385355e+00 4.928484e+00 6.366691e+00 2.709313e+00 -7.499766e-02 -2.341265e-01 -3.583387e-01 -4.198974e-01 -3.674982e-01 -3.026721e-01 -2.874236e-01 -3.315432e-01 -3.916505e-01 -3.689264e-01 -2.630226e-01 -1.159293e-01 -8.999820e-06
<VARIANCE> 25
 7.187457e+00 8.753440e+00 9.808825e+00 1.431242e+01 1.561659e+01 1.534863e+01 1.772714e+01 1.795970e+01 1.640291e+01 1.637629e+01 1.674393e+01 1.475917e+01 2.166050e-01 3.074853e-01 4.261065e-01 6.171244e-01 8.536184e-01 1.055317e+00 1.177646e+00 1.232911e+00 1.224109e+00 1.194851e+00 1.167230e+00 1.113664e+00 1.000030e-06
<GCONST> 6.042967e+01
<MIXTURE> 119 4.297961e-03
<MEAN> 25
 -4.905694e+00 -7.553824e+00 2.193933e+00 2.001575e+00 2.238603e+00 2.470214e-01 5.269467e+00 5.922258e+00 1.166271e+00 9.029379e-01 6.533112e+00 1.518740e+00 -5.549369e-02 -7.893161e-02 4.001595e-02 -5.040916e-02 -1.235201e-01 -1.750304e-01 -6.561600e-02 -1.389716e-04 -8.141331e-02 -1.108278e-01 -6.264041e-02 -6.944948e-02 8.751861e-04
<VARIANCE> 25
 8.682462e+00 1.007929e+01 1.641747e+01 1.989859e+01 2.266486e+01 2.312340e+01 2.471335e+01 2.618861e+01 2.472416e+01 2.790690e+01 2.055865e+01 2.033161e+01 1.618821e-01 2.807785e-01 4.551702e-01 6.305255e-01 7.955132e-01 1.003783e+00 1.091481e+00 1.298622e+00 1.276813e+00 1.234671e+00 1.183121e+00 1.114365e+00 2.344701e-04
<GCONST> 6.967207e+01
<MIXTURE> 120 4.297961e-03
<MEAN> 25
 -4.905694e+00 -7.553824e+00 2.193933e+00 2.001575e+00 2.238603e+00 2.470214e-01 5.269467e+00 5.922258e+00 1.166271e+00 9.029379e-01 6.533112e+00 1.518740e+00 -5.549369e-02 -7.893161e-02 4.001595e-02 -5.040916e-02 -1.235201e-01 -1.750304e-01 -6.561600e-02 -1.389716e-04 -8.141331e-02 -1.108278e-01 -6.264041e-02 -6.944948e-02 8.751861e-04
<VARIANCE> 25
 8.682462e+00 1.007929e+01 1.641747e+01 1.989859e+01 2.266486e+01 2.312340e+01 2.471335e+01 2.618861e+01 2.472416e+01 2.790690e+01 2.055865e+01 2.033161e+01 1.618821e-01 2.807785e-01 4.551702e-01 6.305255e-01 7.955132e-01 1.003783e+00 1.091481e+00 1.298622e+00 1.276813e+00 1.234671e+00 1.183121e+00 1.114365e+00 2.344701e-04
<GCONST> 6.967207e+01
<MIXTURE> 121 4.567511e-03
<MEAN> 25
 1.978263e-01 -2.488683e+00 5.197458e+00 -1.287977e+01 -1.263405e+01 -1.684925e+00 1.011525e+00 -5.117771e+00 -4.173913e+00 -4.076473e-01 -5.460210e+00 -4.282561e+00 2.395647e-02 1.409531e-01 -3.578291e-02 8.318768e-02 1.638547e-01 8.258409e-02 -5.779486e-02 -1.745018e-01 -2.627016e-01 -2.397597e-01 -1.009971e-01 7.548799e-03 -7.476817e-03
<VARIANCE> 25
 7.685739e+00 1.566136e+01 1.749472e+01 2.036904e+01 2.428284e+01 2.919019e+01 2.935847e+01 2.442747e+01 3.510483e+01 2.924043e+01 1.989463e+01 2.120255e+01 1.539143e-01 6.490320e-01 6.236832e-01 7.011858e-01 7.688450e-01 1.145169e+00 1.178663e+00 1.124454e+00 1.216006e+00 1.227413e+00 9.600565e-01 8.734221e-01 2.095280e-04
<GCONST> 7.150813e+01
<MIXTURE> 122 4.567511e-03
<MEAN> 25
 1.978263e-01 -2.488683e+00 5.197458e+00 -1.287977e+01 -1.263405e+01 -1.684925e+00 1.011525e+00 -5.117771e+00 -4.173913e+00 -4.076473e-01 -5.460210e+00 -4.282561e+00 2.395647e-02 1.409531e-01 -3.578291e-02 8.318768e-02 1.638547e-01 8.258409e-02 -5.779486e-02 -1.745018e-01 -2.627016e-01 -2.397597e-01 -1.009971e-01 7.548799e-03 -7.476817e-03
<VARIANCE> 25
 7.685739e+00 1.566136e+01 1.749472e+01 2.036904e+01 2.428284e+01 2.919019e+01 2.935847e+01 2.442747e+01 3.510483e+01 2.924043e+01 1.989463e+01 2.120255e+01 1.539143e-01 6.490320e-01 6.236832e-01 7.011858e-01 7.688450e-01 1.145169e+00 1.178663e+00 1.124454e+00 1.216006e+00 1.227413e+00 9.600565e-01 8.734221e-01 2.095280e-04
<GCONST> 7.150813e+01
<MIXTURE> 123 4.393044e-03
<MEAN> 25
 -3.292759e+00 3.681583e-01 3.207660e-02 5.259589e+00 4.437453e+00 3.409700e+00 2.871898e+00 9.453442e-01 8.065013e-01 -1.373299e+00 -3.542231e-01 -4.506314e-01 -4.789347e-01 -8.184217e-01 -8.236369e-01 -6.665382e-01 -2.718001e-01 1.277888e-01 4.339126e-01 4.102817e-01 6.155189e-01 9.385468e-01 6.445298e-01 5.976681e-01 -3.555308e-03
<VARIANCE> 25
 1.112632e+01 9.097388e+00 1.253531e+01 1.638303e+01 1.986392e+01 2.271375e+01 2.117141e+01 1.731368e+01 1.684494e+01 1.663181e+01 2.067502e+01 2.179695e+01 3.200091e-01 3.491168e-01 4.237066e-01 6.050568e-01 8.015484e-01 9.317231e-01 9.625315e-01 1.137798e+00 1.023619e+00 1.123012e+00 1.042824e+00 1.366791e+00 1.442772e-04
<GCONST> 6.754719e+01
<MIXTURE> 124 4.069876e-03
<MEAN> 25
 -6.532379e+00 -1.219249e+00 -2.913050e+00 5.084039e+00 4.956572e+00 3.389634e+00 5.386938e+00 2.582375e+00 3.190726e+00 1.258842e+00 1.132443e+00 3.022117e+00 -2.049659e-01 -3.222533e-01 -3.594579e-01 -2.147547e-01 1.266283e-01 5.167989e-01 8.082824e-01 8.594432e-01 6.546133e-01 3.267303e-01 6.993033e-02 -2.767430e-02 9.524898e-06
<VARIANCE> 25
 1.117135e+01 6.968481e+00 1.111329e+01 1.247475e+01 1.211277e+01 1.972482e+01 1.546022e+01 1.704419e+01 1.537151e+01 1.608070e+01 1.914840e+01 1.448525e+01 1.046907e-01 1.680145e-01 2.711497e-01 4.174813e-01 5.908951e-01 7.116508e-01 7.466429e-01 8.144619e-01 9.067941e-01 9.780213e-01 1.006051e+00 9.927345e-01 1.838192e-05
<GCONST> 5.881104e+01
<MIXTURE> 125 4.069876e-03
<MEAN> 25
 -6.532379e+00 -1.219249e+00 -2.913050e+00 5.084039e+00 4.956572e+00 3.389634e+00 5.386938e+00 2.582375e+00 3.190726e+00 1.258842e+00 1.132443e+00 3.022117e+00 -2.049659e-01 -3.222533e-01 -3.594579e-01 -2.147547e-01 1.266283e-01 5.167989e-01 8.082824e-01 8.594432e-01 6.546133e-01 3.267303e-01 6.993033e-02 -2.767430e-02 9.524898e-06
<VARIANCE> 25
 1.117135e+01 6.968481e+00 1.111329e+01 1.247475e+01 1.211277e+01 1.972482e+01 1.546022e+01 1.704419e+01 1.537151e+01 1.608070e+01 1.914840e+01 1.448525e+01 1.046907e-01 1.680145e-01 2.711497e-01 4.174813e-01 5.908951e-01 7.116508e-01 7.466429e-01 8.144619e-01 9.067941e-01 9.780213e-01 1.006051e+00 9.927345e-01 1.838192e-05
<GCONST> 5.881104e+01
<MIXTURE> 126 2.402244e-03
<MEAN> 25
 -3.760897e+00 -6.900890e+00 -5.244828e+00 2.296733e+00 4.239443e+00 -3.222859e+00 9.830806e-02 3.541941e+00 3.319566e+00 -2.733036e+00 -1.427350e+00 3.017359e+00 -2.544320e-03 -4.543274e-03 -3.831832e-02 -1.555051e-01 -3.109342e-01 -3.828588e-01 -2.739375e-01 -1.565898e-01 -1.066147e-01 -1.095301e-01 -9.941173e-02 -2.578427e-02 -1.548187e-03
<VARIANCE> 25
 7.458009e+00 1.268251e+01 1.388509e+01 1.512050e+01 2.467604e+01 2.375052e+01 2.274303e+01 2.827929e+01 3.109579e+01 2.630823e+01 2.167069e+01 1.922353e+01 1.713605e-01 3.532937e-01 4.814537e-01 5.657083e-01 7.584799e-01 9.955149e-01 1.118524e+00 1.263976e+00 1.324104e+00 1.310742e+00 1.207426e+00 1.162101e+00 2.111537e-04
<GCONST> 6.980959e+01
<MIXTURE> 127 2.402244e-03
<MEAN> 25
 -3.760897e+00 -6.900890e+00 -5.244828e+00 2.296733e+00 4.239443e+00 -3.222859e+00 9.830806e-02 3.541941e+00 3.319566e+00 -2.733036e+00 -1.427350e+00 3.017359e+00 -2.544320e-03 -4.543274e-03 -3.831832e-02 -1.555051e-01 -3.109342e-01 -3.828588e-01 -2.739375e-01 -1.565898e-01 -1.066147e-01 -1.095301e-01 -9.941173e-02 -2.578427e-02 -1.548187e-03
<VARIANCE> 25
 7.458009e+00 1.268251e+01 1.388509e+01 1.512050e+01 2.467604e+01 2.375052e+01 2.274303e+01 2.827929e+01 3.109579e+01 2.630823e+01 2.167069e+01 1.922353e+01 1.713605e-01 3.532937e-01 4.814537e-01 5.657083e-01 7.584799e-01 9.955149e-01 1.118524e+00 1.263976e+00 1.324104e+00 1.310742e+00 1.207426e+00 1.162101e+00 2.111537e-04
<GCONST> 6.980959e+01
<MIXTURE> 128 3.790457e-03
<MEAN> 25
 -3.919698e+00 1.541450e+00 -3.494381e-01 6.551321e+00 3.625616e+00 1.854745e+00 3.557901e+00 2.360617e+00 3.962015e+00 3.704101e+00 3.760370e+00 3.518152e+00 -3.974290e-01 -1.950639e-01 9.922644e-02 7.325739e-01 1.185606e+00 1.130036e+00 7.170398e-01 1.323177e-01 -4.337454e-01 -7.891073e-01 -6.975369e-01 -3.923765e-01 -3.937486e-05
<VARIANCE> 25
 1.026577e+01 1.167477e+01 1.501002e+01 1.953827e+01 2.002221e+01 2.114643e+01 2.445494e+01 2.467838e+01 2.635947e+01 2.383302e+01 2.679851e+01 1.819654e+01 8.917792e-01 1.146342e+00 1.363351e+00 1.516579e+00 1.577709e+00 1.874215e+00 2.244908e+00 2.321401e+00 2.158188e+00 1.854171e+00 1.752314e+00 1.745852e+00 1.002438e-06
<GCONST> 7.367306e+01
<TRANSP> 3
 0.000000e+00 1.000000e+00 0.000000e+00
 0.000000e+00 9.999990e-01 9.999998e-07
 0.000000e+00 0.000000e+00 0.000000e+00
<ENDHMM>
