~o
<STREAMINFO> 1 25
<VECSIZE> 25<NULLD><MFCC_E_D_N><DIAGC>
~h "jmodel"
<BEGINHMM>
<NUMSTATES> 3
<STATE> 2
<NUMMIXES> 128
<MIXTURE> 1 5.748963e-03
<MEAN> 25
 -2.582900e+00 3.180752e+00 2.312026e+00 8.752201e+00 4.369423e+00 3.447649e+00 4.061611e+00 3.935137e+00 5.831202e+00 5.253031e+00 5.884099e+00 3.079975e+00 -2.004438e+00 -1.634807e+00 -8.641391e-01 1.076157e+00 1.560937e+00 2.231868e+00 2.154726e+00 2.085067e+00 1.693347e+00 1.269414e+00 1.567442e+00 6.130113e-01 -4.691792e-02
<VARIANCE> 25
 1.006540e+01 1.175896e+01 1.494086e+01 1.870856e+01 2.320829e+01 2.215503e+01 2.189302e+01 2.197093e+01 2.099603e+01 2.253020e+01 2.094274e+01 1.707776e+01 1.788620e+00 2.110971e+00 3.025357e+00 3.208909e+00 3.738435e+00 3.357396e+00 3.317696e+00 3.379267e+00 3.520796e+00 3.726266e+00 3.512619e+00 2.833808e+00 3.120929e-03
<GCONST> 8.846172e+01
<MIXTURE> 2 4.549242e-03
<MEAN> 25
 -4.874018e+00 1.310344e+00 9.940448e-01 9.895767e+00 6.690832e+00 7.421978e+00 7.846058e+00 6.958333e+00 8.372726e+00 6.371528e+00 7.622913e+00 3.073638e+00 -6.195101e-02 4.169162e-02 1.424448e-01 2.260354e-01 2.658268e-01 2.817231e-01 2.952476e-01 3.193934e-01 3.492215e-01 3.080841e-01 1.971698e-01 7.998034e-02 1.515538e-06
<VARIANCE> 25
 6.955059e+00 8.902391e+00 1.064704e+01 1.593791e+01 1.723216e+01 1.557096e+01 1.689445e+01 1.847860e+01 1.657965e+01 1.738262e+01 1.811051e+01 1.433564e+01 1.251981e-01 2.265664e-01 3.363553e-01 4.670556e-01 6.495926e-01 8.148595e-01 9.295593e-01 1.002790e+00 1.051919e+00 1.078730e+00 1.075286e+00 1.013597e+00 9.997351e-07
<GCONST> 5.804219e+01
<MIXTURE> 3 4.549242e-03
<MEAN> 25
 -4.874018e+00 1.310344e+00 9.940448e-01 9.895767e+00 6.690832e+00 7.421978e+00 7.846058e+00 6.958333e+00 8.372726e+00 6.371528e+00 7.622913e+00 3.073638e+00 -6.195101e-02 4.169162e-02 1.424448e-01 2.260354e-01 2.658268e-01 2.817231e-01 2.952476e-01 3.193934e-01 3.492215e-01 3.080841e-01 1.971698e-01 7.998034e-02 1.515538e-06
<VARIANCE> 25
 6.955059e+00 8.902391e+00 1.064704e+01 1.593791e+01 1.723216e+01 1.557096e+01 1.689445e+01 1.847860e+01 1.657965e+01 1.738262e+01 1.811051e+01 1.433564e+01 1.251981e-01 2.265664e-01 3.363553e-01 4.670556e-01 6.495926e-01 8.148595e-01 9.295593e-01 1.002790e+00 1.051919e+00 1.078730e+00 1.075286e+00 1.013597e+00 9.997351e-07
<GCONST> 5.804219e+01
<MIXTURE> 4 1.671429e-02
<MEAN> 25
 3.440889e+00 2.550766e+00 -3.800321e+00 9.385471e-01 4.323355e+00 -2.118642e-01 7.366622e-02 9.459722e-03 1.505967e+00 1.302352e+00 -1.888492e+00 1.036965e-01 -2.771604e+00 1.218073e+00 1.778071e+00 3.092078e+00 9.219097e-01 5.016807e-01 1.518046e+00 1.044146e+00 9.764600e-01 4.321018e-01 1.241588e+00 8.999896e-01 -1.040916e-01
<VARIANCE> 25
 2.117550e+01 2.952392e+01 2.921945e+01 3.982122e+01 4.574549e+01 6.880255e+01 6.534331e+01 5.378633e+01 5.544228e+01 6.222079e+01 4.979870e+01 3.593954e+01 2.349974e+00 5.056653e+00 3.736019e+00 4.945385e+00 5.021685e+00 6.163927e+00 6.104762e+00 5.576395e+00 5.969181e+00 6.436109e+00 6.121104e+00 4.465885e+00 6.091260e-03
<GCONST> 1.055066e+02
<MIXTURE> 5 3.206198e-03
<MEAN> 25
 -3.396707e+00 2.168340e+00 6.231288e-01 9.393650e+00 6.662065e+00 6.295995e+00 7.070074e+00 4.693784e+00 5.481270e+00 3.847584e+00 4.648530e+00 2.608608e+00 -3.297113e-01 7.534699e-01 1.218439e+00 1.027485e+00 2.967096e-01 -1.058109e-01 -8.319858e-02 3.690423e-02 4.553537e-01 6.813205e-01 4.107568e-01 8.795626e-02 -3.274256e-05
<VARIANCE> 25
 1.029409e+01 1.391615e+01 2.341443e+01 2.576477e+01 2.039495e+01 1.942378e+01 2.042043e+01 2.046098e+01 2.137215e+01 2.118882e+01 2.401590e+01 1.629229e+01 1.211102e+00 1.239061e+00 1.359918e+00 1.671746e+00 2.302502e+00 2.372913e+00 2.291484e+00 2.267909e+00 2.306898e+00 2.229313e+00 2.086619e+00 1.866040e+00 1.002032e-06
<GCONST> 7.517256e+01
<MIXTURE> 6 5.475854e-03
<MEAN> 25
 9.702476e+00 -4.178265e-01 -6.691852e+00 -1.104581e+01 -2.117082e+00 6.735045e+00 -5.899978e+00 -5.296953e+00 -3.657483e+00 1.829407e+00 4.644401e+00 -1.252139e+00 4.850853e-01 8.962637e-01 -3.510745e-01 -1.468839e+00 -6.383596e-01 1.314969e+00 1.536712e+00 2.476073e-01 -1.218751e+00 -1.218137e+00 3.231141e-01 1.228799e+00 -8.164037e-03
<VARIANCE> 25
 8.963639e+00 1.707934e+01 2.395625e+01 3.911927e+01 3.678288e+01 3.064986e+01 4.407619e+01 3.807303e+01 4.075565e+01 3.947593e+01 4.210536e+01 2.841886e+01 3.116031e-01 8.572984e-01 9.455718e-01 1.977983e+00 1.605849e+00 2.015962e+00 1.919458e+00 2.051841e+00 2.398997e+00 1.964008e+00 2.246048e+00 1.438114e+00 5.859960e-04
<GCONST> 8.387642e+01
<MIXTURE> 7 5.475854e-03
<MEAN> 25
 9.702476e+00 -4.178265e-01 -6.691852e+00 -1.104581e+01 -2.117082e+00 6.735045e+00 -5.899978e+00 -5.296953e+00 -3.657483e+00 1.829407e+00 4.644401e+00 -1.252139e+00 4.850853e-01 8.962637e-01 -3.510745e-01 -1.468839e+00 -6.383596e-01 1.314969e+00 1.536712e+00 2.476073e-01 -1.218751e+00 -1.218137e+00 3.231141e-01 1.228799e+00 -8.164037e-03
<VARIANCE> 25
 8.963639e+00 1.707934e+01 2.395625e+01 3.911927e+01 3.678288e+01 3.064986e+01 4.407619e+01 3.807303e+01 4.075565e+01 3.947593e+01 4.210536e+01 2.841886e+01 3.116031e-01 8.572984e-01 9.455718e-01 1.977983e+00 1.605849e+00 2.015962e+00 1.919458e+00 2.051841e+00 2.398997e+00 1.964008e+00 2.246048e+00 1.438114e+00 5.859960e-04
<GCONST> 8.387642e+01
<MIXTURE> 8 1.165917e-02
<MEAN> 25
 -4.730278e+00 1.362890e+00 1.292670e+00 9.559769e+00 6.575337e+00 6.255069e+00 6.480031e+00 5.688632e+00 6.659188e+00 5.632538e+00 6.573635e+00 3.153006e+00 -6.298293e-01 -1.425794e+00 -1.071348e+00 -1.731276e+00 -2.311772e-01 -9.456174e-01 -1.777330e-01 -2.896129e-01 -2.529745e-01 -1.740183e-01 -2.133778e-01 8.127473e-02 9.889380e-02
<VARIANCE> 25
 9.340016e+00 9.847362e+00 1.161137e+01 1.605351e+01 1.663533e+01 1.570660e+01 1.812861e+01 1.751179e+01 1.704236e+01 1.737461e+01 1.887447e+01 1.399780e+01 2.757228e+00 2.815386e+00 3.906966e+00 3.761740e+00 3.455985e+00 3.315926e+00 3.128957e+00 3.080712e+00 2.872078e+00 2.655816e+00 2.434838e+00 1.902000e+00 6.682015e-03
<GCONST> 8.628767e+01
<MIXTURE> 9 1.199672e-02
<MEAN> 25
 9.299868e+00 3.393127e+00 -6.208630e+00 -1.067413e+01 -2.213505e+00 4.967847e+00 -2.208441e+00 -2.306153e+00 -5.394978e+00 -1.258644e+00 5.682408e-01 -1.087399e-02 1.440744e+00 -1.287814e-01 -4.916057e-01 -2.704456e+00 -1.646771e+00 8.546265e-01 -9.729570e-01 -2.312417e-01 -1.809514e-01 -5.771208e-01 6.147936e-01 -1.527503e-01 7.332812e-02
<VARIANCE> 25
 1.223309e+01 2.140934e+01 3.355408e+01 5.350873e+01 5.016621e+01 3.228885e+01 4.319296e+01 5.216789e+01 4.206900e+01 4.160265e+01 3.611759e+01 2.691913e+01 2.088716e+00 2.450541e+00 4.572669e+00 4.875852e+00 5.009142e+00 4.097116e+00 4.237497e+00 6.042394e+00 5.039673e+00 4.079005e+00 4.015427e+00 2.804528e+00 2.213933e-03
<GCONST> 9.879836e+01
<MIXTURE> 10 6.596976e-03
<MEAN> 25
 8.210069e-01 7.634271e+00 5.375896e+00 7.148928e+00 1.587328e+00 -2.115164e+00 -5.182116e-01 -1.685409e+00 8.743015e-01 8.598838e-01 8.389710e-01 6.573564e-01 -1.924907e+00 -6.733232e-01 -4.585795e-01 3.028187e+00 2.463274e+00 2.710455e+00 2.373891e+00 2.277862e+00 1.861626e+00 1.545162e+00 2.335870e+00 5.248820e-01 -1.381413e-01
<VARIANCE> 25
 1.954161e+01 2.068609e+01 2.230442e+01 2.906113e+01 3.831277e+01 3.494035e+01 3.514550e+01 3.384089e+01 2.761269e+01 2.904933e+01 2.695886e+01 2.501433e+01 2.234900e+00 3.426151e+00 5.535554e+00 5.169546e+00 5.552280e+00 4.469488e+00 4.699785e+00 4.843584e+00 4.388556e+00 5.021086e+00 4.442162e+00 3.191058e+00 2.696996e-03
<GCONST> 9.745953e+01
<MIXTURE> 11 1.633820e-02
<MEAN> 25
 7.663596e+00 4.234465e+00 3.496000e+00 5.078745e+00 -3.276563e+00 -2.080881e+00 -2.436988e+00 -6.503492e+00 -3.511767e+00 8.090424e-02 -2.532686e+00 -2.179454e+00 -2.605681e-01 5.402759e-01 1.812062e-01 2.757519e-01 4.853976e-01 -7.302348e-02 2.278186e-01 -1.509861e-01 -1.509418e-01 9.135825e-03 -1.219174e-01 1.730241e-01 -1.636575e-02
<VARIANCE> 25
 1.196988e+01 2.408502e+01 2.006997e+01 3.166765e+01 3.826484e+01 3.836455e+01 4.763360e+01 4.327570e+01 4.282901e+01 3.528753e+01 3.480565e+01 2.870365e+01 9.417319e-01 1.225396e+00 1.677454e+00 2.181846e+00 2.142547e+00 2.214510e+00 2.143376e+00 2.770991e+00 2.174390e+00 2.015011e+00 1.876002e+00 1.657182e+00 9.557038e-04
<GCONST> 8.765365e+01
<MIXTURE> 12 5.904134e-03
<MEAN> 25
 1.076560e+01 3.743735e+00 -4.502602e+00 -1.599388e+01 -8.696410e+00 8.642797e+00 -8.969009e-01 -1.922052e+00 -1.722980e+00 -4.886589e+00 1.774710e+00 7.166889e-01 6.774627e-02 2.937798e-01 7.962041e-02 -3.682872e-01 -3.103059e-01 2.955552e-02 3.055291e-01 4.477949e-01 1.410529e-01 -3.846962e-01 -3.855875e-01 5.392561e-02 -6.303085e-03
<VARIANCE> 25
 8.882922e+00 2.100217e+01 2.335674e+01 3.503046e+01 4.206025e+01 3.095905e+01 4.179796e+01 4.898256e+01 4.406412e+01 3.738961e+01 3.799839e+01 2.892757e+01 2.468068e-01 6.883447e-01 6.860434e-01 1.169912e+00 1.186473e+00 1.053881e+00 1.171063e+00 1.386203e+00 1.240587e+00 1.222250e+00 1.221483e+00 9.564718e-01 5.786435e-04
<GCONST> 7.892069e+01
<MIXTURE> 13 5.904134e-03
<MEAN> 25
 1.076560e+01 3.743735e+00 -4.502602e+00 -1.599388e+01 -8.696410e+00 8.642797e+00 -8.969009e-01 -1.922052e+00 -1.722980e+00 -4.886589e+00 1.774710e+00 7.166889e-01 6.774627e-02 2.937798e-01 7.962041e-02 -3.682872e-01 -3.103059e-01 2.955552e-02 3.055291e-01 4.477949e-01 1.410529e-01 -3.846962e-01 -3.855875e-01 5.392561e-02 -6.303085e-03
<VARIANCE> 25
 8.882922e+00 2.100217e+01 2.335674e+01 3.503046e+01 4.206025e+01 3.095905e+01 4.179796e+01 4.898256e+01 4.406412e+01 3.738961e+01 3.799839e+01 2.892757e+01 2.468068e-01 6.883447e-01 6.860434e-01 1.169912e+00 1.186473e+00 1.053881e+00 1.171063e+00 1.386203e+00 1.240587e+00 1.222250e+00 1.221483e+00 9.564718e-01 5.786435e-04
<GCONST> 7.892069e+01
<MIXTURE> 14 6.488954e-03
<MEAN> 25
 -4.319033e+00 -3.792259e-01 -3.112971e-01 8.911628e+00 7.515073e+00 7.380222e+00 7.830970e+00 7.327473e+00 7.252139e+00 5.227289e+00 6.867851e+00 4.102383e+00 -2.745381e-01 1.935996e-01 3.654470e-01 3.103503e-01 6.643717e-03 6.012689e-02 9.705549e-02 1.771542e-01 2.959622e-01 5.398874e-01 5.067270e-01 7.577877e-02 -9.337801e-03
<VARIANCE> 25
 9.288000e+00 1.386081e+01 1.863087e+01 1.783720e+01 2.090599e+01 1.958666e+01 2.150534e+01 2.063044e+01 2.008514e+01 2.391222e+01 2.137601e+01 1.598018e+01 9.622438e-01 1.640678e+00 1.774014e+00 1.935633e+00 2.246135e+00 2.258738e+00 2.256377e+00 2.240842e+00 2.285706e+00 2.507782e+00 2.196656e+00 1.812786e+00 1.029892e-03
<GCONST> 8.191325e+01
<MIXTURE> 15 2.475190e-03
<MEAN> 25
 -5.366203e+00 -6.384783e-01 -1.861323e-01 7.295753e+00 5.693471e+00 5.655308e+00 6.039192e+00 4.958241e+00 5.141910e+00 4.135915e+00 5.441526e+00 2.507370e+00 -1.187988e-01 -2.731420e-02 7.656995e-02 2.418279e-01 4.968680e-01 7.861795e-01 1.072144e+00 1.187092e+00 1.061960e+00 7.660192e-01 4.292599e-01 1.538274e-01 -6.182682e-05
<VARIANCE> 25
 7.230772e+00 5.575988e+00 8.974412e+00 1.319010e+01 1.401334e+01 1.436716e+01 1.483038e+01 1.479053e+01 1.403976e+01 1.408367e+01 1.530391e+01 1.248254e+01 1.255921e-01 2.062960e-01 3.179165e-01 4.993426e-01 6.986030e-01 7.887475e-01 7.558431e-01 7.952010e-01 9.033994e-01 1.034779e+00 1.077091e+00 1.033516e+00 2.801160e-05
<GCONST> 5.861083e+01
<MIXTURE> 16 2.475190e-03
<MEAN> 25
 -5.366203e+00 -6.384783e-01 -1.861323e-01 7.295753e+00 5.693471e+00 5.655308e+00 6.039192e+00 4.958241e+00 5.141910e+00 4.135915e+00 5.441526e+00 2.507370e+00 -1.187988e-01 -2.731420e-02 7.656995e-02 2.418279e-01 4.968680e-01 7.861795e-01 1.072144e+00 1.187092e+00 1.061960e+00 7.660192e-01 4.292599e-01 1.538274e-01 -6.182682e-05
<VARIANCE> 25
 7.230772e+00 5.575988e+00 8.974412e+00 1.319010e+01 1.401334e+01 1.436716e+01 1.483038e+01 1.479053e+01 1.403976e+01 1.408367e+01 1.530391e+01 1.248254e+01 1.255921e-01 2.062960e-01 3.179165e-01 4.993426e-01 6.986030e-01 7.887475e-01 7.558431e-01 7.952010e-01 9.033994e-01 1.034779e+00 1.077091e+00 1.033516e+00 2.801160e-05
<GCONST> 5.861083e+01
<MIXTURE> 17 9.518312e-03
<MEAN> 25
 3.745692e+00 -7.710699e-01 6.398759e+00 2.384446e+00 -5.996256e+00 -6.369882e+00 -3.135358e+00 -1.679183e-01 -2.668728e+00 -3.286649e+00 7.742654e-02 -2.242371e-02 -7.670140e-01 -1.212426e+00 1.299850e+00 -2.125948e+00 -2.364728e+00 -1.675827e-01 1.793009e-01 7.658824e-01 -2.799954e-01 -1.799683e-01 1.030273e+00 3.964674e-01 8.198278e-02
<VARIANCE> 25
 1.656269e+01 3.151201e+01 3.005167e+01 3.956046e+01 4.480169e+01 4.882441e+01 4.214762e+01 3.430285e+01 3.540483e+01 2.693831e+01 2.810528e+01 2.793587e+01 1.826156e+00 2.709471e+00 4.018315e+00 3.088865e+00 4.084503e+00 5.483136e+00 4.987327e+00 4.721318e+00 4.069403e+00 4.021287e+00 3.057363e+00 2.738327e+00 2.158134e-03
<GCONST> 9.694532e+01
<MIXTURE> 18 1.221018e-02
<MEAN> 25
 3.951983e+00 4.619667e+00 6.743120e+00 4.740762e+00 -4.612854e+00 -8.355898e+00 -1.743392e+00 -1.173284e+00 -3.371254e+00 -2.455466e+00 -8.818114e-01 5.757371e-01 -7.611557e-01 2.160565e+00 -1.992589e-01 2.032005e+00 3.117006e+00 1.484623e+00 8.039299e-01 -2.108866e-01 6.189808e-01 5.210229e-01 -2.888303e-01 -6.081657e-02 -1.238310e-01
<VARIANCE> 25
 1.608833e+01 2.532578e+01 3.289398e+01 2.615815e+01 4.003423e+01 3.366748e+01 3.865594e+01 3.511198e+01 3.918261e+01 3.451699e+01 3.252317e+01 3.096264e+01 2.562797e+00 3.033187e+00 4.734387e+00 4.048082e+00 4.090757e+00 4.669565e+00 4.654889e+00 4.452773e+00 4.486712e+00 4.316660e+00 4.570924e+00 3.626917e+00 4.114049e-03
<GCONST> 9.852164e+01
<MIXTURE> 19 9.912824e-03
<MEAN> 25
 -1.015592e+01 1.829218e+00 3.109390e-01 1.083173e+00 3.992745e+00 1.586051e+00 3.408869e+00 1.138701e+00 2.081085e+00 1.175130e+00 1.108780e+00 2.022916e+00 2.092453e+00 1.752912e+00 2.163522e+00 7.513163e-01 -1.055990e+00 -1.024444e+00 -1.048306e+00 -1.417438e+00 -1.496912e+00 -1.144294e+00 -8.363494e-01 -8.068950e-01 1.399128e-03
<VARIANCE> 25
 5.351439e+01 3.019313e+01 4.827890e+01 5.361314e+01 3.383981e+01 3.281105e+01 3.122209e+01 2.975705e+01 2.855476e+01 2.711702e+01 3.028597e+01 1.979134e+01 2.403128e+00 2.205463e+00 2.192143e+00 2.342630e+00 2.567626e+00 2.248942e+00 2.451739e+00 2.395670e+00 2.105144e+00 2.046339e+00 2.247406e+00 1.776485e+00 2.404409e-03
<GCONST> 9.172997e+01
<MIXTURE> 20 6.308331e-03
<MEAN> 25
 -1.418145e+01 7.416194e+00 8.452314e-01 6.152289e+00 4.843555e+00 1.637090e+00 5.209284e+00 8.536933e-01 9.223132e-01 7.987435e-01 2.568580e+00 -3.024292e-01 -3.285946e+00 -8.668866e-01 -1.565170e+00 3.325815e-01 1.541046e+00 2.063141e+00 1.979244e+00 2.056207e+00 2.144594e+00 2.040245e+00 1.684746e+00 9.453121e-01 4.732136e-02
<VARIANCE> 25
 1.966348e+01 2.345561e+01 3.096064e+01 3.717621e+01 3.084978e+01 2.789033e+01 2.993287e+01 3.147528e+01 2.796411e+01 2.821392e+01 2.515978e+01 2.091775e+01 2.092036e+00 2.182255e+00 1.909938e+00 2.541362e+00 2.702739e+00 2.313095e+00 2.310106e+00 2.320019e+00 2.235433e+00 2.652243e+00 2.241424e+00 1.865659e+00 1.886420e-03
<GCONST> 8.921882e+01
<MIXTURE> 21 7.928653e-03
<MEAN> 25
 3.993854e+00 -4.515223e+00 5.754869e+00 -1.540887e+00 -1.055452e+01 -8.703464e+00 -2.617061e+00 4.152133e+00 -2.061574e+00 -3.410162e+00 2.323759e-01 3.334920e-01 -7.167670e-01 1.338135e+00 2.582010e+00 -4.458990e-02 -1.548366e+00 3.346643e-01 5.815338e-01 -1.497570e+00 -1.948935e+00 3.176068e-01 1.326361e+00 2.512822e-01 -1.272300e-02
<VARIANCE> 25
 8.904320e+00 1.872286e+01 2.965327e+01 2.831071e+01 2.867088e+01 3.323107e+01 4.279378e+01 3.937496e+01 4.280565e+01 3.150112e+01 3.377099e+01 2.316963e+01 3.781187e-01 9.498956e-01 1.864612e+00 1.286035e+00 2.209239e+00 2.185759e+00 3.645059e+00 2.498761e+00 2.178725e+00 2.593608e+00 2.012887e+00 2.289593e+00 4.280206e-04
<GCONST> 8.509187e+01
<MIXTURE> 22 8.827789e-03
<MEAN> 25
 -1.792091e+01 7.154785e+00 -4.131347e+00 7.392482e+00 4.602546e+00 2.761039e+00 8.399819e+00 1.748462e+00 5.379299e+00 3.301012e+00 5.716434e+00 1.185148e+00 -3.095726e-01 -2.075880e-01 -1.255633e-01 -1.492641e-01 -7.208806e-03 1.369678e-01 1.807591e-01 1.779423e-01 2.484757e-01 2.073076e-01 1.726615e-01 1.924446e-01 8.857626e-03
<VARIANCE> 25
 8.116920e+00 1.682541e+01 1.738343e+01 2.517213e+01 2.289636e+01 2.083704e+01 1.943101e+01 1.871084e+01 1.813996e+01 2.086667e+01 1.924184e+01 1.378720e+01 1.090756e+00 1.357369e+00 1.363971e+00 1.572030e+00 1.408815e+00 1.526971e+00 1.508942e+00 1.532825e+00 1.614233e+00 1.544764e+00 1.357418e+00 1.168007e+00 1.745583e-03
<GCONST> 7.830949e+01
<MIXTURE> 23 6.455497e-03
<MEAN> 25
 7.590351e+00 2.356055e+00 2.916856e+00 2.179381e+00 -4.668958e+00 -3.085511e+00 -4.075770e+00 -6.193799e+00 -3.396774e+00 -9.352917e-01 -3.946756e+00 -1.982728e+00 2.751068e-02 1.802278e-01 5.425928e-03 4.158631e-02 4.056770e-02 6.971239e-02 2.817069e-03 -5.777776e-02 2.817662e-02 8.797298e-02 5.169570e-03 4.699397e-02 -4.328844e-03
<VARIANCE> 25
 1.187649e+01 2.134807e+01 2.370663e+01 3.973195e+01 3.663315e+01 5.102673e+01 5.711932e+01 5.377436e+01 4.587454e+01 4.478231e+01 4.635907e+01 3.856004e+01 1.221816e-01 2.895066e-01 3.834847e-01 4.713214e-01 6.599502e-01 7.147719e-01 7.854297e-01 8.822680e-01 8.741935e-01 8.819950e-01 7.991295e-01 7.510263e-01 8.606203e-05
<GCONST> 7.270827e+01
<MIXTURE> 24 6.455497e-03
<MEAN> 25
 7.590351e+00 2.356055e+00 2.916856e+00 2.179381e+00 -4.668958e+00 -3.085511e+00 -4.075770e+00 -6.193799e+00 -3.396774e+00 -9.352917e-01 -3.946756e+00 -1.982728e+00 2.751068e-02 1.802278e-01 5.425928e-03 4.158631e-02 4.056770e-02 6.971239e-02 2.817069e-03 -5.777776e-02 2.817662e-02 8.797298e-02 5.169570e-03 4.699397e-02 -4.328844e-03
<VARIANCE> 25
 1.187649e+01 2.134807e+01 2.370663e+01 3.973195e+01 3.663315e+01 5.102673e+01 5.711932e+01 5.377436e+01 4.587454e+01 4.478231e+01 4.635907e+01 3.856004e+01 1.221816e-01 2.895066e-01 3.834847e-01 4.713214e-01 6.599502e-01 7.147719e-01 7.854297e-01 8.822680e-01 8.741935e-01 8.819950e-01 7.991295e-01 7.510263e-01 8.606203e-05
<GCONST> 7.270827e+01
<MIXTURE> 25 1.118642e-02
<MEAN> 25
 2.658079e-01 3.442683e+00 1.652915e+01 -1.030059e+00 -1.123724e+01 -1.751220e+00 -4.933183e+00 -2.944831e+00 -6.824685e+00 -5.421550e+00 4.133992e+00 -1.631695e+00 -1.550204e-01 4.488578e-01 1.543633e-01 1.499184e-01 1.735965e-01 5.722247e-02 1.906423e-01 -1.244158e-01 -2.331223e-01 6.921916e-02 -7.352334e-02 -1.319018e-01 -1.283950e-02
<VARIANCE> 25
 8.727771e+00 2.189147e+01 2.395141e+01 2.814533e+01 3.151715e+01 4.033741e+01 2.704312e+01 2.944658e+01 2.853252e+01 3.597795e+01 2.062613e+01 2.709924e+01 6.063387e-01 1.422483e+00 1.390520e+00 1.357605e+00 2.331050e+00 2.143732e+00 1.716910e+00 1.704147e+00 1.520893e+00 1.622081e+00 1.323940e+00 1.310026e+00 1.258888e-03
<GCONST> 8.274687e+01
<MIXTURE> 26 7.727677e-03
<MEAN> 25
 2.175224e+00 -6.441320e+00 -1.038737e+01 -7.024458e-01 7.999241e+00 5.489748e+00 4.062723e+00 -2.792111e-01 2.267755e+00 -9.602631e-01 -2.901623e+00 -9.938841e-01 -6.534817e-01 6.294195e-01 3.673342e-01 6.975443e-01 1.754721e-01 2.416762e-01 2.878458e-01 3.335201e-01 2.889825e-01 8.584844e-02 3.885945e-01 4.307318e-01 -5.272667e-02
<VARIANCE> 25
 2.509202e+01 3.406332e+01 2.572596e+01 6.232477e+01 3.901537e+01 4.239931e+01 4.608533e+01 4.397677e+01 3.934558e+01 5.448449e+01 4.005499e+01 4.669525e+01 1.649825e+00 1.956195e+00 1.928779e+00 2.002653e+00 2.318844e+00 2.365792e+00 2.519427e+00 2.738782e+00 2.334075e+00 2.336251e+00 2.162426e+00 2.006369e+00 3.321165e-03
<GCONST> 9.392006e+01
<MIXTURE> 27 7.727677e-03
<MEAN> 25
 2.175224e+00 -6.441320e+00 -1.038737e+01 -7.024458e-01 7.999241e+00 5.489748e+00 4.062723e+00 -2.792111e-01 2.267755e+00 -9.602631e-01 -2.901623e+00 -9.938841e-01 -6.534817e-01 6.294195e-01 3.673342e-01 6.975443e-01 1.754721e-01 2.416762e-01 2.878458e-01 3.335201e-01 2.889825e-01 8.584844e-02 3.885945e-01 4.307318e-01 -5.272667e-02
<VARIANCE> 25
 2.509202e+01 3.406332e+01 2.572596e+01 6.232477e+01 3.901537e+01 4.239931e+01 4.608533e+01 4.397677e+01 3.934558e+01 5.448449e+01 4.005499e+01 4.669525e+01 1.649825e+00 1.956195e+00 1.928779e+00 2.002653e+00 2.318844e+00 2.365792e+00 2.519427e+00 2.738782e+00 2.334075e+00 2.336251e+00 2.162426e+00 2.006369e+00 3.321165e-03
<GCONST> 9.392006e+01
<MIXTURE> 28 5.036674e-03
<MEAN> 25
 -5.368345e+00 1.236155e-02 -1.535891e+00 6.523425e+00 5.154092e+00 3.471279e+00 5.377691e+00 3.114327e+00 3.915805e+00 2.401302e+00 2.598606e+00 3.170324e+00 -1.153208e-01 2.199011e-01 5.277224e-01 7.838300e-01 8.213218e-01 6.949508e-01 5.228829e-01 3.891836e-01 4.443200e-01 4.701969e-01 3.676670e-01 1.902353e-01 -1.011888e-05
<VARIANCE> 25
 1.077292e+01 8.265196e+00 1.209401e+01 1.526515e+01 1.509174e+01 1.772313e+01 1.798027e+01 1.888584e+01 1.703808e+01 1.653778e+01 2.055386e+01 1.498675e+01 2.541874e-01 3.347188e-01 4.084725e-01 4.688438e-01 6.190743e-01 8.500313e-01 1.052878e+00 1.141186e+00 1.096575e+00 1.035203e+00 1.029359e+00 1.069101e+00 1.008725e-06
<GCONST> 6.028266e+01
<MIXTURE> 29 5.036674e-03
<MEAN> 25
 -5.368345e+00 1.236155e-02 -1.535891e+00 6.523425e+00 5.154092e+00 3.471279e+00 5.377691e+00 3.114327e+00 3.915805e+00 2.401302e+00 2.598606e+00 3.170324e+00 -1.153208e-01 2.199011e-01 5.277224e-01 7.838300e-01 8.213218e-01 6.949508e-01 5.228829e-01 3.891836e-01 4.443200e-01 4.701969e-01 3.676670e-01 1.902353e-01 -1.011888e-05
<VARIANCE> 25
 1.077292e+01 8.265196e+00 1.209401e+01 1.526515e+01 1.509174e+01 1.772313e+01 1.798027e+01 1.888584e+01 1.703808e+01 1.653778e+01 2.055386e+01 1.498675e+01 2.541874e-01 3.347188e-01 4.084725e-01 4.688438e-01 6.190743e-01 8.500313e-01 1.052878e+00 1.141186e+00 1.096575e+00 1.035203e+00 1.029359e+00 1.069101e+00 1.008725e-06
<GCONST> 6.028266e+01
<MIXTURE> 30 8.917812e-03
<MEAN> 25
 -4.491146e+00 -1.962041e-01 6.540735e-01 9.081017e+00 7.771914e+00 7.505407e+00 7.579928e+00 6.879643e+00 6.532237e+00 4.895553e+00 7.010382e+00 3.500746e+00 -2.387528e-02 3.039752e-02 5.628860e-02 8.899713e-02 8.221111e-02 4.477451e-02 1.340680e-02 -3.052934e-03 1.718919e-02 5.069812e-02 6.173800e-02 3.472943e-02 -5.581120e-04
<VARIANCE> 25
 6.946660e+00 9.857704e+00 1.038942e+01 1.380368e+01 1.575814e+01 1.643475e+01 1.913850e+01 1.817261e+01 1.627940e+01 1.835357e+01 2.123147e+01 1.435638e+01 9.741049e-02 1.995416e-01 3.248450e-01 4.813504e-01 6.199208e-01 7.245067e-01 7.720141e-01 8.119766e-01 8.766211e-01 9.380559e-01 9.202636e-01 8.620893e-01 5.098705e-05
<GCONST> 6.059229e+01
<MIXTURE> 31 4.136493e-03
<MEAN> 25
 -3.183245e+00 -5.563591e+00 4.032554e-02 4.704681e+00 3.568744e+00 1.634647e+00 5.113065e+00 6.550172e+00 2.650714e+00 1.249716e+00 6.387766e+00 3.107046e+00 2.534205e-01 4.773650e-01 -2.055363e-01 2.959209e-01 1.171238e-01 4.315223e-01 1.841940e-01 4.716073e-03 3.861600e-01 3.654287e-01 9.861942e-02 1.173532e-01 -1.778566e-02
<VARIANCE> 25
 7.417846e+00 1.540672e+01 1.703377e+01 1.848124e+01 2.519999e+01 2.337397e+01 2.357559e+01 2.505613e+01 2.562646e+01 2.745629e+01 2.063913e+01 1.849315e+01 1.914854e-01 4.941352e-01 5.962243e-01 7.544550e-01 9.486794e-01 1.075663e+00 1.209715e+00 1.374686e+00 1.317392e+00 1.330905e+00 1.223892e+00 1.121698e+00 2.647297e-04
<GCONST> 7.171183e+01
<MIXTURE> 32 4.136493e-03
<MEAN> 25
 -3.183245e+00 -5.563591e+00 4.032554e-02 4.704681e+00 3.568744e+00 1.634647e+00 5.113065e+00 6.550172e+00 2.650714e+00 1.249716e+00 6.387766e+00 3.107046e+00 2.534205e-01 4.773650e-01 -2.055363e-01 2.959209e-01 1.171238e-01 4.315223e-01 1.841940e-01 4.716073e-03 3.861600e-01 3.654287e-01 9.861942e-02 1.173532e-01 -1.778566e-02
<VARIANCE> 25
 7.417846e+00 1.540672e+01 1.703377e+01 1.848124e+01 2.519999e+01 2.337397e+01 2.357559e+01 2.505613e+01 2.562646e+01 2.745629e+01 2.063913e+01 1.849315e+01 1.914854e-01 4.941352e-01 5.962243e-01 7.544550e-01 9.486794e-01 1.075663e+00 1.209715e+00 1.374686e+00 1.317392e+00 1.330905e+00 1.223892e+00 1.121698e+00 2.647297e-04
<GCONST> 7.171183e+01
<MIXTURE> 33 1.508826e-02
<MEAN> 25
 6.584377e+00 -4.015107e+00 -2.218000e+00 -2.633965e+00 -1.964926e+00 -5.618609e+00 -7.267834e+00 1.728125e+00 2.308901e+00 -4.693848e-01 -4.710627e+00 -3.007894e+00 6.521962e-01 -1.171600e+00 -2.440147e+00 -1.868120e+00 1.458163e+00 1.416582e+00 -7.563273e-01 6.536441e-01 1.019797e+00 5.586031e-01 -3.071847e-01 -1.334477e+00 3.761994e-02
<VARIANCE> 25
 9.944463e+00 2.113104e+01 2.898954e+01 3.609855e+01 4.059159e+01 4.403924e+01 4.311730e+01 4.679014e+01 4.055263e+01 4.391062e+01 3.490728e+01 2.837137e+01 1.161642e+00 1.943008e+00 2.204272e+00 2.191415e+00 4.218412e+00 3.445907e+00 4.321106e+00 5.630641e+00 3.791939e+00 4.402082e+00 3.377156e+00 2.602181e+00 1.477197e-03
<GCONST> 9.445708e+01
<MIXTURE> 34 1.588179e-02
<MEAN> 25
 8.925395e+00 4.680096e-02 1.343927e-01 1.214661e+00 -2.944956e+00 -1.522719e+00 -6.153052e+00 -4.691976e+00 -1.807159e+00 1.526258e-01 -2.653221e+00 -3.698938e+00 -1.730705e-02 1.346577e+00 1.474519e+00 2.396929e+00 -4.159406e-02 -1.531549e-01 7.903736e-01 -1.642256e+00 -9.015396e-01 2.591003e-01 -5.558559e-01 2.447833e-01 -6.236949e-02
<VARIANCE> 25
 7.684012e+00 3.104519e+01 2.944430e+01 4.992941e+01 4.238039e+01 4.946009e+01 5.500794e+01 5.671238e+01 5.267163e+01 4.327377e+01 4.834264e+01 3.153324e+01 1.263815e+00 1.984093e+00 4.268314e+00 4.051872e+00 5.634236e+00 5.835066e+00 5.513494e+00 6.165234e+00 5.201576e+00 4.981891e+00 5.025208e+00 3.879920e+00 1.154228e-03
<GCONST> 9.971822e+01
<MIXTURE> 35 1.467755e-02
<MEAN> 25
 -2.156125e+00 -5.252936e+00 -9.991415e+00 2.181770e-01 9.714847e+00 7.987600e-01 1.607541e+00 2.539258e+00 1.471837e+00 4.582470e+00 4.625998e-02 1.883360e+00 5.479226e-01 -1.117778e+00 -1.429151e+00 -1.387597e+00 4.082062e-01 -7.987153e-01 -6.817701e-01 -1.321789e-01 -1.600231e-01 1.641709e-01 -6.521409e-01 -4.975640e-01 1.077545e-01
<VARIANCE> 25
 1.959300e+01 2.945940e+01 4.335544e+01 6.241753e+01 4.209918e+01 5.750242e+01 5.103697e+01 4.364528e+01 5.043195e+01 3.854485e+01 3.660183e+01 3.097099e+01 3.466282e+00 3.575437e+00 6.785311e+00 5.560068e+00 5.223891e+00 5.584334e+00 4.926712e+00 4.748816e+00 5.056342e+00 4.519595e+00 4.080028e+00 3.798760e+00 5.301426e-03
<GCONST> 1.036179e+02
<MIXTURE> 36 1.093293e-02
<MEAN> 25
 4.862486e+00 -3.425662e+00 6.821302e+00 2.589051e+00 -9.933547e+00 -8.793824e+00 -6.218890e+00 2.933413e+00 -1.910029e+00 -4.476089e+00 2.729964e+00 -1.921832e-01 3.434381e-01 1.498821e-01 -8.826218e-01 2.682041e-03 8.398416e-01 3.286970e-02 -4.702872e-01 3.549552e-02 4.274145e-01 5.950452e-01 -4.213934e-01 -3.305613e-01 -1.551238e-02
<VARIANCE> 25
 1.034829e+01 1.661600e+01 2.312909e+01 2.757163e+01 3.197815e+01 3.165443e+01 4.498310e+01 3.517830e+01 3.868251e+01 3.269121e+01 2.745940e+01 2.619171e+01 4.765730e-01 7.332136e-01 1.522856e+00 1.219580e+00 1.657869e+00 1.661064e+00 2.121905e+00 1.732447e+00 1.990216e+00 1.685476e+00 1.396387e+00 1.440073e+00 7.064861e-04
<GCONST> 8.209543e+01
<MIXTURE> 37 1.246826e-02
<MEAN> 25
 5.452108e-01 7.773045e+00 1.205643e+01 -5.554164e+00 -8.030712e+00 -1.052915e+00 -5.080221e+00 -8.323600e+00 -3.710423e+00 -9.079769e-01 -3.668334e+00 -1.292206e+00 1.824238e-01 6.472358e-01 -1.353803e+00 3.583241e+00 1.987366e+00 -3.011588e-01 1.091141e+00 4.363485e-01 5.281318e-01 -3.231642e-01 5.374784e-01 -9.758878e-02 -9.492908e-02
<VARIANCE> 25
 1.592947e+01 2.598708e+01 3.084566e+01 5.100909e+01 3.393372e+01 3.200903e+01 4.397431e+01 3.505090e+01 3.860783e+01 3.596430e+01 3.776044e+01 3.088521e+01 2.956232e+00 3.415423e+00 3.018128e+00 4.093544e+00 4.619905e+00 3.753306e+00 4.207909e+00 3.810695e+00 3.449116e+00 3.621429e+00 3.869473e+00 2.792121e+00 3.928610e-03
<GCONST> 9.778155e+01
<MIXTURE> 38 1.154525e-02
<MEAN> 25
 -4.476438e+00 8.975068e+00 4.600655e+00 3.232449e+00 8.463818e-01 -5.220071e+00 -6.075431e-01 -2.745157e+00 -2.856491e+00 -3.103639e+00 -1.491789e+00 -5.425700e-01 -4.518423e+00 1.251995e+00 -3.115914e-01 1.454926e+00 2.563100e+00 1.392460e+00 2.051460e+00 9.536136e-01 7.857351e-01 6.378640e-01 1.004753e+00 3.257813e-01 4.856718e-02
<VARIANCE> 25
 3.139904e+01 2.956143e+01 3.902253e+01 3.301014e+01 4.886392e+01 3.559109e+01 3.636152e+01 4.164937e+01 3.487643e+01 3.250056e+01 2.428917e+01 2.872872e+01 2.353658e+00 3.941148e+00 3.909298e+00 5.162931e+00 4.248367e+00 5.020994e+00 4.781860e+00 4.643813e+00 4.446536e+00 4.938630e+00 4.390042e+00 3.263941e+00 2.049419e-03
<GCONST> 9.926018e+01
<MIXTURE> 39 9.501865e-03
<MEAN> 25
 1.334998e+00 2.591374e+00 1.016673e+01 -9.180404e+00 -1.124291e+01 -9.964471e-01 -2.974040e+00 -6.571624e+00 -4.510397e+00 8.569660e-01 -3.664161e+00 -2.289180e+00 -7.237023e-01 1.518504e+00 1.620821e+00 -1.383388e+00 7.429876e-02 1.214493e+00 -1.201493e+00 -1.248269e+00 4.329880e-01 4.490052e-01 -4.994025e-01 1.312258e-01 1.336897e-03
<VARIANCE> 25
 8.871958e+00 2.998249e+01 3.196934e+01 3.837674e+01 3.750156e+01 4.250731e+01 4.422800e+01 3.338764e+01 3.933287e+01 3.313161e+01 3.613690e+01 2.931785e+01 6.946428e-01 1.543914e+00 1.513129e+00 2.921340e+00 2.416293e+00 2.831713e+00 3.041821e+00 2.750875e+00 2.431224e+00 2.610893e+00 2.121803e+00 2.081830e+00 1.178538e-03
<GCONST> 8.964612e+01
<MIXTURE> 40 1.030800e-02
<MEAN> 25
 -9.079479e+00 2.100339e+00 -1.097150e+00 7.996166e+00 3.691002e+00 5.324592e+00 5.137886e+00 4.155833e+00 4.519054e+00 4.166543e+00 5.598618e+00 1.671441e+00 -9.236486e-02 -2.274604e-01 -3.280715e-02 -2.340438e-01 -1.192197e-01 -1.144329e-01 6.058003e-02 8.163812e-02 1.380016e-02 -2.402691e-03 7.528000e-02 1.632474e-02 3.651721e-03
<VARIANCE> 25
 4.335066e+01 2.030084e+01 2.889823e+01 2.784668e+01 2.591413e+01 1.958060e+01 1.975053e+01 1.837762e+01 1.698186e+01 1.824998e+01 1.875268e+01 1.444389e+01 7.503878e-01 7.348689e-01 8.670041e-01 1.088342e+00 1.147168e+00 1.278084e+00 1.321396e+00 1.271883e+00 1.269565e+00 1.218579e+00 1.168453e+00 1.064725e+00 8.343074e-04
<GCONST> 7.669337e+01
<MIXTURE> 41 6.713375e-03
<MEAN> 25
 1.308090e+00 1.784749e+00 1.047577e+01 -6.962042e+00 -1.047155e+01 -3.856953e+00 -2.486315e+00 -5.044903e+00 -4.655272e+00 2.660618e+00 -1.744720e+00 -9.519721e-01 7.778507e-02 -7.604967e-01 1.696510e+00 -3.558699e+00 -2.461197e+00 -1.137184e-01 -5.068572e-01 -3.570553e-01 -8.270326e-01 1.086588e+00 -1.045727e+00 8.303718e-02 8.627564e-02
<VARIANCE> 25
 1.169378e+01 2.965156e+01 3.261271e+01 4.003299e+01 3.869020e+01 4.015386e+01 3.713278e+01 2.986773e+01 3.308556e+01 2.879231e+01 3.185779e+01 2.718601e+01 3.177653e+00 3.311227e+00 3.825617e+00 3.797059e+00 4.902966e+00 5.874884e+00 4.715342e+00 4.558411e+00 3.976239e+00 4.219927e+00 3.832438e+00 3.223505e+00 2.931627e-03
<GCONST> 9.791234e+01
<MIXTURE> 42 1.106211e-02
<MEAN> 25
 -1.924457e+00 4.562602e+00 4.664069e+00 2.875084e+00 1.938749e-01 -6.294063e+00 -9.999774e-01 -1.879411e+00 -1.514421e+00 -1.239959e+00 -2.288482e+00 1.263662e+00 4.178995e+00 -3.488685e-01 1.525214e+00 1.966667e-01 -2.961755e+00 -1.154392e+00 -2.258301e+00 -8.185570e-01 -7.874933e-01 -7.351946e-01 5.309091e-01 -1.057024e+00 9.580577e-03
<VARIANCE> 25
 3.624567e+01 2.118876e+01 4.668238e+01 2.620764e+01 3.925342e+01 3.905574e+01 3.721325e+01 2.730945e+01 2.861517e+01 2.759810e+01 2.008703e+01 1.790757e+01 3.580529e+00 4.887757e+00 6.150437e+00 4.784142e+00 4.645195e+00 6.011599e+00 5.079113e+00 5.292698e+00 4.977656e+00 4.853010e+00 4.232394e+00 3.415706e+00 4.464088e-03
<GCONST> 9.982513e+01
<MIXTURE> 43 7.108249e-03
<MEAN> 25
 3.149650e+00 -6.266680e+00 -2.233449e+00 -5.157660e+00 -7.354445e+00 -3.389791e+00 4.093565e+00 1.280379e+00 -5.037896e+00 -7.071790e+00 -4.314248e+00 -1.248546e+00 2.376619e-01 2.153691e+00 1.904382e+00 -1.322513e-01 -1.424027e+00 -7.907588e-01 -9.730053e-01 -7.828946e-01 8.193495e-01 1.467387e+00 3.488638e-01 3.574387e-02 -4.475935e-02
<VARIANCE> 25
 9.574135e+00 1.979799e+01 2.720265e+01 3.510190e+01 3.848531e+01 3.644433e+01 3.341587e+01 3.977066e+01 3.952055e+01 3.854342e+01 2.643828e+01 2.935812e+01 6.866872e-01 1.259844e+00 1.576137e+00 2.474948e+00 2.369062e+00 2.376787e+00 2.639864e+00 3.019004e+00 2.599587e+00 2.564634e+00 2.325667e+00 1.951008e+00 9.530038e-04
<GCONST> 8.794819e+01
<MIXTURE> 44 7.328289e-03
<MEAN> 25
 -1.497170e+01 1.531119e+00 3.517613e+00 -3.189603e+00 3.184645e+00 2.012620e+00 -9.314925e-02 2.289935e+00 1.460224e+00 -7.944583e-01 1.842841e+00 1.908365e+00 -1.772530e-01 2.046869e-02 1.536608e-01 2.967013e-01 -1.401555e-01 1.531143e-01 4.593196e-01 1.386035e-01 2.571313e-01 1.410782e-01 6.491682e-02 8.654288e-02 4.334765e-03
<VARIANCE> 25
 4.620105e+01 2.721495e+01 3.420874e+01 2.980673e+01 3.013514e+01 2.957097e+01 2.443782e+01 3.204811e+01 2.738079e+01 2.698026e+01 2.668752e+01 1.918565e+01 1.215988e+00 1.530684e+00 1.372791e+00 1.315158e+00 2.182682e+00 1.730148e+00 1.504659e+00 1.668741e+00 1.552880e+00 1.473010e+00 1.348614e+00 1.246752e+00 1.255496e-03
<GCONST> 8.443837e+01
<MIXTURE> 45 1.364932e-02
<MEAN> 25
 -1.244621e+01 3.421268e+00 -1.252666e+00 2.846069e+00 5.732770e+00 1.094061e-01 4.761528e+00 2.860843e+00 3.300047e+00 2.189879e+00 2.367599e+00 2.589986e+00 -2.940251e+00 5.945451e-01 -4.863649e-01 -5.338681e-01 1.932712e-01 -1.752501e-02 4.602013e-01 6.746787e-02 -6.881908e-02 -6.737224e-02 2.509328e-01 9.388763e-02 1.190753e-01
<VARIANCE> 25
 3.356051e+01 3.029335e+01 3.081634e+01 3.501020e+01 3.142805e+01 2.911827e+01 2.968422e+01 2.655402e+01 2.480332e+01 2.336359e+01 2.803298e+01 1.560265e+01 2.425409e+00 3.064662e+00 2.851021e+00 2.681174e+00 2.501866e+00 2.632920e+00 2.312443e+00 2.268388e+00 2.143102e+00 2.117671e+00 1.973464e+00 1.641638e+00 4.087931e-03
<GCONST> 9.055745e+01
<MIXTURE> 46 9.336259e-03
<MEAN> 25
 -9.465241e+00 2.309828e+00 1.199413e+00 7.570444e+00 5.943602e+00 3.337882e+00 7.069653e+00 4.496852e+00 5.709177e+00 4.694512e+00 5.041046e+00 2.926671e+00 1.061061e+00 -2.406146e-01 4.071885e-02 1.001996e+00 6.038127e-01 9.429688e-01 3.871222e-01 6.747606e-01 4.731528e-01 5.080972e-01 6.408553e-01 5.240902e-01 -1.057109e-01
<VARIANCE> 25
 3.422862e+01 4.384515e+01 3.853846e+01 4.994850e+01 5.084231e+01 4.080720e+01 3.706826e+01 3.537504e+01 3.316210e+01 3.095417e+01 2.824073e+01 2.023177e+01 3.912234e+00 4.144372e+00 3.883132e+00 4.139967e+00 4.176388e+00 3.698326e+00 3.382003e+00 3.115703e+00 2.982507e+00 2.866258e+00 2.309348e+00 1.784055e+00 7.951636e-03
<GCONST> 9.830428e+01
<MIXTURE> 47 7.116147e-03
<MEAN> 25
 7.331124e+00 -7.378666e+00 -7.760336e+00 -6.454934e+00 1.505341e+00 8.386459e-01 -2.389209e+00 1.227788e+00 3.018072e+00 1.471932e-01 -4.258010e+00 -6.712146e+00 -1.839841e-01 -1.257074e+00 -6.925387e-01 -4.197651e-01 6.227002e-01 8.173007e-01 8.767217e-01 2.995805e-01 1.174504e-01 -8.859020e-01 -4.681726e-01 -4.577072e-01 3.010993e-02
<VARIANCE> 25
 1.070311e+01 2.102738e+01 2.050874e+01 3.316634e+01 3.620703e+01 5.276480e+01 4.528361e+01 4.079570e+01 4.341074e+01 4.701925e+01 4.862863e+01 3.355437e+01 5.193024e-01 7.720883e-01 1.124062e+00 1.667054e+00 1.978906e+00 2.203095e+00 2.320464e+00 2.481364e+00 2.193655e+00 2.144127e+00 2.186210e+00 2.010638e+00 5.500342e-04
<GCONST> 8.644138e+01
<MIXTURE> 48 7.116147e-03
<MEAN> 25
 7.331124e+00 -7.378666e+00 -7.760336e+00 -6.454934e+00 1.505341e+00 8.386459e-01 -2.389209e+00 1.227788e+00 3.018072e+00 1.471932e-01 -4.258010e+00 -6.712146e+00 -1.839841e-01 -1.257074e+00 -6.925387e-01 -4.197651e-01 6.227002e-01 8.173007e-01 8.767217e-01 2.995805e-01 1.174504e-01 -8.859020e-01 -4.681726e-01 -4.577072e-01 3.010993e-02
<VARIANCE> 25
 1.070311e+01 2.102738e+01 2.050874e+01 3.316634e+01 3.620703e+01 5.276480e+01 4.528361e+01 4.079570e+01 4.341074e+01 4.701925e+01 4.862863e+01 3.355437e+01 5.193024e-01 7.720883e-01 1.124062e+00 1.667054e+00 1.978906e+00 2.203095e+00 2.320464e+00 2.481364e+00 2.193655e+00 2.144127e+00 2.186210e+00 2.010638e+00 5.500342e-04
<GCONST> 8.644138e+01
<MIXTURE> 49 5.548473e-03
<MEAN> 25
 -4.989859e+00 3.500499e-01 1.784286e-01 8.315316e+00 6.043720e+00 5.524917e+00 5.966364e+00 4.443000e+00 4.988714e+00 3.681402e+00 4.848891e+00 2.786730e+00 3.691101e-01 6.589593e-01 7.027960e-01 3.464004e-01 -1.922414e-01 -6.553376e-01 -1.005866e+00 -1.124714e+00 -9.411573e-01 -6.754206e-01 -4.886326e-01 -2.620005e-01 1.368004e-05
<VARIANCE> 25
 9.966939e+00 9.882723e+00 1.402584e+01 1.664293e+01 1.624995e+01 1.742355e+01 1.977013e+01 1.924305e+01 1.806309e+01 1.799240e+01 2.077369e+01 1.457831e+01 2.798452e-01 2.619417e-01 3.554753e-01 6.055250e-01 8.688134e-01 9.942586e-01 9.810214e-01 1.049681e+00 1.137518e+00 1.221755e+00 1.278601e+00 1.271701e+00 1.445568e-05
<GCONST> 6.447881e+01
<MIXTURE> 50 6.234641e-03
<MEAN> 25
 -3.904406e+00 3.979754e-02 -1.095650e+00 5.282841e+00 3.848321e+00 2.373203e+00 3.203644e+00 1.512381e+00 2.506138e+00 1.229581e+00 1.713614e+00 2.495237e+00 4.071395e-02 1.963333e-01 1.776202e-01 -1.306815e-01 -6.145736e-01 -6.204674e-01 -5.099382e-01 -1.562426e-01 3.674075e-01 7.228864e-01 8.436344e-01 5.874171e-01 5.536902e-05
<VARIANCE> 25
 1.168294e+01 9.610345e+00 1.287889e+01 1.704734e+01 1.537170e+01 1.925733e+01 1.758283e+01 1.962597e+01 1.840925e+01 1.919612e+01 2.105913e+01 1.419636e+01 1.569837e-01 2.332968e-01 3.901265e-01 4.788259e-01 7.433991e-01 6.842799e-01 8.938633e-01 1.214360e+00 9.788645e-01 9.676105e-01 9.041498e-01 1.154337e+00 1.123617e-06
<GCONST> 5.987241e+01
<MIXTURE> 51 6.234641e-03
<MEAN> 25
 -3.904406e+00 3.979754e-02 -1.095650e+00 5.282841e+00 3.848321e+00 2.373203e+00 3.203644e+00 1.512381e+00 2.506138e+00 1.229581e+00 1.713614e+00 2.495237e+00 4.071395e-02 1.963333e-01 1.776202e-01 -1.306815e-01 -6.145736e-01 -6.204674e-01 -5.099382e-01 -1.562426e-01 3.674075e-01 7.228864e-01 8.436344e-01 5.874171e-01 5.536902e-05
<VARIANCE> 25
 1.168294e+01 9.610345e+00 1.287889e+01 1.704734e+01 1.537170e+01 1.925733e+01 1.758283e+01 1.962597e+01 1.840925e+01 1.919612e+01 2.105913e+01 1.419636e+01 1.569837e-01 2.332968e-01 3.901265e-01 4.788259e-01 7.433991e-01 6.842799e-01 8.938633e-01 1.214360e+00 9.788645e-01 9.676105e-01 9.041498e-01 1.154337e+00 1.123617e-06
<GCONST> 5.987241e+01
<MIXTURE> 52 6.367945e-03
<MEAN> 25
 1.012374e+01 2.049211e+00 -6.198463e+00 -1.428626e+01 -4.222328e+00 8.537340e+00 -2.752708e+00 -3.061227e+00 -4.408530e+00 -2.133168e+00 3.354514e+00 7.465699e-01 -3.855998e-01 -4.802826e-01 -6.967952e-02 1.140479e+00 1.339694e+00 -4.735204e-01 -6.029962e-01 -6.591409e-01 4.286667e-02 1.246373e+00 3.874561e-01 -5.457880e-01 -1.381962e-02
<VARIANCE> 25
 9.290747e+00 2.048963e+01 2.533413e+01 3.858745e+01 4.573087e+01 3.071862e+01 4.654728e+01 4.894447e+01 4.306394e+01 4.604086e+01 3.995134e+01 3.000833e+01 4.496046e-01 1.480724e+00 1.310604e+00 2.758148e+00 2.328977e+00 2.199864e+00 2.986063e+00 2.799684e+00 3.006392e+00 2.667066e+00 2.520433e+00 2.277534e+00 1.546061e-03
<GCONST> 8.973376e+01
<MIXTURE> 53 6.367945e-03
<MEAN> 25
 1.012374e+01 2.049211e+00 -6.198463e+00 -1.428626e+01 -4.222328e+00 8.537340e+00 -2.752708e+00 -3.061227e+00 -4.408530e+00 -2.133168e+00 3.354514e+00 7.465699e-01 -3.855998e-01 -4.802826e-01 -6.967952e-02 1.140479e+00 1.339694e+00 -4.735204e-01 -6.029962e-01 -6.591409e-01 4.286667e-02 1.246373e+00 3.874561e-01 -5.457880e-01 -1.381962e-02
<VARIANCE> 25
 9.290747e+00 2.048963e+01 2.533413e+01 3.858745e+01 4.573087e+01 3.071862e+01 4.654728e+01 4.894447e+01 4.306394e+01 4.604086e+01 3.995134e+01 3.000833e+01 4.496046e-01 1.480724e+00 1.310604e+00 2.758148e+00 2.328977e+00 2.199864e+00 2.986063e+00 2.799684e+00 3.006392e+00 2.667066e+00 2.520433e+00 2.277534e+00 1.546061e-03
<GCONST> 8.973376e+01
<MIXTURE> 54 7.368620e-03
<MEAN> 25
 -3.578457e+00 3.461900e-02 -6.453561e-01 7.900808e+00 6.393187e+00 4.550869e+00 4.644886e+00 4.617838e+00 4.075214e+00 3.585198e+00 4.451661e+00 2.307191e+00 -1.413661e-03 2.886952e-02 3.213296e-02 5.509520e-02 6.842104e-02 5.684335e-02 3.082264e-02 2.822055e-02 1.604724e-02 -2.288935e-03 1.788758e-02 1.690224e-03 -8.396875e-07
<VARIANCE> 25
 9.116611e+00 1.021037e+01 9.233307e+00 1.875077e+01 1.352089e+01 1.357036e+01 1.199284e+01 1.126436e+01 1.130101e+01 1.330708e+01 1.752928e+01 1.232523e+01 4.060707e-02 8.755302e-02 1.527255e-01 2.277695e-01 3.224429e-01 4.048928e-01 4.594671e-01 5.162473e-01 5.508910e-01 5.533004e-01 5.196530e-01 5.138158e-01 9.949365e-07
<GCONST> 4.733944e+01
<MIXTURE> 55 7.368620e-03
<MEAN> 25
 -3.578457e+00 3.461900e-02 -6.453561e-01 7.900808e+00 6.393187e+00 4.550869e+00 4.644886e+00 4.617838e+00 4.075214e+00 3.585198e+00 4.451661e+00 2.307191e+00 -1.413661e-03 2.886952e-02 3.213296e-02 5.509520e-02 6.842104e-02 5.684335e-02 3.082264e-02 2.822055e-02 1.604724e-02 -2.288935e-03 1.788758e-02 1.690224e-03 -8.396875e-07
<VARIANCE> 25
 9.116611e+00 1.021037e+01 9.233307e+00 1.875077e+01 1.352089e+01 1.357036e+01 1.199284e+01 1.126436e+01 1.130101e+01 1.330708e+01 1.752928e+01 1.232523e+01 4.060707e-02 8.755302e-02 1.527255e-01 2.277695e-01 3.224429e-01 4.048928e-01 4.594671e-01 5.162473e-01 5.508910e-01 5.533004e-01 5.196530e-01 5.138158e-01 9.949365e-07
<GCONST> 4.733944e+01
<MIXTURE> 56 6.132464e-03
<MEAN> 25
 7.480543e+00 -6.734955e+00 -9.110181e+00 -8.633253e+00 3.888990e+00 3.864333e+00 -2.157410e+00 -1.381194e+00 1.975711e+00 6.537262e-01 -2.458457e+00 -7.072961e+00 -1.277211e-02 2.674186e-02 -8.595689e-02 1.945099e-02 2.528508e-01 7.581872e-02 1.168327e-01 -1.427178e-01 -5.105599e-02 -2.737342e-02 -9.941667e-02 1.333548e-02 -6.893606e-03
<VARIANCE> 25
 9.713999e+00 2.315116e+01 1.996982e+01 4.086180e+01 3.318726e+01 5.076575e+01 6.126798e+01 3.725920e+01 3.863828e+01 3.726336e+01 3.985285e+01 3.120667e+01 2.049517e-01 4.283877e-01 4.484135e-01 7.635450e-01 7.920290e-01 1.109055e+00 9.016935e-01 9.007221e-01 9.021046e-01 9.261585e-01 1.049808e+00 7.787153e-01 2.390965e-04
<GCONST> 7.506548e+01
<MIXTURE> 57 6.132464e-03
<MEAN> 25
 7.480543e+00 -6.734955e+00 -9.110181e+00 -8.633253e+00 3.888990e+00 3.864333e+00 -2.157410e+00 -1.381194e+00 1.975711e+00 6.537262e-01 -2.458457e+00 -7.072961e+00 -1.277211e-02 2.674186e-02 -8.595689e-02 1.945099e-02 2.528508e-01 7.581872e-02 1.168327e-01 -1.427178e-01 -5.105599e-02 -2.737342e-02 -9.941667e-02 1.333548e-02 -6.893606e-03
<VARIANCE> 25
 9.713999e+00 2.315116e+01 1.996982e+01 4.086180e+01 3.318726e+01 5.076575e+01 6.126798e+01 3.725920e+01 3.863828e+01 3.726336e+01 3.985285e+01 3.120667e+01 2.049517e-01 4.283877e-01 4.484135e-01 7.635450e-01 7.920290e-01 1.109055e+00 9.016935e-01 9.007221e-01 9.021046e-01 9.261585e-01 1.049808e+00 7.787153e-01 2.390965e-04
<GCONST> 7.506548e+01
<MIXTURE> 58 6.172147e-03
<MEAN> 25
 2.466169e+00 -2.940986e+00 6.947505e+00 -5.066571e+00 -1.290372e+01 -5.411441e+00 1.519666e+00 8.110219e-01 -2.328729e+00 1.694040e+00 5.336630e-01 -7.888686e-01 -4.456256e-02 -1.326330e-01 -8.176286e-02 -1.514961e-01 -1.315104e-02 2.043718e-01 3.945857e-01 2.381022e-01 1.747215e-02 4.060631e-02 -6.742641e-02 -1.455095e-01 -2.971152e-03
<VARIANCE> 25
 7.249384e+00 1.469671e+01 2.175241e+01 2.625530e+01 2.650673e+01 4.435812e+01 3.168006e+01 3.325546e+01 3.115199e+01 3.052293e+01 2.202975e+01 1.927834e+01 3.184343e-01 7.987062e-01 7.302203e-01 9.941056e-01 9.320624e-01 1.228544e+00 1.172530e+00 1.326443e+00 1.072065e+00 1.057313e+00 8.856707e-01 8.520188e-01 6.828281e-04
<GCONST> 7.534361e+01
<MIXTURE> 59 6.172147e-03
<MEAN> 25
 2.466169e+00 -2.940986e+00 6.947505e+00 -5.066571e+00 -1.290372e+01 -5.411441e+00 1.519666e+00 8.110219e-01 -2.328729e+00 1.694040e+00 5.336630e-01 -7.888686e-01 -4.456256e-02 -1.326330e-01 -8.176286e-02 -1.514961e-01 -1.315104e-02 2.043718e-01 3.945857e-01 2.381022e-01 1.747215e-02 4.060631e-02 -6.742641e-02 -1.455095e-01 -2.971152e-03
<VARIANCE> 25
 7.249384e+00 1.469671e+01 2.175241e+01 2.625530e+01 2.650673e+01 4.435812e+01 3.168006e+01 3.325546e+01 3.115199e+01 3.052293e+01 2.202975e+01 1.927834e+01 3.184343e-01 7.987062e-01 7.302203e-01 9.941056e-01 9.320624e-01 1.228544e+00 1.172530e+00 1.326443e+00 1.072065e+00 1.057313e+00 8.856707e-01 8.520188e-01 6.828281e-04
<GCONST> 7.534361e+01
<MIXTURE> 60 4.479129e-03
<MEAN> 25
 -1.678710e+00 -1.787760e-01 7.883421e-03 1.679456e+00 7.833906e-01 9.171723e-01 4.875374e-01 8.980168e-01 1.388627e+00 1.597309e+00 1.427150e+00 1.080278e+00 -6.006920e-02 4.732652e-02 1.566201e-01 1.417580e-01 1.427601e-01 1.385171e-01 1.955720e-01 4.301761e-01 5.350090e-01 6.165566e-01 5.571619e-01 3.722657e-01 2.626876e-04
<VARIANCE> 25
 5.955516e+00 3.413748e+00 7.001629e+00 8.677519e+00 1.007292e+01 1.189871e+01 1.103719e+01 9.584342e+00 9.507177e+00 9.618033e+00 1.238946e+01 9.781997e+00 9.342869e-02 1.870856e-01 2.694320e-01 3.870836e-01 6.621932e-01 7.506566e-01 8.426761e-01 9.838567e-01 7.817664e-01 9.505030e-01 9.454334e-01 8.144438e-01 3.012092e-05
<GCONST> 5.366432e+01
<MIXTURE> 61 4.479129e-03
<MEAN> 25
 -1.678710e+00 -1.787760e-01 7.883421e-03 1.679456e+00 7.833906e-01 9.171723e-01 4.875374e-01 8.980168e-01 1.388627e+00 1.597309e+00 1.427150e+00 1.080278e+00 -6.006920e-02 4.732652e-02 1.566201e-01 1.417580e-01 1.427601e-01 1.385171e-01 1.955720e-01 4.301761e-01 5.350090e-01 6.165566e-01 5.571619e-01 3.722657e-01 2.626876e-04
<VARIANCE> 25
 5.955516e+00 3.413748e+00 7.001629e+00 8.677519e+00 1.007292e+01 1.189871e+01 1.103719e+01 9.584342e+00 9.507177e+00 9.618033e+00 1.238946e+01 9.781997e+00 9.342869e-02 1.870856e-01 2.694320e-01 3.870836e-01 6.621932e-01 7.506566e-01 8.426761e-01 9.838567e-01 7.817664e-01 9.505030e-01 9.454334e-01 8.144438e-01 3.012092e-05
<GCONST> 5.366432e+01
<MIXTURE> 62 3.278034e-03
<MEAN> 25
 -5.064567e+00 1.249269e+00 1.019778e+00 8.772028e+00 6.081258e+00 5.016828e+00 5.476838e+00 4.023470e+00 4.966092e+00 3.914309e+00 4.944020e+00 2.933584e+00 -1.000830e+00 -1.164580e+00 -9.495715e-01 -2.741694e-01 4.339722e-01 9.961174e-01 1.386514e+00 1.547225e+00 1.479971e+00 1.239062e+00 1.063136e+00 7.194059e-01 -1.278742e-03
<VARIANCE> 25
 9.967475e+00 9.939892e+00 1.307268e+01 1.706175e+01 1.773666e+01 1.764318e+01 1.968136e+01 1.901647e+01 1.882034e+01 1.861163e+01 2.152140e+01 1.477667e+01 4.007269e-01 4.312156e-01 5.541712e-01 7.815022e-01 1.037443e+00 1.199865e+00 1.247561e+00 1.287920e+00 1.328936e+00 1.360344e+00 1.396248e+00 1.370548e+00 1.645995e-05
<GCONST> 6.756924e+01
<MIXTURE> 63 4.351215e-03
<MEAN> 25
 -2.649957e+00 -1.175206e+00 -3.180117e+00 1.870443e+00 2.067190e+00 -7.195418e-02 1.908205e+00 1.922676e-01 8.513308e-01 -7.588335e-01 -1.246876e+00 7.972590e-01 3.333228e-02 4.401852e-01 4.794326e-01 5.066367e-01 5.368212e-01 5.822332e-01 4.603630e-01 1.397291e-01 3.451964e-01 3.494579e-01 1.507792e-01 2.066216e-01 -3.524591e-04
<VARIANCE> 25
 7.667162e+00 1.196993e+01 1.400553e+01 1.388115e+01 1.518289e+01 1.843214e+01 1.683374e+01 2.101861e+01 2.101579e+01 1.868490e+01 1.335553e+01 1.481589e+01 2.954150e-01 4.955515e-01 5.620418e-01 6.309617e-01 9.142991e-01 1.086391e+00 1.241534e+00 1.297346e+00 1.239832e+00 1.572733e+00 1.113647e+00 1.120781e+00 1.618749e-04
<GCONST> 6.817250e+01
<MIXTURE> 64 4.351215e-03
<MEAN> 25
 -2.649957e+00 -1.175206e+00 -3.180117e+00 1.870443e+00 2.067190e+00 -7.195418e-02 1.908205e+00 1.922676e-01 8.513308e-01 -7.588335e-01 -1.246876e+00 7.972590e-01 3.333228e-02 4.401852e-01 4.794326e-01 5.066367e-01 5.368212e-01 5.822332e-01 4.603630e-01 1.397291e-01 3.451964e-01 3.494579e-01 1.507792e-01 2.066216e-01 -3.524591e-04
<VARIANCE> 25
 7.667162e+00 1.196993e+01 1.400553e+01 1.388115e+01 1.518289e+01 1.843214e+01 1.683374e+01 2.101861e+01 2.101579e+01 1.868490e+01 1.335553e+01 1.481589e+01 2.954150e-01 4.955515e-01 5.620418e-01 6.309617e-01 9.142991e-01 1.086391e+00 1.241534e+00 1.297346e+00 1.239832e+00 1.572733e+00 1.113647e+00 1.120781e+00 1.618749e-04
<GCONST> 6.817250e+01
<MIXTURE> 65 1.721197e-02
<MEAN> 25
 7.390607e+00 1.879481e+00 1.792462e+00 5.049129e-01 -5.086924e+00 -4.145025e+00 -5.630734e+00 -6.673887e+00 -3.696119e+00 -2.406501e+00 -5.201587e+00 -1.857792e+00 1.723697e-01 1.369557e-01 1.912060e-02 1.006165e-01 -2.191367e-01 1.990607e-01 -2.269624e-01 -2.336238e-01 1.795798e-01 7.709196e-02 -1.260459e-02 -7.695785e-02 -4.145971e-03
<VARIANCE> 25
 1.324719e+01 1.826270e+01 2.416645e+01 3.373711e+01 3.654308e+01 5.426297e+01 5.468540e+01 5.615307e+01 5.234820e+01 5.549374e+01 5.372421e+01 4.749546e+01 5.467395e-01 9.191126e-01 1.567176e+00 1.714456e+00 1.997534e+00 2.261684e+00 2.353064e+00 2.963799e+00 2.511097e+00 2.453064e+00 2.313853e+00 2.301442e+00 3.915614e-04
<GCONST> 8.897543e+01
<MIXTURE> 66 1.191532e-02
<MEAN> 25
 6.679611e+00 -4.092797e+00 -5.621689e+00 -4.829553e+00 1.277473e+00 -5.090564e+00 -6.921845e+00 1.191815e+00 6.832777e-01 -2.052376e+00 -6.140348e+00 -3.474652e+00 -4.552315e-02 1.667048e+00 2.239741e+00 2.317190e+00 -1.250780e+00 -1.253237e+00 5.495283e-02 -5.473842e-01 -1.447158e-01 -1.939628e-01 -2.010480e-01 1.045505e+00 -6.377880e-02
<VARIANCE> 25
 8.937297e+00 2.234378e+01 2.706081e+01 3.305924e+01 3.850788e+01 5.342072e+01 5.600316e+01 4.540870e+01 5.409661e+01 6.677711e+01 3.697470e+01 3.643466e+01 1.283258e+00 2.445251e+00 2.352993e+00 2.471447e+00 4.196619e+00 4.307580e+00 4.368381e+00 4.844716e+00 4.248688e+00 4.993541e+00 3.900209e+00 3.262891e+00 1.470077e-03
<GCONST> 9.683511e+01
<MIXTURE> 67 1.559142e-02
<MEAN> 25
 8.985456e+00 2.035448e+00 -5.978737e+00 -8.274504e+00 9.031860e-01 3.083229e+00 -3.325229e+00 -2.242070e+00 -3.773560e+00 7.784979e-01 -5.461008e-02 -1.732939e+00 -1.074132e+00 1.831960e+00 1.062773e+00 3.073161e+00 1.392620e+00 -5.098513e-01 1.302791e+00 1.202588e-01 1.569752e-01 2.512395e-01 -2.766193e-01 6.252995e-01 -1.299931e-01
<VARIANCE> 25
 1.146567e+01 3.885957e+01 3.078913e+01 5.585363e+01 4.915367e+01 5.406945e+01 6.210220e+01 5.280804e+01 6.478790e+01 5.711977e+01 5.578411e+01 4.738020e+01 2.179849e+00 3.465775e+00 3.290490e+00 4.517694e+00 4.523180e+00 4.553678e+00 4.706660e+00 5.071122e+00 5.476764e+00 4.779429e+00 5.135092e+00 3.746339e+00 3.042452e-03
<GCONST> 1.029183e+02
<MIXTURE> 68 1.485092e-02
<MEAN> 25
 -2.017715e+00 -2.311347e+00 -4.104544e+00 1.254341e+00 5.260806e+00 -6.684545e-01 2.129999e+00 1.822879e+00 2.004741e+00 1.687595e+00 4.844372e-01 1.876052e+00 2.767743e+00 5.486585e-01 1.349888e-02 -2.585165e+00 -2.417370e+00 -1.591652e+00 -2.354253e+00 -1.792276e+00 -1.651493e+00 -1.481068e+00 -1.985412e+00 -1.059340e+00 1.032677e-01
<VARIANCE> 25
 2.599915e+01 3.203581e+01 5.875682e+01 5.260585e+01 4.670488e+01 5.510576e+01 4.527429e+01 4.230318e+01 4.044504e+01 4.354022e+01 3.739383e+01 2.576185e+01 1.866409e+00 3.745047e+00 5.938528e+00 5.867467e+00 4.697961e+00 5.610430e+00 5.771898e+00 4.974282e+00 4.978890e+00 5.261590e+00 5.043594e+00 3.421132e+00 6.140658e-03
<GCONST> 1.036081e+02
<MIXTURE> 69 1.204884e-02
<MEAN> 25
 4.648350e+00 -4.222000e+00 -3.555800e+00 -3.619530e+00 -3.503440e+00 -7.833216e+00 -1.110290e+00 2.143711e+00 -3.716154e-01 -4.770502e+00 -5.680621e+00 9.341594e-01 1.663400e+00 -2.226875e+00 -1.339231e+00 -2.237747e+00 -5.373093e-01 -3.599830e-01 -4.875796e-01 5.963061e-01 -6.547716e-01 -1.457429e+00 -2.194387e+00 -1.780892e-01 6.209109e-02
<VARIANCE> 25
 8.908297e+00 2.167660e+01 2.661259e+01 2.579437e+01 4.244758e+01 3.578385e+01 4.866267e+01 3.220672e+01 3.963050e+01 3.782784e+01 3.090185e+01 2.455020e+01 3.561881e+00 2.917251e+00 3.316088e+00 3.685567e+00 5.740727e+00 4.998199e+00 7.107656e+00 6.104958e+00 5.902695e+00 5.833219e+00 4.342692e+00 3.687140e+00 2.464857e-03
<GCONST> 9.864649e+01
<MIXTURE> 70 1.329190e-02
<MEAN> 25
 7.520032e+00 -2.035994e+00 -3.888361e+00 -3.608211e+00 -4.113072e-01 -6.675363e-01 -7.687230e+00 -4.030864e+00 5.683651e-01 2.887160e+00 -1.338445e-01 -4.910977e+00 1.934612e+00 -1.138178e+00 -8.206556e-01 -2.205780e+00 -1.519426e+00 1.176483e+00 -1.338716e+00 -8.946503e-02 3.360138e-01 -2.816649e-02 6.871461e-01 -1.454755e+00 5.865036e-02
<VARIANCE> 25
 9.941010e+00 2.256343e+01 2.832493e+01 4.696197e+01 3.548812e+01 4.448704e+01 4.988057e+01 4.409537e+01 4.707682e+01 3.285900e+01 4.498095e+01 2.727508e+01 3.503588e+00 3.210829e+00 4.741029e+00 4.956269e+00 5.214284e+00 6.449963e+00 6.792259e+00 7.555323e+00 6.177077e+00 5.386161e+00 5.865756e+00 4.304504e+00 2.538785e-03
<GCONST> 1.018578e+02
<MIXTURE> 71 1.406903e-02
<MEAN> 25
 6.359517e+00 5.151507e+00 4.240804e+00 3.088454e+00 -3.467672e+00 -3.411428e+00 -3.422375e+00 -6.660524e+00 -4.669491e+00 -2.544584e+00 -5.219653e+00 -3.237229e+00 -1.570469e+00 -6.947103e-01 -2.573172e-01 -1.772378e+00 1.113760e+00 -1.583029e-01 3.969091e-02 1.521659e+00 2.986789e-01 -1.790249e-01 6.825078e-01 1.791314e-01 4.063971e-02
<VARIANCE> 25
 1.899055e+01 2.584397e+01 2.410141e+01 4.487739e+01 4.051103e+01 4.043982e+01 4.238654e+01 4.132891e+01 3.883590e+01 4.407410e+01 3.650303e+01 3.434727e+01 1.750609e+00 3.033544e+00 5.277296e+00 4.868640e+00 4.729129e+00 4.736384e+00 4.881785e+00 5.430011e+00 4.318405e+00 4.085463e+00 3.616177e+00 3.294924e+00 1.428319e-03
<GCONST> 9.867734e+01
<MIXTURE> 72 8.134747e-03
<MEAN> 25
 3.787739e+00 -3.682660e+00 5.450008e+00 -2.469150e+00 -1.040045e+01 -9.621427e+00 -2.454358e+00 1.918164e+00 -4.946484e+00 -2.201544e+00 -1.885744e+00 6.170712e-01 9.316586e-01 -7.854463e-01 -2.575408e+00 4.624927e-01 2.136521e+00 -6.542885e-01 -1.315738e+00 1.525790e+00 1.814373e+00 -5.946832e-01 -1.288698e+00 4.024608e-01 -6.127350e-03
<VARIANCE> 25
 1.080133e+01 1.947200e+01 3.291292e+01 3.840997e+01 3.232300e+01 3.338076e+01 4.105722e+01 3.623856e+01 4.369901e+01 4.134292e+01 3.877812e+01 2.849839e+01 4.331597e-01 1.026457e+00 2.024893e+00 1.469061e+00 2.184687e+00 2.356090e+00 3.063884e+00 2.730992e+00 2.602891e+00 2.964397e+00 2.024035e+00 2.127631e+00 5.403841e-04
<GCONST> 8.725613e+01
<MIXTURE> 73 1.213625e-02
<MEAN> 25
 -5.640202e+00 -7.915308e-01 -1.304409e+00 4.916780e+00 4.240120e+00 2.342994e+00 5.518782e+00 3.454902e+00 4.368869e+00 3.435043e+00 4.270284e+00 3.028516e+00 8.031240e-01 -1.030913e+00 -9.459628e-01 -2.648991e+00 -1.261660e+00 -1.752331e+00 -9.020035e-01 -5.083204e-01 -9.205382e-01 -7.017257e-01 -1.105158e+00 -2.827594e-01 1.549141e-01
<VARIANCE> 25
 1.284290e+01 1.340069e+01 1.520302e+01 2.263398e+01 2.333790e+01 2.477497e+01 2.038732e+01 2.000500e+01 1.777351e+01 1.906475e+01 2.279619e+01 1.558070e+01 4.047255e+00 3.091323e+00 5.966599e+00 4.675788e+00 6.153529e+00 4.561474e+00 4.304152e+00 4.250799e+00 3.899000e+00 4.232190e+00 3.542016e+00 2.674200e+00 4.297788e-03
<GCONST> 9.270365e+01
<MIXTURE> 74 1.756491e-02
<MEAN> 25
 4.513871e+00 -1.593797e+00 5.266109e+00 -1.153128e+00 -8.763752e+00 -8.317282e+00 -2.707543e+00 7.515147e-01 -4.120692e+00 -2.843898e+00 -1.704716e+00 2.575476e-01 3.106410e-01 2.022819e+00 4.421806e-02 1.717897e+00 1.233501e+00 3.568899e-01 -4.356061e-03 -1.332724e+00 1.748163e-01 1.808572e-01 -2.369385e-01 -1.051506e-01 -7.863652e-02
<VARIANCE> 25
 1.171834e+01 2.199920e+01 3.767025e+01 3.867960e+01 3.720131e+01 3.973640e+01 5.161733e+01 4.672213e+01 4.810175e+01 4.476430e+01 4.117831e+01 3.443349e+01 2.101532e+00 2.054347e+00 3.926284e+00 2.597341e+00 3.935028e+00 3.919549e+00 5.066228e+00 4.289337e+00 4.173514e+00 4.045320e+00 3.656054e+00 3.205565e+00 1.762161e-03
<GCONST> 9.734743e+01
<MIXTURE> 75 9.711651e-03
<MEAN> 25
 2.643346e+00 -1.234358e+00 1.098988e+01 1.716125e+00 -1.181106e+01 -7.640901e+00 -4.567411e+00 -4.977709e-01 -4.490932e+00 -4.625351e+00 3.273591e+00 1.471204e-01 1.737596e+00 -1.754643e+00 1.964621e-01 -2.571597e-01 -2.401891e+00 -5.316258e-01 -1.461519e+00 9.709015e-01 -1.506128e-01 -3.522806e-01 1.075992e+00 -6.345068e-01 3.838963e-02
<VARIANCE> 25
 1.115986e+01 1.776705e+01 3.064558e+01 2.770358e+01 2.694839e+01 3.279458e+01 3.134441e+01 3.104557e+01 3.362085e+01 3.146610e+01 2.041902e+01 2.161503e+01 2.414926e+00 1.926199e+00 4.274480e+00 2.478719e+00 3.858758e+00 4.349013e+00 4.149611e+00 3.513386e+00 3.934812e+00 3.365363e+00 3.099410e+00 2.504129e+00 1.547425e-03
<GCONST> 9.225813e+01
<MIXTURE> 76 1.052359e-02
<MEAN> 25
 -5.562155e+00 -1.044449e+00 -2.460840e+00 3.332646e+00 3.354666e+00 1.470137e+00 3.340990e+00 1.652910e+00 2.297332e+00 -9.565237e-02 1.543524e+00 1.948337e+00 -6.308717e-02 -5.470617e-01 -2.541726e-01 -7.677667e-01 -7.982736e-01 -1.011669e+00 -7.418931e-01 -1.693634e-01 -3.931798e-01 -4.238258e-01 -3.408907e-01 -1.706098e-01 1.566697e-02
<VARIANCE> 25
 3.497240e+01 2.416123e+01 2.588449e+01 2.389442e+01 2.901845e+01 2.716819e+01 2.512575e+01 2.567037e+01 2.078605e+01 2.418751e+01 2.360584e+01 1.803150e+01 9.833367e-01 1.018375e+00 1.223490e+00 1.073439e+00 1.425240e+00 1.672598e+00 1.654893e+00 1.731677e+00 1.559544e+00 1.390745e+00 1.402307e+00 1.243954e+00 1.100314e-03
<GCONST> 8.124049e+01
<MIXTURE> 77 1.244626e-02
<MEAN> 25
 -4.637835e-01 8.506589e+00 1.235317e+01 -1.152466e+01 -6.938888e+00 9.326526e-01 -9.234736e+00 -7.243703e+00 -3.373791e+00 -2.035761e-01 -4.597486e+00 -1.465661e+00 7.128203e-02 1.435740e-01 7.534620e-02 2.489973e-01 -3.359604e-02 6.662092e-02 -7.637754e-02 -5.639746e-02 9.611973e-02 -3.764610e-02 2.958858e-02 1.362264e-01 -9.781596e-03
<VARIANCE> 25
 1.034632e+01 2.051611e+01 2.845968e+01 4.209626e+01 3.334958e+01 3.354107e+01 3.660674e+01 3.158192e+01 3.493705e+01 3.293903e+01 3.759761e+01 3.466272e+01 2.990141e-01 7.770361e-01 6.417375e-01 1.076642e+00 1.251725e+00 9.961904e-01 1.231983e+00 1.070431e+00 1.059521e+00 1.062305e+00 9.640810e-01 9.588214e-01 5.366887e-04
<GCONST> 7.786433e+01
<MIXTURE> 78 9.702551e-03
<MEAN> 25
 -1.163130e+01 1.107408e+00 -1.643508e+00 2.260683e+00 4.436213e+00 -2.274812e+00 3.790897e+00 2.658269e+00 2.623717e+00 7.553969e-01 -4.771290e-01 3.047861e+00 2.407048e+00 -2.734566e-01 1.858264e-01 5.846179e-01 -3.335739e-02 1.891331e-02 -3.083234e-01 -8.876624e-02 2.200494e-01 1.450771e-01 -3.772909e-01 -4.635822e-01 -6.206673e-02
<VARIANCE> 25
 4.092406e+01 3.286924e+01 3.280465e+01 3.261014e+01 3.990532e+01 3.729493e+01 3.584396e+01 3.297686e+01 2.824185e+01 2.778401e+01 2.721096e+01 2.027295e+01 4.936522e+00 2.591048e+00 2.864182e+00 3.078970e+00 2.864489e+00 3.529048e+00 3.273941e+00 2.840976e+00 2.355024e+00 2.371478e+00 2.252399e+00 2.135656e+00 4.715065e-03
<GCONST> 9.468790e+01
<MIXTURE> 79 1.156824e-02
<MEAN> 25
 2.413327e+00 1.575236e+00 9.179728e+00 -6.601447e+00 -1.206397e+01 -1.819143e+00 -1.915927e+00 -6.471420e+00 -6.570373e+00 3.115714e-01 -3.510660e+00 -3.295018e+00 1.218562e+00 -5.245016e-01 -1.431543e+00 2.349971e+00 3.760889e-01 -1.475252e+00 5.322872e-01 8.873895e-01 -4.357099e-01 -5.411748e-01 3.580428e-01 2.784522e-01 -3.626096e-02
<VARIANCE> 25
 1.424079e+01 2.410632e+01 3.794791e+01 4.973033e+01 3.344563e+01 4.344815e+01 4.279753e+01 3.678425e+01 3.894546e+01 3.984615e+01 4.394870e+01 3.064343e+01 9.488136e-01 2.261469e+00 1.893683e+00 2.094463e+00 2.479044e+00 2.812764e+00 3.198371e+00 3.535022e+00 2.517951e+00 2.733467e+00 2.313421e+00 2.032924e+00 1.232389e-03
<GCONST> 9.181113e+01
<MIXTURE> 80 7.550998e-03
<MEAN> 25
 -1.460866e+01 3.982978e+00 6.888527e-01 2.865978e+00 2.449390e+00 1.410288e+00 6.397008e+00 2.496773e+00 2.719634e+00 2.373497e+00 4.852879e+00 1.186962e+00 4.286331e+00 -1.602020e-02 1.637934e+00 -1.135554e+00 -2.889475e+00 -2.777582e+00 -2.323244e+00 -2.021465e+00 -1.975032e+00 -1.685194e+00 -1.650844e+00 -6.027454e-01 -4.423228e-02
<VARIANCE> 25
 2.094969e+01 1.984664e+01 3.444448e+01 3.470766e+01 3.018093e+01 2.920889e+01 2.828683e+01 2.855507e+01 2.674643e+01 2.881129e+01 2.685423e+01 1.810697e+01 2.357266e+00 2.666195e+00 2.673126e+00 4.119907e+00 3.394136e+00 2.705081e+00 3.025253e+00 3.204086e+00 2.749122e+00 2.701698e+00 2.782157e+00 2.145745e+00 1.512166e-03
<GCONST> 9.139670e+01
<MIXTURE> 81 8.025434e-03
<MEAN> 25
 -1.117466e+00 4.056032e+00 1.015648e+01 -1.477987e+01 -9.067160e+00 -1.424266e+00 -6.762538e+00 -8.423621e+00 -4.154128e+00 -4.248619e-01 -7.560747e+00 -2.243965e+00 1.333858e-01 -5.857186e-01 -3.569810e-03 -5.559850e-01 -4.644003e-01 3.325590e-01 3.173629e-01 1.370457e-01 -1.395914e-01 1.079637e-01 -4.683776e-01 -1.240876e-01 1.148167e-02
<VARIANCE> 25
 1.013291e+01 3.280116e+01 2.667387e+01 2.950075e+01 3.373287e+01 3.046737e+01 4.537867e+01 2.822623e+01 3.794553e+01 3.188681e+01 2.536725e+01 3.099984e+01 7.715102e-01 2.275053e+00 1.544366e+00 2.867423e+00 2.662383e+00 2.128187e+00 3.282457e+00 2.290034e+00 2.358967e+00 2.537608e+00 2.294876e+00 2.079519e+00 1.181430e-03
<GCONST> 8.869101e+01
<MIXTURE> 82 8.213053e-03
<MEAN> 25
 -9.966137e+00 -3.903417e+00 1.640098e+00 -2.971850e+00 3.113715e+00 6.711789e-01 1.994697e+00 9.377613e-01 2.976350e+00 1.729210e+00 1.742759e+00 3.085295e+00 -1.314332e+00 -1.249126e-01 2.896665e-01 -2.604437e+00 -1.105551e+00 -1.265423e+00 -1.013554e+00 -8.702649e-01 -3.166817e-01 -4.782967e-01 -3.166640e-01 -9.517635e-02 1.784474e-01
<VARIANCE> 25
 1.801152e+01 2.493738e+01 3.237064e+01 3.088847e+01 3.302639e+01 3.229217e+01 3.178273e+01 3.298349e+01 3.085979e+01 2.512698e+01 3.079044e+01 1.750388e+01 3.754946e+00 3.049237e+00 3.316908e+00 3.268541e+00 3.562274e+00 3.286637e+00 2.943617e+00 3.016229e+00 2.795070e+00 2.490950e+00 2.449361e+00 1.865942e+00 3.430173e-03
<GCONST> 9.308224e+01
<MIXTURE> 83 1.167529e-02
<MEAN> 25
 -2.004081e+01 5.504238e+00 -1.789702e+00 -4.051103e-01 7.829639e+00 -1.234488e+00 5.460100e+00 3.044532e+00 1.192393e+00 2.190908e+00 7.244872e-01 2.881716e+00 -2.631321e-02 -4.501706e-01 4.872012e-03 -3.655977e-01 -4.974648e-01 -1.258521e-01 -1.343577e-01 -9.942717e-02 -4.144356e-02 -3.920248e-02 -3.058213e-02 -3.465528e-02 4.403248e-03
<VARIANCE> 25
 8.819281e+00 1.645402e+01 2.851271e+01 2.248555e+01 2.127508e+01 2.407955e+01 2.202746e+01 2.336420e+01 2.042958e+01 2.221887e+01 2.319599e+01 1.448780e+01 1.060910e+00 9.362046e-01 1.240790e+00 1.065688e+00 1.359398e+00 1.291389e+00 1.283447e+00 1.388157e+00 1.349015e+00 1.310737e+00 1.220778e+00 1.071650e+00 8.923843e-04
<GCONST> 7.703519e+01
<MIXTURE> 84 1.066614e-02
<MEAN> 25
 1.177499e+00 9.016417e+00 7.238779e+00 7.984457e+00 2.829569e+00 -9.180471e-01 -1.527178e+00 -4.482244e+00 -4.120346e+00 -2.911909e+00 -2.414283e+00 -1.596995e+00 -1.785486e+00 -1.183648e+00 -1.204260e+00 1.288961e+00 2.254470e+00 1.503654e+00 1.452981e+00 1.288763e+00 1.169074e+00 4.064361e-01 4.183419e-01 4.263919e-01 -7.164413e-02
<VARIANCE> 25
 2.348133e+01 1.829382e+01 2.164396e+01 2.412734e+01 2.916816e+01 2.829169e+01 2.792323e+01 2.652167e+01 2.527030e+01 2.522493e+01 2.357791e+01 2.458818e+01 2.105748e+00 2.542781e+00 3.850320e+00 3.298609e+00 3.272508e+00 3.375948e+00 3.288028e+00 3.406292e+00 3.480292e+00 3.257932e+00 3.587482e+00 2.803893e+00 3.529972e-03
<GCONST> 9.253880e+01
<MIXTURE> 85 7.591393e-03
<MEAN> 25
 -3.107784e+00 7.884135e+00 5.719473e+00 1.283633e+00 -3.493271e+00 -5.321323e+00 -2.978734e+00 -6.124175e+00 -3.543179e+00 -3.189721e+00 -4.823736e-01 -1.900241e+00 3.939870e+00 3.239663e-01 1.753489e+00 -2.090814e+00 -3.413312e+00 -2.582872e+00 -2.886066e+00 -2.341759e+00 -2.249498e+00 -1.263921e+00 -2.301510e+00 -6.161532e-01 9.192995e-03
<VARIANCE> 25
 4.245232e+01 2.349910e+01 3.648806e+01 3.820125e+01 3.971799e+01 4.118173e+01 3.214514e+01 2.788272e+01 2.662430e+01 2.613198e+01 2.621892e+01 2.055399e+01 2.719109e+00 4.323841e+00 4.063922e+00 5.179456e+00 4.407304e+00 3.878113e+00 3.850547e+00 3.984293e+00 3.846895e+00 4.037491e+00 3.941083e+00 3.482738e+00 5.442323e-03
<GCONST> 9.835381e+01
<MIXTURE> 86 1.273941e-02
<MEAN> 25
 -4.209790e+00 -1.138806e+00 -6.851819e-01 5.361197e+00 4.434719e+00 4.156767e+00 4.744159e+00 4.369328e+00 4.456964e+00 3.832015e+00 5.075116e+00 2.548794e+00 5.862998e-03 1.730501e-02 -6.878334e-02 -7.173643e-02 -1.760017e-01 -1.957502e-01 -2.787944e-01 -2.718229e-01 -3.571902e-01 -4.506273e-01 -2.189529e-01 -8.358851e-02 -4.706696e-04
<VARIANCE> 25
 9.738558e+00 5.019894e+00 8.835464e+00 1.532884e+01 1.572740e+01 1.405773e+01 1.387453e+01 1.186813e+01 1.276180e+01 1.279977e+01 1.294769e+01 1.165278e+01 1.030534e-01 1.918355e-01 3.188330e-01 4.342156e-01 6.540002e-01 7.576551e-01 7.299313e-01 7.897979e-01 8.382347e-01 9.740070e-01 8.488981e-01 8.941655e-01 5.626721e-05
<GCONST> 5.794202e+01
<MIXTURE> 87 1.100681e-02
<MEAN> 25
 -3.303059e+00 4.543992e+00 3.505983e+00 7.024212e+00 5.570403e+00 8.928156e-01 1.643477e+00 -9.475366e-01 -5.887825e-01 -8.890669e-01 -7.868565e-01 2.986378e-02 -2.152179e+00 -2.787094e+00 -2.102812e+00 -2.225926e+00 -3.763096e-02 -1.828808e-01 6.133620e-01 1.299689e+00 1.403901e+00 1.031013e+00 9.450443e-01 1.003922e+00 1.047124e-01
<VARIANCE> 25
 3.811913e+01 2.954472e+01 2.806257e+01 3.372278e+01 2.872984e+01 3.191917e+01 2.814885e+01 2.731438e+01 2.594559e+01 2.470269e+01 2.482329e+01 2.316281e+01 3.861086e+00 2.715866e+00 3.918163e+00 3.654313e+00 4.795069e+00 4.312347e+00 4.156614e+00 3.898896e+00 3.535491e+00 3.386733e+00 3.383953e+00 2.733406e+00 4.957073e-03
<GCONST> 9.633589e+01
<MIXTURE> 88 1.256585e-02
<MEAN> 25
 -3.847565e+00 -5.947208e-01 -1.502149e+00 4.883882e+00 4.024589e+00 3.306314e+00 4.218243e+00 2.964955e+00 3.154788e+00 2.057719e+00 2.705363e+00 2.110564e+00 9.403839e-03 2.389280e-01 1.750855e-01 3.955586e-01 1.649061e-01 2.286469e-01 -1.059924e-01 -2.653025e-01 -3.566976e-01 -3.075696e-01 -6.189675e-02 -1.176553e-02 -4.716740e-03
<VARIANCE> 25
 9.548977e+00 9.264686e+00 1.417061e+01 1.555919e+01 1.950684e+01 1.932836e+01 1.834284e+01 1.714101e+01 1.607791e+01 1.791071e+01 1.900430e+01 1.578912e+01 1.215360e+00 1.538121e+00 2.003271e+00 2.032507e+00 2.421556e+00 2.533765e+00 2.407433e+00 2.460979e+00 2.453519e+00 2.352529e+00 2.059470e+00 1.875625e+00 1.304949e-03
<GCONST> 8.096097e+01
<MIXTURE> 89 9.333527e-03
<MEAN> 25
 6.065789e+00 -6.819308e+00 -3.551218e+00 -3.161984e+00 -1.617163e+00 -5.587818e+00 -6.115045e+00 4.090976e+00 3.469927e+00 -2.807574e+00 -6.023379e+00 -3.278611e+00 -5.702832e-01 1.558239e-01 1.987221e+00 8.992527e-01 -1.869172e+00 -1.650100e+00 8.787503e-01 1.262017e+00 -7.871726e-01 -1.313682e+00 4.019972e-01 1.534048e+00 -4.881032e-03
<VARIANCE> 25
 9.053658e+00 2.674516e+01 3.104760e+01 3.016413e+01 3.606438e+01 4.160916e+01 5.956044e+01 4.212094e+01 3.903601e+01 4.235175e+01 3.581058e+01 3.236657e+01 3.542120e-01 8.420042e-01 1.475335e+00 1.317318e+00 1.914575e+00 2.123879e+00 2.584465e+00 2.042557e+00 2.247803e+00 2.128479e+00 2.333368e+00 1.475355e+00 3.658363e-04
<GCONST> 8.529502e+01
<MIXTURE> 90 7.114505e-03
<MEAN> 25
 2.374159e+00 -9.502468e+00 -4.692412e+00 -3.963089e+00 -3.395478e+00 -1.830401e+00 3.172525e+00 1.113652e+00 -7.437074e+00 -9.990053e+00 -3.409988e+00 -7.415400e-01 -1.630572e-01 8.896075e-01 1.133613e+00 -8.325726e-01 -1.561978e+00 -1.974562e-01 6.396781e-01 -2.107652e-01 -1.554720e-01 7.508038e-01 1.717099e-01 -5.375894e-01 -1.100912e-02
<VARIANCE> 25
 8.405589e+00 1.863578e+01 1.942183e+01 2.719133e+01 3.570329e+01 3.125411e+01 3.880833e+01 3.599738e+01 3.469677e+01 2.839316e+01 2.630517e+01 2.538193e+01 2.197390e-01 6.148359e-01 8.071715e-01 1.026770e+00 1.529199e+00 1.570538e+00 1.769795e+00 1.670974e+00 1.793610e+00 1.666776e+00 1.459798e+00 1.299138e+00 2.088249e-04
<GCONST> 7.795831e+01
<MIXTURE> 91 7.852945e-03
<MEAN> 25
 6.365660e+00 -7.613162e+00 -8.546645e+00 -5.147819e+00 3.957939e+00 -1.167340e-01 -2.183012e+00 7.183673e-01 7.619439e-01 -2.960223e+00 -4.934269e+00 -5.163796e+00 2.588871e-01 1.001022e+00 1.912235e-01 4.463464e-01 -7.136810e-02 -5.588725e-01 -3.923393e-01 -1.083729e-01 -1.045514e-01 4.606072e-01 -1.111420e-01 2.214662e-01 -3.482866e-02
<VARIANCE> 25
 1.021160e+01 2.279910e+01 2.008614e+01 4.047709e+01 3.511212e+01 5.525893e+01 5.424333e+01 3.958625e+01 5.184422e+01 6.412421e+01 3.813868e+01 4.138930e+01 4.445816e-01 8.852178e-01 1.124661e+00 1.383429e+00 2.189368e+00 2.372854e+00 2.367208e+00 2.398533e+00 2.243165e+00 2.211698e+00 2.019241e+00 1.854930e+00 5.891301e-04
<GCONST> 8.719290e+01
<MIXTURE> 92 7.852945e-03
<MEAN> 25
 6.365660e+00 -7.613162e+00 -8.546645e+00 -5.147819e+00 3.957939e+00 -1.167340e-01 -2.183012e+00 7.183673e-01 7.619439e-01 -2.960223e+00 -4.934269e+00 -5.163796e+00 2.588871e-01 1.001022e+00 1.912235e-01 4.463464e-01 -7.136810e-02 -5.588725e-01 -3.923393e-01 -1.083729e-01 -1.045514e-01 4.606072e-01 -1.111420e-01 2.214662e-01 -3.482866e-02
<VARIANCE> 25
 1.021160e+01 2.279910e+01 2.008614e+01 4.047709e+01 3.511212e+01 5.525893e+01 5.424333e+01 3.958625e+01 5.184422e+01 6.412421e+01 3.813868e+01 4.138930e+01 4.445816e-01 8.852178e-01 1.124661e+00 1.383429e+00 2.189368e+00 2.372854e+00 2.367208e+00 2.398533e+00 2.243165e+00 2.211698e+00 2.019241e+00 1.854930e+00 5.891301e-04
<GCONST> 8.719290e+01
<MIXTURE> 93 6.122769e-03
<MEAN> 25
 -6.787703e+00 -9.556811e-01 -2.380999e+00 5.767448e+00 5.883347e+00 3.895335e+00 6.096931e+00 3.605509e+00 4.105545e+00 2.509619e+00 1.814166e+00 3.685235e+00 -6.246295e-02 -1.551165e-01 -2.581553e-01 -3.299912e-01 -3.317195e-01 -2.852378e-01 -2.169549e-01 -1.698452e-01 -1.667329e-01 -1.574090e-01 -1.019778e-01 -3.125808e-02 -2.651716e-06
<VARIANCE> 25
 9.279466e+00 6.005140e+00 8.223364e+00 1.146986e+01 1.154139e+01 1.603940e+01 1.531492e+01 1.637261e+01 1.475078e+01 1.447519e+01 1.673778e+01 1.346242e+01 8.287280e-02 1.533515e-01 2.636521e-01 3.798766e-01 4.995966e-01 6.423205e-01 7.783851e-01 8.879876e-01 9.166899e-01 8.823295e-01 8.951264e-01 9.290102e-01 1.007431e-06
<GCONST> 5.366360e+01
<MIXTURE> 94 6.122769e-03
<MEAN> 25
 -6.787703e+00 -9.556811e-01 -2.380999e+00 5.767448e+00 5.883347e+00 3.895335e+00 6.096931e+00 3.605509e+00 4.105545e+00 2.509619e+00 1.814166e+00 3.685235e+00 -6.246295e-02 -1.551165e-01 -2.581553e-01 -3.299912e-01 -3.317195e-01 -2.852378e-01 -2.169549e-01 -1.698452e-01 -1.667329e-01 -1.574090e-01 -1.019778e-01 -3.125808e-02 -2.651716e-06
<VARIANCE> 25
 9.279466e+00 6.005140e+00 8.223364e+00 1.146986e+01 1.154139e+01 1.603940e+01 1.531492e+01 1.637261e+01 1.475078e+01 1.447519e+01 1.673778e+01 1.346242e+01 8.287280e-02 1.533515e-01 2.636521e-01 3.798766e-01 4.995966e-01 6.423205e-01 7.783851e-01 8.879876e-01 9.166899e-01 8.823295e-01 8.951264e-01 9.290102e-01 1.007431e-06
<GCONST> 5.366360e+01
<MIXTURE> 95 5.258835e-03
<MEAN> 25
 -3.078237e+00 -1.288867e-02 -6.426923e-01 3.211428e+00 3.052485e+00 2.423453e+00 2.963459e+00 1.064108e+00 1.620146e+00 -7.869763e-01 9.941532e-01 1.950452e+00 1.263963e-01 1.337312e-01 3.884141e-02 -1.491362e-01 -4.956759e-01 -6.459032e-01 -1.055017e+00 -1.259443e+00 -1.267940e+00 -1.301887e+00 -8.388368e-01 -4.389746e-01 -9.766796e-04
<VARIANCE> 25
 1.202785e+01 5.135479e+00 9.884599e+00 9.991080e+00 1.009472e+01 1.330463e+01 1.411950e+01 1.264556e+01 1.235673e+01 1.541719e+01 1.571334e+01 1.392453e+01 1.573690e-01 3.177263e-01 3.426451e-01 3.855411e-01 6.472076e-01 1.063263e+00 8.037344e-01 1.077499e+00 1.193670e+00 1.100576e+00 1.139187e+00 1.228834e+00 5.445773e-05
<GCONST> 6.063950e+01
<MIXTURE> 96 7.034694e-03
<MEAN> 25
 -4.105002e+00 -5.163749e-01 -1.760561e+00 4.198223e+00 3.162698e+00 1.582002e+00 3.352973e+00 2.050173e+00 2.152520e+00 7.562551e-01 9.635909e-01 2.006476e+00 -1.476522e-03 9.643570e-02 1.632756e-01 3.678765e-01 5.959603e-01 5.040145e-01 2.002530e-01 -1.266803e-01 -4.863643e-01 -7.609230e-01 -6.011198e-01 -3.892660e-01 1.124831e-04
<VARIANCE> 25
 1.212230e+01 8.403171e+00 1.170415e+01 1.488110e+01 1.467582e+01 1.638009e+01 1.595992e+01 1.764017e+01 1.728106e+01 1.714738e+01 1.853276e+01 1.689222e+01 1.108194e-01 2.118560e-01 3.076245e-01 3.939067e-01 4.754765e-01 6.634363e-01 8.748339e-01 8.841904e-01 8.726842e-01 8.515162e-01 8.823068e-01 9.085333e-01 1.088955e-06
<GCONST> 5.676984e+01
<MIXTURE> 97 7.034694e-03
<MEAN> 25
 -4.105002e+00 -5.163749e-01 -1.760561e+00 4.198223e+00 3.162698e+00 1.582002e+00 3.352973e+00 2.050173e+00 2.152520e+00 7.562551e-01 9.635909e-01 2.006476e+00 -1.476522e-03 9.643570e-02 1.632756e-01 3.678765e-01 5.959603e-01 5.040145e-01 2.002530e-01 -1.266803e-01 -4.863643e-01 -7.609230e-01 -6.011198e-01 -3.892660e-01 1.124831e-04
<VARIANCE> 25
 1.212230e+01 8.403171e+00 1.170415e+01 1.488110e+01 1.467582e+01 1.638009e+01 1.595992e+01 1.764017e+01 1.728106e+01 1.714738e+01 1.853276e+01 1.689222e+01 1.108194e-01 2.118560e-01 3.076245e-01 3.939067e-01 4.754765e-01 6.634363e-01 8.748339e-01 8.841904e-01 8.726842e-01 8.515162e-01 8.823068e-01 9.085333e-01 1.088955e-06
<GCONST> 5.676984e+01
<MIXTURE> 98 9.917808e-03
<MEAN> 25
 -1.409904e+00 9.505421e-01 -1.112398e-01 4.426951e+00 3.452958e+00 2.510412e+00 3.075548e+00 1.686306e+00 1.619618e+00 9.778348e-01 7.904457e-01 1.026383e+00 -1.782793e+00 -1.475578e+00 -9.986708e-01 1.773751e-01 6.588413e-01 7.846571e-01 1.284030e+00 1.455845e+00 1.667734e+00 1.124497e+00 1.315907e+00 9.275836e-01 -3.425519e-02
<VARIANCE> 25
 1.408378e+01 1.940767e+01 3.090217e+01 3.269427e+01 4.334771e+01 3.620026e+01 3.176856e+01 2.840808e+01 2.692496e+01 2.962356e+01 2.603673e+01 2.308182e+01 1.347625e+00 1.489620e+00 2.312351e+00 2.396120e+00 2.837664e+00 2.875842e+00 2.813478e+00 2.711961e+00 2.555577e+00 2.950731e+00 2.695126e+00 2.135035e+00 2.331512e-03
<GCONST> 8.996873e+01
<MIXTURE> 99 6.696178e-03
<MEAN> 25
 -6.137569e+00 9.490408e+00 6.478076e+00 3.264806e+00 7.550680e-01 -5.113136e+00 -1.828943e+00 -4.261611e+00 -3.414409e+00 -3.720289e+00 -1.447492e+00 3.241745e-01 5.278654e-01 -6.556501e-01 2.925263e-01 -3.700812e-01 -1.163940e+00 -5.764666e-01 -3.661357e-01 -2.045861e-01 -5.922261e-02 -2.124414e-02 2.344543e-01 2.003503e-01 9.915403e-03
<VARIANCE> 25
 3.550143e+01 2.830128e+01 4.657106e+01 3.106360e+01 3.569621e+01 3.431794e+01 2.666556e+01 2.893736e+01 2.570990e+01 2.685161e+01 2.060252e+01 2.778881e+01 2.136992e+00 1.902390e+00 1.394985e+00 1.675312e+00 2.558456e+00 2.092615e+00 1.590495e+00 1.662868e+00 1.602383e+00 1.541416e+00 1.261345e+00 1.392665e+00 1.488745e-03
<GCONST> 8.664246e+01
<MIXTURE> 100 4.498084e-03
<MEAN> 25
 -1.598755e+00 6.344313e+00 1.027631e+01 -7.462391e+00 -1.078143e+01 -5.074987e+00 -4.941526e+00 -9.968817e+00 -4.718182e+00 -8.554985e-01 -2.733221e+00 -2.708166e+00 2.917688e+00 -1.260371e+00 1.299527e+00 -2.185839e+00 -3.419374e+00 -7.841817e-01 -1.218852e+00 -8.198118e-01 -1.475432e+00 3.466503e-01 -1.655513e+00 -2.861874e-01 2.015122e-03
<VARIANCE> 25
 1.362599e+01 2.106184e+01 2.246769e+01 2.642735e+01 2.302310e+01 2.372157e+01 2.911015e+01 2.170541e+01 2.748055e+01 2.265383e+01 2.241075e+01 2.134013e+01 1.799677e+00 3.953659e+00 2.920096e+00 4.286216e+00 4.184355e+00 4.536994e+00 4.015321e+00 4.340261e+00 4.167984e+00 3.895876e+00 3.910306e+00 3.225057e+00 1.674735e-03
<GCONST> 9.256908e+01
<MIXTURE> 101 6.007792e-03
<MEAN> 25
 8.088603e+00 -3.482579e+00 -6.306069e+00 -6.859104e+00 8.448486e-01 -1.261915e+00 -1.057882e+01 -2.057421e+00 1.621630e+00 2.713327e+00 -2.385806e+00 -5.140249e+00 6.736377e-01 6.511692e-01 -1.454321e+00 -1.609360e+00 1.031834e+00 2.317987e+00 1.954644e-01 -1.460003e+00 -1.062894e+00 1.036719e+00 1.371157e+00 -4.153938e-01 -4.799702e-03
<VARIANCE> 25
 9.306433e+00 1.672206e+01 2.984269e+01 4.279736e+01 3.619059e+01 3.578410e+01 3.707758e+01 3.619365e+01 3.783228e+01 4.395157e+01 5.172227e+01 2.420879e+01 2.934740e-01 6.685107e-01 1.177266e+00 1.551347e+00 1.686182e+00 2.094547e+00 2.086166e+00 1.990644e+00 2.348826e+00 2.214519e+00 1.788787e+00 1.935943e+00 3.446116e-04
<GCONST> 8.364106e+01
<MIXTURE> 102 6.007792e-03
<MEAN> 25
 8.088603e+00 -3.482579e+00 -6.306069e+00 -6.859104e+00 8.448486e-01 -1.261915e+00 -1.057882e+01 -2.057421e+00 1.621630e+00 2.713327e+00 -2.385806e+00 -5.140249e+00 6.736377e-01 6.511692e-01 -1.454321e+00 -1.609360e+00 1.031834e+00 2.317987e+00 1.954644e-01 -1.460003e+00 -1.062894e+00 1.036719e+00 1.371157e+00 -4.153938e-01 -4.799702e-03
<VARIANCE> 25
 9.306433e+00 1.672206e+01 2.984269e+01 4.279736e+01 3.619059e+01 3.578410e+01 3.707758e+01 3.619365e+01 3.783228e+01 4.395157e+01 5.172227e+01 2.420879e+01 2.934740e-01 6.685107e-01 1.177266e+00 1.551347e+00 1.686182e+00 2.094547e+00 2.086166e+00 1.990644e+00 2.348826e+00 2.214519e+00 1.788787e+00 1.935943e+00 3.446116e-04
<GCONST> 8.364106e+01
<MIXTURE> 103 5.694618e-03
<MEAN> 25
 3.300616e+00 -9.319087e+00 -6.025557e+00 -3.064715e+00 -1.364825e+00 -1.927732e+00 2.360211e+00 2.264328e+00 -4.607082e+00 -9.262080e+00 -5.048322e+00 2.875969e-01 -1.689609e-01 -1.470751e+00 -9.906737e-01 3.428886e-01 1.150465e+00 9.535946e-01 9.602666e-02 -3.162920e-01 -8.212220e-01 -9.424094e-01 -4.249546e-02 9.712711e-02 2.608187e-02
<VARIANCE> 25
 1.028953e+01 2.092811e+01 2.285896e+01 3.098544e+01 4.701532e+01 3.430212e+01 4.561170e+01 3.872368e+01 4.118499e+01 2.868408e+01 2.939719e+01 2.603677e+01 6.366156e-01 1.238191e+00 1.509713e+00 1.942649e+00 3.031136e+00 2.545145e+00 3.004445e+00 2.633946e+00 2.583539e+00 2.477346e+00 2.055720e+00 2.006386e+00 8.193181e-04
<GCONST> 8.757513e+01
<MIXTURE> 104 5.694618e-03
<MEAN> 25
 3.300616e+00 -9.319087e+00 -6.025557e+00 -3.064715e+00 -1.364825e+00 -1.927732e+00 2.360211e+00 2.264328e+00 -4.607082e+00 -9.262080e+00 -5.048322e+00 2.875969e-01 -1.689609e-01 -1.470751e+00 -9.906737e-01 3.428886e-01 1.150465e+00 9.535946e-01 9.602666e-02 -3.162920e-01 -8.212220e-01 -9.424094e-01 -4.249546e-02 9.712711e-02 2.608187e-02
<VARIANCE> 25
 1.028953e+01 2.092811e+01 2.285896e+01 3.098544e+01 4.701532e+01 3.430212e+01 4.561170e+01 3.872368e+01 4.118499e+01 2.868408e+01 2.939719e+01 2.603677e+01 6.366156e-01 1.238191e+00 1.509713e+00 1.942649e+00 3.031136e+00 2.545145e+00 3.004445e+00 2.633946e+00 2.583539e+00 2.477346e+00 2.055720e+00 2.006386e+00 8.193181e-04
<GCONST> 8.757513e+01
<MIXTURE> 105 4.710235e-03
<MEAN> 25
 2.157836e+00 -1.435282e+00 8.811561e+00 -2.591678e+00 -1.108899e+01 -4.837444e+00 -4.065149e+00 -6.766053e-01 -3.616828e+00 -3.037367e+00 1.337837e+00 -1.127267e+00 -4.802144e-03 3.374420e-02 4.825921e-02 -4.784870e-02 1.090938e-02 5.774879e-02 6.353167e-03 2.311851e-02 -4.495923e-02 4.568478e-02 2.418057e-02 -2.578108e-02 -2.098737e-03
<VARIANCE> 25
 1.275814e+01 2.739054e+01 4.237257e+01 4.331912e+01 4.028852e+01 5.146098e+01 4.013226e+01 4.154818e+01 3.907962e+01 4.046749e+01 4.045266e+01 2.928202e+01 9.307820e-02 1.872032e-01 3.384364e-01 2.796603e-01 3.992995e-01 4.164987e-01 4.927814e-01 4.979056e-01 4.888993e-01 4.528434e-01 4.148968e-01 3.968247e-01 8.896509e-05
<GCONST> 6.657205e+01
<MIXTURE> 106 4.710235e-03
<MEAN> 25
 2.157836e+00 -1.435282e+00 8.811561e+00 -2.591678e+00 -1.108899e+01 -4.837444e+00 -4.065149e+00 -6.766053e-01 -3.616828e+00 -3.037367e+00 1.337837e+00 -1.127267e+00 -4.802144e-03 3.374420e-02 4.825921e-02 -4.784870e-02 1.090938e-02 5.774879e-02 6.353167e-03 2.311851e-02 -4.495923e-02 4.568478e-02 2.418057e-02 -2.578108e-02 -2.098737e-03
<VARIANCE> 25
 1.275814e+01 2.739054e+01 4.237257e+01 4.331912e+01 4.028852e+01 5.146098e+01 4.013226e+01 4.154818e+01 3.907962e+01 4.046749e+01 4.045266e+01 2.928202e+01 9.307820e-02 1.872032e-01 3.384364e-01 2.796603e-01 3.992995e-01 4.164987e-01 4.927814e-01 4.979056e-01 4.888993e-01 4.528434e-01 4.148968e-01 3.968247e-01 8.896509e-05
<GCONST> 6.657205e+01
<MIXTURE> 107 5.452374e-03
<MEAN> 25
 8.641255e+00 -2.310559e+00 -8.040537e+00 -9.561761e+00 1.965477e+00 2.958154e+00 -8.641823e+00 -4.554098e+00 -8.845633e-01 3.388907e+00 8.549068e-01 -5.074439e+00 -6.099654e-01 -7.684212e-01 8.360018e-01 1.773274e+00 2.254435e-01 -2.012882e+00 -9.217669e-01 8.486434e-01 1.767454e+00 4.711406e-02 -1.658115e+00 -8.203316e-01 -1.793379e-03
<VARIANCE> 25
 9.249931e+00 2.046947e+01 2.835480e+01 4.281322e+01 3.577236e+01 3.848092e+01 5.117506e+01 3.627379e+01 4.580001e+01 4.174192e+01 5.137924e+01 3.037167e+01 3.557426e-01 9.686965e-01 1.462004e+00 2.414199e+00 2.286874e+00 2.824409e+00 2.614816e+00 2.542128e+00 2.297773e+00 3.031252e+00 1.945432e+00 2.206986e+00 7.029338e-04
<GCONST> 8.804763e+01
<MIXTURE> 108 5.452374e-03
<MEAN> 25
 8.641255e+00 -2.310559e+00 -8.040537e+00 -9.561761e+00 1.965477e+00 2.958154e+00 -8.641823e+00 -4.554098e+00 -8.845633e-01 3.388907e+00 8.549068e-01 -5.074439e+00 -6.099654e-01 -7.684212e-01 8.360018e-01 1.773274e+00 2.254435e-01 -2.012882e+00 -9.217669e-01 8.486434e-01 1.767454e+00 4.711406e-02 -1.658115e+00 -8.203316e-01 -1.793379e-03
<VARIANCE> 25
 9.249931e+00 2.046947e+01 2.835480e+01 4.281322e+01 3.577236e+01 3.848092e+01 5.117506e+01 3.627379e+01 4.580001e+01 4.174192e+01 5.137924e+01 3.037167e+01 3.557426e-01 9.686965e-01 1.462004e+00 2.414199e+00 2.286874e+00 2.824409e+00 2.614816e+00 2.542128e+00 2.297773e+00 3.031252e+00 1.945432e+00 2.206986e+00 7.029338e-04
<GCONST> 8.804763e+01
<MIXTURE> 109 6.661064e-03
<MEAN> 25
 3.862140e+00 -1.018456e+01 -8.036666e+00 -1.443427e+00 2.504422e+00 -9.893353e-02 -1.279078e-01 1.531360e+00 -2.589700e+00 -8.071548e+00 -5.229724e+00 -3.144576e-02 -2.355007e-02 -1.469554e-01 -2.313842e-02 2.335553e-01 1.713849e-01 1.244880e-01 -8.174289e-02 -9.165493e-02 -5.386261e-02 -1.088978e-01 1.953663e-01 5.561778e-04 -3.623525e-03
<VARIANCE> 25
 9.400431e+00 1.950953e+01 2.025448e+01 3.010112e+01 3.984519e+01 3.505536e+01 4.481834e+01 3.376729e+01 4.436700e+01 3.507896e+01 2.859679e+01 2.695446e+01 1.925243e-01 4.348654e-01 5.202488e-01 6.100923e-01 1.215505e+00 9.576851e-01 1.247580e+00 1.094172e+00 1.116020e+00 1.006798e+00 8.644902e-01 8.681014e-01 1.747883e-04
<GCONST> 7.414594e+01
<MIXTURE> 110 6.661064e-03
<MEAN> 25
 3.862140e+00 -1.018456e+01 -8.036666e+00 -1.443427e+00 2.504422e+00 -9.893353e-02 -1.279078e-01 1.531360e+00 -2.589700e+00 -8.071548e+00 -5.229724e+00 -3.144576e-02 -2.355007e-02 -1.469554e-01 -2.313842e-02 2.335553e-01 1.713849e-01 1.244880e-01 -8.174289e-02 -9.165493e-02 -5.386261e-02 -1.088978e-01 1.953663e-01 5.561778e-04 -3.623525e-03
<VARIANCE> 25
 9.400431e+00 1.950953e+01 2.025448e+01 3.010112e+01 3.984519e+01 3.505536e+01 4.481834e+01 3.376729e+01 4.436700e+01 3.507896e+01 2.859679e+01 2.695446e+01 1.925243e-01 4.348654e-01 5.202488e-01 6.100923e-01 1.215505e+00 9.576851e-01 1.247580e+00 1.094172e+00 1.116020e+00 1.006798e+00 8.644902e-01 8.681014e-01 1.747883e-04
<GCONST> 7.414594e+01
<MIXTURE> 111 4.337247e-03
<MEAN> 25
 -1.169739e+00 -4.623702e-01 -5.122394e-01 2.461482e-01 -8.854627e-02 3.424513e-02 -3.946135e-01 -2.628221e-01 -5.170442e-01 -1.407353e-01 -2.462126e-01 8.256925e-01 -1.548104e-02 -8.528767e-02 -1.279239e-01 -8.521813e-02 -6.932832e-02 -5.754055e-02 -1.597795e-02 -4.918444e-02 -8.715238e-02 -1.750472e-01 -2.321910e-01 -1.637435e-01 -9.925411e-05
<VARIANCE> 25
 4.762760e+00 3.753859e+00 5.779584e+00 5.863007e+00 8.821006e+00 1.209576e+01 9.882400e+00 1.077366e+01 8.604179e+00 1.019370e+01 1.067548e+01 9.251634e+00 1.151660e-01 1.861145e-01 3.129291e-01 3.409042e-01 8.945302e-01 8.286402e-01 8.360673e-01 9.004092e-01 7.882046e-01 9.602823e-01 8.537347e-01 1.082029e+00 3.442803e-05
<GCONST> 5.345959e+01
<MIXTURE> 112 4.337247e-03
<MEAN> 25
 -1.169739e+00 -4.623702e-01 -5.122394e-01 2.461482e-01 -8.854627e-02 3.424513e-02 -3.946135e-01 -2.628221e-01 -5.170442e-01 -1.407353e-01 -2.462126e-01 8.256925e-01 -1.548104e-02 -8.528767e-02 -1.279239e-01 -8.521813e-02 -6.932832e-02 -5.754055e-02 -1.597795e-02 -4.918444e-02 -8.715238e-02 -1.750472e-01 -2.321910e-01 -1.637435e-01 -9.925411e-05
<VARIANCE> 25
 4.762760e+00 3.753859e+00 5.779584e+00 5.863007e+00 8.821006e+00 1.209576e+01 9.882400e+00 1.077366e+01 8.604179e+00 1.019370e+01 1.067548e+01 9.251634e+00 1.151660e-01 1.861145e-01 3.129291e-01 3.409042e-01 8.945302e-01 8.286402e-01 8.360673e-01 9.004092e-01 7.882046e-01 9.602823e-01 8.537347e-01 1.082029e+00 3.442803e-05
<GCONST> 5.345959e+01
<MIXTURE> 113 5.938666e-03
<MEAN> 25
 9.974720e+00 1.754121e+00 -8.778970e+00 -1.704321e+01 -1.034711e+00 5.656503e+00 -5.279379e+00 -1.465742e+00 -5.694965e+00 -4.936052e-01 2.986068e-01 -1.975054e-01 4.697781e-03 1.390932e-02 -5.963878e-02 -1.134600e-01 1.046710e-01 1.507667e-01 5.934969e-02 3.616124e-02 -5.681130e-02 -5.076624e-02 1.794821e-01 3.521493e-02 -1.410851e-03
<VARIANCE> 25
 8.901464e+00 1.639025e+01 2.968458e+01 3.423948e+01 5.271954e+01 3.387696e+01 3.970616e+01 3.914019e+01 3.737638e+01 4.638841e+01 3.628553e+01 2.843189e+01 1.217961e-01 3.205070e-01 3.160894e-01 6.311834e-01 6.132951e-01 6.535717e-01 7.766042e-01 8.454729e-01 9.594713e-01 9.056710e-01 7.246165e-01 7.133390e-01 1.247567e-04
<GCONST> 7.110767e+01
<MIXTURE> 114 5.938666e-03
<MEAN> 25
 9.974720e+00 1.754121e+00 -8.778970e+00 -1.704321e+01 -1.034711e+00 5.656503e+00 -5.279379e+00 -1.465742e+00 -5.694965e+00 -4.936052e-01 2.986068e-01 -1.975054e-01 4.697781e-03 1.390932e-02 -5.963878e-02 -1.134600e-01 1.046710e-01 1.507667e-01 5.934969e-02 3.616124e-02 -5.681130e-02 -5.076624e-02 1.794821e-01 3.521493e-02 -1.410851e-03
<VARIANCE> 25
 8.901464e+00 1.639025e+01 2.968458e+01 3.423948e+01 5.271954e+01 3.387696e+01 3.970616e+01 3.914019e+01 3.737638e+01 4.638841e+01 3.628553e+01 2.843189e+01 1.217961e-01 3.205070e-01 3.160894e-01 6.311834e-01 6.132951e-01 6.535717e-01 7.766042e-01 8.454729e-01 9.594713e-01 9.056710e-01 7.246165e-01 7.133390e-01 1.247567e-04
<GCONST> 7.110767e+01
<MIXTURE> 115 2.935202e-03
<MEAN> 25
 -3.225520e+00 -4.657633e-01 -2.320287e+00 2.845854e+00 2.017431e+00 -3.473400e-01 1.902071e+00 6.046004e-01 1.319266e+00 -9.532452e-02 1.363749e-01 2.016015e+00 1.595398e-03 -1.146175e-01 -2.510144e-01 -3.820309e-01 -6.178492e-01 -6.590803e-01 -5.673927e-01 -3.383977e-01 -5.010393e-01 -5.530628e-01 -4.130793e-01 -1.572743e-01 -2.003665e-06
<VARIANCE> 25
 9.449082e+00 8.672615e+00 1.308913e+01 1.230958e+01 1.213433e+01 1.524064e+01 1.509480e+01 1.866923e+01 1.577581e+01 1.692484e+01 1.877099e+01 1.439954e+01 1.953846e-01 3.737224e-01 5.466433e-01 5.157469e-01 6.052709e-01 7.886757e-01 9.073180e-01 1.194476e+00 1.152535e+00 1.084765e+00 1.187313e+00 1.287485e+00 1.166436e-06
<GCONST> 5.992717e+01
<MIXTURE> 116 2.935202e-03
<MEAN> 25
 -3.225520e+00 -4.657633e-01 -2.320287e+00 2.845854e+00 2.017431e+00 -3.473400e-01 1.902071e+00 6.046004e-01 1.319266e+00 -9.532452e-02 1.363749e-01 2.016015e+00 1.595398e-03 -1.146175e-01 -2.510144e-01 -3.820309e-01 -6.178492e-01 -6.590803e-01 -5.673927e-01 -3.383977e-01 -5.010393e-01 -5.530628e-01 -4.130793e-01 -1.572743e-01 -2.003665e-06
<VARIANCE> 25
 9.449082e+00 8.672615e+00 1.308913e+01 1.230958e+01 1.213433e+01 1.524064e+01 1.509480e+01 1.866923e+01 1.577581e+01 1.692484e+01 1.877099e+01 1.439954e+01 1.953846e-01 3.737224e-01 5.466433e-01 5.157469e-01 6.052709e-01 7.886757e-01 9.073180e-01 1.194476e+00 1.152535e+00 1.084765e+00 1.187313e+00 1.287485e+00 1.166436e-06
<GCONST> 5.992717e+01
<MIXTURE> 117 6.506003e-03
<MEAN> 25
 -4.635549e+00 1.115762e+00 1.055487e+00 9.739807e+00 6.248157e+00 6.243036e+00 6.452778e+00 5.040444e+00 6.379910e+00 4.925837e+00 6.360796e+00 2.705132e+00 -7.493078e-02 -2.346459e-01 -3.592544e-01 -4.191682e-01 -3.671697e-01 -3.025060e-01 -2.867940e-01 -3.291785e-01 -3.915231e-01 -3.714863e-01 -2.632509e-01 -1.166541e-01 -8.823175e-06
<VARIANCE> 25
 7.212761e+00 8.741525e+00 9.793573e+00 1.445124e+01 1.566043e+01 1.541127e+01 1.775115e+01 1.794122e+01 1.639571e+01 1.634639e+01 1.674758e+01 1.473932e+01 2.164202e-01 3.078539e-01 4.271352e-01 6.167951e-01 8.547524e-01 1.054224e+00 1.176210e+00 1.233665e+00 1.222941e+00 1.197658e+00 1.170327e+00 1.114598e+00 1.000098e-06
<GCONST> 6.045056e+01
<MIXTURE> 118 6.506003e-03
<MEAN> 25
 -4.635549e+00 1.115762e+00 1.055487e+00 9.739807e+00 6.248157e+00 6.243036e+00 6.452778e+00 5.040444e+00 6.379910e+00 4.925837e+00 6.360796e+00 2.705132e+00 -7.493078e-02 -2.346459e-01 -3.592544e-01 -4.191682e-01 -3.671697e-01 -3.025060e-01 -2.867940e-01 -3.291785e-01 -3.915231e-01 -3.714863e-01 -2.632509e-01 -1.166541e-01 -8.823175e-06
<VARIANCE> 25
 7.212761e+00 8.741525e+00 9.793573e+00 1.445124e+01 1.566043e+01 1.541127e+01 1.775115e+01 1.794122e+01 1.639571e+01 1.634639e+01 1.674758e+01 1.473932e+01 2.164202e-01 3.078539e-01 4.271352e-01 6.167951e-01 8.547524e-01 1.054224e+00 1.176210e+00 1.233665e+00 1.222941e+00 1.197658e+00 1.170327e+00 1.114598e+00 1.000098e-06
<GCONST> 6.045056e+01
<MIXTURE> 119 4.297961e-03
<MEAN> 25
 -4.808442e+00 -7.465380e+00 2.132259e+00 1.911876e+00 2.178900e+00 1.737966e-01 5.123101e+00 5.876676e+00 1.173099e+00 1.001320e+00 6.507593e+00 1.575133e+00 -4.121367e-02 -7.601278e-02 2.936314e-02 -6.354242e-02 -1.314152e-01 -1.629452e-01 -5.777783e-02 -1.810480e-02 -8.735757e-02 -1.351844e-01 -6.374910e-02 -5.159876e-02 1.265844e-03
<VARIANCE> 25
 9.153047e+00 1.047609e+01 1.651673e+01 2.003997e+01 2.238782e+01 2.268822e+01 2.511138e+01 2.604243e+01 2.450241e+01 2.755995e+01 2.042523e+01 2.007051e+01 1.643819e-01 2.847501e-01 4.558987e-01 6.190768e-01 7.890927e-01 1.003800e+00 1.095965e+00 1.260281e+00 1.266066e+00 1.256475e+00 1.173558e+00 1.099487e+00 2.289107e-04
<GCONST> 6.965689e+01
<MIXTURE> 120 4.297961e-03
<MEAN> 25
 -4.808442e+00 -7.465380e+00 2.132259e+00 1.911876e+00 2.178900e+00 1.737966e-01 5.123101e+00 5.876676e+00 1.173099e+00 1.001320e+00 6.507593e+00 1.575133e+00 -4.121367e-02 -7.601278e-02 2.936314e-02 -6.354242e-02 -1.314152e-01 -1.629452e-01 -5.777783e-02 -1.810480e-02 -8.735757e-02 -1.351844e-01 -6.374910e-02 -5.159876e-02 1.265844e-03
<VARIANCE> 25
 9.153047e+00 1.047609e+01 1.651673e+01 2.003997e+01 2.238782e+01 2.268822e+01 2.511138e+01 2.604243e+01 2.450241e+01 2.755995e+01 2.042523e+01 2.007051e+01 1.643819e-01 2.847501e-01 4.558987e-01 6.190768e-01 7.890927e-01 1.003800e+00 1.095965e+00 1.260281e+00 1.266066e+00 1.256475e+00 1.173558e+00 1.099487e+00 2.289107e-04
<GCONST> 6.965689e+01
<MIXTURE> 121 4.567511e-03
<MEAN> 25
 1.358023e-01 -2.452094e+00 4.933176e+00 -1.250227e+01 -1.230292e+01 -1.740944e+00 8.907319e-01 -4.841321e+00 -4.121402e+00 -7.732644e-01 -5.499752e+00 -4.281045e+00 3.690821e-02 9.554236e-02 -7.043744e-02 8.728646e-02 1.319425e-01 3.711298e-02 -9.217557e-02 -1.894651e-01 -3.082006e-01 -2.038575e-01 -9.305214e-02 -1.132639e-02 -7.351588e-03
<VARIANCE> 25
 7.583297e+00 1.509811e+01 1.774488e+01 2.293251e+01 2.590564e+01 2.815001e+01 2.882994e+01 2.554428e+01 3.440773e+01 2.934084e+01 1.925767e+01 2.055797e+01 1.582021e-01 6.656968e-01 6.232159e-01 6.818489e-01 7.974358e-01 1.176830e+00 1.105602e+00 1.117066e+00 1.274632e+00 1.216250e+00 9.162973e-01 8.422979e-01 2.021189e-04
<GCONST> 7.150204e+01
<MIXTURE> 122 4.567511e-03
<MEAN> 25
 1.358023e-01 -2.452094e+00 4.933176e+00 -1.250227e+01 -1.230292e+01 -1.740944e+00 8.907319e-01 -4.841321e+00 -4.121402e+00 -7.732644e-01 -5.499752e+00 -4.281045e+00 3.690821e-02 9.554236e-02 -7.043744e-02 8.728646e-02 1.319425e-01 3.711298e-02 -9.217557e-02 -1.894651e-01 -3.082006e-01 -2.038575e-01 -9.305214e-02 -1.132639e-02 -7.351588e-03
<VARIANCE> 25
 7.583297e+00 1.509811e+01 1.774488e+01 2.293251e+01 2.590564e+01 2.815001e+01 2.882994e+01 2.554428e+01 3.440773e+01 2.934084e+01 1.925767e+01 2.055797e+01 1.582021e-01 6.656968e-01 6.232159e-01 6.818489e-01 7.974358e-01 1.176830e+00 1.105602e+00 1.117066e+00 1.274632e+00 1.216250e+00 9.162973e-01 8.422979e-01 2.021189e-04
<GCONST> 7.150204e+01
<MIXTURE> 123 4.393044e-03
<MEAN> 25
 -2.888629e+00 1.025344e+00 -1.349874e-01 4.154802e+00 4.130494e+00 2.217433e+00 2.424956e+00 1.228641e-01 6.493686e-01 -6.812298e-02 1.841381e-01 2.329711e-01 -3.919465e-01 -7.363490e-01 -7.759577e-01 -6.452688e-01 -3.189420e-01 -2.280146e-01 3.423816e-01 5.031363e-01 8.640829e-01 7.586219e-01 6.630366e-01 2.999446e-01 -4.945860e-03
<VARIANCE> 25
 9.844068e+00 8.647895e+00 1.171078e+01 1.651058e+01 2.230624e+01 2.349118e+01 1.902166e+01 1.511743e+01 1.563117e+01 1.400857e+01 1.516758e+01 1.576035e+01 3.234403e-01 2.796426e-01 4.164011e-01 6.835114e-01 1.122976e+00 1.060120e+00 1.094258e+00 1.174225e+00 1.160007e+00 9.570916e-01 1.158259e+00 9.476272e-01 8.377065e-05
<GCONST> 6.601985e+01
<MIXTURE> 124 4.069876e-03
<MEAN> 25
 -5.926386e+00 -1.010023e+00 -2.557077e+00 4.694359e+00 4.728539e+00 3.200670e+00 5.217663e+00 2.490696e+00 3.042808e+00 1.303069e+00 9.032149e-01 2.783101e+00 -2.027937e-01 -3.457577e-01 -3.648371e-01 -2.389211e-01 1.922133e-01 4.995974e-01 8.201201e-01 8.771717e-01 7.053510e-01 2.578088e-01 6.431285e-02 -8.167236e-02 -9.535611e-05
<VARIANCE> 25
 1.357228e+01 7.091756e+00 1.158893e+01 1.312331e+01 1.184250e+01 1.883220e+01 1.498980e+01 1.594203e+01 1.515548e+01 1.504899e+01 1.873191e+01 1.413151e+01 1.034383e-01 1.637168e-01 2.685624e-01 4.057224e-01 6.927628e-01 7.157434e-01 6.926033e-01 8.550528e-01 8.980412e-01 1.003123e+00 9.737059e-01 1.081382e+00 1.804308e-05
<GCONST> 5.893412e+01
<MIXTURE> 125 4.069876e-03
<MEAN> 25
 -5.926386e+00 -1.010023e+00 -2.557077e+00 4.694359e+00 4.728539e+00 3.200670e+00 5.217663e+00 2.490696e+00 3.042808e+00 1.303069e+00 9.032149e-01 2.783101e+00 -2.027937e-01 -3.457577e-01 -3.648371e-01 -2.389211e-01 1.922133e-01 4.995974e-01 8.201201e-01 8.771717e-01 7.053510e-01 2.578088e-01 6.431285e-02 -8.167236e-02 -9.535611e-05
<VARIANCE> 25
 1.357228e+01 7.091756e+00 1.158893e+01 1.312331e+01 1.184250e+01 1.883220e+01 1.498980e+01 1.594203e+01 1.515548e+01 1.504899e+01 1.873191e+01 1.413151e+01 1.034383e-01 1.637168e-01 2.685624e-01 4.057224e-01 6.927628e-01 7.157434e-01 6.926033e-01 8.550528e-01 8.980412e-01 1.003123e+00 9.737059e-01 1.081382e+00 1.804308e-05
<GCONST> 5.893412e+01
<MIXTURE> 126 2.402244e-03
<MEAN> 25
 -3.315128e+00 -6.383777e+00 -4.953597e+00 1.837028e+00 3.615694e+00 -3.137620e+00 -1.842783e-01 3.529356e+00 3.017794e+00 -2.586919e+00 -1.393034e+00 2.676993e+00 2.324528e-02 -8.556045e-02 -2.301779e-02 -1.696781e-01 -3.739649e-01 -4.070683e-01 -2.658491e-01 -1.550148e-01 -1.651994e-01 -1.358370e-01 -1.328922e-01 -4.367083e-02 -1.771933e-03
<VARIANCE> 25
 8.173871e+00 1.365939e+01 1.351349e+01 1.548845e+01 2.555980e+01 2.179143e+01 2.148848e+01 2.772666e+01 2.928336e+01 2.431678e+01 2.024356e+01 1.851495e+01 1.734785e-01 3.996446e-01 4.552190e-01 5.191281e-01 7.343129e-01 1.024616e+00 1.112360e+00 1.170258e+00 1.269592e+00 1.293694e+00 1.204741e+00 1.092369e+00 1.935543e-04
<GCONST> 6.930172e+01
<MIXTURE> 127 2.402244e-03
<MEAN> 25
 -3.315128e+00 -6.383777e+00 -4.953597e+00 1.837028e+00 3.615694e+00 -3.137620e+00 -1.842783e-01 3.529356e+00 3.017794e+00 -2.586919e+00 -1.393034e+00 2.676993e+00 2.324528e-02 -8.556045e-02 -2.301779e-02 -1.696781e-01 -3.739649e-01 -4.070683e-01 -2.658491e-01 -1.550148e-01 -1.651994e-01 -1.358370e-01 -1.328922e-01 -4.367083e-02 -1.771933e-03
<VARIANCE> 25
 8.173871e+00 1.365939e+01 1.351349e+01 1.548845e+01 2.555980e+01 2.179143e+01 2.148848e+01 2.772666e+01 2.928336e+01 2.431678e+01 2.024356e+01 1.851495e+01 1.734785e-01 3.996446e-01 4.552190e-01 5.191281e-01 7.343129e-01 1.024616e+00 1.112360e+00 1.170258e+00 1.269592e+00 1.293694e+00 1.204741e+00 1.092369e+00 1.935543e-04
<GCONST> 6.930172e+01
<MIXTURE> 128 3.790457e-03
<MEAN> 25
 -3.779141e+00 1.503278e+00 -2.735591e-01 6.327219e+00 3.513757e+00 1.789795e+00 3.500847e+00 2.366256e+00 3.925851e+00 3.657815e+00 3.716239e+00 3.386561e+00 -3.839544e-01 -2.137961e-01 5.220735e-02 6.864515e-01 1.138236e+00 1.097217e+00 7.067644e-01 1.628920e-01 -4.196393e-01 -8.058834e-01 -7.071621e-01 -4.205097e-01 -4.393837e-05
<VARIANCE> 25
 1.043061e+01 1.139638e+01 1.459808e+01 2.011577e+01 1.978110e+01 2.073251e+01 2.388708e+01 2.395173e+01 2.561565e+01 2.307786e+01 2.667929e+01 1.811549e+01 8.719001e-01 1.128276e+00 1.387774e+00 1.498208e+00 1.633967e+00 1.857834e+00 2.178375e+00 2.276616e+00 2.105237e+00 1.857829e+00 1.759127e+00 1.734160e+00 9.865847e-07
<GCONST> 7.341334e+01
<TRANSP> 3
 0.000000e+00 1.000000e+00 0.000000e+00
 0.000000e+00 9.999990e-01 9.999998e-07
 0.000000e+00 0.000000e+00 0.000000e+00
<ENDHMM>
