~o
<STREAMINFO> 1 25
<VECSIZE> 25<NULLD><MFCC_E_D_N><DIAGC>
~h "jmodel"
<BEGINHMM>
<NUMSTATES> 3
<STATE> 2
<NUMMIXES> 128
<MIXTURE> 1 5.748963e-03
<MEAN> 25
 -2.542482e+00 3.113615e+00 2.290599e+00 8.629491e+00 4.357805e+00 3.457728e+00 4.024375e+00 3.948512e+00 5.841843e+00 5.087522e+00 5.803221e+00 3.024975e+00 -1.969714e+00 -1.630715e+00 -8.631543e-01 1.106138e+00 1.567974e+00 2.246158e+00 2.156153e+00 2.071530e+00 1.671780e+00 1.258330e+00 1.535886e+00 6.037574e-01 -4.701171e-02
<VARIANCE> 25
 1.005315e+01 1.187524e+01 1.477894e+01 1.938582e+01 2.288613e+01 2.187875e+01 2.168693e+01 2.171502e+01 2.119535e+01 2.461624e+01 2.109923e+01 1.715507e+01 1.857539e+00 2.080320e+00 2.985923e+00 3.265890e+00 3.696058e+00 3.334786e+00 3.271863e+00 3.348020e+00 3.516106e+00 3.706053e+00 3.525852e+00 2.802470e+00 3.077000e-03
<GCONST> 8.851527e+01
<MIXTURE> 2 4.549242e-03
<MEAN> 25
 -4.830289e+00 1.284272e+00 9.833556e-01 9.896039e+00 6.683105e+00 7.440007e+00 7.816326e+00 6.952749e+00 8.391903e+00 6.346859e+00 7.596315e+00 3.026104e+00 -5.967095e-02 4.010360e-02 1.386271e-01 2.253867e-01 2.642824e-01 2.788879e-01 2.915906e-01 3.167745e-01 3.425596e-01 3.060697e-01 1.987577e-01 7.789931e-02 4.443734e-06
<VARIANCE> 25
 7.190255e+00 8.988193e+00 1.062304e+01 1.586534e+01 1.716090e+01 1.548697e+01 1.691993e+01 1.842308e+01 1.656297e+01 1.749324e+01 1.816634e+01 1.457381e+01 1.263763e-01 2.259861e-01 3.372688e-01 4.645534e-01 6.456962e-01 8.149282e-01 9.261617e-01 1.004297e+00 1.065415e+00 1.078589e+00 1.080107e+00 1.015735e+00 1.013089e-06
<GCONST> 5.812057e+01
<MIXTURE> 3 4.549242e-03
<MEAN> 25
 -4.830289e+00 1.284272e+00 9.833556e-01 9.896039e+00 6.683105e+00 7.440007e+00 7.816326e+00 6.952749e+00 8.391903e+00 6.346859e+00 7.596315e+00 3.026104e+00 -5.967095e-02 4.010360e-02 1.386271e-01 2.253867e-01 2.642824e-01 2.788879e-01 2.915906e-01 3.167745e-01 3.425596e-01 3.060697e-01 1.987577e-01 7.789931e-02 4.443734e-06
<VARIANCE> 25
 7.190255e+00 8.988193e+00 1.062304e+01 1.586534e+01 1.716090e+01 1.548697e+01 1.691993e+01 1.842308e+01 1.656297e+01 1.749324e+01 1.816634e+01 1.457381e+01 1.263763e-01 2.259861e-01 3.372688e-01 4.645534e-01 6.456962e-01 8.149282e-01 9.261617e-01 1.004297e+00 1.065415e+00 1.078589e+00 1.080107e+00 1.015735e+00 1.013089e-06
<GCONST> 5.812057e+01
<MIXTURE> 4 1.671429e-02
<MEAN> 25
 3.434898e+00 2.342478e+00 -3.693213e+00 6.981298e-01 3.929395e+00 -1.327189e+00 -4.067314e-02 -4.482651e-02 2.433114e+00 8.438086e-01 -1.694621e+00 -1.352148e-01 -2.846462e+00 1.432833e+00 1.521597e+00 3.158220e+00 7.122395e-01 6.046014e-01 1.440546e+00 9.652387e-01 6.775032e-01 2.866268e-01 1.122826e+00 7.976187e-01 -9.282103e-02
<VARIANCE> 25
 1.923577e+01 2.705896e+01 2.701686e+01 3.693778e+01 4.268957e+01 7.793777e+01 5.943980e+01 4.900199e+01 5.761637e+01 5.824179e+01 4.548780e+01 3.349620e+01 2.337744e+00 5.127892e+00 3.950502e+00 4.752878e+00 4.993158e+00 5.725230e+00 5.604927e+00 5.096876e+00 6.175425e+00 6.055123e+00 5.657233e+00 4.223089e+00 6.620503e-03
<GCONST> 1.045405e+02
<MIXTURE> 5 3.206198e-03
<MEAN> 25
 -3.409241e+00 2.174439e+00 6.117374e-01 9.429678e+00 6.695504e+00 6.321787e+00 7.108873e+00 4.725578e+00 5.509051e+00 3.839163e+00 4.650890e+00 2.593888e+00 -3.228924e-01 7.511231e-01 1.221492e+00 1.031428e+00 3.066244e-01 -1.013520e-01 -8.422258e-02 3.422739e-02 4.570796e-01 6.840638e-01 4.054385e-01 8.635595e-02 -2.693593e-05
<VARIANCE> 25
 1.026796e+01 1.395184e+01 2.344972e+01 2.557894e+01 2.019114e+01 1.940994e+01 2.008586e+01 2.033090e+01 2.149727e+01 2.131113e+01 2.409484e+01 1.642626e+01 1.209943e+00 1.243986e+00 1.361458e+00 1.671718e+00 2.281522e+00 2.373554e+00 2.297710e+00 2.272507e+00 2.312357e+00 2.235275e+00 2.085745e+00 1.873034e+00 1.002575e-06
<GCONST> 7.516513e+01
<MIXTURE> 6 5.475854e-03
<MEAN> 25
 9.702043e+00 -4.171497e-01 -6.692997e+00 -1.104620e+01 -2.115913e+00 6.733133e+00 -5.899844e+00 -5.296815e+00 -3.656252e+00 1.831105e+00 4.642927e+00 -1.251005e+00 4.849755e-01 8.961493e-01 -3.512313e-01 -1.469131e+00 -6.380322e-01 1.314548e+00 1.536502e+00 2.476412e-01 -1.218346e+00 -1.217013e+00 3.229918e-01 1.228323e+00 -8.144042e-03
<VARIANCE> 25
 8.960946e+00 1.707664e+01 2.395868e+01 3.911526e+01 3.677936e+01 3.065611e+01 4.406499e+01 3.806330e+01 4.075068e+01 3.947862e+01 4.210345e+01 2.841815e+01 3.115730e-01 8.571362e-01 9.455065e-01 1.977927e+00 1.605888e+00 2.016153e+00 1.919125e+00 2.051336e+00 2.399051e+00 1.968578e+00 2.245577e+00 1.438594e+00 5.875570e-04
<GCONST> 8.387988e+01
<MIXTURE> 7 5.475854e-03
<MEAN> 25
 9.702043e+00 -4.171497e-01 -6.692997e+00 -1.104620e+01 -2.115913e+00 6.733133e+00 -5.899844e+00 -5.296815e+00 -3.656252e+00 1.831105e+00 4.642927e+00 -1.251005e+00 4.849755e-01 8.961493e-01 -3.512313e-01 -1.469131e+00 -6.380322e-01 1.314548e+00 1.536502e+00 2.476412e-01 -1.218346e+00 -1.217013e+00 3.229918e-01 1.228323e+00 -8.144042e-03
<VARIANCE> 25
 8.960946e+00 1.707664e+01 2.395868e+01 3.911526e+01 3.677936e+01 3.065611e+01 4.406499e+01 3.806330e+01 4.075068e+01 3.947862e+01 4.210345e+01 2.841815e+01 3.115730e-01 8.571362e-01 9.455065e-01 1.977927e+00 1.605888e+00 2.016153e+00 1.919125e+00 2.051336e+00 2.399051e+00 1.968578e+00 2.245577e+00 1.438594e+00 5.875570e-04
<GCONST> 8.387988e+01
<MIXTURE> 8 1.165917e-02
<MEAN> 25
 -4.533922e+00 1.224424e+00 1.186936e+00 9.402209e+00 6.468574e+00 6.477827e+00 6.371113e+00 5.705620e+00 6.555434e+00 5.423763e+00 6.450631e+00 3.011303e+00 -6.148173e-01 -1.378927e+00 -1.112287e+00 -1.751290e+00 -2.358512e-01 -9.329330e-01 -1.803048e-01 -2.729216e-01 -3.190124e-01 -1.034735e-01 -1.830463e-01 1.595437e-01 9.682902e-02
<VARIANCE> 25
 1.012567e+01 1.002299e+01 1.149918e+01 1.622327e+01 1.659997e+01 1.681838e+01 1.780152e+01 1.698911e+01 1.696294e+01 1.807999e+01 1.869381e+01 1.403148e+01 2.665621e+00 2.777939e+00 3.848620e+00 3.736913e+00 3.387069e+00 3.236327e+00 3.024112e+00 2.996940e+00 2.936409e+00 2.760717e+00 2.391940e+00 2.027653e+00 6.571215e-03
<GCONST> 8.634801e+01
<MIXTURE> 9 1.199672e-02
<MEAN> 25
 9.128968e+00 3.026232e+00 -6.936366e+00 -1.071635e+01 -1.648395e+00 3.813321e+00 -2.619300e+00 -2.925412e+00 -5.169836e+00 -8.432202e-01 4.777363e-01 4.794723e-01 1.375797e+00 7.409412e-02 -6.183844e-01 -2.913146e+00 -1.528707e+00 5.171871e-01 -9.957870e-01 -2.016776e-01 -1.077147e-01 -5.305119e-02 5.887443e-01 -1.453555e-01 7.729664e-02
<VARIANCE> 25
 1.090900e+01 1.954641e+01 3.281540e+01 4.766617e+01 4.546062e+01 3.662987e+01 3.852185e+01 4.781673e+01 3.885338e+01 4.073301e+01 3.161002e+01 2.485707e+01 1.891768e+00 2.419842e+00 4.078759e+00 4.652850e+00 4.600219e+00 4.333655e+00 3.941460e+00 5.274482e+00 4.435526e+00 5.173884e+00 3.537415e+00 2.444073e+00 2.076969e-03
<GCONST> 9.723912e+01
<MIXTURE> 10 6.596976e-03
<MEAN> 25
 8.415332e-01 7.572368e+00 5.352516e+00 7.107337e+00 1.590705e+00 -2.090224e+00 -5.420188e-01 -1.671764e+00 9.040133e-01 8.296155e-01 8.131642e-01 6.248699e-01 -1.914860e+00 -6.742092e-01 -4.523131e-01 3.010133e+00 2.465536e+00 2.704955e+00 2.376253e+00 2.278762e+00 1.833433e+00 1.550783e+00 2.321575e+00 5.144825e-01 -1.373704e-01
<VARIANCE> 25
 1.948159e+01 2.095566e+01 2.218661e+01 2.909643e+01 3.799195e+01 3.479884e+01 3.496671e+01 3.360588e+01 2.752018e+01 2.908017e+01 2.685851e+01 2.496614e+01 2.233113e+00 3.398681e+00 5.497308e+00 5.182866e+00 5.516617e+00 4.442905e+00 4.659940e+00 4.810218e+00 4.447248e+00 4.998578e+00 4.435403e+00 3.177955e+00 2.741789e-03
<GCONST> 9.741141e+01
<MIXTURE> 11 1.633820e-02
<MEAN> 25
 7.107375e+00 3.526536e+00 3.191727e+00 4.261769e+00 -3.215941e+00 -1.456685e+00 -3.095896e+00 -5.208115e+00 -2.632278e+00 -4.475809e-01 -1.956783e+00 -2.213125e+00 -3.750205e-01 4.060292e-01 3.025087e-01 1.369149e-01 3.984551e-01 2.105826e-01 1.712091e-01 -3.165315e-02 -3.449300e-01 1.092687e-01 -7.334643e-02 -4.255035e-02 -1.756427e-02
<VARIANCE> 25
 1.002960e+01 2.016641e+01 1.712668e+01 2.739717e+01 3.258273e+01 3.447271e+01 4.348129e+01 3.996123e+01 3.899327e+01 2.965340e+01 3.045526e+01 2.888702e+01 8.948509e-01 1.081186e+00 1.556421e+00 1.886414e+00 2.195192e+00 2.317998e+00 2.186360e+00 2.449939e+00 2.284045e+00 2.250734e+00 1.773371e+00 2.036224e+00 8.634738e-04
<GCONST> 8.594032e+01
<MIXTURE> 12 5.904134e-03
<MEAN> 25
 1.076431e+01 3.743132e+00 -4.501791e+00 -1.599004e+01 -8.694478e+00 8.640491e+00 -8.980137e-01 -1.922083e+00 -1.722704e+00 -4.884586e+00 1.774726e+00 7.163983e-01 6.761131e-02 2.937286e-01 7.983442e-02 -3.683685e-01 -3.102897e-01 2.973465e-02 3.054014e-01 4.476497e-01 1.411579e-01 -3.841870e-01 -3.855572e-01 5.371427e-02 -6.298485e-03
<VARIANCE> 25
 8.886198e+00 2.099743e+01 2.336185e+01 3.508316e+01 4.206756e+01 3.096865e+01 4.179058e+01 4.896920e+01 4.405258e+01 3.740275e+01 3.798964e+01 2.892517e+01 2.468424e-01 6.882174e-01 6.863849e-01 1.169844e+00 1.186355e+00 1.053882e+00 1.171027e+00 1.386044e+00 1.240579e+00 1.223236e+00 1.221381e+00 9.566493e-01 5.787705e-04
<GCONST> 7.892365e+01
<MIXTURE> 13 5.904134e-03
<MEAN> 25
 1.076431e+01 3.743132e+00 -4.501791e+00 -1.599004e+01 -8.694478e+00 8.640491e+00 -8.980137e-01 -1.922083e+00 -1.722704e+00 -4.884586e+00 1.774726e+00 7.163983e-01 6.761131e-02 2.937286e-01 7.983442e-02 -3.683685e-01 -3.102897e-01 2.973465e-02 3.054014e-01 4.476497e-01 1.411579e-01 -3.841870e-01 -3.855572e-01 5.371427e-02 -6.298485e-03
<VARIANCE> 25
 8.886198e+00 2.099743e+01 2.336185e+01 3.508316e+01 4.206756e+01 3.096865e+01 4.179058e+01 4.896920e+01 4.405258e+01 3.740275e+01 3.798964e+01 2.892517e+01 2.468424e-01 6.882174e-01 6.863849e-01 1.169844e+00 1.186355e+00 1.053882e+00 1.171027e+00 1.386044e+00 1.240579e+00 1.223236e+00 1.221381e+00 9.566493e-01 5.787705e-04
<GCONST> 7.892365e+01
<MIXTURE> 14 6.488954e-03
<MEAN> 25
 -4.010386e+00 -5.668681e-01 -2.956988e-01 8.900115e+00 7.384192e+00 7.613379e+00 7.543306e+00 7.352451e+00 7.059387e+00 4.863503e+00 6.699020e+00 3.875352e+00 -2.780528e-01 1.403132e-01 3.356545e-01 3.407008e-01 4.023201e-02 6.020289e-02 9.697240e-02 8.512552e-02 2.043281e-01 5.791357e-01 4.685627e-01 8.136089e-02 -8.082626e-03
<VARIANCE> 25
 1.035118e+01 1.379655e+01 1.767376e+01 1.715987e+01 2.017185e+01 1.965545e+01 2.172500e+01 1.978599e+01 2.006030e+01 2.511338e+01 2.094523e+01 1.605487e+01 9.146439e-01 1.622877e+00 1.730714e+00 2.065604e+00 2.229652e+00 2.150151e+00 2.141480e+00 2.372203e+00 2.327563e+00 2.459828e+00 2.152906e+00 1.802827e+00 1.013294e-03
<GCONST> 8.177744e+01
<MIXTURE> 15 2.475190e-03
<MEAN> 25
 -5.133589e+00 -8.035729e-01 -1.699628e-01 7.213449e+00 5.593585e+00 6.048118e+00 5.916829e+00 5.009271e+00 5.344214e+00 3.811812e+00 5.264862e+00 2.417480e+00 -1.070487e-01 -2.214652e-02 8.528234e-02 3.000423e-01 4.817765e-01 7.430648e-01 1.051488e+00 1.172425e+00 1.083412e+00 8.387240e-01 3.779332e-01 1.106035e-01 1.401023e-04
<VARIANCE> 25
 7.935645e+00 5.694352e+00 8.557862e+00 1.277607e+01 1.350498e+01 1.544647e+01 1.459649e+01 1.410523e+01 1.383175e+01 1.591751e+01 1.528148e+01 1.201586e+01 1.245277e-01 1.979358e-01 3.062041e-01 5.315016e-01 6.599633e-01 7.805096e-01 7.311519e-01 7.979217e-01 8.984088e-01 1.095594e+00 1.049795e+00 1.031515e+00 2.735974e-05
<GCONST> 5.856370e+01
<MIXTURE> 16 2.475190e-03
<MEAN> 25
 -5.133589e+00 -8.035729e-01 -1.699628e-01 7.213449e+00 5.593585e+00 6.048118e+00 5.916829e+00 5.009271e+00 5.344214e+00 3.811812e+00 5.264862e+00 2.417480e+00 -1.070487e-01 -2.214652e-02 8.528234e-02 3.000423e-01 4.817765e-01 7.430648e-01 1.051488e+00 1.172425e+00 1.083412e+00 8.387240e-01 3.779332e-01 1.106035e-01 1.401023e-04
<VARIANCE> 25
 7.935645e+00 5.694352e+00 8.557862e+00 1.277607e+01 1.350498e+01 1.544647e+01 1.459649e+01 1.410523e+01 1.383175e+01 1.591751e+01 1.528148e+01 1.201586e+01 1.245277e-01 1.979358e-01 3.062041e-01 5.315016e-01 6.599633e-01 7.805096e-01 7.311519e-01 7.979217e-01 8.984088e-01 1.095594e+00 1.049795e+00 1.031515e+00 2.735974e-05
<GCONST> 5.856370e+01
<MIXTURE> 17 9.518312e-03
<MEAN> 25
 3.454068e+00 -8.526825e-01 5.607887e+00 1.955392e+00 -5.697517e+00 -6.979079e+00 -2.875241e+00 -3.490558e-03 -2.532796e+00 -3.378185e+00 9.359047e-03 1.585450e-01 -7.484000e-01 -1.106348e+00 1.199319e+00 -1.996344e+00 -2.138202e+00 -3.193034e-01 3.475038e-01 5.344570e-01 -3.288840e-01 -8.555818e-02 1.053018e+00 3.870691e-01 7.695781e-02
<VARIANCE> 25
 1.561221e+01 2.838175e+01 3.185340e+01 3.806881e+01 4.089022e+01 5.339491e+01 3.924197e+01 3.119554e+01 3.242773e+01 2.441459e+01 2.675845e+01 2.720240e+01 1.680589e+00 2.473358e+00 4.080097e+00 2.898780e+00 4.071282e+00 5.890294e+00 4.848722e+00 4.593106e+00 4.003086e+00 4.065563e+00 2.912247e+00 2.475769e+00 2.071322e-03
<GCONST> 9.596544e+01
<MIXTURE> 18 1.221018e-02
<MEAN> 25
 4.002692e+00 4.451225e+00 6.467862e+00 4.741998e+00 -4.483378e+00 -8.105699e+00 -1.706057e+00 -1.069244e+00 -3.161721e+00 -2.543724e+00 -9.842294e-01 6.157665e-01 -7.250531e-01 2.131725e+00 -1.224051e-01 1.980085e+00 3.057007e+00 1.534673e+00 7.882553e-01 -2.126464e-01 5.796919e-01 5.517064e-01 -2.725425e-01 -1.828725e-01 -1.217357e-01
<VARIANCE> 25
 1.567495e+01 2.513346e+01 3.364061e+01 2.539848e+01 3.916310e+01 3.518701e+01 3.801332e+01 3.420778e+01 3.909175e+01 3.357515e+01 3.168881e+01 3.043007e+01 2.535292e+00 2.992189e+00 4.734228e+00 3.993408e+00 4.047392e+00 4.569459e+00 4.717459e+00 4.324183e+00 4.423910e+00 4.199317e+00 4.423110e+00 3.950206e+00 4.086401e-03
<GCONST> 9.830470e+01
<MIXTURE> 19 9.912824e-03
<MEAN> 25
 -9.457603e+00 1.556413e+00 8.328128e-02 1.377251e+00 4.252748e+00 2.019151e+00 3.158026e+00 9.794828e-01 2.346822e+00 1.483819e+00 1.239560e+00 2.258696e+00 2.013360e+00 1.720253e+00 2.253082e+00 7.704268e-01 -1.073547e+00 -1.071460e+00 -1.049123e+00 -1.412789e+00 -1.348155e+00 -1.441757e+00 -9.476265e-01 -9.540369e-01 -2.988539e-03
<VARIANCE> 25
 5.674236e+01 2.938220e+01 4.594770e+01 5.134209e+01 3.280614e+01 3.357452e+01 3.051025e+01 2.817458e+01 2.820250e+01 2.711362e+01 2.900590e+01 1.954738e+01 2.334263e+00 2.077873e+00 2.205676e+00 2.261708e+00 2.409976e+00 2.140537e+00 2.301739e+00 2.238492e+00 2.316996e+00 3.142616e+00 2.293898e+00 1.995436e+00 2.580456e-03
<GCONST> 9.188549e+01
<MIXTURE> 20 6.308331e-03
<MEAN> 25
 -1.428926e+01 7.721145e+00 4.488253e-01 6.286640e+00 4.683854e+00 1.576234e+00 5.303649e+00 8.487837e-01 9.825155e-01 4.672441e-01 2.322512e+00 -3.654478e-01 -3.242670e+00 -7.975363e-01 -1.441263e+00 3.534548e-01 1.545052e+00 2.062133e+00 1.985204e+00 1.973743e+00 1.960640e+00 1.955908e+00 1.691337e+00 9.543677e-01 4.788107e-02
<VARIANCE> 25
 1.878837e+01 2.371930e+01 3.180055e+01 3.541777e+01 2.957578e+01 2.642565e+01 2.844654e+01 2.976692e+01 2.652303e+01 2.864400e+01 2.501358e+01 1.987189e+01 2.049256e+00 2.149184e+00 2.054214e+00 2.421998e+00 2.568707e+00 2.197785e+00 2.189556e+00 2.305512e+00 2.674821e+00 2.638477e+00 2.135225e+00 1.818782e+00 1.805395e-03
<GCONST> 8.874831e+01
<MIXTURE> 21 7.928653e-03
<MEAN> 25
 3.132814e+00 -3.943851e+00 4.794308e+00 -1.067649e+00 -9.774418e+00 -8.524178e+00 -1.919352e+00 3.239744e+00 -2.623560e+00 -2.857661e+00 8.274660e-01 1.220165e+00 -7.127797e-01 1.042357e+00 2.673657e+00 -1.732092e-01 -1.504836e+00 6.736853e-01 5.782350e-01 -1.600554e+00 -2.051169e+00 7.096983e-01 1.354531e+00 2.229706e-01 -6.567787e-03
<VARIANCE> 25
 1.051547e+01 1.652638e+01 2.887710e+01 2.516484e+01 2.645876e+01 3.000547e+01 3.805437e+01 3.531468e+01 3.889593e+01 2.748240e+01 3.142238e+01 2.268506e+01 3.592692e-01 1.116859e+00 1.727078e+00 1.127682e+00 1.897809e+00 2.878269e+00 3.091081e+00 2.119713e+00 1.888689e+00 3.349425e+00 1.908001e+00 1.965700e+00 5.269793e-04
<GCONST> 8.406652e+01
<MIXTURE> 22 8.827789e-03
<MEAN> 25
 -1.790543e+01 8.528344e+00 -4.526711e+00 7.629572e+00 4.116854e+00 2.674822e+00 8.510464e+00 1.812868e+00 4.009484e+00 2.324776e+00 5.316694e+00 1.402197e+00 -4.469208e-01 -2.642753e-01 1.221716e-01 -1.947036e-01 9.874808e-02 2.316239e-01 4.509961e-01 1.920978e-01 -7.646244e-03 2.537363e-01 4.410377e-01 4.451917e-01 9.927089e-03
<VARIANCE> 25
 6.298663e+00 1.508616e+01 1.309556e+01 1.797009e+01 1.671828e+01 1.668113e+01 1.544359e+01 1.440088e+01 1.799575e+01 1.761266e+01 1.540238e+01 1.373942e+01 8.633690e-01 9.731700e-01 1.115652e+00 1.122454e+00 1.046629e+00 1.467409e+00 1.307004e+00 1.323915e+00 1.318377e+00 1.711416e+00 1.505332e+00 1.433313e+00 1.265072e-03
<GCONST> 7.404918e+01
<MIXTURE> 23 6.455497e-03
<MEAN> 25
 7.225218e+00 1.995935e+00 2.599578e+00 2.033473e+00 -4.553454e+00 -3.243266e+00 -4.157176e+00 -5.208648e+00 -2.922716e+00 -1.208430e+00 -3.493411e+00 -1.689672e+00 6.549693e-02 2.361974e-01 -6.536088e-04 3.802324e-02 -2.888926e-02 1.738590e-01 2.658083e-02 -2.113127e-01 -7.104959e-02 1.430471e-01 9.072630e-02 1.809870e-02 -4.829497e-03
<VARIANCE> 25
 1.092017e+01 1.854521e+01 2.210403e+01 3.343335e+01 3.236960e+01 4.660940e+01 5.116001e+01 5.052535e+01 4.343961e+01 3.843623e+01 4.021066e+01 4.680051e+01 1.289792e-01 2.799840e-01 4.321549e-01 4.292521e-01 5.675882e-01 7.545986e-01 8.071917e-01 8.416765e-01 8.556648e-01 8.702635e-01 8.364550e-01 8.386253e-01 8.092380e-05
<GCONST> 7.168819e+01
<MIXTURE> 24 6.455497e-03
<MEAN> 25
 7.225218e+00 1.995935e+00 2.599578e+00 2.033473e+00 -4.553454e+00 -3.243266e+00 -4.157176e+00 -5.208648e+00 -2.922716e+00 -1.208430e+00 -3.493411e+00 -1.689672e+00 6.549693e-02 2.361974e-01 -6.536088e-04 3.802324e-02 -2.888926e-02 1.738590e-01 2.658083e-02 -2.113127e-01 -7.104959e-02 1.430471e-01 9.072630e-02 1.809870e-02 -4.829497e-03
<VARIANCE> 25
 1.092017e+01 1.854521e+01 2.210403e+01 3.343335e+01 3.236960e+01 4.660940e+01 5.116001e+01 5.052535e+01 4.343961e+01 3.843623e+01 4.021066e+01 4.680051e+01 1.289792e-01 2.799840e-01 4.321549e-01 4.292521e-01 5.675882e-01 7.545986e-01 8.071917e-01 8.416765e-01 8.556648e-01 8.702635e-01 8.364550e-01 8.386253e-01 8.092380e-05
<GCONST> 7.168819e+01
<MIXTURE> 25 1.118642e-02
<MEAN> 25
 2.689677e-01 3.409068e+00 1.648763e+01 -1.134864e+00 -1.109589e+01 -1.624867e+00 -5.055189e+00 -3.034090e+00 -6.851626e+00 -5.276153e+00 3.963333e+00 -1.580768e+00 -1.453959e-01 4.361447e-01 1.493914e-01 1.098098e-01 2.300803e-01 6.300484e-02 1.805537e-01 -1.543256e-01 -2.596976e-01 6.814787e-02 -6.276643e-02 -1.043375e-01 -1.226291e-02
<VARIANCE> 25
 8.716210e+00 2.192725e+01 2.308297e+01 2.854887e+01 3.340577e+01 4.056902e+01 2.761393e+01 2.978809e+01 2.892672e+01 3.766356e+01 2.103414e+01 2.768731e+01 5.888566e-01 1.411156e+00 1.412321e+00 1.441436e+00 2.233361e+00 2.099449e+00 1.720009e+00 1.633367e+00 1.551307e+00 1.678996e+00 1.368747e+00 1.303614e+00 1.260348e-03
<GCONST> 8.293913e+01
<MIXTURE> 26 7.727677e-03
<MEAN> 25
 2.046671e+00 -6.376186e+00 -1.067758e+01 -7.105260e-01 8.143422e+00 5.874899e+00 3.964005e+00 -1.890450e-01 1.973295e+00 7.070693e-01 -2.166671e+00 7.814495e-03 -5.773206e-01 5.974608e-01 4.171499e-01 7.284250e-01 2.210325e-01 1.758788e-01 2.334426e-01 1.809866e-01 4.458195e-01 -2.996169e-02 3.514405e-01 4.070082e-01 -5.147541e-02
<VARIANCE> 25
 2.280884e+01 3.093882e+01 2.695377e+01 5.705260e+01 3.629840e+01 4.083167e+01 4.190611e+01 3.991818e+01 3.752797e+01 7.760931e+01 4.163724e+01 5.309008e+01 1.553087e+00 1.799051e+00 2.049912e+00 1.930578e+00 2.200578e+00 2.271119e+00 2.378579e+00 2.676867e+00 2.411275e+00 2.817717e+00 2.036320e+00 2.140101e+00 3.156182e-03
<GCONST> 9.373839e+01
<MIXTURE> 27 7.727677e-03
<MEAN> 25
 2.046671e+00 -6.376186e+00 -1.067758e+01 -7.105260e-01 8.143422e+00 5.874899e+00 3.964005e+00 -1.890450e-01 1.973295e+00 7.070693e-01 -2.166671e+00 7.814495e-03 -5.773206e-01 5.974608e-01 4.171499e-01 7.284250e-01 2.210325e-01 1.758788e-01 2.334426e-01 1.809866e-01 4.458195e-01 -2.996169e-02 3.514405e-01 4.070082e-01 -5.147541e-02
<VARIANCE> 25
 2.280884e+01 3.093882e+01 2.695377e+01 5.705260e+01 3.629840e+01 4.083167e+01 4.190611e+01 3.991818e+01 3.752797e+01 7.760931e+01 4.163724e+01 5.309008e+01 1.553087e+00 1.799051e+00 2.049912e+00 1.930578e+00 2.200578e+00 2.271119e+00 2.378579e+00 2.676867e+00 2.411275e+00 2.817717e+00 2.036320e+00 2.140101e+00 3.156182e-03
<GCONST> 9.373839e+01
<MIXTURE> 28 5.036674e-03
<MEAN> 25
 -5.422022e+00 -4.827159e-03 -1.569422e+00 6.612365e+00 5.221845e+00 3.538876e+00 5.414481e+00 3.149981e+00 3.929596e+00 2.384660e+00 2.641066e+00 3.204203e+00 -1.145722e-01 2.204354e-01 5.285729e-01 7.872166e-01 8.189337e-01 7.026629e-01 5.207798e-01 3.908380e-01 4.429899e-01 4.904296e-01 3.671575e-01 1.915620e-01 -1.963313e-05
<VARIANCE> 25
 1.060700e+01 8.391418e+00 1.211738e+01 1.479590e+01 1.468236e+01 1.777382e+01 1.797089e+01 1.903801e+01 1.715992e+01 1.670228e+01 2.054084e+01 1.501071e+01 2.557743e-01 3.372978e-01 4.059775e-01 4.645085e-01 6.217059e-01 8.447055e-01 1.054157e+00 1.142103e+00 1.103010e+00 1.047343e+00 1.038167e+00 1.066145e+00 1.032946e-06
<GCONST> 6.029929e+01
<MIXTURE> 29 5.036674e-03
<MEAN> 25
 -5.422022e+00 -4.827159e-03 -1.569422e+00 6.612365e+00 5.221845e+00 3.538876e+00 5.414481e+00 3.149981e+00 3.929596e+00 2.384660e+00 2.641066e+00 3.204203e+00 -1.145722e-01 2.204354e-01 5.285729e-01 7.872166e-01 8.189337e-01 7.026629e-01 5.207798e-01 3.908380e-01 4.429899e-01 4.904296e-01 3.671575e-01 1.915620e-01 -1.963313e-05
<VARIANCE> 25
 1.060700e+01 8.391418e+00 1.211738e+01 1.479590e+01 1.468236e+01 1.777382e+01 1.797089e+01 1.903801e+01 1.715992e+01 1.670228e+01 2.054084e+01 1.501071e+01 2.557743e-01 3.372978e-01 4.059775e-01 4.645085e-01 6.217059e-01 8.447055e-01 1.054157e+00 1.142103e+00 1.103010e+00 1.047343e+00 1.038167e+00 1.066145e+00 1.032946e-06
<GCONST> 6.029929e+01
<MIXTURE> 30 8.917812e-03
<MEAN> 25
 -3.311887e+00 -1.062569e+00 4.484778e-01 9.078583e+00 7.220244e+00 8.111440e+00 6.858532e+00 6.675813e+00 6.927776e+00 4.936653e+00 6.338984e+00 2.321314e+00 -3.354987e-02 4.399575e-02 6.529232e-02 1.287901e-01 1.413988e-01 5.619600e-02 3.204771e-02 -5.877903e-02 9.453554e-02 1.253070e-01 -1.737702e-02 -6.286369e-02 -3.415807e-04
<VARIANCE> 25
 9.819078e+00 1.092340e+01 8.498363e+00 1.307395e+01 1.508735e+01 1.507609e+01 1.731761e+01 1.752446e+01 1.390073e+01 1.815069e+01 1.892511e+01 1.695163e+01 8.714472e-02 2.143980e-01 2.984841e-01 4.504129e-01 5.205433e-01 6.893722e-01 6.459751e-01 8.711985e-01 8.558847e-01 1.146527e+00 9.282788e-01 8.229338e-01 4.676206e-05
<GCONST> 5.993134e+01
<MIXTURE> 31 4.136493e-03
<MEAN> 25
 -3.020973e+00 -5.478228e+00 2.291648e-02 4.896262e+00 3.750348e+00 2.237060e+00 5.124318e+00 6.546573e+00 3.061306e+00 8.266648e-01 6.335351e+00 2.946040e+00 2.482198e-01 4.165983e-01 -2.046546e-01 3.253162e-01 1.024239e-01 4.297955e-01 1.816537e-01 3.808230e-02 3.193670e-01 4.696393e-01 9.426747e-02 1.290813e-01 -1.798447e-02
<VARIANCE> 25
 7.882466e+00 1.516006e+01 1.668539e+01 1.718581e+01 2.422292e+01 2.705622e+01 2.274758e+01 2.451552e+01 2.622154e+01 3.042541e+01 2.040539e+01 1.873632e+01 1.816906e-01 5.299134e-01 5.868394e-01 7.533832e-01 9.211747e-01 1.058961e+00 1.162112e+00 1.334941e+00 1.359813e+00 1.384471e+00 1.222953e+00 1.092529e+00 2.470409e-04
<GCONST> 7.170006e+01
<MIXTURE> 32 4.136493e-03
<MEAN> 25
 -3.020973e+00 -5.478228e+00 2.291648e-02 4.896262e+00 3.750348e+00 2.237060e+00 5.124318e+00 6.546573e+00 3.061306e+00 8.266648e-01 6.335351e+00 2.946040e+00 2.482198e-01 4.165983e-01 -2.046546e-01 3.253162e-01 1.024239e-01 4.297955e-01 1.816537e-01 3.808230e-02 3.193670e-01 4.696393e-01 9.426747e-02 1.290813e-01 -1.798447e-02
<VARIANCE> 25
 7.882466e+00 1.516006e+01 1.668539e+01 1.718581e+01 2.422292e+01 2.705622e+01 2.274758e+01 2.451552e+01 2.622154e+01 3.042541e+01 2.040539e+01 1.873632e+01 1.816906e-01 5.299134e-01 5.868394e-01 7.533832e-01 9.211747e-01 1.058961e+00 1.162112e+00 1.334941e+00 1.359813e+00 1.384471e+00 1.222953e+00 1.092529e+00 2.470409e-04
<GCONST> 7.170006e+01
<MIXTURE> 33 1.508826e-02
<MEAN> 25
 6.516554e+00 -3.782843e+00 -2.299215e+00 -2.725419e+00 -1.919419e+00 -5.682677e+00 -7.104342e+00 1.624604e+00 2.220708e+00 -4.895645e-01 -4.607402e+00 -2.824129e+00 6.256950e-01 -1.115967e+00 -2.361504e+00 -1.855532e+00 1.446969e+00 1.292680e+00 -7.068942e-01 6.320395e-01 1.003499e+00 5.842330e-01 -2.904484e-01 -1.292531e+00 3.754181e-02
<VARIANCE> 25
 9.745305e+00 2.127790e+01 2.935720e+01 3.674551e+01 3.912133e+01 4.473282e+01 4.216755e+01 4.566163e+01 3.898640e+01 4.401171e+01 3.363058e+01 2.800552e+01 1.130172e+00 1.918139e+00 2.274179e+00 2.142330e+00 4.045443e+00 4.035431e+00 4.499445e+00 5.393332e+00 3.658265e+00 4.397762e+00 3.242680e+00 2.556220e+00 1.497175e-03
<GCONST> 9.431863e+01
<MIXTURE> 34 1.588179e-02
<MEAN> 25
 8.641767e+00 1.306973e-01 2.401805e-01 1.616407e+00 -2.598537e+00 -1.021401e+00 -5.585341e+00 -3.904106e+00 -1.322521e+00 -1.532390e-01 -2.803409e+00 -3.610920e+00 -8.097693e-02 1.385723e+00 1.478394e+00 2.157702e+00 7.209100e-02 1.590362e-01 8.921270e-01 -1.504923e+00 -9.867539e-01 3.232240e-01 -4.731670e-01 -1.580354e-01 -6.327607e-02
<VARIANCE> 25
 7.594587e+00 2.801605e+01 2.681082e+01 4.641778e+01 3.933028e+01 4.770559e+01 5.319052e+01 5.648699e+01 5.077741e+01 3.996547e+01 4.372884e+01 3.083702e+01 1.238765e+00 1.847955e+00 3.944790e+00 4.119388e+00 5.254749e+00 6.041442e+00 5.162239e+00 5.727691e+00 4.852902e+00 4.616518e+00 4.613491e+00 4.897160e+00 1.078607e-03
<GCONST> 9.865630e+01
<MIXTURE> 35 1.467755e-02
<MEAN> 25
 -1.875083e+00 -5.317968e+00 -9.908035e+00 4.596996e-01 9.620948e+00 2.101978e+00 1.836913e+00 2.552395e+00 7.159351e-01 5.092588e+00 6.687054e-02 2.089727e+00 4.542817e-01 -1.093692e+00 -1.700497e+00 -1.397588e+00 5.212181e-01 -8.067532e-01 -6.234612e-01 -3.105200e-01 -2.916205e-01 6.874617e-01 -4.665214e-01 -4.819843e-02 1.033529e-01
<VARIANCE> 25
 1.788109e+01 2.592505e+01 4.106707e+01 5.763993e+01 3.988117e+01 6.211157e+01 4.518631e+01 3.813748e+01 4.826947e+01 3.764617e+01 3.273011e+01 2.830585e+01 3.099081e+00 3.180417e+00 6.578937e+00 5.241029e+00 5.073451e+00 4.927103e+00 4.308971e+00 4.374090e+00 4.690794e+00 6.379588e+00 3.863254e+00 4.611354e+00 4.787841e-03
<GCONST> 1.023793e+02
<MIXTURE> 36 1.093293e-02
<MEAN> 25
 4.747669e+00 -2.746023e+00 5.728762e+00 2.333805e+00 -8.850811e+00 -7.870828e+00 -5.620810e+00 2.694402e+00 -1.358196e+00 -4.442276e+00 1.897598e+00 -1.647490e-01 4.329247e-01 1.893165e-01 -8.205964e-01 3.868913e-02 8.008272e-01 1.670581e-01 -8.352786e-01 -1.212197e-01 6.002085e-01 3.006617e-01 -5.388421e-01 -3.562054e-01 -1.534275e-02
<VARIANCE> 25
 8.819535e+00 1.474947e+01 2.386960e+01 2.265723e+01 2.903656e+01 2.985842e+01 4.108791e+01 3.148551e+01 3.393695e+01 2.718076e+01 2.440061e+01 2.658306e+01 4.380284e-01 6.375422e-01 1.536767e+00 1.023084e+00 1.541409e+00 2.031416e+00 3.001680e+00 1.556108e+00 2.038458e+00 1.842950e+00 1.454811e+00 1.474763e+00 6.171143e-04
<GCONST> 8.089651e+01
<MIXTURE> 37 1.246826e-02
<MEAN> 25
 -7.069274e-03 7.251046e+00 1.117952e+01 -6.121313e+00 -6.927549e+00 -1.159074e+00 -5.438442e+00 -7.402344e+00 -2.363949e+00 -1.969895e+00 -2.718207e+00 -6.545387e-01 2.326149e-01 3.661944e-01 -1.370881e+00 3.598876e+00 1.624807e+00 1.933834e-02 1.273191e+00 6.875648e-01 4.905703e-01 -4.923831e-01 3.185918e-01 -1.624665e-01 -9.006654e-02
<VARIANCE> 25
 1.534190e+01 2.369546e+01 3.047608e+01 4.576180e+01 3.568760e+01 2.830792e+01 3.918123e+01 3.554269e+01 4.574732e+01 3.715806e+01 3.761441e+01 2.910779e+01 2.565331e+00 3.396193e+00 2.618950e+00 3.847306e+00 4.715693e+00 3.861562e+00 3.886964e+00 3.663306e+00 3.043849e+00 3.329075e+00 3.649499e+00 2.492296e+00 3.556200e-03
<GCONST> 9.659417e+01
<MIXTURE> 38 1.154525e-02
<MEAN> 25
 -5.002933e+00 9.251305e+00 2.345901e+00 3.779154e+00 3.004246e-01 -5.430265e+00 -6.501764e-01 -2.385061e+00 -1.563819e+00 -2.814105e+00 -1.502156e+00 -1.020186e+00 -4.643859e+00 1.614607e+00 -3.475337e-01 1.754771e+00 2.208124e+00 1.846722e+00 2.079259e+00 8.789391e-01 1.994592e-01 4.082115e-01 7.558249e-01 2.718205e-01 5.128885e-02
<VARIANCE> 25
 3.159405e+01 2.618591e+01 5.257227e+01 3.017538e+01 4.373111e+01 3.385380e+01 3.190004e+01 3.494286e+01 3.731761e+01 2.728242e+01 2.018679e+01 2.589440e+01 2.061196e+00 3.916630e+00 3.254420e+00 4.721812e+00 4.072711e+00 5.053744e+00 4.010809e+00 3.867147e+00 5.060151e+00 4.323192e+00 3.915401e+00 2.714769e+00 1.762059e-03
<GCONST> 9.722997e+01
<MIXTURE> 39 9.501865e-03
<MEAN> 25
 9.594958e-01 1.591395e+00 9.825706e+00 -6.331206e+00 -8.993783e+00 8.932142e-01 -3.388990e+00 -6.683904e+00 -4.798851e+00 2.469732e+00 -2.698231e+00 -1.389048e+00 -7.099734e-01 1.181920e+00 1.569500e+00 -1.599810e+00 6.017754e-03 1.090910e+00 -1.063190e+00 -1.430417e+00 3.581333e-01 6.337771e-01 -7.317284e-01 1.868071e-01 8.771095e-03
<VARIANCE> 25
 8.755275e+00 2.134030e+01 2.219095e+01 3.540130e+01 3.554615e+01 3.484031e+01 3.662538e+01 2.238712e+01 3.365726e+01 3.495726e+01 3.003704e+01 3.243183e+01 5.716026e-01 1.149512e+00 1.593304e+00 2.073273e+00 1.816375e+00 2.475996e+00 2.078401e+00 2.086760e+00 2.356644e+00 3.576252e+00 2.066888e+00 1.794980e+00 8.547570e-04
<GCONST> 8.574991e+01
<MIXTURE> 40 1.030800e-02
<MEAN> 25
 -8.775590e+00 1.818200e+00 -1.180119e+00 8.188086e+00 3.842583e+00 5.797748e+00 5.197657e+00 4.406106e+00 4.562523e+00 3.844381e+00 5.574972e+00 1.440215e+00 -1.067307e-01 -2.685070e-01 -4.851355e-02 -1.989512e-01 -1.198767e-01 -1.131760e-01 5.866269e-02 3.724963e-02 -7.738437e-02 6.837237e-02 7.467610e-02 5.437673e-02 3.905056e-03
<VARIANCE> 25
 4.700083e+01 2.332979e+01 2.753686e+01 2.579171e+01 2.482747e+01 1.988794e+01 1.908779e+01 1.784343e+01 1.713798e+01 1.987974e+01 1.836712e+01 1.548264e+01 7.024550e-01 7.227103e-01 8.544006e-01 1.183193e+00 1.159859e+00 1.207149e+00 1.256821e+00 1.317465e+00 1.290452e+00 1.317166e+00 1.145610e+00 1.066743e+00 8.227198e-04
<GCONST> 7.682836e+01
<MIXTURE> 41 6.713375e-03
<MEAN> 25
 1.244020e+00 1.699769e+00 1.039106e+01 -6.811411e+00 -1.032184e+01 -3.687663e+00 -2.443190e+00 -5.058766e+00 -4.719865e+00 2.700407e+00 -1.684608e+00 -9.740155e-01 6.478463e-02 -7.265866e-01 1.696488e+00 -3.527471e+00 -2.414493e+00 -8.361768e-02 -5.147492e-01 -3.989882e-01 -8.314982e-01 1.126279e+00 -1.028373e+00 6.974826e-02 8.454258e-02
<VARIANCE> 25
 1.169045e+01 2.917844e+01 3.209945e+01 3.996926e+01 3.906323e+01 4.032857e+01 3.666869e+01 2.920829e+01 3.271861e+01 2.907283e+01 3.189137e+01 2.766010e+01 3.103801e+00 3.268562e+00 3.781892e+00 3.744597e+00 4.858377e+00 5.845695e+00 4.612680e+00 4.527512e+00 3.904043e+00 4.183451e+00 3.791579e+00 3.147956e+00 2.965041e-03
<GCONST> 9.771949e+01
<MIXTURE> 42 1.106211e-02
<MEAN> 25
 -1.827748e+00 4.502059e+00 4.490284e+00 2.899584e+00 6.499423e-02 -6.335178e+00 -9.691507e-01 -1.789026e+00 -1.417229e+00 -1.330209e+00 -2.337593e+00 1.285476e+00 4.124288e+00 -3.352728e-01 1.518079e+00 1.716319e-01 -2.900073e+00 -1.160322e+00 -2.254178e+00 -8.182502e-01 -7.680354e-01 -7.491621e-01 5.163033e-01 -1.018002e+00 9.722576e-03
<VARIANCE> 25
 3.595046e+01 2.093076e+01 4.716151e+01 2.571468e+01 3.934200e+01 3.858364e+01 3.705462e+01 2.711447e+01 2.846436e+01 2.748084e+01 1.992480e+01 1.759739e+01 3.642519e+00 4.799932e+00 6.036705e+00 4.771112e+00 4.740624e+00 6.127679e+00 5.056463e+00 5.186055e+00 4.913957e+00 4.840530e+00 4.194166e+00 3.494087e+00 4.412618e-03
<GCONST> 9.971830e+01
<MIXTURE> 43 7.108249e-03
<MEAN> 25
 2.863765e+00 -5.372064e+00 -2.670358e+00 -4.304478e+00 -7.166795e+00 -4.600843e+00 4.962701e+00 1.172372e+00 -4.409174e+00 -7.471251e+00 -4.697959e+00 -2.743422e-01 3.967271e-01 1.930958e+00 1.820513e+00 2.051775e-01 -1.108837e+00 -4.502160e-01 -8.948444e-01 -5.823653e-01 9.813306e-01 1.320498e+00 3.973016e-01 4.198352e-02 -4.344045e-02
<VARIANCE> 25
 8.606146e+00 2.132216e+01 2.424569e+01 3.345872e+01 3.265916e+01 4.033455e+01 3.475518e+01 3.526794e+01 3.750806e+01 3.326815e+01 2.320976e+01 2.962378e+01 6.925594e-01 1.289851e+00 1.362658e+00 2.606143e+00 2.518161e+00 2.540514e+00 2.630513e+00 2.757356e+00 2.390249e+00 2.304292e+00 2.127438e+00 1.686140e+00 8.312348e-04
<GCONST> 8.669740e+01
<MIXTURE> 44 7.328289e-03
<MEAN> 25
 -1.393625e+01 2.066735e+00 4.008892e+00 -4.038279e+00 3.740786e+00 1.606781e+00 -7.726237e-01 1.865485e+00 1.689972e+00 -1.131243e+00 2.307996e+00 1.923861e+00 -1.494115e-01 -1.876820e-02 1.458864e-01 2.238132e-01 -1.048996e-01 1.735403e-01 5.593383e-01 2.005123e-01 3.351600e-01 7.470245e-03 7.967001e-02 1.173435e-01 3.626395e-03
<VARIANCE> 25
 5.053870e+01 2.714884e+01 3.219474e+01 3.191862e+01 2.757697e+01 2.901889e+01 2.767511e+01 3.076567e+01 2.665651e+01 2.593895e+01 2.656722e+01 1.874539e+01 1.088503e+00 1.388459e+00 1.275239e+00 1.367066e+00 2.067573e+00 1.512657e+00 1.486829e+00 1.571941e+00 1.536741e+00 1.584198e+00 1.275892e+00 1.105995e+00 1.175852e-03
<GCONST> 8.373361e+01
<MIXTURE> 45 1.364932e-02
<MEAN> 25
 -1.251991e+01 3.824295e+00 -1.517073e+00 3.145722e+00 5.569710e+00 1.436629e-01 4.830025e+00 2.775647e+00 3.210990e+00 1.803118e+00 2.087245e+00 2.392034e+00 -2.933349e+00 5.828110e-01 -4.361040e-01 -4.393495e-01 2.538958e-01 8.218683e-02 5.362784e-01 8.263620e-02 -1.315310e-01 -5.117007e-02 3.185802e-01 1.203256e-01 1.163300e-01
<VARIANCE> 25
 3.324655e+01 3.369809e+01 3.043475e+01 3.485799e+01 3.032523e+01 2.776366e+01 2.850944e+01 2.528843e+01 2.364447e+01 2.509271e+01 2.795284e+01 1.555191e+01 2.332459e+00 2.946982e+00 2.768435e+00 2.717643e+00 2.537294e+00 2.765373e+00 2.345837e+00 2.153050e+00 2.129614e+00 2.021262e+00 1.961620e+00 1.570016e+00 3.993399e-03
<GCONST> 9.028685e+01
<MIXTURE> 46 9.336259e-03
<MEAN> 25
 -9.293538e+00 2.223440e+00 1.173372e+00 7.430838e+00 5.880523e+00 3.361926e+00 6.955698e+00 4.503920e+00 5.787977e+00 4.420184e+00 4.974119e+00 2.899498e+00 1.057168e+00 -2.631249e-01 1.634825e-02 1.062944e+00 6.183059e-01 9.935803e-01 4.231783e-01 6.792006e-01 4.820377e-01 4.909345e-01 6.149489e-01 5.087952e-01 -1.046019e-01
<VARIANCE> 25
 3.494131e+01 4.338470e+01 3.782448e+01 5.004913e+01 5.002124e+01 4.008980e+01 3.697683e+01 3.471555e+01 3.301081e+01 3.410143e+01 2.790814e+01 1.989126e+01 3.839098e+00 4.086155e+00 3.832830e+00 4.255332e+00 4.122022e+00 3.776567e+00 3.384858e+00 3.055634e+00 2.934994e+00 2.827452e+00 2.301888e+00 1.762713e+00 7.864536e-03
<GCONST> 9.822046e+01
<MIXTURE> 47 7.116147e-03
<MEAN> 25
 7.295065e+00 -7.295595e+00 -7.752482e+00 -6.487347e+00 1.526641e+00 7.122307e-01 -2.406455e+00 1.186705e+00 3.009399e+00 2.003959e-01 -4.226720e+00 -6.641301e+00 -1.874720e-01 -1.247359e+00 -6.867132e-01 -4.178905e-01 6.152269e-01 7.853648e-01 8.800459e-01 2.945507e-01 1.344132e-01 -8.727285e-01 -4.586534e-01 -4.584429e-01 3.004197e-02
<VARIANCE> 25
 1.070930e+01 2.131533e+01 2.046941e+01 3.301616e+01 3.612210e+01 5.413439e+01 4.491203e+01 4.052992e+01 4.299929e+01 4.738490e+01 4.808949e+01 3.356085e+01 5.168744e-01 7.724662e-01 1.125532e+00 1.660357e+00 1.976368e+00 2.263296e+00 2.327487e+00 2.459233e+00 2.191521e+00 2.151134e+00 2.168461e+00 1.993175e+00 5.521433e-04
<GCONST> 8.644696e+01
<MIXTURE> 48 7.116147e-03
<MEAN> 25
 7.295065e+00 -7.295595e+00 -7.752482e+00 -6.487347e+00 1.526641e+00 7.122307e-01 -2.406455e+00 1.186705e+00 3.009399e+00 2.003959e-01 -4.226720e+00 -6.641301e+00 -1.874720e-01 -1.247359e+00 -6.867132e-01 -4.178905e-01 6.152269e-01 7.853648e-01 8.800459e-01 2.945507e-01 1.344132e-01 -8.727285e-01 -4.586534e-01 -4.584429e-01 3.004197e-02
<VARIANCE> 25
 1.070930e+01 2.131533e+01 2.046941e+01 3.301616e+01 3.612210e+01 5.413439e+01 4.491203e+01 4.052992e+01 4.299929e+01 4.738490e+01 4.808949e+01 3.356085e+01 5.168744e-01 7.724662e-01 1.125532e+00 1.660357e+00 1.976368e+00 2.263296e+00 2.327487e+00 2.459233e+00 2.191521e+00 2.151134e+00 2.168461e+00 1.993175e+00 5.521433e-04
<GCONST> 8.644696e+01
<MIXTURE> 49 5.548473e-03
<MEAN> 25
 -5.067107e+00 3.422073e-01 1.688386e-01 8.453957e+00 6.142343e+00 5.636343e+00 6.064007e+00 4.494462e+00 5.037993e+00 3.728897e+00 4.934033e+00 2.848983e+00 3.648294e-01 6.546909e-01 7.011076e-01 3.536748e-01 -1.948320e-01 -6.675969e-01 -1.006360e+00 -1.118560e+00 -9.529658e-01 -6.773418e-01 -4.912912e-01 -2.718494e-01 -1.292702e-05
<VARIANCE> 25
 9.704419e+00 1.006822e+01 1.421867e+01 1.584519e+01 1.587482e+01 1.717715e+01 1.938907e+01 1.940690e+01 1.822922e+01 1.793487e+01 2.058016e+01 1.432046e+01 2.802071e-01 2.637920e-01 3.597587e-01 6.102164e-01 8.679417e-01 9.737642e-01 9.921906e-01 1.054682e+00 1.139638e+00 1.223464e+00 1.280090e+00 1.207151e+00 1.434750e-05
<GCONST> 6.433250e+01
<MIXTURE> 50 6.234641e-03
<MEAN> 25
 -4.544979e+00 7.351889e-02 -1.386175e+00 6.246583e+00 4.233153e+00 2.429356e+00 3.713542e+00 2.078166e+00 2.995100e+00 1.317659e+00 2.099762e+00 2.705197e+00 7.075337e-02 1.686622e-01 7.518687e-02 -1.700915e-01 -5.088782e-01 -6.231697e-01 -4.184615e-01 -3.474087e-02 4.328658e-01 7.720352e-01 7.610368e-01 4.086410e-01 1.730674e-05
<VARIANCE> 25
 1.097201e+01 1.093836e+01 1.423741e+01 1.537870e+01 1.510368e+01 1.922107e+01 1.824047e+01 1.943370e+01 2.035647e+01 1.746995e+01 2.134207e+01 1.587700e+01 1.518325e-01 2.368501e-01 3.889244e-01 5.091973e-01 5.864062e-01 7.227603e-01 9.480285e-01 1.106425e+00 1.043030e+00 8.924263e-01 9.220430e-01 1.030597e+00 1.032224e-06
<GCONST> 5.970267e+01
<MIXTURE> 51 6.234641e-03
<MEAN> 25
 -4.544979e+00 7.351889e-02 -1.386175e+00 6.246583e+00 4.233153e+00 2.429356e+00 3.713542e+00 2.078166e+00 2.995100e+00 1.317659e+00 2.099762e+00 2.705197e+00 7.075337e-02 1.686622e-01 7.518687e-02 -1.700915e-01 -5.088782e-01 -6.231697e-01 -4.184615e-01 -3.474087e-02 4.328658e-01 7.720352e-01 7.610368e-01 4.086410e-01 1.730674e-05
<VARIANCE> 25
 1.097201e+01 1.093836e+01 1.423741e+01 1.537870e+01 1.510368e+01 1.922107e+01 1.824047e+01 1.943370e+01 2.035647e+01 1.746995e+01 2.134207e+01 1.587700e+01 1.518325e-01 2.368501e-01 3.889244e-01 5.091973e-01 5.864062e-01 7.227603e-01 9.480285e-01 1.106425e+00 1.043030e+00 8.924263e-01 9.220430e-01 1.030597e+00 1.032224e-06
<GCONST> 5.970267e+01
<MIXTURE> 52 6.367945e-03
<MEAN> 25
 1.008886e+01 2.051687e+00 -6.251441e+00 -1.426813e+01 -4.134688e+00 8.427278e+00 -2.781185e+00 -3.082758e+00 -4.340930e+00 -2.002616e+00 3.297304e+00 7.631443e-01 -3.822314e-01 -4.699500e-01 -7.715183e-02 1.101113e+00 1.333748e+00 -4.709269e-01 -5.901890e-01 -6.454594e-01 4.923002e-02 1.267419e+00 3.786501e-01 -5.469591e-01 -1.295262e-02
<VARIANCE> 25
 9.299077e+00 2.024987e+01 2.540774e+01 3.824106e+01 4.583627e+01 3.135699e+01 4.607839e+01 4.841115e+01 4.292573e+01 4.702450e+01 3.974626e+01 2.972038e+01 4.471770e-01 1.473071e+00 1.306055e+00 2.867665e+00 2.305003e+00 2.178053e+00 2.967202e+00 2.782188e+00 2.980174e+00 2.678404e+00 2.498075e+00 2.253326e+00 1.599866e-03
<GCONST> 8.972375e+01
<MIXTURE> 53 6.367945e-03
<MEAN> 25
 1.008886e+01 2.051687e+00 -6.251441e+00 -1.426813e+01 -4.134688e+00 8.427278e+00 -2.781185e+00 -3.082758e+00 -4.340930e+00 -2.002616e+00 3.297304e+00 7.631443e-01 -3.822314e-01 -4.699500e-01 -7.715183e-02 1.101113e+00 1.333748e+00 -4.709269e-01 -5.901890e-01 -6.454594e-01 4.923002e-02 1.267419e+00 3.786501e-01 -5.469591e-01 -1.295262e-02
<VARIANCE> 25
 9.299077e+00 2.024987e+01 2.540774e+01 3.824106e+01 4.583627e+01 3.135699e+01 4.607839e+01 4.841115e+01 4.292573e+01 4.702450e+01 3.974626e+01 2.972038e+01 4.471770e-01 1.473071e+00 1.306055e+00 2.867665e+00 2.305003e+00 2.178053e+00 2.967202e+00 2.782188e+00 2.980174e+00 2.678404e+00 2.498075e+00 2.253326e+00 1.599866e-03
<GCONST> 8.972375e+01
<MIXTURE> 54 7.368620e-03
<MEAN> 25
 -3.339686e+00 -5.774805e-02 -6.676265e-01 8.076834e+00 6.380043e+00 4.842679e+00 4.546008e+00 4.743393e+00 4.326565e+00 3.591991e+00 4.493732e+00 2.074745e+00 7.782940e-03 4.212452e-02 8.952659e-03 3.232227e-02 6.860385e-02 5.538627e-02 1.131176e-02 5.755708e-02 1.146968e-02 -4.056238e-02 2.715134e-02 4.947127e-04 5.097570e-05
<VARIANCE> 25
 1.005457e+01 1.002299e+01 8.957335e+00 1.741861e+01 1.284305e+01 1.361343e+01 1.158893e+01 1.112910e+01 1.199932e+01 1.286202e+01 1.698911e+01 1.287792e+01 4.092273e-02 9.561801e-02 1.614334e-01 2.280822e-01 2.960162e-01 3.912821e-01 4.494353e-01 5.244284e-01 6.290296e-01 5.704716e-01 4.956559e-01 5.240024e-01 1.034217e-06
<GCONST> 4.745961e+01
<MIXTURE> 55 7.368620e-03
<MEAN> 25
 -3.339686e+00 -5.774805e-02 -6.676265e-01 8.076834e+00 6.380043e+00 4.842679e+00 4.546008e+00 4.743393e+00 4.326565e+00 3.591991e+00 4.493732e+00 2.074745e+00 7.782940e-03 4.212452e-02 8.952659e-03 3.232227e-02 6.860385e-02 5.538627e-02 1.131176e-02 5.755708e-02 1.146968e-02 -4.056238e-02 2.715134e-02 4.947127e-04 5.097570e-05
<VARIANCE> 25
 1.005457e+01 1.002299e+01 8.957335e+00 1.741861e+01 1.284305e+01 1.361343e+01 1.158893e+01 1.112910e+01 1.199932e+01 1.286202e+01 1.698911e+01 1.287792e+01 4.092273e-02 9.561801e-02 1.614334e-01 2.280822e-01 2.960162e-01 3.912821e-01 4.494353e-01 5.244284e-01 6.290296e-01 5.704716e-01 4.956559e-01 5.240024e-01 1.034217e-06
<GCONST> 4.745961e+01
<MIXTURE> 56 6.132464e-03
<MEAN> 25
 7.387328e+00 -6.267692e+00 -9.109831e+00 -8.699436e+00 4.187488e+00 3.540047e+00 -2.330062e+00 -1.680369e+00 2.026366e+00 1.327423e+00 -2.536889e+00 -6.754594e+00 -2.922997e-02 -3.619682e-02 -4.532836e-02 2.897965e-02 2.942951e-01 6.713413e-03 7.657036e-02 -1.098237e-01 7.841871e-02 -4.539008e-02 -1.021893e-01 -7.706301e-02 -6.449995e-03
<VARIANCE> 25
 9.057370e+00 2.442909e+01 1.908436e+01 4.205703e+01 3.172789e+01 5.092850e+01 5.866611e+01 3.461377e+01 3.678500e+01 4.009665e+01 3.722285e+01 3.111742e+01 1.978341e-01 4.551248e-01 4.663117e-01 7.450052e-01 8.028194e-01 1.091582e+00 9.299315e-01 8.644521e-01 1.058352e+00 9.086446e-01 9.870957e-01 8.393607e-01 2.281541e-04
<GCONST> 7.496120e+01
<MIXTURE> 57 6.132464e-03
<MEAN> 25
 7.387328e+00 -6.267692e+00 -9.109831e+00 -8.699436e+00 4.187488e+00 3.540047e+00 -2.330062e+00 -1.680369e+00 2.026366e+00 1.327423e+00 -2.536889e+00 -6.754594e+00 -2.922997e-02 -3.619682e-02 -4.532836e-02 2.897965e-02 2.942951e-01 6.713413e-03 7.657036e-02 -1.098237e-01 7.841871e-02 -4.539008e-02 -1.021893e-01 -7.706301e-02 -6.449995e-03
<VARIANCE> 25
 9.057370e+00 2.442909e+01 1.908436e+01 4.205703e+01 3.172789e+01 5.092850e+01 5.866611e+01 3.461377e+01 3.678500e+01 4.009665e+01 3.722285e+01 3.111742e+01 1.978341e-01 4.551248e-01 4.663117e-01 7.450052e-01 8.028194e-01 1.091582e+00 9.299315e-01 8.644521e-01 1.058352e+00 9.086446e-01 9.870957e-01 8.393607e-01 2.281541e-04
<GCONST> 7.496120e+01
<MIXTURE> 58 6.172147e-03
<MEAN> 25
 2.077010e+00 -2.572057e+00 6.195351e+00 -4.804561e+00 -1.216020e+01 -6.185617e+00 2.197480e+00 5.454380e-01 -2.506221e+00 1.386158e+00 2.234391e-01 -1.092530e+00 -9.527422e-02 -1.007536e-01 -1.515310e-01 -8.219466e-02 -1.096378e-01 5.950227e-02 4.898342e-01 1.600151e-01 -5.040514e-02 -5.845620e-02 -1.337120e-01 -2.873115e-02 -1.221849e-03
<VARIANCE> 25
 7.529713e+00 1.302440e+01 2.584246e+01 2.356517e+01 2.560621e+01 5.689190e+01 3.342901e+01 3.170968e+01 2.986403e+01 3.251595e+01 1.907183e+01 2.108949e+01 3.187319e-01 6.942714e-01 7.014138e-01 9.257450e-01 8.655779e-01 1.417093e+00 1.297607e+00 1.335168e+00 1.012212e+00 1.043704e+00 9.230090e-01 8.750173e-01 6.295413e-04
<GCONST> 7.535428e+01
<MIXTURE> 59 6.172147e-03
<MEAN> 25
 2.077010e+00 -2.572057e+00 6.195351e+00 -4.804561e+00 -1.216020e+01 -6.185617e+00 2.197480e+00 5.454380e-01 -2.506221e+00 1.386158e+00 2.234391e-01 -1.092530e+00 -9.527422e-02 -1.007536e-01 -1.515310e-01 -8.219466e-02 -1.096378e-01 5.950227e-02 4.898342e-01 1.600151e-01 -5.040514e-02 -5.845620e-02 -1.337120e-01 -2.873115e-02 -1.221849e-03
<VARIANCE> 25
 7.529713e+00 1.302440e+01 2.584246e+01 2.356517e+01 2.560621e+01 5.689190e+01 3.342901e+01 3.170968e+01 2.986403e+01 3.251595e+01 1.907183e+01 2.108949e+01 3.187319e-01 6.942714e-01 7.014138e-01 9.257450e-01 8.655779e-01 1.417093e+00 1.297607e+00 1.335168e+00 1.012212e+00 1.043704e+00 9.230090e-01 8.750173e-01 6.295413e-04
<GCONST> 7.535428e+01
<MIXTURE> 60 4.479129e-03
<MEAN> 25
 -3.970521e+00 -7.512206e-01 -1.015077e+00 3.735751e+00 1.758448e+00 2.504908e+00 1.661043e+00 1.789279e+00 2.459092e+00 1.123548e+00 2.309466e+00 1.793112e+00 -1.784538e-02 4.729685e-02 8.514963e-02 1.534168e-01 1.159109e-01 1.055811e-01 2.112792e-01 3.364167e-01 5.528393e-01 7.130805e-01 5.666309e-01 2.424291e-01 -2.195525e-04
<VARIANCE> 25
 7.910473e+00 4.646650e+00 9.872725e+00 1.120329e+01 1.284931e+01 1.855780e+01 1.349706e+01 1.248707e+01 1.396325e+01 1.325380e+01 1.539742e+01 1.201466e+01 8.899659e-02 1.644913e-01 2.923156e-01 4.406463e-01 5.640334e-01 7.237209e-01 8.137583e-01 8.802052e-01 8.789631e-01 8.702965e-01 8.522685e-01 9.427051e-01 2.291134e-05
<GCONST> 5.662580e+01
<MIXTURE> 61 4.479129e-03
<MEAN> 25
 -3.970521e+00 -7.512206e-01 -1.015077e+00 3.735751e+00 1.758448e+00 2.504908e+00 1.661043e+00 1.789279e+00 2.459092e+00 1.123548e+00 2.309466e+00 1.793112e+00 -1.784538e-02 4.729685e-02 8.514963e-02 1.534168e-01 1.159109e-01 1.055811e-01 2.112792e-01 3.364167e-01 5.528393e-01 7.130805e-01 5.666309e-01 2.424291e-01 -2.195525e-04
<VARIANCE> 25
 7.910473e+00 4.646650e+00 9.872725e+00 1.120329e+01 1.284931e+01 1.855780e+01 1.349706e+01 1.248707e+01 1.396325e+01 1.325380e+01 1.539742e+01 1.201466e+01 8.899659e-02 1.644913e-01 2.923156e-01 4.406463e-01 5.640334e-01 7.237209e-01 8.137583e-01 8.802052e-01 8.789631e-01 8.702965e-01 8.522685e-01 9.427051e-01 2.291134e-05
<GCONST> 5.662580e+01
<MIXTURE> 62 3.278034e-03
<MEAN> 25
 -5.089580e+00 1.239790e+00 1.025850e+00 8.817635e+00 6.131625e+00 5.051525e+00 5.498761e+00 4.034251e+00 4.985680e+00 3.916979e+00 4.964999e+00 2.949829e+00 -1.003079e+00 -1.166704e+00 -9.532416e-01 -2.763326e-01 4.274963e-01 1.004963e+00 1.384360e+00 1.551709e+00 1.478358e+00 1.243117e+00 1.066838e+00 7.260477e-01 -1.265902e-03
<VARIANCE> 25
 9.878141e+00 9.964387e+00 1.311346e+01 1.673459e+01 1.741754e+01 1.752337e+01 1.970046e+01 1.910847e+01 1.886329e+01 1.873397e+01 2.157530e+01 1.479845e+01 4.018854e-01 4.320084e-01 5.541100e-01 7.801404e-01 1.034813e+00 1.192162e+00 1.252423e+00 1.280093e+00 1.330220e+00 1.364798e+00 1.400277e+00 1.371197e+00 1.632554e-05
<GCONST> 6.753114e+01
<MIXTURE> 63 4.351215e-03
<MEAN> 25
 -3.757604e+00 -2.405165e+00 -4.555438e+00 2.786364e+00 3.201154e+00 -2.730635e-01 2.561057e+00 1.322835e+00 2.170674e+00 -1.151698e+00 -1.136423e+00 2.633379e+00 -6.683036e-02 3.231121e-01 3.945082e-01 5.211992e-01 3.931478e-01 3.994437e-01 3.753077e-01 1.304463e-01 8.879851e-02 2.658049e-01 1.741984e-01 1.943403e-01 -4.644688e-03
<VARIANCE> 25
 9.950571e+00 1.362024e+01 1.642927e+01 1.582032e+01 1.909132e+01 3.340937e+01 2.550227e+01 2.478466e+01 2.686413e+01 2.277183e+01 1.895697e+01 1.714857e+01 2.667705e-01 4.338629e-01 6.029764e-01 6.672757e-01 8.871913e-01 1.120936e+00 1.190879e+00 1.309475e+00 1.364503e+00 1.455405e+00 1.296449e+00 1.265069e+00 1.809877e-04
<GCONST> 7.145965e+01
<MIXTURE> 64 4.351215e-03
<MEAN> 25
 -3.757604e+00 -2.405165e+00 -4.555438e+00 2.786364e+00 3.201154e+00 -2.730635e-01 2.561057e+00 1.322835e+00 2.170674e+00 -1.151698e+00 -1.136423e+00 2.633379e+00 -6.683036e-02 3.231121e-01 3.945082e-01 5.211992e-01 3.931478e-01 3.994437e-01 3.753077e-01 1.304463e-01 8.879851e-02 2.658049e-01 1.741984e-01 1.943403e-01 -4.644688e-03
<VARIANCE> 25
 9.950571e+00 1.362024e+01 1.642927e+01 1.582032e+01 1.909132e+01 3.340937e+01 2.550227e+01 2.478466e+01 2.686413e+01 2.277183e+01 1.895697e+01 1.714857e+01 2.667705e-01 4.338629e-01 6.029764e-01 6.672757e-01 8.871913e-01 1.120936e+00 1.190879e+00 1.309475e+00 1.364503e+00 1.455405e+00 1.296449e+00 1.265069e+00 1.809877e-04
<GCONST> 7.145965e+01
<MIXTURE> 65 1.721197e-02
<MEAN> 25
 6.493666e+00 1.662917e+00 1.763716e+00 8.809739e-01 -4.269721e+00 -3.665362e+00 -6.044563e+00 -5.706591e+00 -3.317293e+00 -2.290480e+00 -3.608170e+00 2.266639e-01 2.223585e-01 1.345665e-01 3.064646e-01 7.488117e-02 -2.282835e-01 5.716835e-01 -2.532234e-01 3.344189e-02 2.764760e-01 8.117713e-02 2.051859e-01 -6.547655e-01 -9.870033e-03
<VARIANCE> 25
 1.007809e+01 1.310184e+01 1.930132e+01 2.563299e+01 2.864386e+01 4.522735e+01 4.644355e+01 4.162612e+01 4.181395e+01 4.065320e+01 4.270103e+01 5.243087e+01 5.527716e-01 6.469633e-01 1.472034e+00 1.392976e+00 1.966545e+00 2.097066e+00 2.305239e+00 2.253521e+00 2.037791e+00 2.317359e+00 2.044566e+00 2.411750e+00 3.987454e-04
<GCONST> 8.499469e+01
<MIXTURE> 66 1.191532e-02
<MEAN> 25
 6.396258e+00 -3.877471e+00 -5.592875e+00 -4.764707e+00 1.299707e+00 -5.655653e+00 -6.374504e+00 9.526778e-01 1.529737e+00 -1.854407e+00 -5.643205e+00 -3.461483e+00 -1.739150e-01 1.730121e+00 2.033505e+00 2.381596e+00 -1.339764e+00 -1.260009e+00 4.190744e-02 -4.720785e-01 -1.229001e-01 -3.949779e-01 -1.646958e-01 1.039841e+00 -6.005665e-02
<VARIANCE> 25
 9.013976e+00 2.099918e+01 2.487561e+01 3.076884e+01 3.557493e+01 5.314843e+01 5.444135e+01 4.252616e+01 5.719582e+01 6.228191e+01 3.651829e+01 3.457941e+01 1.418839e+00 2.309952e+00 2.651208e+00 2.341767e+00 4.056262e+00 4.031428e+00 4.020740e+00 4.505446e+00 3.914912e+00 5.073871e+00 3.595864e+00 3.102296e+00 1.508691e-03
<GCONST> 9.605020e+01
<MIXTURE> 67 1.559142e-02
<MEAN> 25
 8.975835e+00 2.030739e+00 -5.966911e+00 -8.249834e+00 9.060382e-01 3.080775e+00 -3.315699e+00 -2.230752e+00 -3.751567e+00 7.758574e-01 -5.997425e-02 -1.735439e+00 -1.074071e+00 1.831423e+00 1.062506e+00 3.067831e+00 1.390164e+00 -5.042192e-01 1.303311e+00 1.196000e-01 1.533050e-01 2.500534e-01 -2.753673e-01 6.182116e-01 -1.298250e-01
<VARIANCE> 25
 1.148752e+01 3.879343e+01 3.084085e+01 5.601912e+01 4.906354e+01 5.407672e+01 6.202250e+01 5.276545e+01 6.488634e+01 5.708385e+01 5.569722e+01 4.737476e+01 2.178575e+00 3.460536e+00 3.286920e+00 4.525254e+00 4.520029e+00 4.563407e+00 4.698716e+00 5.061095e+00 5.477060e+00 4.777136e+00 5.125410e+00 3.766677e+00 3.049642e-03
<GCONST> 1.029203e+02
<MIXTURE> 68 1.485092e-02
<MEAN> 25
 -1.377180e+00 -2.495306e+00 -4.107142e+00 2.364759e+00 5.042616e+00 4.125748e-01 1.771660e+00 1.285584e+00 1.754431e+00 1.187696e+00 -6.806000e-02 1.658631e+00 2.549305e+00 7.593102e-01 -1.082098e-01 -2.795494e+00 -2.374091e+00 -1.788887e+00 -2.088907e+00 -1.595482e+00 -1.519839e+00 -1.765518e+00 -1.964126e+00 -9.334120e-01 9.063951e-02
<VARIANCE> 25
 2.357459e+01 2.743248e+01 4.551526e+01 4.828456e+01 4.646648e+01 5.043202e+01 3.994797e+01 3.667177e+01 3.222660e+01 3.633926e+01 3.366163e+01 2.064128e+01 1.592315e+00 3.011114e+00 5.172599e+00 5.452687e+00 3.658812e+00 4.858523e+00 5.052951e+00 4.085129e+00 4.145509e+00 5.326910e+00 4.130466e+00 3.019476e+00 5.779159e-03
<GCONST> 1.000492e+02
<MIXTURE> 69 1.204884e-02
<MEAN> 25
 4.123805e+00 -3.537888e+00 -3.583934e+00 -2.855254e+00 -3.804534e+00 -8.151738e+00 -1.412251e+00 2.544285e+00 -3.156666e-01 -4.862579e+00 -5.606428e+00 1.047652e+00 1.515183e+00 -1.633157e+00 -1.133994e+00 -2.278177e+00 -4.650190e-01 -1.026072e+00 -6.833016e-02 4.678190e-01 -2.998347e-01 -1.586124e+00 -1.926960e+00 1.411878e-01 5.707240e-02
<VARIANCE> 25
 7.731803e+00 1.982911e+01 2.264928e+01 2.326626e+01 3.376786e+01 3.516842e+01 3.766332e+01 2.425607e+01 3.091815e+01 2.856915e+01 2.418525e+01 1.948644e+01 2.991286e+00 3.098836e+00 2.901862e+00 3.224859e+00 4.799309e+00 5.924160e+00 6.244201e+00 4.788068e+00 4.878374e+00 4.698822e+00 3.932335e+00 3.188806e+00 1.941983e-03
<GCONST> 9.470790e+01
<MIXTURE> 70 1.329190e-02
<MEAN> 25
 7.496682e+00 -1.971967e+00 -3.981475e+00 -3.673515e+00 -3.534624e-01 -6.829571e-01 -7.619500e+00 -4.061829e+00 5.349351e-01 2.871926e+00 -1.595948e-01 -4.736533e+00 1.913682e+00 -1.082694e+00 -8.364225e-01 -2.249724e+00 -1.500684e+00 1.107342e+00 -1.330183e+00 -9.369890e-02 3.225094e-01 2.829753e-02 6.705093e-01 -1.425472e+00 5.953067e-02
<VARIANCE> 25
 9.802626e+00 2.220958e+01 2.872464e+01 4.728491e+01 3.485565e+01 4.382311e+01 4.896113e+01 4.321175e+01 4.633558e+01 3.264229e+01 4.399123e+01 2.789889e+01 3.455024e+00 3.262141e+00 4.662216e+00 4.978876e+00 5.147888e+00 6.557602e+00 6.688315e+00 7.387200e+00 6.063516e+00 5.443029e+00 5.748897e+00 4.244032e+00 2.550405e-03
<GCONST> 1.016725e+02
<MIXTURE> 71 1.406903e-02
<MEAN> 25
 5.542238e+00 4.782806e+00 4.592254e+00 2.181763e+00 -3.017394e+00 -2.647607e+00 -3.782338e+00 -6.306077e+00 -4.066775e+00 -2.822679e+00 -4.986957e+00 -2.759271e+00 -1.429494e+00 -5.257515e-01 -3.633291e-01 -1.819848e+00 1.132684e+00 -3.404929e-01 4.136558e-03 1.381282e+00 2.330707e-01 -2.629037e-01 6.815167e-01 1.285004e-01 3.745360e-02
<VARIANCE> 25
 2.069739e+01 2.390778e+01 2.272329e+01 4.447795e+01 3.724614e+01 4.180192e+01 4.269037e+01 4.006264e+01 4.226954e+01 3.930811e+01 3.287930e+01 3.636554e+01 1.629038e+00 2.809975e+00 4.679022e+00 4.336339e+00 4.178981e+00 4.904197e+00 4.434847e+00 4.864993e+00 4.289665e+00 4.488679e+00 3.206443e+00 2.947982e+00 1.339056e-03
<GCONST> 9.757765e+01
<MIXTURE> 72 8.134747e-03
<MEAN> 25
 2.731637e+00 -3.136765e+00 5.249033e+00 -1.911329e+00 -8.644846e+00 -7.350959e+00 -1.841518e+00 1.632800e+00 -5.423298e+00 -5.158783e-01 -6.453153e-01 2.007472e+00 8.937698e-01 -5.045351e-01 -2.280014e+00 5.329931e-01 1.864609e+00 -5.531246e-01 -1.682478e+00 1.405356e+00 1.789595e+00 -1.138809e+00 -1.106297e+00 6.825752e-01 -9.784184e-03
<VARIANCE> 25
 8.963799e+00 1.295152e+01 2.482388e+01 2.568760e+01 2.607388e+01 2.840613e+01 3.425071e+01 2.935020e+01 3.108212e+01 3.392366e+01 2.930117e+01 4.688145e+01 4.260496e-01 7.882980e-01 2.048295e+00 1.113495e+00 1.624770e+00 1.708217e+00 2.777398e+00 2.531271e+00 2.014439e+00 2.313418e+00 1.660925e+00 2.195525e+00 4.107288e-04
<GCONST> 8.260548e+01
<MIXTURE> 73 1.213625e-02
<MEAN> 25
 -5.186125e+00 -1.154299e+00 -1.869834e+00 5.052699e+00 3.057577e+00 2.544878e+00 5.046877e+00 3.560758e+00 3.686074e+00 3.697680e+00 4.263625e+00 2.440764e+00 7.858849e-01 -8.674542e-01 -1.079596e+00 -2.564132e+00 -1.210191e+00 -1.891672e+00 -9.454036e-01 -5.394213e-01 -9.091727e-01 -4.637321e-01 -1.006654e+00 7.644136e-02 1.423974e-01
<VARIANCE> 25
 1.328746e+01 1.282443e+01 1.593925e+01 2.174013e+01 2.742917e+01 2.336860e+01 1.909767e+01 1.709522e+01 1.708996e+01 1.728821e+01 1.984114e+01 1.508282e+01 3.494195e+00 2.764052e+00 5.617283e+00 4.190228e+00 5.790814e+00 5.062598e+00 3.729093e+00 3.572560e+00 3.896684e+00 5.120090e+00 3.187007e+00 2.929855e+00 4.317756e-03
<GCONST> 9.175054e+01
<MIXTURE> 74 1.756491e-02
<MEAN> 25
 4.322366e+00 -1.403251e+00 3.746819e+00 -3.208917e-01 -7.686311e+00 -8.210895e+00 -1.542277e+00 1.015883e+00 -2.734657e+00 -3.498861e+00 -2.064602e+00 1.126663e+00 4.828916e-01 1.801849e+00 3.716445e-01 1.610706e+00 1.220559e+00 7.176109e-01 -3.456800e-01 -1.146412e+00 3.985919e-01 3.233973e-01 -7.213595e-02 -4.739040e-01 -7.397029e-02
<VARIANCE> 25
 9.987574e+00 1.888117e+01 3.887794e+01 3.423262e+01 3.549751e+01 3.541525e+01 5.287887e+01 3.915517e+01 4.748891e+01 3.848930e+01 3.487190e+01 3.470139e+01 1.835460e+00 1.935592e+00 3.642111e+00 2.227346e+00 3.253361e+00 3.692595e+00 5.428952e+00 3.635169e+00 3.737337e+00 3.467534e+00 3.176772e+00 3.626309e+00 1.597816e-03
<GCONST> 9.515782e+01
<MIXTURE> 75 9.711651e-03
<MEAN> 25
 2.660768e+00 -1.246685e+00 1.096417e+01 1.732600e+00 -1.179750e+01 -7.659511e+00 -4.569054e+00 -4.809767e-01 -4.507074e+00 -4.595845e+00 3.245776e+00 1.536787e-01 1.741321e+00 -1.754746e+00 2.040598e-01 -2.573762e-01 -2.384221e+00 -5.204713e-01 -1.457260e+00 9.620692e-01 -1.505353e-01 -3.549293e-01 1.076678e+00 -6.257123e-01 3.836585e-02
<VARIANCE> 25
 1.108997e+01 1.770497e+01 3.088467e+01 2.768377e+01 2.701571e+01 3.273884e+01 3.152762e+01 3.100681e+01 3.355745e+01 3.156783e+01 2.044345e+01 2.167872e+01 2.388964e+00 1.908478e+00 4.274030e+00 2.478449e+00 3.907543e+00 4.382930e+00 4.177825e+00 3.512497e+00 3.939637e+00 3.382981e+00 3.114490e+00 2.523357e+00 1.550207e-03
<GCONST> 9.229359e+01
<MIXTURE> 76 1.052359e-02
<MEAN> 25
 -5.944653e+00 -2.732457e+00 -2.567835e+00 5.120660e+00 3.654576e+00 2.408875e+00 3.597559e+00 2.460425e+00 1.738138e+00 1.074384e+00 1.822263e+00 1.776043e+00 -1.222668e-01 -3.534871e-01 -3.682429e-01 -7.192261e-01 -9.840637e-01 -1.059552e+00 -6.498477e-01 -2.571589e-01 -3.947819e-01 -3.698912e-01 -1.438603e-01 -2.173811e-02 2.659027e-02
<VARIANCE> 25
 3.172891e+01 2.846133e+01 2.712330e+01 3.133468e+01 2.732260e+01 3.289305e+01 2.654251e+01 2.375889e+01 2.324429e+01 2.602402e+01 2.729922e+01 2.033978e+01 9.233443e-01 1.055627e+00 1.291230e+00 1.858809e+00 1.787903e+00 1.705892e+00 1.357919e+00 1.507607e+00 1.617943e+00 1.563753e+00 1.414919e+00 1.302081e+00 1.178681e-03
<GCONST> 8.294745e+01
<MIXTURE> 77 1.244626e-02
<MEAN> 25
 -1.589148e+00 7.130597e+00 1.032778e+01 -1.169785e+01 -2.173882e+00 -6.194484e-01 -9.450922e+00 -6.474205e+00 -1.062435e+00 -2.124826e+00 -1.083875e+00 -9.207452e-02 -4.516809e-02 6.947903e-02 -2.637947e-02 -5.815009e-02 7.820702e-03 -1.651790e-01 1.286709e-01 1.043567e-01 4.190521e-01 -1.020175e-01 2.543661e-01 1.178271e-01 -8.150882e-03
<VARIANCE> 25
 7.603871e+00 1.469703e+01 2.072966e+01 3.094872e+01 4.298199e+01 2.650171e+01 2.899455e+01 2.175295e+01 3.670642e+01 2.815770e+01 3.688083e+01 2.590719e+01 2.376180e-01 6.029004e-01 5.651241e-01 1.283509e+00 1.496249e+00 1.272960e+00 1.209338e+00 1.142098e+00 1.128863e+00 1.131119e+00 9.986788e-01 6.517757e-01 4.539043e-04
<GCONST> 7.523542e+01
<MIXTURE> 78 9.702551e-03
<MEAN> 25
 -1.126372e+01 1.048619e+00 -1.588215e+00 2.186247e+00 4.314559e+00 -2.197263e+00 3.686862e+00 2.667223e+00 2.771207e+00 4.588443e-01 -4.503705e-01 3.048183e+00 2.358555e+00 -2.924846e-01 1.661353e-01 6.695660e-01 -6.927234e-04 1.140366e-01 -2.647278e-01 -6.990310e-02 2.347016e-01 1.353299e-01 -3.770509e-01 -4.738348e-01 -6.182133e-02
<VARIANCE> 25
 4.381810e+01 3.220535e+01 3.218510e+01 3.257890e+01 3.953516e+01 3.779560e+01 3.581690e+01 3.214023e+01 2.854472e+01 2.962472e+01 2.671766e+01 1.990141e+01 4.857168e+00 2.556406e+00 2.846272e+00 3.265138e+00 2.840122e+00 3.733072e+00 3.420580e+00 2.786058e+00 2.316361e+00 2.337684e+00 2.212340e+00 2.111715e+00 4.597634e-03
<GCONST> 9.474077e+01
<MIXTURE> 79 1.156824e-02
<MEAN> 25
 1.675997e+00 1.227165e+00 8.680733e+00 -6.236843e+00 -1.118887e+01 -1.942529e+00 -7.572441e-01 -5.849583e+00 -6.586069e+00 8.547348e-01 -2.394823e+00 -3.177363e+00 1.141176e+00 -5.665016e-01 -1.270280e+00 2.233551e+00 4.665256e-01 -1.387103e+00 2.752625e-01 1.145321e+00 -2.314077e-01 -6.997184e-01 3.889931e-01 5.548279e-01 -3.447463e-02
<VARIANCE> 25
 1.343480e+01 2.042641e+01 3.271175e+01 4.180492e+01 3.346150e+01 3.554305e+01 4.630197e+01 3.689117e+01 3.447879e+01 3.962175e+01 4.089964e+01 3.275353e+01 8.260835e-01 1.855516e+00 1.810881e+00 1.934111e+00 2.133814e+00 2.639627e+00 3.340217e+00 3.415890e+00 2.214230e+00 2.341625e+00 2.138339e+00 2.035335e+00 1.080843e-03
<GCONST> 8.985651e+01
<MIXTURE> 80 7.550998e-03
<MEAN> 25
 -1.460756e+01 3.982569e+00 6.883034e-01 2.866402e+00 2.449574e+00 1.410714e+00 6.396513e+00 2.496529e+00 2.719638e+00 2.373722e+00 4.852774e+00 1.187230e+00 4.285930e+00 -1.593200e-02 1.637999e+00 -1.135437e+00 -2.889292e+00 -2.777493e+00 -2.323067e+00 -2.021353e+00 -1.974763e+00 -1.685467e+00 -1.650885e+00 -6.028685e-01 -4.423039e-02
<VARIANCE> 25
 2.096565e+01 1.984965e+01 3.444339e+01 3.470629e+01 3.018067e+01 2.920868e+01 2.828918e+01 2.855290e+01 2.674613e+01 2.880999e+01 2.685178e+01 1.810653e+01 2.358420e+00 2.666041e+00 2.673243e+00 4.120008e+00 3.394110e+00 2.705023e+00 3.025232e+00 3.203852e+00 2.749533e+00 2.702491e+00 2.781970e+00 2.146039e+00 1.512391e-03
<GCONST> 9.139840e+01
<MIXTURE> 81 8.025434e-03
<MEAN> 25
 -1.290233e+00 3.654668e+00 9.325394e+00 -1.330724e+01 -7.061685e+00 -4.929411e-01 -6.215413e+00 -8.185055e+00 -4.729578e+00 -6.603889e-01 -6.549376e+00 -2.619230e+00 3.434238e-03 -2.891916e-01 -1.799732e-01 -7.749168e-01 -2.799160e-01 -1.177064e-02 2.092527e-01 2.014048e-01 -7.098281e-02 3.070673e-01 -1.328323e-01 -1.661270e-01 1.238039e-02
<VARIANCE> 25
 8.461983e+00 2.782271e+01 2.443154e+01 3.205935e+01 3.990660e+01 2.775341e+01 5.006656e+01 2.414922e+01 3.974761e+01 3.093935e+01 2.477806e+01 3.385507e+01 7.195926e-01 2.119799e+00 1.385761e+00 2.733816e+00 2.450638e+00 2.320014e+00 2.809008e+00 2.130826e+00 2.868810e+00 2.747300e+00 2.202325e+00 1.825379e+00 9.681030e-04
<GCONST> 8.782306e+01
<MIXTURE> 82 8.213053e-03
<MEAN> 25
 -9.945049e+00 -3.902994e+00 1.613749e+00 -2.932152e+00 3.096208e+00 6.737669e-01 1.986979e+00 9.455084e-01 2.964802e+00 1.741647e+00 1.752170e+00 3.077927e+00 -1.305770e+00 -1.230729e-01 2.856871e-01 -2.603408e+00 -1.110314e+00 -1.274094e+00 -1.015562e+00 -8.693167e-01 -3.147092e-01 -4.804491e-01 -3.190317e-01 -9.113228e-02 1.780533e-01
<VARIANCE> 25
 1.810719e+01 2.490863e+01 3.247318e+01 3.134337e+01 3.306773e+01 3.220802e+01 3.172529e+01 3.290999e+01 3.079257e+01 2.511027e+01 3.075115e+01 1.747366e+01 3.763582e+00 3.041464e+00 3.311189e+00 3.271269e+00 3.557446e+00 3.305278e+00 2.935093e+00 3.006144e+00 2.789235e+00 2.486235e+00 2.444789e+00 1.865757e+00 3.461808e-03
<GCONST> 9.309304e+01
<MIXTURE> 83 1.167529e-02
<MEAN> 25
 -1.994362e+01 6.068373e+00 -1.903613e+00 5.174236e-01 7.292211e+00 -9.173408e-01 6.103105e+00 2.718750e+00 7.283680e-01 1.692491e+00 1.200348e+00 2.726801e+00 -1.093698e-02 -4.680819e-01 1.482816e-01 -3.233524e-01 -4.468849e-01 -2.957834e-01 -1.445546e-01 -2.173508e-01 -1.725543e-01 -2.290564e-01 -2.948532e-02 -6.219534e-02 3.418728e-03
<VARIANCE> 25
 7.882757e+00 1.660294e+01 2.542382e+01 2.530990e+01 2.060480e+01 2.248797e+01 2.223812e+01 2.146231e+01 2.005026e+01 2.168484e+01 2.191992e+01 1.317027e+01 9.495144e-01 8.272238e-01 1.236742e+00 9.550057e-01 1.214533e+00 1.358706e+00 1.152836e+00 1.323374e+00 1.303520e+00 1.407591e+00 1.096501e+00 1.004619e+00 7.932025e-04
<GCONST> 7.574741e+01
<MIXTURE> 84 1.066614e-02
<MEAN> 25
 1.294722e+00 8.622424e+00 7.027552e+00 7.744732e+00 2.792138e+00 -8.355668e-01 -1.610159e+00 -4.293980e+00 -3.759427e+00 -2.877617e+00 -2.428224e+00 -1.694937e+00 -1.747771e+00 -1.161382e+00 -1.131528e+00 1.252547e+00 2.281871e+00 1.522942e+00 1.505807e+00 1.344760e+00 1.039545e+00 4.977238e-01 4.395744e-01 3.761208e-01 -7.049694e-02
<VARIANCE> 25
 2.285686e+01 2.050543e+01 2.155588e+01 2.433659e+01 2.788345e+01 2.756846e+01 2.722493e+01 2.610916e+01 2.672204e+01 2.488940e+01 2.272441e+01 2.374355e+01 2.055030e+00 2.440329e+00 3.796377e+00 3.242553e+00 3.187683e+00 3.269380e+00 3.201847e+00 3.346868e+00 3.660602e+00 3.344573e+00 3.466030e+00 2.731833e+00 3.392247e-03
<GCONST> 9.226646e+01
<MIXTURE> 85 7.591393e-03
<MEAN> 25
 -3.101593e+00 7.881001e+00 5.709065e+00 1.289217e+00 -3.494743e+00 -5.323059e+00 -2.980299e+00 -6.108927e+00 -3.532685e+00 -3.185843e+00 -4.868431e-01 -1.893941e+00 3.940007e+00 3.255136e-01 1.753138e+00 -2.093091e+00 -3.410876e+00 -2.584699e+00 -2.882994e+00 -2.339252e+00 -2.246790e+00 -1.265273e+00 -2.300866e+00 -6.124271e-01 9.295838e-03
<VARIANCE> 25
 4.245674e+01 2.347114e+01 3.657414e+01 3.816762e+01 3.971492e+01 4.116911e+01 3.211861e+01 2.796893e+01 2.665915e+01 2.608508e+01 2.622092e+01 2.055810e+01 2.707295e+00 4.320388e+00 4.061556e+00 5.181579e+00 4.411002e+00 3.879599e+00 3.854895e+00 3.984432e+00 3.847214e+00 4.038417e+00 3.939607e+00 3.488940e+00 5.444528e-03
<GCONST> 9.835503e+01
<MIXTURE> 86 1.273941e-02
<MEAN> 25
 -3.591975e+00 -1.566875e+00 -8.233755e-01 6.401541e+00 4.640042e+00 5.497741e+00 4.868711e+00 5.397090e+00 5.499596e+00 3.753060e+00 5.222906e+00 1.606437e+00 1.403400e-02 -2.369881e-02 -4.346395e-02 -3.284601e-02 -4.839486e-02 -1.002625e-01 -2.283711e-01 -1.753051e-01 -3.924683e-01 -2.756796e-01 -1.775286e-01 -6.055072e-02 -6.932633e-04
<VARIANCE> 25
 1.204363e+01 5.191315e+00 8.156900e+00 1.082848e+01 1.408575e+01 1.437760e+01 1.201803e+01 1.378053e+01 1.311140e+01 1.431149e+01 1.234663e+01 1.414580e+01 8.586754e-02 2.373990e-01 2.844118e-01 4.353755e-01 5.754660e-01 7.371685e-01 6.612807e-01 7.883085e-01 8.985415e-01 1.165391e+00 8.088708e-01 9.129227e-01 5.183152e-05
<GCONST> 5.776590e+01
<MIXTURE> 87 1.100681e-02
<MEAN> 25
 -3.059750e+00 3.813960e+00 3.136290e+00 7.230651e+00 5.579757e+00 1.120970e+00 1.830083e+00 -7.002728e-01 -6.426387e-01 -8.566396e-01 -9.086236e-01 -1.121316e-01 -2.107865e+00 -2.689782e+00 -2.067787e+00 -1.862087e+00 -1.903030e-01 -3.078851e-01 5.205855e-01 1.224374e+00 1.258905e+00 1.024762e+00 1.109369e+00 1.027092e+00 1.037684e-01
<VARIANCE> 25
 3.597440e+01 3.359389e+01 2.755993e+01 3.286147e+01 2.717117e+01 3.044418e+01 2.666529e+01 2.607926e+01 2.419211e+01 2.304250e+01 2.345882e+01 2.179409e+01 3.619679e+00 2.634345e+00 3.705672e+00 5.201848e+00 4.901573e+00 4.263612e+00 3.958038e+00 3.688879e+00 3.623603e+00 3.294316e+00 3.576163e+00 2.567207e+00 4.618874e-03
<GCONST> 9.592937e+01
<MIXTURE> 88 1.256585e-02
<MEAN> 25
 -2.762315e+00 -1.626014e+00 -1.162619e+00 5.624374e+00 5.167562e+00 5.156755e+00 3.712659e+00 3.922535e+00 3.042447e+00 1.453506e+00 2.168811e+00 1.844512e+00 -1.121952e-01 -1.708724e-01 -7.136866e-02 6.030794e-01 1.498741e-01 2.350719e-01 3.859942e-02 -3.305941e-01 -2.559676e-01 -6.219913e-02 -1.643503e-01 8.017249e-02 -2.192777e-03
<VARIANCE> 25
 9.871428e+00 8.548536e+00 1.104280e+01 1.414176e+01 1.829772e+01 2.027627e+01 1.478424e+01 1.534230e+01 1.853753e+01 2.081450e+01 2.051891e+01 1.199267e+01 1.072797e+00 1.584982e+00 1.934186e+00 3.270776e+00 2.727173e+00 2.756265e+00 2.110836e+00 2.319484e+00 2.198154e+00 3.061987e+00 1.969069e+00 2.047754e+00 1.612019e-03
<GCONST> 8.108659e+01
<MIXTURE> 89 9.333527e-03
<MEAN> 25
 5.738491e+00 -5.767130e+00 -3.686913e+00 -3.960633e+00 -6.739670e-01 -5.991475e+00 -5.360851e+00 2.913804e+00 4.225722e+00 -1.301568e+00 -5.018532e+00 -3.454330e+00 -6.082669e-01 1.795779e-01 1.811281e+00 1.057424e+00 -1.883067e+00 -1.729638e+00 9.496791e-01 1.062354e+00 -5.566890e-01 -1.579929e+00 4.737060e-01 1.326217e+00 -4.841286e-03
<VARIANCE> 25
 7.782550e+00 2.449076e+01 2.553500e+01 2.761170e+01 3.467593e+01 3.570405e+01 4.940973e+01 3.769583e+01 3.636228e+01 4.390460e+01 3.183963e+01 2.830904e+01 3.288805e-01 7.717907e-01 1.373156e+00 1.298858e+00 1.634125e+00 1.834495e+00 2.198483e+00 1.839514e+00 2.296906e+00 2.149946e+00 1.926390e+00 1.406733e+00 3.378923e-04
<GCONST> 8.288961e+01
<MIXTURE> 90 7.114505e-03
<MEAN> 25
 2.123854e+00 -9.048640e+00 -3.990516e+00 -3.348224e+00 -2.889455e+00 -1.561223e+00 3.882945e+00 7.630910e-01 -7.404642e+00 -9.910788e+00 -3.803628e+00 -1.162217e+00 -1.444578e-01 8.565289e-01 1.139666e+00 -7.770644e-01 -1.586040e+00 -2.268391e-01 5.472073e-01 -2.388863e-01 -2.117211e-01 6.979793e-01 1.798288e-01 -5.153502e-01 -9.022989e-03
<VARIANCE> 25
 8.519363e+00 1.995874e+01 2.541308e+01 2.961194e+01 3.818379e+01 3.993538e+01 3.739666e+01 3.406926e+01 3.184410e+01 2.641673e+01 2.567093e+01 2.674673e+01 2.282290e-01 5.770860e-01 7.275347e-01 1.085524e+00 1.388934e+00 1.504379e+00 1.835918e+00 1.581301e+00 1.740094e+00 1.571915e+00 1.400689e+00 1.311193e+00 2.602779e-04
<GCONST> 7.835252e+01
<MIXTURE> 91 7.852945e-03
<MEAN> 25
 6.281339e+00 -7.518657e+00 -8.525186e+00 -5.061696e+00 3.806400e+00 -2.709629e-01 -2.101305e+00 7.564244e-01 8.219075e-01 -2.999408e+00 -4.923058e+00 -4.917447e+00 2.754984e-01 9.959344e-01 2.246080e-01 4.792416e-01 -4.093714e-02 -5.264028e-01 -3.816515e-01 -9.772791e-02 -7.330863e-02 4.445027e-01 -1.068308e-01 2.061912e-01 -3.497668e-02
<VARIANCE> 25
 1.032218e+01 2.271539e+01 1.968389e+01 4.030497e+01 3.607254e+01 5.565706e+01 5.418911e+01 3.913628e+01 5.122009e+01 6.469136e+01 3.738570e+01 4.333541e+01 4.556266e-01 8.785313e-01 1.145584e+00 1.395077e+00 2.194000e+00 2.378821e+00 2.357800e+00 2.340738e+00 2.234150e+00 2.185584e+00 1.970298e+00 1.800038e+00 5.821383e-04
<GCONST> 8.715757e+01
<MIXTURE> 92 7.852945e-03
<MEAN> 25
 6.281339e+00 -7.518657e+00 -8.525186e+00 -5.061696e+00 3.806400e+00 -2.709629e-01 -2.101305e+00 7.564244e-01 8.219075e-01 -2.999408e+00 -4.923058e+00 -4.917447e+00 2.754984e-01 9.959344e-01 2.246080e-01 4.792416e-01 -4.093714e-02 -5.264028e-01 -3.816515e-01 -9.772791e-02 -7.330863e-02 4.445027e-01 -1.068308e-01 2.061912e-01 -3.497668e-02
<VARIANCE> 25
 1.032218e+01 2.271539e+01 1.968389e+01 4.030497e+01 3.607254e+01 5.565706e+01 5.418911e+01 3.913628e+01 5.122009e+01 6.469136e+01 3.738570e+01 4.333541e+01 4.556266e-01 8.785313e-01 1.145584e+00 1.395077e+00 2.194000e+00 2.378821e+00 2.357800e+00 2.340738e+00 2.234150e+00 2.185584e+00 1.970298e+00 1.800038e+00 5.821383e-04
<GCONST> 8.715757e+01
<MIXTURE> 93 6.122769e-03
<MEAN> 25
 -6.808735e+00 -9.623536e-01 -2.398444e+00 5.801103e+00 5.904192e+00 3.933236e+00 6.116036e+00 3.616221e+00 4.131411e+00 2.507153e+00 1.822058e+00 3.693896e+00 -6.097245e-02 -1.540721e-01 -2.577717e-01 -3.309741e-01 -3.328782e-01 -2.839864e-01 -2.174861e-01 -1.731440e-01 -1.675139e-01 -1.511263e-01 -1.026787e-01 -3.608911e-02 -1.094034e-06
<VARIANCE> 25
 9.219819e+00 6.020339e+00 8.183021e+00 1.136847e+01 1.148523e+01 1.600541e+01 1.527576e+01 1.644349e+01 1.480404e+01 1.454038e+01 1.678411e+01 1.349727e+01 8.292960e-02 1.533665e-01 2.635542e-01 3.803275e-01 4.973709e-01 6.425537e-01 7.786150e-01 8.870273e-01 9.191992e-01 8.763223e-01 8.935474e-01 9.190355e-01 1.004115e-06
<GCONST> 5.363086e+01
<MIXTURE> 94 6.122769e-03
<MEAN> 25
 -6.808735e+00 -9.623536e-01 -2.398444e+00 5.801103e+00 5.904192e+00 3.933236e+00 6.116036e+00 3.616221e+00 4.131411e+00 2.507153e+00 1.822058e+00 3.693896e+00 -6.097245e-02 -1.540721e-01 -2.577717e-01 -3.309741e-01 -3.328782e-01 -2.839864e-01 -2.174861e-01 -1.731440e-01 -1.675139e-01 -1.511263e-01 -1.026787e-01 -3.608911e-02 -1.094034e-06
<VARIANCE> 25
 9.219819e+00 6.020339e+00 8.183021e+00 1.136847e+01 1.148523e+01 1.600541e+01 1.527576e+01 1.644349e+01 1.480404e+01 1.454038e+01 1.678411e+01 1.349727e+01 8.292960e-02 1.533665e-01 2.635542e-01 3.803275e-01 4.973709e-01 6.425537e-01 7.786150e-01 8.870273e-01 9.191992e-01 8.763223e-01 8.935474e-01 9.190355e-01 1.004115e-06
<GCONST> 5.363086e+01
<MIXTURE> 95 5.258835e-03
<MEAN> 25
 -5.818551e+00 -7.413886e-01 -1.985941e+00 4.894663e+00 4.224144e+00 2.813811e+00 4.169570e+00 1.661425e+00 2.221962e+00 8.672590e-01 1.193017e+00 2.587291e+00 1.453865e-01 1.463691e-01 8.555612e-02 -8.264962e-02 -3.788133e-01 -7.171907e-01 -1.055234e+00 -1.280395e+00 -1.263532e+00 -9.895553e-01 -6.481600e-01 -3.065870e-01 -1.392136e-04
<VARIANCE> 25
 1.028488e+01 6.487313e+00 1.224297e+01 1.277494e+01 1.397017e+01 1.834968e+01 1.795487e+01 1.692330e+01 1.548130e+01 1.544250e+01 2.001562e+01 1.441672e+01 2.092202e-01 2.933543e-01 4.540870e-01 6.293213e-01 8.019171e-01 8.958877e-01 9.114126e-01 9.246324e-01 9.702960e-01 1.080339e+00 1.160201e+00 1.115533e+00 4.212148e-05
<GCONST> 6.328960e+01
<MIXTURE> 96 7.034694e-03
<MEAN> 25
 -5.059311e+00 -4.597641e-01 -2.245939e+00 5.169153e+00 3.862795e+00 1.831477e+00 3.535149e+00 1.839526e+00 2.492611e+00 9.607379e-01 1.176492e+00 2.811503e+00 -2.921482e-02 8.634946e-02 2.123856e-01 4.055319e-01 5.376254e-01 5.017620e-01 2.432887e-01 -1.260489e-01 -4.717894e-01 -6.530726e-01 -6.031663e-01 -3.606097e-01 -9.585305e-06
<VARIANCE> 25
 1.123787e+01 9.685801e+00 1.283066e+01 1.422766e+01 1.495426e+01 1.974996e+01 1.799817e+01 1.946091e+01 1.823334e+01 1.655671e+01 1.985147e+01 1.459634e+01 1.199290e-01 2.177196e-01 3.155457e-01 3.961405e-01 4.925648e-01 6.586838e-01 8.650149e-01 9.920221e-01 9.696841e-01 8.618312e-01 8.885866e-01 9.467894e-01 1.007547e-06
<GCONST> 5.760604e+01
<MIXTURE> 97 7.034694e-03
<MEAN> 25
 -5.059311e+00 -4.597641e-01 -2.245939e+00 5.169153e+00 3.862795e+00 1.831477e+00 3.535149e+00 1.839526e+00 2.492611e+00 9.607379e-01 1.176492e+00 2.811503e+00 -2.921482e-02 8.634946e-02 2.123856e-01 4.055319e-01 5.376254e-01 5.017620e-01 2.432887e-01 -1.260489e-01 -4.717894e-01 -6.530726e-01 -6.031663e-01 -3.606097e-01 -9.585305e-06
<VARIANCE> 25
 1.123787e+01 9.685801e+00 1.283066e+01 1.422766e+01 1.495426e+01 1.974996e+01 1.799817e+01 1.946091e+01 1.823334e+01 1.655671e+01 1.985147e+01 1.459634e+01 1.199290e-01 2.177196e-01 3.155457e-01 3.961405e-01 4.925648e-01 6.586838e-01 8.650149e-01 9.920221e-01 9.696841e-01 8.618312e-01 8.885866e-01 9.467894e-01 1.007547e-06
<GCONST> 5.760604e+01
<MIXTURE> 98 9.917808e-03
<MEAN> 25
 -7.376327e-01 5.141684e-01 7.935312e-02 3.871285e+00 3.845906e+00 3.171969e+00 3.073169e+00 2.474319e+00 8.152636e-01 5.130149e-01 1.722797e-01 -4.494205e-02 -1.608960e+00 -1.410070e+00 -9.510633e-01 4.495880e-01 7.665700e-01 9.209537e-01 1.203917e+00 1.260845e+00 1.030940e+00 1.247978e+00 1.099545e+00 8.742017e-01 -2.766091e-02
<VARIANCE> 25
 1.130709e+01 1.531191e+01 2.363441e+01 2.510048e+01 3.224607e+01 2.779409e+01 2.528015e+01 2.299923e+01 2.486885e+01 3.036962e+01 2.178033e+01 2.048551e+01 1.189108e+00 1.121608e+00 1.793111e+00 2.480943e+00 3.167307e+00 2.799278e+00 2.583722e+00 2.329794e+00 2.904843e+00 2.720016e+00 2.382825e+00 1.699678e+00 2.369713e-03
<GCONST> 8.655663e+01
<MIXTURE> 99 6.696178e-03
<MEAN> 25
 -6.263540e+00 9.753877e+00 6.797524e+00 3.133749e+00 1.007321e+00 -5.119740e+00 -1.883184e+00 -4.168973e+00 -3.413577e+00 -3.817857e+00 -1.564814e+00 3.896041e-01 5.340608e-01 -6.953261e-01 3.054409e-01 -4.353267e-01 -1.106170e+00 -5.327746e-01 -3.323418e-01 -2.560019e-01 -1.211237e-01 -4.556334e-02 2.549259e-01 1.458645e-01 1.046191e-02
<VARIANCE> 25
 3.578087e+01 2.666328e+01 4.572351e+01 3.496574e+01 3.599426e+01 3.643965e+01 2.930371e+01 2.884051e+01 2.718200e+01 2.758970e+01 2.077282e+01 2.970409e+01 2.162921e+00 1.860132e+00 1.435669e+00 1.792391e+00 2.660294e+00 2.071433e+00 1.591983e+00 1.629835e+00 1.651930e+00 1.596924e+00 1.291408e+00 1.286539e+00 1.521999e-03
<GCONST> 8.713544e+01
<MIXTURE> 100 4.498084e-03
<MEAN> 25
 -1.598912e+00 6.344231e+00 1.027685e+01 -7.462521e+00 -1.078160e+01 -5.074592e+00 -4.941571e+00 -9.968679e+00 -4.718560e+00 -8.547394e-01 -2.733084e+00 -2.707931e+00 2.917609e+00 -1.260305e+00 1.299656e+00 -2.185931e+00 -3.419208e+00 -7.840485e-01 -1.218742e+00 -8.198748e-01 -1.475432e+00 3.468279e-01 -1.655491e+00 -2.862826e-01 2.016368e-03
<VARIANCE> 25
 1.362549e+01 2.106181e+01 2.246045e+01 2.642653e+01 2.302165e+01 2.372545e+01 2.911207e+01 2.170562e+01 2.748173e+01 2.265685e+01 2.241118e+01 2.134366e+01 1.799929e+00 3.953687e+00 2.919872e+00 4.285975e+00 4.185054e+00 4.537301e+00 4.015182e+00 4.340181e+00 4.167609e+00 3.895971e+00 3.910357e+00 3.224771e+00 1.674713e-03
<GCONST> 9.256925e+01
<MIXTURE> 101 6.007792e-03
<MEAN> 25
 8.091597e+00 -3.480165e+00 -6.302114e+00 -6.857831e+00 8.395917e-01 -1.260442e+00 -1.057746e+01 -2.057995e+00 1.623019e+00 2.706310e+00 -2.386986e+00 -5.136698e+00 6.726662e-01 6.501440e-01 -1.454665e+00 -1.609215e+00 1.032532e+00 2.317753e+00 1.939109e-01 -1.458742e+00 -1.063618e+00 1.037481e+00 1.371670e+00 -4.168268e-01 -4.814850e-03
<VARIANCE> 25
 9.273381e+00 1.673011e+01 2.989483e+01 4.281287e+01 3.621748e+01 3.577251e+01 3.706960e+01 3.618679e+01 3.780971e+01 4.398903e+01 5.169986e+01 2.424018e+01 2.939469e-01 6.689636e-01 1.175353e+00 1.551670e+00 1.686521e+00 2.096738e+00 2.094639e+00 1.992079e+00 2.346936e+00 2.214844e+00 1.785337e+00 1.933798e+00 3.458960e-04
<GCONST> 8.364813e+01
<MIXTURE> 102 6.007792e-03
<MEAN> 25
 8.091597e+00 -3.480165e+00 -6.302114e+00 -6.857831e+00 8.395917e-01 -1.260442e+00 -1.057746e+01 -2.057995e+00 1.623019e+00 2.706310e+00 -2.386986e+00 -5.136698e+00 6.726662e-01 6.501440e-01 -1.454665e+00 -1.609215e+00 1.032532e+00 2.317753e+00 1.939109e-01 -1.458742e+00 -1.063618e+00 1.037481e+00 1.371670e+00 -4.168268e-01 -4.814850e-03
<VARIANCE> 25
 9.273381e+00 1.673011e+01 2.989483e+01 4.281287e+01 3.621748e+01 3.577251e+01 3.706960e+01 3.618679e+01 3.780971e+01 4.398903e+01 5.169986e+01 2.424018e+01 2.939469e-01 6.689636e-01 1.175353e+00 1.551670e+00 1.686521e+00 2.096738e+00 2.094639e+00 1.992079e+00 2.346936e+00 2.214844e+00 1.785337e+00 1.933798e+00 3.458960e-04
<GCONST> 8.364813e+01
<MIXTURE> 103 5.694618e-03
<MEAN> 25
 3.297666e+00 -9.302527e+00 -6.092712e+00 -3.053967e+00 -1.401391e+00 -2.151261e+00 2.440738e+00 2.527886e+00 -4.520672e+00 -9.163168e+00 -5.011850e+00 4.281175e-01 -1.475018e-01 -1.456827e+00 -9.610713e-01 3.700826e-01 1.187701e+00 9.783316e-01 1.738563e-01 -2.650699e-01 -7.517823e-01 -9.360437e-01 -3.332941e-02 1.490827e-01 2.666932e-02
<VARIANCE> 25
 1.027353e+01 2.101328e+01 2.251290e+01 3.106471e+01 4.724696e+01 3.719930e+01 4.565729e+01 3.636755e+01 4.153059e+01 2.922918e+01 2.951441e+01 2.620884e+01 6.493917e-01 1.264313e+00 1.538770e+00 1.908425e+00 2.908826e+00 2.465474e+00 2.893051e+00 2.530581e+00 2.556777e+00 2.469584e+00 2.060786e+00 2.034470e+00 8.073470e-04
<GCONST> 8.750625e+01
<MIXTURE> 104 5.694618e-03
<MEAN> 25
 3.297666e+00 -9.302527e+00 -6.092712e+00 -3.053967e+00 -1.401391e+00 -2.151261e+00 2.440738e+00 2.527886e+00 -4.520672e+00 -9.163168e+00 -5.011850e+00 4.281175e-01 -1.475018e-01 -1.456827e+00 -9.610713e-01 3.700826e-01 1.187701e+00 9.783316e-01 1.738563e-01 -2.650699e-01 -7.517823e-01 -9.360437e-01 -3.332941e-02 1.490827e-01 2.666932e-02
<VARIANCE> 25
 1.027353e+01 2.101328e+01 2.251290e+01 3.106471e+01 4.724696e+01 3.719930e+01 4.565729e+01 3.636755e+01 4.153059e+01 2.922918e+01 2.951441e+01 2.620884e+01 6.493917e-01 1.264313e+00 1.538770e+00 1.908425e+00 2.908826e+00 2.465474e+00 2.893051e+00 2.530581e+00 2.556777e+00 2.469584e+00 2.060786e+00 2.034470e+00 8.073470e-04
<GCONST> 8.750625e+01
<MIXTURE> 105 4.710235e-03
<MEAN> 25
 1.916639e+00 -1.349908e+00 8.616602e+00 -2.921155e+00 -1.112717e+01 -5.103982e+00 -3.277778e+00 -1.244296e+00 -3.938125e+00 -2.641721e+00 1.280261e+00 -1.018654e+00 1.292721e-02 4.528825e-02 3.191580e-02 -1.136534e-02 -4.607131e-02 4.754978e-02 1.056028e-02 -2.905769e-02 -8.447850e-02 -3.519622e-02 1.115484e-02 -6.524274e-02 -2.583072e-03
<VARIANCE> 25
 1.306615e+01 2.573645e+01 4.438752e+01 4.107052e+01 3.604298e+01 5.834806e+01 4.452412e+01 4.482430e+01 3.725344e+01 4.560025e+01 3.839449e+01 3.025398e+01 8.898376e-02 1.764111e-01 3.654841e-01 2.943446e-01 3.798287e-01 4.806778e-01 4.528744e-01 5.436351e-01 5.241717e-01 4.820055e-01 4.115537e-01 3.833297e-01 8.306387e-05
<GCONST> 6.691393e+01
<MIXTURE> 106 4.710235e-03
<MEAN> 25
 1.916639e+00 -1.349908e+00 8.616602e+00 -2.921155e+00 -1.112717e+01 -5.103982e+00 -3.277778e+00 -1.244296e+00 -3.938125e+00 -2.641721e+00 1.280261e+00 -1.018654e+00 1.292721e-02 4.528825e-02 3.191580e-02 -1.136534e-02 -4.607131e-02 4.754978e-02 1.056028e-02 -2.905769e-02 -8.447850e-02 -3.519622e-02 1.115484e-02 -6.524274e-02 -2.583072e-03
<VARIANCE> 25
 1.306615e+01 2.573645e+01 4.438752e+01 4.107052e+01 3.604298e+01 5.834806e+01 4.452412e+01 4.482430e+01 3.725344e+01 4.560025e+01 3.839449e+01 3.025398e+01 8.898376e-02 1.764111e-01 3.654841e-01 2.943446e-01 3.798287e-01 4.806778e-01 4.528744e-01 5.436351e-01 5.241717e-01 4.820055e-01 4.115537e-01 3.833297e-01 8.306387e-05
<GCONST> 6.691393e+01
<MIXTURE> 107 5.452374e-03
<MEAN> 25
 8.327942e+00 -2.044527e+00 -8.202361e+00 -9.809542e+00 2.606786e+00 2.327121e+00 -8.347886e+00 -4.503384e+00 -2.601362e-01 4.228339e+00 4.180276e-01 -4.786749e+00 -5.769982e-01 -7.515088e-01 8.235731e-01 1.613029e+00 2.682041e-01 -1.860078e+00 -7.995629e-01 8.188200e-01 1.788676e+00 7.435254e-02 -1.475533e+00 -8.759537e-01 -1.173567e-03
<VARIANCE> 25
 8.846202e+00 1.896787e+01 2.530824e+01 3.840953e+01 3.494547e+01 3.707687e+01 4.624253e+01 3.219653e+01 4.438077e+01 4.161497e+01 4.686954e+01 2.764769e+01 3.346573e-01 8.792486e-01 1.336942e+00 2.325558e+00 2.098207e+00 2.720561e+00 2.530121e+00 2.265986e+00 2.054229e+00 2.907480e+00 1.978769e+00 1.979178e+00 6.303477e-04
<GCONST> 8.629211e+01
<MIXTURE> 108 5.452374e-03
<MEAN> 25
 8.327942e+00 -2.044527e+00 -8.202361e+00 -9.809542e+00 2.606786e+00 2.327121e+00 -8.347886e+00 -4.503384e+00 -2.601362e-01 4.228339e+00 4.180276e-01 -4.786749e+00 -5.769982e-01 -7.515088e-01 8.235731e-01 1.613029e+00 2.682041e-01 -1.860078e+00 -7.995629e-01 8.188200e-01 1.788676e+00 7.435254e-02 -1.475533e+00 -8.759537e-01 -1.173567e-03
<VARIANCE> 25
 8.846202e+00 1.896787e+01 2.530824e+01 3.840953e+01 3.494547e+01 3.707687e+01 4.624253e+01 3.219653e+01 4.438077e+01 4.161497e+01 4.686954e+01 2.764769e+01 3.346573e-01 8.792486e-01 1.336942e+00 2.325558e+00 2.098207e+00 2.720561e+00 2.530121e+00 2.265986e+00 2.054229e+00 2.907480e+00 1.978769e+00 1.979178e+00 6.303477e-04
<GCONST> 8.629211e+01
<MIXTURE> 109 6.661064e-03
<MEAN> 25
 3.770474e+00 -9.811145e+00 -7.853680e+00 -1.317832e+00 2.357468e+00 -4.341878e-01 -2.519999e-01 1.106755e+00 -2.667038e+00 -7.979280e+00 -5.245280e+00 4.278128e-01 5.440241e-03 -1.119846e-01 -5.708044e-02 2.906518e-01 2.581930e-01 8.956051e-02 -1.520056e-01 -1.497796e-01 -8.881719e-02 -1.223742e-01 1.905449e-01 3.599316e-02 -3.794159e-03
<VARIANCE> 25
 9.325124e+00 2.175551e+01 2.101642e+01 2.912329e+01 4.045553e+01 4.002797e+01 4.778296e+01 3.305343e+01 4.252185e+01 3.506424e+01 2.767334e+01 2.963586e+01 1.991824e-01 4.027485e-01 5.627694e-01 6.088448e-01 1.336933e+00 9.660547e-01 1.270119e+00 1.051315e+00 1.079444e+00 9.118767e-01 8.463829e-01 9.488999e-01 1.793265e-04
<GCONST> 7.453716e+01
<MIXTURE> 110 6.661064e-03
<MEAN> 25
 3.770474e+00 -9.811145e+00 -7.853680e+00 -1.317832e+00 2.357468e+00 -4.341878e-01 -2.519999e-01 1.106755e+00 -2.667038e+00 -7.979280e+00 -5.245280e+00 4.278128e-01 5.440241e-03 -1.119846e-01 -5.708044e-02 2.906518e-01 2.581930e-01 8.956051e-02 -1.520056e-01 -1.497796e-01 -8.881719e-02 -1.223742e-01 1.905449e-01 3.599316e-02 -3.794159e-03
<VARIANCE> 25
 9.325124e+00 2.175551e+01 2.101642e+01 2.912329e+01 4.045553e+01 4.002797e+01 4.778296e+01 3.305343e+01 4.252185e+01 3.506424e+01 2.767334e+01 2.963586e+01 1.991824e-01 4.027485e-01 5.627694e-01 6.088448e-01 1.336933e+00 9.660547e-01 1.270119e+00 1.051315e+00 1.079444e+00 9.118767e-01 8.463829e-01 9.488999e-01 1.793265e-04
<GCONST> 7.453716e+01
<MIXTURE> 111 4.337247e-03
<MEAN> 25
 -4.292699e+00 -9.222012e-01 -1.796936e+00 1.600575e+00 8.547723e-01 6.631525e-01 2.668949e-01 1.226983e-01 -8.005152e-03 -6.169004e-01 -6.674549e-01 1.993708e+00 -1.239736e-02 -2.712036e-02 -7.965814e-02 -5.289183e-02 -1.337881e-02 1.718475e-02 2.974039e-03 -7.519040e-02 -1.718571e-01 -2.151178e-01 -1.973617e-01 -8.353279e-02 -4.896736e-04
<VARIANCE> 25
 7.739304e+00 4.859005e+00 1.024994e+01 9.429490e+00 1.340646e+01 2.728684e+01 1.619279e+01 1.317870e+01 1.181180e+01 1.193629e+01 1.320416e+01 1.190199e+01 8.108556e-02 1.607829e-01 2.737693e-01 4.234591e-01 5.864273e-01 7.084380e-01 7.920510e-01 8.518960e-01 9.079260e-01 8.645979e-01 8.743518e-01 8.624070e-01 2.500717e-05
<GCONST> 5.652914e+01
<MIXTURE> 112 4.337247e-03
<MEAN> 25
 -4.292699e+00 -9.222012e-01 -1.796936e+00 1.600575e+00 8.547723e-01 6.631525e-01 2.668949e-01 1.226983e-01 -8.005152e-03 -6.169004e-01 -6.674549e-01 1.993708e+00 -1.239736e-02 -2.712036e-02 -7.965814e-02 -5.289183e-02 -1.337881e-02 1.718475e-02 2.974039e-03 -7.519040e-02 -1.718571e-01 -2.151178e-01 -1.973617e-01 -8.353279e-02 -4.896736e-04
<VARIANCE> 25
 7.739304e+00 4.859005e+00 1.024994e+01 9.429490e+00 1.340646e+01 2.728684e+01 1.619279e+01 1.317870e+01 1.181180e+01 1.193629e+01 1.320416e+01 1.190199e+01 8.108556e-02 1.607829e-01 2.737693e-01 4.234591e-01 5.864273e-01 7.084380e-01 7.920510e-01 8.518960e-01 9.079260e-01 8.645979e-01 8.743518e-01 8.624070e-01 2.500717e-05
<GCONST> 5.652914e+01
<MIXTURE> 113 5.938666e-03
<MEAN> 25
 9.880627e+00 1.737420e+00 -8.790943e+00 -1.690917e+01 -8.795817e-01 5.479287e+00 -5.230309e+00 -1.542094e+00 -5.536726e+00 -2.398121e-01 2.176498e-01 -1.939705e-01 -5.591854e-03 -6.557762e-03 -4.944843e-02 -1.090484e-01 1.309826e-01 1.360474e-01 3.720524e-02 3.520182e-02 -2.757436e-02 -3.952819e-02 1.579193e-01 1.676962e-04 -1.252425e-03
<VARIANCE> 25
 9.034105e+00 1.603199e+01 2.899048e+01 3.415622e+01 5.244014e+01 3.433958e+01 3.899270e+01 3.843227e+01 3.750531e+01 4.784570e+01 3.570490e+01 2.782304e+01 1.245254e-01 3.327331e-01 3.148908e-01 6.173174e-01 6.280256e-01 6.525234e-01 7.813187e-01 8.284809e-01 9.800612e-01 9.090843e-01 7.294021e-01 7.455716e-01 1.232653e-04
<GCONST> 7.114794e+01
<MIXTURE> 114 5.938666e-03
<MEAN> 25
 9.880627e+00 1.737420e+00 -8.790943e+00 -1.690917e+01 -8.795817e-01 5.479287e+00 -5.230309e+00 -1.542094e+00 -5.536726e+00 -2.398121e-01 2.176498e-01 -1.939705e-01 -5.591854e-03 -6.557762e-03 -4.944843e-02 -1.090484e-01 1.309826e-01 1.360474e-01 3.720524e-02 3.520182e-02 -2.757436e-02 -3.952819e-02 1.579193e-01 1.676962e-04 -1.252425e-03
<VARIANCE> 25
 9.034105e+00 1.603199e+01 2.899048e+01 3.415622e+01 5.244014e+01 3.433958e+01 3.899270e+01 3.843227e+01 3.750531e+01 4.784570e+01 3.570490e+01 2.782304e+01 1.245254e-01 3.327331e-01 3.148908e-01 6.173174e-01 6.280256e-01 6.525234e-01 7.813187e-01 8.284809e-01 9.800612e-01 9.090843e-01 7.294021e-01 7.455716e-01 1.232653e-04
<GCONST> 7.114794e+01
<MIXTURE> 115 2.935202e-03
<MEAN> 25
 -4.027823e+00 -7.519326e-01 -3.105534e+00 3.656352e+00 2.411896e+00 -4.271246e-01 2.232980e+00 4.148593e-01 1.390938e+00 -2.109694e-02 4.051777e-02 2.685211e+00 3.189582e-02 -7.187591e-02 -2.310703e-01 -4.385397e-01 -6.333753e-01 -6.701697e-01 -5.915069e-01 -5.094758e-01 -4.860039e-01 -4.565929e-01 -3.435831e-01 -1.651757e-01 -2.330538e-06
<VARIANCE> 25
 9.292243e+00 9.879692e+00 1.354229e+01 1.270420e+01 1.349345e+01 1.757807e+01 1.709072e+01 2.080843e+01 1.794213e+01 1.720926e+01 1.918697e+01 1.467542e+01 2.038482e-01 3.456868e-01 4.854741e-01 5.614349e-01 6.339380e-01 7.978861e-01 1.008479e+00 1.130898e+00 1.075916e+00 9.943390e-01 1.026307e+00 1.064821e+00 1.001441e-06
<GCONST> 6.016966e+01
<MIXTURE> 116 2.935202e-03
<MEAN> 25
 -4.027823e+00 -7.519326e-01 -3.105534e+00 3.656352e+00 2.411896e+00 -4.271246e-01 2.232980e+00 4.148593e-01 1.390938e+00 -2.109694e-02 4.051777e-02 2.685211e+00 3.189582e-02 -7.187591e-02 -2.310703e-01 -4.385397e-01 -6.333753e-01 -6.701697e-01 -5.915069e-01 -5.094758e-01 -4.860039e-01 -4.565929e-01 -3.435831e-01 -1.651757e-01 -2.330538e-06
<VARIANCE> 25
 9.292243e+00 9.879692e+00 1.354229e+01 1.270420e+01 1.349345e+01 1.757807e+01 1.709072e+01 2.080843e+01 1.794213e+01 1.720926e+01 1.918697e+01 1.467542e+01 2.038482e-01 3.456868e-01 4.854741e-01 5.614349e-01 6.339380e-01 7.978861e-01 1.008479e+00 1.130898e+00 1.075916e+00 9.943390e-01 1.026307e+00 1.064821e+00 1.001441e-06
<GCONST> 6.016966e+01
<MIXTURE> 117 6.506003e-03
<MEAN> 25
 -4.395953e+00 9.666154e-01 1.045917e+00 9.792744e+00 6.260587e+00 6.401520e+00 6.375695e+00 5.058155e+00 6.645136e+00 4.756955e+00 6.148514e+00 2.388827e+00 -4.959291e-02 -2.318317e-01 -3.717600e-01 -3.957887e-01 -3.551423e-01 -3.173218e-01 -2.859604e-01 -3.113820e-01 -3.777419e-01 -3.351336e-01 -2.142805e-01 -1.483205e-01 7.351383e-06
<VARIANCE> 25
 8.166517e+00 9.149723e+00 9.501388e+00 1.392476e+01 1.506351e+01 1.511929e+01 1.715673e+01 1.744519e+01 1.742679e+01 1.735151e+01 1.731874e+01 1.628741e+01 2.299971e-01 2.971131e-01 4.152308e-01 6.043211e-01 8.264133e-01 1.029769e+00 1.131540e+00 1.236116e+00 1.210124e+00 1.192493e+00 1.256411e+00 1.107503e+00 1.062285e-06
<GCONST> 6.067975e+01
<MIXTURE> 118 6.506003e-03
<MEAN> 25
 -4.395953e+00 9.666154e-01 1.045917e+00 9.792744e+00 6.260587e+00 6.401520e+00 6.375695e+00 5.058155e+00 6.645136e+00 4.756955e+00 6.148514e+00 2.388827e+00 -4.959291e-02 -2.318317e-01 -3.717600e-01 -3.957887e-01 -3.551423e-01 -3.173218e-01 -2.859604e-01 -3.113820e-01 -3.777419e-01 -3.351336e-01 -2.142805e-01 -1.483205e-01 7.351383e-06
<VARIANCE> 25
 8.166517e+00 9.149723e+00 9.501388e+00 1.392476e+01 1.506351e+01 1.511929e+01 1.715673e+01 1.744519e+01 1.742679e+01 1.735151e+01 1.731874e+01 1.628741e+01 2.299971e-01 2.971131e-01 4.152308e-01 6.043211e-01 8.264133e-01 1.029769e+00 1.131540e+00 1.236116e+00 1.210124e+00 1.192493e+00 1.256411e+00 1.107503e+00 1.062285e-06
<GCONST> 6.067975e+01
<MIXTURE> 119 4.297961e-03
<MEAN> 25
 -4.894494e+00 -7.538705e+00 2.232182e+00 2.002857e+00 2.231658e+00 3.182727e-01 5.279796e+00 5.880507e+00 1.151273e+00 9.483347e-01 6.492724e+00 1.435333e+00 -4.972994e-02 -8.842026e-02 3.849019e-02 -5.899891e-02 -1.441295e-01 -1.821515e-01 -7.076834e-02 -7.125910e-03 -1.057378e-01 -8.430922e-02 -5.255378e-02 -5.630525e-02 1.198389e-03
<VARIANCE> 25
 8.776407e+00 1.021475e+01 1.653814e+01 2.039569e+01 2.267249e+01 2.359982e+01 2.470583e+01 2.656284e+01 2.528147e+01 2.809543e+01 2.130406e+01 2.122449e+01 1.588790e-01 2.879193e-01 4.590480e-01 6.316963e-01 8.197486e-01 9.901435e-01 1.092644e+00 1.285726e+00 1.285579e+00 1.277706e+00 1.181753e+00 1.106584e+00 2.310445e-04
<GCONST> 6.991278e+01
<MIXTURE> 120 4.297961e-03
<MEAN> 25
 -4.894494e+00 -7.538705e+00 2.232182e+00 2.002857e+00 2.231658e+00 3.182727e-01 5.279796e+00 5.880507e+00 1.151273e+00 9.483347e-01 6.492724e+00 1.435333e+00 -4.972994e-02 -8.842026e-02 3.849019e-02 -5.899891e-02 -1.441295e-01 -1.821515e-01 -7.076834e-02 -7.125910e-03 -1.057378e-01 -8.430922e-02 -5.255378e-02 -5.630525e-02 1.198389e-03
<VARIANCE> 25
 8.776407e+00 1.021475e+01 1.653814e+01 2.039569e+01 2.267249e+01 2.359982e+01 2.470583e+01 2.656284e+01 2.528147e+01 2.809543e+01 2.130406e+01 2.122449e+01 1.588790e-01 2.879193e-01 4.590480e-01 6.316963e-01 8.197486e-01 9.901435e-01 1.092644e+00 1.285726e+00 1.285579e+00 1.277706e+00 1.181753e+00 1.106584e+00 2.310445e-04
<GCONST> 6.991278e+01
<MIXTURE> 121 4.567511e-03
<MEAN> 25
 -2.384912e-01 -2.090894e+00 4.926476e+00 -1.172735e+01 -1.139947e+01 -1.281098e+00 2.108585e+00 -4.017383e+00 -5.018591e+00 8.754696e-01 -5.014249e+00 -5.237680e+00 7.909916e-02 6.408653e-02 -3.250257e-02 1.331169e-01 -3.034364e-02 -9.040125e-02 2.887162e-02 -4.220674e-02 -2.828195e-01 -2.214609e-01 -1.631363e-02 -2.871979e-02 -6.487432e-03
<VARIANCE> 25
 7.066006e+00 1.342069e+01 1.606970e+01 2.233535e+01 2.673948e+01 2.764476e+01 2.950819e+01 2.764968e+01 3.196168e+01 3.284767e+01 1.810333e+01 2.304586e+01 1.448216e-01 5.896943e-01 5.478532e-01 6.938224e-01 8.806732e-01 1.206404e+00 9.707788e-01 1.099628e+00 1.293379e+00 1.338714e+00 9.037893e-01 7.505594e-01 1.939023e-04
<GCONST> 7.099290e+01
<MIXTURE> 122 4.567511e-03
<MEAN> 25
 -2.384912e-01 -2.090894e+00 4.926476e+00 -1.172735e+01 -1.139947e+01 -1.281098e+00 2.108585e+00 -4.017383e+00 -5.018591e+00 8.754696e-01 -5.014249e+00 -5.237680e+00 7.909916e-02 6.408653e-02 -3.250257e-02 1.331169e-01 -3.034364e-02 -9.040125e-02 2.887162e-02 -4.220674e-02 -2.828195e-01 -2.214609e-01 -1.631363e-02 -2.871979e-02 -6.487432e-03
<VARIANCE> 25
 7.066006e+00 1.342069e+01 1.606970e+01 2.233535e+01 2.673948e+01 2.764476e+01 2.950819e+01 2.764968e+01 3.196168e+01 3.284767e+01 1.810333e+01 2.304586e+01 1.448216e-01 5.896943e-01 5.478532e-01 6.938224e-01 8.806732e-01 1.206404e+00 9.707788e-01 1.099628e+00 1.293379e+00 1.338714e+00 9.037893e-01 7.505594e-01 1.939023e-04
<GCONST> 7.099290e+01
<MIXTURE> 123 4.393044e-03
<MEAN> 25
 -3.335154e+00 8.944187e-01 3.145688e-01 4.802640e+00 4.461263e+00 4.275295e+00 3.767229e+00 7.653849e-01 -4.535749e-01 -5.424765e-01 -2.286032e-02 -8.058504e-01 -5.316982e-01 -6.945634e-01 -8.689594e-01 -5.127290e-01 -3.325240e-01 7.678816e-02 4.654221e-01 7.339323e-01 5.427704e-01 6.640715e-01 6.746985e-01 5.766785e-01 -3.576727e-03
<VARIANCE> 25
 1.030493e+01 9.693184e+00 1.484901e+01 2.541140e+01 2.154725e+01 2.553118e+01 1.719337e+01 1.688121e+01 2.177581e+01 1.906264e+01 1.987548e+01 2.329686e+01 4.405891e-01 3.567394e-01 4.862430e-01 7.270426e-01 8.641186e-01 8.971581e-01 1.150468e+00 1.109497e+00 1.657162e+00 1.219493e+00 1.122438e+00 1.240980e+00 1.390572e-04
<GCONST> 6.988493e+01
<MIXTURE> 124 4.069876e-03
<MEAN> 25
 -6.449365e+00 -1.215474e+00 -2.870054e+00 5.077084e+00 4.933976e+00 3.487070e+00 5.349822e+00 2.620306e+00 3.267168e+00 1.212541e+00 1.123472e+00 2.981904e+00 -1.966117e-01 -3.202726e-01 -3.635026e-01 -2.069532e-01 1.235090e-01 5.040181e-01 8.107556e-01 8.606811e-01 6.545897e-01 3.413463e-01 8.481153e-02 -4.128429e-02 6.301951e-05
<VARIANCE> 25
 1.163577e+01 6.922265e+00 1.116011e+01 1.239065e+01 1.203618e+01 2.012669e+01 1.543031e+01 1.706636e+01 1.565523e+01 1.621194e+01 1.903090e+01 1.449926e+01 1.078147e-01 1.677558e-01 2.705359e-01 4.242140e-01 5.868665e-01 7.169929e-01 7.395592e-01 8.078359e-01 9.113562e-01 9.952713e-01 1.019331e+00 1.006985e+00 1.802391e-05
<GCONST> 5.893172e+01
<MIXTURE> 125 4.069876e-03
<MEAN> 25
 -6.449365e+00 -1.215474e+00 -2.870054e+00 5.077084e+00 4.933976e+00 3.487070e+00 5.349822e+00 2.620306e+00 3.267168e+00 1.212541e+00 1.123472e+00 2.981904e+00 -1.966117e-01 -3.202726e-01 -3.635026e-01 -2.069532e-01 1.235090e-01 5.040181e-01 8.107556e-01 8.606811e-01 6.545897e-01 3.413463e-01 8.481153e-02 -4.128429e-02 6.301951e-05
<VARIANCE> 25
 1.163577e+01 6.922265e+00 1.116011e+01 1.239065e+01 1.203618e+01 2.012669e+01 1.543031e+01 1.706636e+01 1.565523e+01 1.621194e+01 1.903090e+01 1.449926e+01 1.078147e-01 1.677558e-01 2.705359e-01 4.242140e-01 5.868665e-01 7.169929e-01 7.395592e-01 8.078359e-01 9.113562e-01 9.952713e-01 1.019331e+00 1.006985e+00 1.802391e-05
<GCONST> 5.893172e+01
<MIXTURE> 126 2.402244e-03
<MEAN> 25
 -3.626208e+00 -6.780223e+00 -5.282608e+00 2.227619e+00 3.983614e+00 -3.289504e+00 1.331908e-01 3.538729e+00 3.170393e+00 -2.735701e+00 -1.472529e+00 3.098951e+00 1.800213e-02 -1.491703e-02 -3.600578e-02 -1.454187e-01 -2.801529e-01 -3.860950e-01 -2.714567e-01 -1.540775e-01 -1.071823e-01 -1.333910e-01 -1.015310e-01 2.605806e-02 -1.011664e-03
<VARIANCE> 25
 7.829420e+00 1.280039e+01 1.351221e+01 1.488171e+01 2.623303e+01 2.469481e+01 2.297146e+01 2.886692e+01 3.115850e+01 2.545788e+01 2.114305e+01 1.914002e+01 1.832139e-01 3.500561e-01 4.778311e-01 5.545189e-01 7.873048e-01 9.859244e-01 1.093946e+00 1.233282e+00 1.336615e+00 1.293734e+00 1.189532e+00 1.237631e+00 2.230468e-04
<GCONST> 7.000532e+01
<MIXTURE> 127 2.402244e-03
<MEAN> 25
 -3.626208e+00 -6.780223e+00 -5.282608e+00 2.227619e+00 3.983614e+00 -3.289504e+00 1.331908e-01 3.538729e+00 3.170393e+00 -2.735701e+00 -1.472529e+00 3.098951e+00 1.800213e-02 -1.491703e-02 -3.600578e-02 -1.454187e-01 -2.801529e-01 -3.860950e-01 -2.714567e-01 -1.540775e-01 -1.071823e-01 -1.333910e-01 -1.015310e-01 2.605806e-02 -1.011664e-03
<VARIANCE> 25
 7.829420e+00 1.280039e+01 1.351221e+01 1.488171e+01 2.623303e+01 2.469481e+01 2.297146e+01 2.886692e+01 3.115850e+01 2.545788e+01 2.114305e+01 1.914002e+01 1.832139e-01 3.500561e-01 4.778311e-01 5.545189e-01 7.873048e-01 9.859244e-01 1.093946e+00 1.233282e+00 1.336615e+00 1.293734e+00 1.189532e+00 1.237631e+00 2.230468e-04
<GCONST> 7.000532e+01
<MIXTURE> 128 3.790457e-03
<MEAN> 25
 -3.930651e+00 1.541519e+00 -3.391123e-01 6.573766e+00 3.620703e+00 1.860119e+00 3.576531e+00 2.371520e+00 3.964429e+00 3.699184e+00 3.770871e+00 3.524592e+00 -3.958659e-01 -1.971494e-01 9.836579e-02 7.263908e-01 1.184489e+00 1.135275e+00 7.176360e-01 1.310863e-01 -4.393205e-01 -7.880734e-01 -7.021198e-01 -3.936701e-01 -3.618698e-05
<VARIANCE> 25
 1.021708e+01 1.169992e+01 1.499330e+01 1.932880e+01 2.004207e+01 2.118535e+01 2.432339e+01 2.467658e+01 2.641583e+01 2.388039e+01 2.679525e+01 1.820818e+01 8.923945e-01 1.146218e+00 1.365776e+00 1.502949e+00 1.580363e+00 1.863012e+00 2.248877e+00 2.324888e+00 2.147747e+00 1.857473e+00 1.744510e+00 1.748301e+00 1.000409e-06
<GCONST> 7.364471e+01
<TRANSP> 3
 0.000000e+00 1.000000e+00 0.000000e+00
 0.000000e+00 9.999990e-01 9.999998e-07
 0.000000e+00 0.000000e+00 0.000000e+00
<ENDHMM>
