~o
<STREAMINFO> 1 25
<VECSIZE> 25<NULLD><MFCC_E_D_N><DIAGC>
~h "jmodel"
<BEGINHMM>
<NUMSTATES> 3
<STATE> 2
<NUMMIXES> 128
<MIXTURE> 1 5.748963e-03
<MEAN> 25
 -2.333686e+00 3.046022e+00 2.163570e+00 8.637290e+00 4.242998e+00 3.426705e+00 4.162001e+00 3.959483e+00 5.541602e+00 5.044667e+00 5.665271e+00 3.147211e+00 -1.885846e+00 -1.616517e+00 -8.141673e-01 1.055418e+00 1.586264e+00 2.311306e+00 2.117236e+00 2.080671e+00 1.646620e+00 1.283407e+00 1.464403e+00 5.425929e-01 -4.858709e-02
<VARIANCE> 25
 1.093968e+01 1.167668e+01 1.486508e+01 1.832228e+01 2.280065e+01 2.128351e+01 2.128499e+01 2.111051e+01 2.224237e+01 2.257157e+01 2.125528e+01 1.659489e+01 2.063683e+00 2.036395e+00 2.961003e+00 3.096941e+00 3.626098e+00 3.371886e+00 3.209092e+00 3.280590e+00 3.429171e+00 3.582036e+00 3.625149e+00 2.822359e+00 3.148208e-03
<GCONST> 8.836298e+01
<MIXTURE> 2 4.549242e-03
<MEAN> 25
 -4.864919e+00 1.305215e+00 9.907815e-01 9.899506e+00 6.688562e+00 7.421596e+00 7.850502e+00 6.965128e+00 8.365863e+00 6.368605e+00 7.609525e+00 3.070202e+00 -6.168238e-02 4.149433e-02 1.424753e-01 2.256787e-01 2.640621e-01 2.805966e-01 2.955233e-01 3.210412e-01 3.516803e-01 3.097941e-01 1.974242e-01 7.754132e-02 -1.494151e-07
<VARIANCE> 25
 7.024050e+00 8.919210e+00 1.064683e+01 1.588955e+01 1.722116e+01 1.554782e+01 1.688611e+01 1.849851e+01 1.660255e+01 1.737574e+01 1.824275e+01 1.433441e+01 1.251762e-01 2.263235e-01 3.360163e-01 4.665295e-01 6.495053e-01 8.142266e-01 9.286785e-01 1.003366e+00 1.052884e+00 1.077002e+00 1.074304e+00 1.016991e+00 1.000221e-06
<GCONST> 5.805510e+01
<MIXTURE> 3 4.549242e-03
<MEAN> 25
 -4.864919e+00 1.305215e+00 9.907815e-01 9.899506e+00 6.688562e+00 7.421596e+00 7.850502e+00 6.965128e+00 8.365863e+00 6.368605e+00 7.609525e+00 3.070202e+00 -6.168238e-02 4.149433e-02 1.424753e-01 2.256787e-01 2.640621e-01 2.805966e-01 2.955233e-01 3.210412e-01 3.516803e-01 3.097941e-01 1.974242e-01 7.754132e-02 -1.494151e-07
<VARIANCE> 25
 7.024050e+00 8.919210e+00 1.064683e+01 1.588955e+01 1.722116e+01 1.554782e+01 1.688611e+01 1.849851e+01 1.660255e+01 1.737574e+01 1.824275e+01 1.433441e+01 1.251762e-01 2.263235e-01 3.360163e-01 4.665295e-01 6.495053e-01 8.142266e-01 9.286785e-01 1.003366e+00 1.052884e+00 1.077002e+00 1.074304e+00 1.016991e+00 1.000221e-06
<GCONST> 5.805510e+01
<MIXTURE> 4 1.671429e-02
<MEAN> 25
 3.485825e+00 2.372409e+00 -3.791768e+00 7.497954e-01 4.102836e+00 -1.666443e-01 -8.265004e-03 -8.325692e-02 1.382984e+00 1.439555e+00 -1.738297e+00 3.327752e-01 -2.655519e+00 1.124267e+00 1.777654e+00 3.073029e+00 8.741985e-01 6.267472e-01 1.502367e+00 1.107710e+00 9.896072e-01 4.272694e-01 1.109344e+00 7.494600e-01 -1.012740e-01
<VARIANCE> 25
 2.015013e+01 2.861889e+01 2.812798e+01 3.922305e+01 4.404541e+01 6.665055e+01 6.281023e+01 5.158410e+01 5.290884e+01 5.987278e+01 4.846374e+01 3.531364e+01 2.451644e+00 4.918174e+00 3.615946e+00 4.721413e+00 4.806762e+00 6.138717e+00 5.832677e+00 5.342086e+00 5.821447e+00 6.167556e+00 6.075585e+00 4.637641e+00 5.895751e-03
<GCONST> 1.048208e+02
<MIXTURE> 5 3.206198e-03
<MEAN> 25
 -3.415657e+00 2.180078e+00 6.103631e-01 9.428651e+00 6.696407e+00 6.315814e+00 7.112695e+00 4.724377e+00 5.495269e+00 3.847846e+00 4.657328e+00 2.606055e+00 -3.245845e-01 7.527447e-01 1.224558e+00 1.032523e+00 3.075607e-01 -1.001387e-01 -8.359823e-02 3.380074e-02 4.582298e-01 6.836526e-01 4.037693e-01 8.764736e-02 -2.801347e-05
<VARIANCE> 25
 1.025786e+01 1.394637e+01 2.348318e+01 2.561200e+01 2.021881e+01 1.942159e+01 2.011147e+01 2.036307e+01 2.141755e+01 2.127933e+01 2.410208e+01 1.635823e+01 1.209866e+00 1.244209e+00 1.357224e+00 1.673274e+00 2.284455e+00 2.375894e+00 2.301339e+00 2.275176e+00 2.315335e+00 2.237941e+00 2.085300e+00 1.874200e+00 1.000298e-06
<GCONST> 7.516580e+01
<MIXTURE> 6 5.475854e-03
<MEAN> 25
 9.472440e+00 -4.736852e-01 -6.786558e+00 -1.083121e+01 -1.660770e+00 6.487144e+00 -6.081898e+00 -5.637812e+00 -3.827007e+00 2.085518e+00 4.348542e+00 -7.727115e-01 4.693197e-01 8.391435e-01 -3.397105e-01 -1.332802e+00 -6.302529e-01 1.213793e+00 1.482502e+00 2.953172e-01 -1.214089e+00 -1.268824e+00 3.439203e-01 1.223022e+00 -8.811198e-03
<VARIANCE> 25
 9.143676e+00 1.602171e+01 2.254498e+01 3.727344e+01 3.727427e+01 2.986314e+01 4.195645e+01 3.743170e+01 3.881371e+01 3.808091e+01 4.061559e+01 2.985072e+01 2.963581e-01 8.508992e-01 8.923789e-01 2.118348e+00 1.510770e+00 2.030284e+00 1.867902e+00 1.959250e+00 2.258813e+00 1.938060e+00 2.118473e+00 1.364190e+00 5.556202e-04
<GCONST> 8.316032e+01
<MIXTURE> 7 5.475854e-03
<MEAN> 25
 9.472440e+00 -4.736852e-01 -6.786558e+00 -1.083121e+01 -1.660770e+00 6.487144e+00 -6.081898e+00 -5.637812e+00 -3.827007e+00 2.085518e+00 4.348542e+00 -7.727115e-01 4.693197e-01 8.391435e-01 -3.397105e-01 -1.332802e+00 -6.302529e-01 1.213793e+00 1.482502e+00 2.953172e-01 -1.214089e+00 -1.268824e+00 3.439203e-01 1.223022e+00 -8.811198e-03
<VARIANCE> 25
 9.143676e+00 1.602171e+01 2.254498e+01 3.727344e+01 3.727427e+01 2.986314e+01 4.195645e+01 3.743170e+01 3.881371e+01 3.808091e+01 4.061559e+01 2.985072e+01 2.963581e-01 8.508992e-01 8.923789e-01 2.118348e+00 1.510770e+00 2.030284e+00 1.867902e+00 1.959250e+00 2.258813e+00 1.938060e+00 2.118473e+00 1.364190e+00 5.556202e-04
<GCONST> 8.316032e+01
<MIXTURE> 8 1.165917e-02
<MEAN> 25
 -4.553545e+00 1.278907e+00 1.316504e+00 9.357653e+00 6.446769e+00 6.275743e+00 6.440197e+00 5.850129e+00 6.407191e+00 5.417107e+00 6.299537e+00 2.993259e+00 -7.171576e-01 -1.332816e+00 -1.091236e+00 -1.629927e+00 -2.881335e-01 -9.514480e-01 -1.647753e-01 -3.650833e-01 -2.179961e-01 -1.721306e-01 -2.046886e-01 9.395787e-02 9.886178e-02
<VARIANCE> 25
 9.979453e+00 9.608523e+00 1.127911e+01 1.657353e+01 1.645919e+01 1.510656e+01 1.744993e+01 1.752836e+01 1.778491e+01 1.784435e+01 2.024223e+01 1.403350e+01 2.862836e+00 2.908285e+00 3.778106e+00 3.926645e+00 3.391882e+00 3.513188e+00 3.191589e+00 3.099758e+00 2.796026e+00 2.566704e+00 2.384383e+00 1.836367e+00 6.425336e-03
<GCONST> 8.637547e+01
<MIXTURE> 9 1.199672e-02
<MEAN> 25
 9.296479e+00 3.392585e+00 -6.207069e+00 -1.067142e+01 -2.211586e+00 4.960536e+00 -2.211401e+00 -2.306255e+00 -5.389714e+00 -1.255676e+00 5.676619e-01 -8.201347e-03 1.440980e+00 -1.281243e-01 -4.908629e-01 -2.704120e+00 -1.645419e+00 8.544812e-01 -9.721779e-01 -2.319952e-01 -1.802907e-01 -5.764563e-01 6.142893e-01 -1.521818e-01 7.330905e-02
<VARIANCE> 25
 1.225448e+01 2.140198e+01 3.356383e+01 5.350541e+01 5.015929e+01 3.238933e+01 4.320856e+01 5.215177e+01 4.211263e+01 4.158986e+01 3.611017e+01 2.691905e+01 2.088245e+00 2.450516e+00 4.571105e+00 4.875801e+00 5.011280e+00 4.097596e+00 4.236596e+00 6.044288e+00 5.038432e+00 4.079801e+00 4.014483e+00 2.804510e+00 2.214387e-03
<GCONST> 9.880350e+01
<MIXTURE> 10 6.596976e-03
<MEAN> 25
 8.721802e-01 7.491547e+00 5.254334e+00 7.060259e+00 1.487114e+00 -2.078015e+00 -4.720958e-01 -1.617220e+00 8.368735e-01 7.803001e-01 8.113428e-01 6.558244e-01 -1.863490e+00 -6.744239e-01 -4.785882e-01 2.998348e+00 2.430667e+00 2.744505e+00 2.365739e+00 2.281379e+00 1.767049e+00 1.537290e+00 2.242653e+00 4.811063e-01 -1.366172e-01
<VARIANCE> 25
 1.919136e+01 2.095912e+01 2.237150e+01 2.869513e+01 3.798608e+01 3.452003e+01 3.479591e+01 3.356394e+01 2.757730e+01 2.895845e+01 2.647582e+01 2.477054e+01 2.347447e+00 3.353696e+00 5.511106e+00 5.321090e+00 5.466161e+00 4.548373e+00 4.596847e+00 4.753320e+00 4.732467e+00 4.894179e+00 4.658886e+00 3.183519e+00 2.758663e-03
<GCONST> 9.750456e+01
<MIXTURE> 11 1.633820e-02
<MEAN> 25
 6.992889e+00 3.670853e+00 2.816215e+00 4.481836e+00 -2.643267e+00 -2.054808e+00 -1.757677e+00 -4.980636e+00 -3.520505e+00 -2.929757e-01 -2.870245e+00 -2.153061e+00 -2.410754e-01 3.763883e-01 3.714241e-01 5.193141e-01 5.663141e-01 9.150445e-02 1.735084e-02 9.056184e-02 -2.921134e-01 -2.869950e-01 -2.766837e-01 -6.104847e-02 -1.999640e-02
<VARIANCE> 25
 1.022336e+01 2.040594e+01 1.752878e+01 2.652051e+01 3.298040e+01 3.935923e+01 3.867582e+01 4.057452e+01 3.543714e+01 2.869844e+01 2.849875e+01 2.486855e+01 1.014894e+00 1.125088e+00 1.537850e+00 2.092706e+00 1.697182e+00 2.390934e+00 2.040119e+00 2.588365e+00 1.880520e+00 1.913245e+00 1.618393e+00 1.983836e+00 9.666359e-04
<GCONST> 8.531555e+01
<MIXTURE> 12 5.904134e-03
<MEAN> 25
 1.074338e+01 3.722266e+00 -4.519598e+00 -1.594976e+01 -8.628294e+00 8.608932e+00 -9.096825e-01 -1.953216e+00 -1.741706e+00 -4.844904e+00 1.774654e+00 7.548771e-01 6.704469e-02 2.916374e-01 8.009433e-02 -3.653769e-01 -3.116224e-01 2.581975e-02 3.080169e-01 4.509893e-01 1.409084e-01 -3.815483e-01 -3.811580e-01 5.397316e-02 -6.426685e-03
<VARIANCE> 25
 8.946821e+00 2.100327e+01 2.331648e+01 3.528455e+01 4.285268e+01 3.108168e+01 4.166407e+01 4.898542e+01 4.396544e+01 3.759628e+01 3.783310e+01 2.912526e+01 2.459734e-01 6.866318e-01 6.831841e-01 1.167258e+00 1.184274e+00 1.052510e+00 1.170966e+00 1.382451e+00 1.237321e+00 1.222936e+00 1.220321e+00 9.555483e-01 5.795910e-04
<GCONST> 7.893800e+01
<MIXTURE> 13 5.904134e-03
<MEAN> 25
 1.074338e+01 3.722266e+00 -4.519598e+00 -1.594976e+01 -8.628294e+00 8.608932e+00 -9.096825e-01 -1.953216e+00 -1.741706e+00 -4.844904e+00 1.774654e+00 7.548771e-01 6.704469e-02 2.916374e-01 8.009433e-02 -3.653769e-01 -3.116224e-01 2.581975e-02 3.080169e-01 4.509893e-01 1.409084e-01 -3.815483e-01 -3.811580e-01 5.397316e-02 -6.426685e-03
<VARIANCE> 25
 8.946821e+00 2.100327e+01 2.331648e+01 3.528455e+01 4.285268e+01 3.108168e+01 4.166407e+01 4.898542e+01 4.396544e+01 3.759628e+01 3.783310e+01 2.912526e+01 2.459734e-01 6.866318e-01 6.831841e-01 1.167258e+00 1.184274e+00 1.052510e+00 1.170966e+00 1.382451e+00 1.237321e+00 1.222936e+00 1.220321e+00 9.555483e-01 5.795910e-04
<GCONST> 7.893800e+01
<MIXTURE> 14 6.488954e-03
<MEAN> 25
 -4.218017e+00 -4.187154e-01 -2.863445e-01 8.838829e+00 7.448861e+00 7.401707e+00 7.762664e+00 7.307066e+00 7.185558e+00 5.179080e+00 6.763055e+00 4.042514e+00 -2.776952e-01 1.799112e-01 3.638433e-01 3.123698e-01 1.763290e-02 6.870081e-02 8.776741e-02 1.870690e-01 2.980173e-01 5.351273e-01 4.980786e-01 7.263010e-02 -9.168047e-03
<VARIANCE> 25
 9.768390e+00 1.373360e+01 1.838184e+01 1.794803e+01 2.086105e+01 1.941025e+01 2.148851e+01 2.070463e+01 2.011891e+01 2.422834e+01 2.170059e+01 1.597078e+01 9.520907e-01 1.633492e+00 1.747157e+00 1.942740e+00 2.239898e+00 2.275651e+00 2.232504e+00 2.218086e+00 2.273042e+00 2.503183e+00 2.189517e+00 1.824512e+00 1.033250e-03
<GCONST> 8.192443e+01
<MIXTURE> 15 2.475190e-03
<MEAN> 25
 -5.064790e+00 -8.787600e-01 -2.023956e-01 7.164989e+00 5.612502e+00 5.840456e+00 5.943806e+00 5.187032e+00 5.071300e+00 4.082525e+00 5.351748e+00 2.586534e+00 -1.176390e-01 -2.864167e-02 4.599138e-02 2.291998e-01 4.910849e-01 7.858880e-01 1.052084e+00 1.185452e+00 1.061907e+00 8.115044e-01 3.911001e-01 1.357631e-01 -1.624966e-04
<VARIANCE> 25
 8.608964e+00 6.166330e+00 8.681147e+00 1.354158e+01 1.394967e+01 1.388450e+01 1.461827e+01 1.514767e+01 1.390746e+01 1.387866e+01 1.484784e+01 1.187286e+01 1.216718e-01 1.957024e-01 3.159752e-01 4.992629e-01 6.747165e-01 7.561548e-01 7.532936e-01 7.533827e-01 9.081793e-01 1.090502e+00 1.027896e+00 1.127859e+00 2.859939e-05
<GCONST> 5.863927e+01
<MIXTURE> 16 2.475190e-03
<MEAN> 25
 -5.064790e+00 -8.787600e-01 -2.023956e-01 7.164989e+00 5.612502e+00 5.840456e+00 5.943806e+00 5.187032e+00 5.071300e+00 4.082525e+00 5.351748e+00 2.586534e+00 -1.176390e-01 -2.864167e-02 4.599138e-02 2.291998e-01 4.910849e-01 7.858880e-01 1.052084e+00 1.185452e+00 1.061907e+00 8.115044e-01 3.911001e-01 1.357631e-01 -1.624966e-04
<VARIANCE> 25
 8.608964e+00 6.166330e+00 8.681147e+00 1.354158e+01 1.394967e+01 1.388450e+01 1.461827e+01 1.514767e+01 1.390746e+01 1.387866e+01 1.484784e+01 1.187286e+01 1.216718e-01 1.957024e-01 3.159752e-01 4.992629e-01 6.747165e-01 7.561548e-01 7.532936e-01 7.533827e-01 9.081793e-01 1.090502e+00 1.027896e+00 1.127859e+00 2.859939e-05
<GCONST> 5.863927e+01
<MIXTURE> 17 9.518312e-03
<MEAN> 25
 2.500317e+00 -1.242573e+00 4.483539e+00 3.002191e+00 -4.198566e+00 -7.624537e+00 -2.677665e+00 -3.623999e-01 -1.675909e+00 -2.516194e+00 3.695279e-02 -1.884425e-01 -7.183344e-01 -6.450013e-01 8.714034e-01 -2.202640e+00 -1.921851e+00 -1.091698e+00 1.396402e-01 7.091796e-02 3.185619e-01 -4.426740e-01 1.028363e+00 6.450763e-01 7.918658e-02
<VARIANCE> 25
 1.567088e+01 2.634541e+01 2.895531e+01 4.692108e+01 3.769287e+01 4.705633e+01 3.747444e+01 3.321104e+01 3.450749e+01 2.822721e+01 2.076811e+01 2.196879e+01 1.507620e+00 2.763493e+00 3.105565e+00 3.007344e+00 3.646950e+00 7.093650e+00 4.643790e+00 5.239266e+00 4.025517e+00 3.422293e+00 2.341092e+00 2.323687e+00 1.802008e-03
<GCONST> 9.490006e+01
<MIXTURE> 18 1.221018e-02
<MEAN> 25
 3.115988e+00 4.170482e+00 5.012644e+00 5.008497e+00 -4.840371e+00 -9.056634e+00 -1.498639e+00 -1.643430e+00 -2.278895e+00 -4.016204e+00 1.622609e-01 1.635828e+00 -2.570253e-01 1.312192e+00 -1.473144e-01 1.634960e+00 2.728978e+00 2.459982e+00 8.058721e-01 5.254685e-01 3.212517e-02 6.475073e-01 -8.111257e-01 -1.612299e-01 -1.185094e-01
<VARIANCE> 25
 1.414276e+01 1.957625e+01 2.974741e+01 1.997377e+01 3.096337e+01 3.445872e+01 2.884677e+01 2.823980e+01 3.407171e+01 3.131470e+01 2.892733e+01 2.680301e+01 2.402551e+00 3.570970e+00 3.602070e+00 3.610009e+00 3.411717e+00 6.136508e+00 3.585037e+00 4.420623e+00 4.582726e+00 3.436198e+00 3.985163e+00 2.916573e+00 3.243744e-03
<GCONST> 9.525648e+01
<MIXTURE> 19 9.912824e-03
<MEAN> 25
 -9.688097e+00 1.467235e+00 7.733366e-01 6.756098e-01 3.961651e+00 2.375644e+00 2.948338e+00 1.620764e+00 2.546912e+00 8.939555e-01 1.180661e+00 1.828203e+00 1.902832e+00 1.699309e+00 2.088107e+00 5.206272e-01 -1.046369e+00 -1.178596e+00 -1.074323e+00 -1.594857e+00 -1.501162e+00 -1.126653e+00 -7.939149e-01 -8.249555e-01 4.631464e-03
<VARIANCE> 25
 5.140791e+01 2.973125e+01 4.577203e+01 5.041610e+01 3.051636e+01 3.628032e+01 3.244043e+01 3.024316e+01 3.047205e+01 2.688070e+01 2.814832e+01 1.818686e+01 2.416962e+00 2.260721e+00 2.024482e+00 2.613112e+00 2.366732e+00 2.260662e+00 2.285772e+00 2.706607e+00 2.021853e+00 1.843380e+00 2.109518e+00 1.684939e+00 2.370757e-03
<GCONST> 9.127042e+01
<MIXTURE> 20 6.308331e-03
<MEAN> 25
 -1.403970e+01 8.301572e+00 -3.748019e-01 6.558895e+00 4.383823e+00 1.829068e+00 5.529664e+00 5.284217e-01 4.219867e-01 1.054539e+00 1.604075e+00 -1.000453e+00 -3.086699e+00 -6.557353e-01 -1.191846e+00 -4.910031e-02 1.510826e+00 1.848847e+00 2.118064e+00 1.813673e+00 2.029257e+00 2.327812e+00 1.672200e+00 8.505260e-01 5.085695e-02
<VARIANCE> 25
 1.689379e+01 2.390797e+01 3.319125e+01 3.289440e+01 2.685883e+01 2.568292e+01 3.066908e+01 2.822871e+01 3.083647e+01 3.417614e+01 2.540099e+01 1.964737e+01 2.004176e+00 2.084312e+00 2.461098e+00 2.973984e+00 2.710431e+00 2.391468e+00 2.055968e+00 2.274727e+00 2.073717e+00 2.841821e+00 1.977053e+00 1.651945e+00 1.689015e-03
<GCONST> 8.882219e+01
<MIXTURE> 21 7.928653e-03
<MEAN> 25
 3.973289e+00 -4.506448e+00 5.763681e+00 -1.548512e+00 -1.051717e+01 -8.665910e+00 -2.571533e+00 4.150094e+00 -2.068815e+00 -3.394210e+00 2.398314e-01 3.356732e-01 -7.138373e-01 1.341253e+00 2.567918e+00 -3.603291e-02 -1.541778e+00 3.359752e-01 5.810902e-01 -1.498746e+00 -1.947104e+00 3.094701e-01 1.323603e+00 2.551340e-01 -1.270405e-02
<VARIANCE> 25
 9.030669e+00 1.866389e+01 2.950580e+01 2.838885e+01 2.887458e+01 3.372542e+01 4.290810e+01 3.928672e+01 4.267831e+01 3.139841e+01 3.362658e+01 2.306039e+01 3.798098e-01 9.455499e-01 1.904165e+00 1.304001e+00 2.210199e+00 2.170393e+00 3.629551e+00 2.493270e+00 2.169118e+00 2.583845e+00 2.007397e+00 2.277696e+00 4.272524e-04
<GCONST> 8.511134e+01
<MIXTURE> 22 8.827789e-03
<MEAN> 25
 -1.751839e+01 7.487006e+00 -4.183531e+00 7.059515e+00 4.412589e+00 3.643902e+00 8.683882e+00 1.586599e+00 4.718875e+00 4.018413e+00 5.374481e+00 3.307621e-01 -3.951741e-01 -3.264498e-01 1.830116e-01 -3.272510e-01 -9.443647e-02 3.029003e-02 4.608656e-01 1.939684e-01 1.561803e-01 4.961619e-01 4.467676e-01 2.601914e-01 1.067550e-02
<VARIANCE> 25
 8.211230e+00 1.573401e+01 1.512466e+01 2.625847e+01 2.004790e+01 2.344063e+01 1.861514e+01 1.771655e+01 1.848812e+01 2.215194e+01 1.821873e+01 1.636867e+01 1.068849e+00 1.324272e+00 1.897331e+00 1.588790e+00 1.340373e+00 1.449624e+00 1.770789e+00 1.380609e+00 1.545180e+00 2.015392e+00 1.635888e+00 1.052835e+00 1.596668e-03
<GCONST> 7.870538e+01
<MIXTURE> 23 6.455497e-03
<MEAN> 25
 7.822467e+00 2.381516e+00 2.855940e+00 2.302205e+00 -4.684192e+00 -3.224642e+00 -4.123616e+00 -6.423875e+00 -3.552684e+00 -9.685254e-01 -4.156466e+00 -2.138792e+00 1.791644e-02 1.963932e-01 1.904994e-02 4.382166e-02 4.105406e-02 3.849170e-02 2.696707e-02 -4.833559e-02 5.661963e-03 7.148336e-03 -3.609217e-02 8.529446e-02 -4.077063e-03
<VARIANCE> 25
 1.031775e+01 2.153149e+01 2.482232e+01 4.010449e+01 3.757333e+01 5.258020e+01 5.721309e+01 5.398417e+01 4.696002e+01 4.546849e+01 4.670008e+01 3.939998e+01 1.247123e-01 2.980351e-01 3.683696e-01 4.815593e-01 6.366499e-01 6.910180e-01 7.610788e-01 8.489698e-01 8.637999e-01 9.175946e-01 8.599762e-01 7.769056e-01 9.686252e-05
<GCONST> 7.290399e+01
<MIXTURE> 24 6.455497e-03
<MEAN> 25
 7.822467e+00 2.381516e+00 2.855940e+00 2.302205e+00 -4.684192e+00 -3.224642e+00 -4.123616e+00 -6.423875e+00 -3.552684e+00 -9.685254e-01 -4.156466e+00 -2.138792e+00 1.791644e-02 1.963932e-01 1.904994e-02 4.382166e-02 4.105406e-02 3.849170e-02 2.696707e-02 -4.833559e-02 5.661963e-03 7.148336e-03 -3.609217e-02 8.529446e-02 -4.077063e-03
<VARIANCE> 25
 1.031775e+01 2.153149e+01 2.482232e+01 4.010449e+01 3.757333e+01 5.258020e+01 5.721309e+01 5.398417e+01 4.696002e+01 4.546849e+01 4.670008e+01 3.939998e+01 1.247123e-01 2.980351e-01 3.683696e-01 4.815593e-01 6.366499e-01 6.910180e-01 7.610788e-01 8.489698e-01 8.637999e-01 9.175946e-01 8.599762e-01 7.769056e-01 9.686252e-05
<GCONST> 7.290399e+01
<MIXTURE> 25 1.118642e-02
<MEAN> 25
 8.623277e-02 3.262165e+00 1.624993e+01 -1.291019e+00 -1.095606e+01 -1.836661e+00 -4.625512e+00 -2.923525e+00 -6.814054e+00 -5.174753e+00 3.959268e+00 -1.508135e+00 -1.446941e-01 5.086709e-01 9.669878e-02 2.179609e-01 1.870870e-01 1.313749e-01 1.493624e-01 -2.558157e-01 -2.598431e-01 8.790226e-02 -5.062915e-02 -7.172126e-02 -1.285892e-02
<VARIANCE> 25
 9.094495e+00 2.223247e+01 2.442466e+01 2.866000e+01 3.283075e+01 3.908230e+01 2.898897e+01 2.882211e+01 2.728712e+01 3.684125e+01 2.021299e+01 2.695274e+01 5.898405e-01 1.487423e+00 1.435877e+00 1.555683e+00 2.231621e+00 1.955721e+00 1.751551e+00 1.815929e+00 1.489769e+00 1.577099e+00 1.299985e+00 1.265797e+00 1.223326e-03
<GCONST> 8.285529e+01
<MIXTURE> 26 7.727677e-03
<MEAN> 25
 2.256763e+00 -6.238628e+00 -1.012227e+01 -6.639259e-01 7.829806e+00 5.355624e+00 3.894932e+00 -2.912485e-01 2.116825e+00 -8.627864e-01 -2.870104e+00 -9.193892e-01 -6.485146e-01 5.892854e-01 3.852288e-01 7.204773e-01 1.679562e-01 2.704640e-01 2.895341e-01 3.886517e-01 2.948948e-01 7.907186e-02 3.570690e-01 3.818428e-01 -5.237094e-02
<VARIANCE> 25
 2.435330e+01 3.389656e+01 2.696419e+01 6.113910e+01 3.841343e+01 4.235534e+01 4.538689e+01 4.352115e+01 3.890421e+01 5.340880e+01 3.910147e+01 4.619882e+01 1.606287e+00 1.934710e+00 1.893363e+00 2.009425e+00 2.280839e+00 2.389826e+00 2.483070e+00 2.735047e+00 2.286849e+00 2.312371e+00 2.131924e+00 2.023451e+00 3.222967e-03
<GCONST> 9.366305e+01
<MIXTURE> 27 7.727677e-03
<MEAN> 25
 2.256763e+00 -6.238628e+00 -1.012227e+01 -6.639259e-01 7.829806e+00 5.355624e+00 3.894932e+00 -2.912485e-01 2.116825e+00 -8.627864e-01 -2.870104e+00 -9.193892e-01 -6.485146e-01 5.892854e-01 3.852288e-01 7.204773e-01 1.679562e-01 2.704640e-01 2.895341e-01 3.886517e-01 2.948948e-01 7.907186e-02 3.570690e-01 3.818428e-01 -5.237094e-02
<VARIANCE> 25
 2.435330e+01 3.389656e+01 2.696419e+01 6.113910e+01 3.841343e+01 4.235534e+01 4.538689e+01 4.352115e+01 3.890421e+01 5.340880e+01 3.910147e+01 4.619882e+01 1.606287e+00 1.934710e+00 1.893363e+00 2.009425e+00 2.280839e+00 2.389826e+00 2.483070e+00 2.735047e+00 2.286849e+00 2.312371e+00 2.131924e+00 2.023451e+00 3.222967e-03
<GCONST> 9.366305e+01
<MIXTURE> 28 5.036674e-03
<MEAN> 25
 -5.370110e+00 -1.191096e-02 -1.528280e+00 6.627447e+00 5.214527e+00 3.534464e+00 5.414392e+00 3.145022e+00 3.891365e+00 2.384426e+00 2.631547e+00 3.202435e+00 -1.180570e-01 2.231041e-01 5.204890e-01 7.850378e-01 8.191441e-01 7.027171e-01 5.290759e-01 3.960586e-01 4.521042e-01 4.738733e-01 3.624837e-01 1.733713e-01 -2.709917e-05
<VARIANCE> 25
 1.107454e+01 8.341656e+00 1.228722e+01 1.473590e+01 1.461662e+01 1.760460e+01 1.794028e+01 1.898496e+01 1.715993e+01 1.660263e+01 2.048618e+01 1.491278e+01 2.560191e-01 3.337254e-01 4.114921e-01 4.615228e-01 6.200372e-01 8.416314e-01 1.052720e+00 1.137289e+00 1.099409e+00 1.033750e+00 1.037809e+00 1.086578e+00 1.019367e-06
<GCONST> 6.028709e+01
<MIXTURE> 29 5.036674e-03
<MEAN> 25
 -5.370110e+00 -1.191096e-02 -1.528280e+00 6.627447e+00 5.214527e+00 3.534464e+00 5.414392e+00 3.145022e+00 3.891365e+00 2.384426e+00 2.631547e+00 3.202435e+00 -1.180570e-01 2.231041e-01 5.204890e-01 7.850378e-01 8.191441e-01 7.027171e-01 5.290759e-01 3.960586e-01 4.521042e-01 4.738733e-01 3.624837e-01 1.733713e-01 -2.709917e-05
<VARIANCE> 25
 1.107454e+01 8.341656e+00 1.228722e+01 1.473590e+01 1.461662e+01 1.760460e+01 1.794028e+01 1.898496e+01 1.715993e+01 1.660263e+01 2.048618e+01 1.491278e+01 2.560191e-01 3.337254e-01 4.114921e-01 4.615228e-01 6.200372e-01 8.416314e-01 1.052720e+00 1.137289e+00 1.099409e+00 1.033750e+00 1.037809e+00 1.086578e+00 1.019367e-06
<GCONST> 6.028709e+01
<MIXTURE> 30 8.917812e-03
<MEAN> 25
 -4.401431e+00 -2.446416e-01 6.437052e-01 9.048266e+00 7.733351e+00 7.515660e+00 7.540413e+00 6.897831e+00 6.454619e+00 4.842380e+00 6.917971e+00 3.483106e+00 -2.340885e-02 2.892940e-02 5.578027e-02 8.844656e-02 8.323777e-02 4.654107e-02 1.552473e-02 7.844982e-03 2.098821e-02 6.005005e-02 6.608467e-02 2.625440e-02 -5.545330e-04
<VARIANCE> 25
 7.430126e+00 9.904824e+00 1.031046e+01 1.381634e+01 1.575536e+01 1.626009e+01 1.916435e+01 1.805150e+01 1.663086e+01 1.840339e+01 2.165301e+01 1.426098e+01 9.732104e-02 1.974454e-01 3.245942e-01 4.804807e-01 6.178799e-01 7.226050e-01 7.725196e-01 8.173115e-01 8.869042e-01 9.640322e-01 9.288817e-01 8.944874e-01 5.090480e-05
<GCONST> 6.074930e+01
<MIXTURE> 31 4.136493e-03
<MEAN> 25
 -3.038264e+00 -5.578610e+00 1.445352e-01 4.766665e+00 3.598464e+00 1.943469e+00 5.226986e+00 6.676623e+00 2.682970e+00 1.198910e+00 6.233696e+00 3.039924e+00 2.445549e-01 4.680106e-01 -1.786397e-01 2.887699e-01 1.082456e-01 4.524592e-01 1.741101e-01 3.242834e-02 3.579179e-01 3.901795e-01 1.467599e-01 1.712277e-01 -1.781061e-02
<VARIANCE> 25
 8.267953e+00 1.479648e+01 1.688211e+01 1.756725e+01 2.465861e+01 2.418739e+01 2.297295e+01 2.428842e+01 2.508964e+01 2.715878e+01 2.129232e+01 1.832027e+01 1.895481e-01 4.814360e-01 6.199885e-01 7.632976e-01 9.390109e-01 1.072891e+00 1.183526e+00 1.383979e+00 1.389418e+00 1.330690e+00 1.287590e+00 1.243856e+00 2.560258e-04
<GCONST> 7.182577e+01
<MIXTURE> 32 4.136493e-03
<MEAN> 25
 -3.038264e+00 -5.578610e+00 1.445352e-01 4.766665e+00 3.598464e+00 1.943469e+00 5.226986e+00 6.676623e+00 2.682970e+00 1.198910e+00 6.233696e+00 3.039924e+00 2.445549e-01 4.680106e-01 -1.786397e-01 2.887699e-01 1.082456e-01 4.524592e-01 1.741101e-01 3.242834e-02 3.579179e-01 3.901795e-01 1.467599e-01 1.712277e-01 -1.781061e-02
<VARIANCE> 25
 8.267953e+00 1.479648e+01 1.688211e+01 1.756725e+01 2.465861e+01 2.418739e+01 2.297295e+01 2.428842e+01 2.508964e+01 2.715878e+01 2.129232e+01 1.832027e+01 1.895481e-01 4.814360e-01 6.199885e-01 7.632976e-01 9.390109e-01 1.072891e+00 1.183526e+00 1.383979e+00 1.389418e+00 1.330690e+00 1.287590e+00 1.243856e+00 2.560258e-04
<GCONST> 7.182577e+01
<MIXTURE> 33 1.508826e-02
<MEAN> 25
 5.973320e+00 -3.943004e+00 -1.975382e+00 -3.116412e+00 -1.731705e+00 -6.197976e+00 -7.217492e+00 1.796373e+00 2.861130e+00 -5.192311e-01 -4.098349e+00 -2.407542e+00 8.027969e-01 -1.046152e+00 -2.241181e+00 -1.770953e+00 1.553776e+00 1.386701e+00 -8.017465e-01 4.040659e-01 1.192128e+00 6.612182e-01 -4.187559e-01 -1.187755e+00 3.451174e-02
<VARIANCE> 25
 1.042377e+01 1.854852e+01 2.788696e+01 3.283128e+01 3.560681e+01 4.028122e+01 3.764316e+01 4.247854e+01 3.673591e+01 3.943113e+01 3.324537e+01 2.686290e+01 1.264208e+00 1.805441e+00 2.116363e+00 2.013131e+00 3.706163e+00 3.105497e+00 4.077706e+00 5.662265e+00 4.496163e+00 3.902763e+00 2.954307e+00 2.514909e+00 1.345814e-03
<GCONST> 9.286632e+01
<MIXTURE> 34 1.588179e-02
<MEAN> 25
 8.674205e+00 1.566993e-01 -1.850055e-01 1.148437e+00 -2.650687e+00 -1.732469e+00 -5.580465e+00 -4.413982e+00 -1.794500e+00 2.059600e-01 -2.551325e+00 -3.199221e+00 -2.773385e-02 1.220186e+00 1.485981e+00 2.415414e+00 -3.955280e-02 3.921567e-02 7.323524e-01 -1.334105e+00 -8.802646e-01 1.496645e-01 -5.703892e-01 8.373930e-02 -6.213386e-02
<VARIANCE> 25
 7.832412e+00 2.888620e+01 2.879362e+01 4.719029e+01 4.018309e+01 4.730151e+01 5.489008e+01 5.378177e+01 4.896294e+01 4.089820e+01 4.524623e+01 3.235919e+01 1.185532e+00 2.028799e+00 3.976139e+00 3.793658e+00 5.233299e+00 5.891632e+00 5.241195e+00 6.724616e+00 4.906014e+00 4.830429e+00 4.661135e+00 3.987656e+00 1.075658e-03
<GCONST> 9.884953e+01
<MIXTURE> 35 1.467755e-02
<MEAN> 25
 -2.105512e+00 -5.350155e+00 -9.213653e+00 1.184767e+00 8.802595e+00 -2.193424e-02 1.527193e+00 2.588794e+00 1.102549e+00 4.476729e+00 -4.434790e-02 1.544080e+00 4.217973e-01 -9.787787e-01 -1.365960e+00 -1.372856e+00 2.088638e-01 -1.203274e+00 -6.577275e-01 -4.263474e-01 -3.392167e-02 1.580628e-01 -5.534078e-01 -4.468268e-01 1.069016e-01
<VARIANCE> 25
 1.858458e+01 2.774286e+01 4.589677e+01 6.910503e+01 4.719999e+01 6.249012e+01 4.931168e+01 4.253274e+01 4.805109e+01 3.615065e+01 3.381076e+01 2.994355e+01 3.385056e+00 3.552425e+00 6.246010e+00 5.312764e+00 5.199996e+00 6.866473e+00 4.618103e+00 5.295620e+00 4.942618e+00 4.222174e+00 3.881378e+00 3.617569e+00 4.885013e-03
<GCONST> 1.033920e+02
<MIXTURE> 36 1.093293e-02
<MEAN> 25
 4.619671e+00 -3.127625e+00 6.449617e+00 2.491119e+00 -9.631458e+00 -9.260708e+00 -5.698209e+00 2.636680e+00 -1.374991e+00 -4.720325e+00 3.054523e+00 2.147742e-02 4.248856e-01 1.783663e-01 -8.330981e-01 -1.896441e-02 9.102886e-01 5.748356e-02 -4.987806e-01 2.070712e-02 4.729255e-01 4.537190e-01 -4.247195e-01 -2.126392e-01 -1.477415e-02
<VARIANCE> 25
 1.107228e+01 1.774451e+01 2.400523e+01 2.832184e+01 3.235860e+01 3.273789e+01 4.650349e+01 3.569708e+01 4.115260e+01 3.125222e+01 2.857646e+01 2.607400e+01 4.677741e-01 7.375131e-01 1.533974e+00 1.203822e+00 1.576818e+00 1.816468e+00 2.046572e+00 1.655112e+00 2.107828e+00 1.845030e+00 1.360514e+00 1.595587e+00 7.444927e-04
<GCONST> 8.265417e+01
<MIXTURE> 37 1.246826e-02
<MEAN> 25
 1.141330e-01 7.235793e+00 1.057520e+01 -5.607857e+00 -7.036417e+00 -9.983702e-01 -5.192304e+00 -7.255780e+00 -2.076509e+00 -1.433244e+00 -3.056485e+00 -1.197953e+00 2.046335e-01 4.155002e-01 -1.481155e+00 3.866416e+00 1.305132e+00 -7.580405e-02 1.382613e+00 3.839924e-01 1.296189e-02 1.690029e-01 2.660670e-01 -2.091082e-01 -8.090893e-02
<VARIANCE> 25
 1.327180e+01 2.195306e+01 2.937997e+01 4.371314e+01 3.090083e+01 2.905445e+01 3.692072e+01 3.206334e+01 4.250061e+01 3.229012e+01 3.063500e+01 2.771935e+01 2.921421e+00 3.194270e+00 3.111233e+00 3.911130e+00 4.958874e+00 3.110042e+00 3.791445e+00 3.116120e+00 4.241238e+00 3.483502e+00 3.415649e+00 2.317425e+00 3.656456e-03
<GCONST> 9.571231e+01
<MIXTURE> 38 1.154525e-02
<MEAN> 25
 -5.064349e+00 8.959534e+00 2.709383e+00 4.309306e+00 -2.973211e-01 -4.199008e+00 -1.958228e-01 -3.063976e+00 -3.212578e+00 -3.306420e+00 -1.682659e+00 -1.375455e+00 -4.238897e+00 1.349147e+00 -8.537932e-01 1.662274e+00 2.534950e+00 1.422262e+00 2.114817e+00 9.831384e-01 9.717780e-02 6.476126e-01 8.050087e-01 2.250178e-01 4.869221e-02
<VARIANCE> 25
 2.893900e+01 2.454957e+01 4.819770e+01 3.224606e+01 5.028457e+01 3.411874e+01 3.087435e+01 3.480256e+01 3.140350e+01 2.765007e+01 1.976696e+01 2.634262e+01 2.193173e+00 3.259630e+00 4.717419e+00 5.652396e+00 3.570490e+00 4.058465e+00 4.164719e+00 3.758556e+00 6.283975e+00 4.524657e+00 3.793608e+00 2.707987e+00 1.819357e-03
<GCONST> 9.735272e+01
<MIXTURE> 39 9.501865e-03
<MEAN> 25
 2.185265e-01 2.748991e+00 9.185931e+00 -9.565428e+00 -1.016451e+01 -1.821051e+00 -2.137691e+00 -6.660666e+00 -3.021496e+00 6.798447e-02 -1.959230e+00 -2.707481e+00 -6.508470e-01 1.429387e+00 1.362139e+00 -1.653663e+00 -1.023756e-01 1.272547e+00 -1.188926e+00 -1.117951e+00 4.733900e-01 4.404571e-01 -6.828235e-01 -1.548774e-01 4.734138e-03
<VARIANCE> 25
 1.102972e+01 2.704396e+01 2.874044e+01 3.216375e+01 4.697489e+01 3.730992e+01 6.062756e+01 3.395707e+01 4.901678e+01 3.137429e+01 3.925851e+01 2.850889e+01 6.070191e-01 1.500049e+00 1.581700e+00 3.670274e+00 2.295018e+00 2.739911e+00 2.721588e+00 2.927501e+00 2.114053e+00 2.571156e+00 2.130350e+00 2.213625e+00 1.100818e-03
<GCONST> 8.994269e+01
<MIXTURE> 40 1.030800e-02
<MEAN> 25
 -8.413475e+00 1.772581e+00 -9.723605e-01 7.893008e+00 3.663038e+00 5.845906e+00 5.017508e+00 4.622890e+00 4.358433e+00 3.816431e+00 5.129461e+00 1.332237e+00 -2.016100e-01 -1.894022e-01 4.153196e-02 -3.209846e-01 -1.104885e-01 -6.149013e-02 3.457593e-02 1.298093e-01 1.081896e-02 -6.643167e-02 1.383108e-01 6.932290e-02 5.746079e-03
<VARIANCE> 25
 4.695850e+01 2.151280e+01 2.683412e+01 2.677480e+01 2.358001e+01 1.872767e+01 1.840780e+01 1.825628e+01 1.633896e+01 1.868976e+01 1.917146e+01 1.400466e+01 7.986469e-01 7.001351e-01 8.256795e-01 1.149944e+00 1.114786e+00 1.238810e+00 1.370892e+00 1.226611e+00 1.199240e+00 1.296288e+00 1.300582e+00 1.070958e+00 8.378507e-04
<GCONST> 7.656126e+01
<MIXTURE> 41 6.713375e-03
<MEAN> 25
 1.008954e+00 1.814425e+00 9.879088e+00 -7.071627e+00 -1.037677e+01 -4.241238e+00 -1.593962e+00 -5.770199e+00 -3.908721e+00 1.889389e+00 -9.891680e-01 -1.055678e+00 1.006688e-01 -5.435471e-01 1.726946e+00 -3.626753e+00 -2.400798e+00 -3.325405e-01 -4.206644e-01 -5.676954e-01 -5.345421e-01 7.727203e-01 -1.113977e+00 -1.515348e-01 8.195204e-02
<VARIANCE> 25
 1.134822e+01 2.683964e+01 3.223844e+01 3.700312e+01 3.607930e+01 3.828722e+01 4.426476e+01 3.390428e+01 3.502061e+01 3.145335e+01 3.435656e+01 2.557832e+01 2.870849e+00 3.458138e+00 3.535711e+00 3.616257e+00 4.538772e+00 5.835761e+00 4.411564e+00 4.739543e+00 4.423720e+00 4.607361e+00 3.530153e+00 3.525869e+00 2.811411e-03
<GCONST> 9.790016e+01
<MIXTURE> 42 1.106211e-02
<MEAN> 25
 -2.204564e+00 4.330126e+00 3.549060e+00 3.286197e+00 -1.441115e+00 -6.918028e+00 -3.236068e-01 -1.876782e+00 -1.552665e+00 -1.858830e+00 -1.513518e+00 7.768129e-01 3.889729e+00 -2.081317e-01 1.157106e+00 -2.000886e-01 -2.515655e+00 -1.776729e+00 -2.434052e+00 -1.043384e+00 -3.367035e-01 -1.162683e+00 4.939712e-01 -5.497765e-01 1.213450e-02
<VARIANCE> 25
 3.158569e+01 1.738483e+01 4.215788e+01 2.492345e+01 4.295352e+01 3.954296e+01 4.049033e+01 2.338831e+01 3.236737e+01 2.503446e+01 2.023035e+01 1.590072e+01 3.450417e+00 4.808432e+00 5.389539e+00 4.447219e+00 4.695324e+00 6.832655e+00 4.533504e+00 5.478878e+00 5.066631e+00 5.147135e+00 3.557672e+00 3.508942e+00 3.873555e-03
<GCONST> 9.887247e+01
<MIXTURE> 43 7.108249e-03
<MEAN> 25
 3.158398e+00 -6.289680e+00 -2.233157e+00 -5.180033e+00 -7.384074e+00 -3.407789e+00 4.136933e+00 1.305059e+00 -5.048062e+00 -7.077271e+00 -4.308117e+00 -1.245978e+00 2.373127e-01 2.162691e+00 1.908744e+00 -1.299316e-01 -1.427185e+00 -7.915999e-01 -9.672462e-01 -7.804963e-01 8.188805e-01 1.461382e+00 3.441977e-01 2.428787e-02 -4.498938e-02
<VARIANCE> 25
 9.620940e+00 1.976290e+01 2.741474e+01 3.520729e+01 3.838938e+01 3.673082e+01 3.320442e+01 3.977038e+01 3.966850e+01 3.865321e+01 2.657063e+01 2.948446e+01 6.901254e-01 1.249110e+00 1.578472e+00 2.496493e+00 2.372038e+00 2.380360e+00 2.652333e+00 3.028198e+00 2.606683e+00 2.591628e+00 2.326765e+00 1.920375e+00 9.456498e-04
<GCONST> 8.798410e+01
<MIXTURE> 44 7.328289e-03
<MEAN> 25
 -1.404509e+01 1.586588e+00 3.798382e+00 -3.704515e+00 3.183430e+00 2.031996e+00 -4.770112e-01 2.394217e+00 1.090592e+00 -1.059018e+00 1.764493e+00 1.929927e+00 -1.383921e-01 6.188204e-02 1.374487e-01 3.695402e-01 -1.707512e-01 2.516166e-01 4.686416e-01 -3.027271e-02 2.803949e-01 1.979219e-01 1.743245e-02 9.175171e-02 3.656582e-03
<VARIANCE> 25
 5.091722e+01 2.871445e+01 3.234436e+01 2.992569e+01 2.829485e+01 2.947549e+01 2.855609e+01 3.088497e+01 2.849251e+01 2.684572e+01 2.453484e+01 1.798411e+01 1.232958e+00 1.568911e+00 1.355819e+00 1.589660e+00 2.110330e+00 1.630561e+00 1.596642e+00 1.775870e+00 1.477116e+00 1.626444e+00 1.347607e+00 1.148613e+00 1.243690e-03
<GCONST> 8.467677e+01
<MIXTURE> 45 1.364932e-02
<MEAN> 25
 -1.034356e+01 2.877495e+00 -1.237378e+00 4.319871e+00 4.467466e+00 2.108075e+00 4.688407e+00 2.929593e+00 2.005103e+00 1.495607e+00 1.371728e+00 1.541906e+00 -3.154637e+00 7.505453e-01 -8.315900e-01 -9.615418e-02 1.764567e-02 3.250115e-01 5.935860e-01 -3.669359e-01 -8.138994e-02 7.033259e-02 4.741149e-01 1.479614e-01 1.159389e-01
<VARIANCE> 25
 4.155243e+01 2.724537e+01 2.750439e+01 3.362744e+01 2.826385e+01 3.087343e+01 2.314713e+01 2.709712e+01 2.267908e+01 2.038779e+01 2.528589e+01 1.512016e+01 2.069394e+00 2.533170e+00 2.601776e+00 3.006870e+00 2.083974e+00 2.437740e+00 1.925450e+00 2.223401e+00 1.659258e+00 1.807766e+00 1.761809e+00 1.381344e+00 3.159908e-03
<GCONST> 8.812791e+01
<MIXTURE> 46 9.336259e-03
<MEAN> 25
 -9.314689e+00 2.347534e+00 1.057741e+00 7.488680e+00 5.762563e+00 3.441789e+00 7.130517e+00 4.329655e+00 5.328242e+00 4.639467e+00 5.029822e+00 2.896121e+00 1.057054e+00 -2.971238e-01 9.130781e-02 9.495419e-01 5.853332e-01 9.426664e-01 4.200362e-01 6.916429e-01 4.257882e-01 5.138006e-01 6.169745e-01 5.020290e-01 -1.044058e-01
<VARIANCE> 25
 3.702395e+01 4.261296e+01 3.743683e+01 4.841658e+01 4.972405e+01 4.174123e+01 3.588363e+01 3.509618e+01 3.516279e+01 3.027147e+01 2.772637e+01 1.997354e+01 3.770483e+00 4.058168e+00 3.816733e+00 4.060104e+00 4.250989e+00 4.077395e+00 3.277693e+00 3.086384e+00 3.040704e+00 2.837582e+00 2.329455e+00 1.759783e+00 7.746315e-03
<GCONST> 9.821711e+01
<MIXTURE> 47 7.116147e-03
<MEAN> 25
 7.312641e+00 -7.364335e+00 -7.736086e+00 -6.426913e+00 1.526146e+00 8.483331e-01 -2.388211e+00 1.232704e+00 3.030521e+00 1.589182e-01 -4.249372e+00 -6.685825e+00 -1.824972e-01 -1.252602e+00 -6.932766e-01 -4.184065e-01 6.212019e-01 8.100956e-01 8.757053e-01 3.016249e-01 1.206736e-01 -8.873567e-01 -4.710645e-01 -4.613082e-01 2.999162e-02
<VARIANCE> 25
 1.074466e+01 2.099767e+01 2.059928e+01 3.340327e+01 3.617891e+01 5.279023e+01 4.517749e+01 4.072642e+01 4.327896e+01 4.692471e+01 4.848362e+01 3.360925e+01 5.187235e-01 7.746924e-01 1.121747e+00 1.663526e+00 1.974483e+00 2.225395e+00 2.312233e+00 2.479434e+00 2.188978e+00 2.150228e+00 2.181218e+00 2.008363e+00 5.517690e-04
<GCONST> 8.644664e+01
<MIXTURE> 48 7.116147e-03
<MEAN> 25
 7.312641e+00 -7.364335e+00 -7.736086e+00 -6.426913e+00 1.526146e+00 8.483331e-01 -2.388211e+00 1.232704e+00 3.030521e+00 1.589182e-01 -4.249372e+00 -6.685825e+00 -1.824972e-01 -1.252602e+00 -6.932766e-01 -4.184065e-01 6.212019e-01 8.100956e-01 8.757053e-01 3.016249e-01 1.206736e-01 -8.873567e-01 -4.710645e-01 -4.613082e-01 2.999162e-02
<VARIANCE> 25
 1.074466e+01 2.099767e+01 2.059928e+01 3.340327e+01 3.617891e+01 5.279023e+01 4.517749e+01 4.072642e+01 4.327896e+01 4.692471e+01 4.848362e+01 3.360925e+01 5.187235e-01 7.746924e-01 1.121747e+00 1.663526e+00 1.974483e+00 2.225395e+00 2.312233e+00 2.479434e+00 2.188978e+00 2.150228e+00 2.181218e+00 2.008363e+00 5.517690e-04
<GCONST> 8.644664e+01
<MIXTURE> 49 5.548473e-03
<MEAN> 25
 -4.299461e+00 -2.632559e-01 3.682353e-02 7.847980e+00 5.795317e+00 6.352892e+00 5.793241e+00 5.108634e+00 5.268017e+00 3.932888e+00 4.121862e+00 2.628387e+00 3.400559e-01 6.110916e-01 7.252872e-01 3.894057e-01 -6.066943e-02 -5.822192e-01 -1.165889e+00 -1.197143e+00 -1.173675e+00 -8.285927e-01 -6.697086e-01 -2.652245e-01 6.427013e-04
<VARIANCE> 25
 1.205011e+01 1.098327e+01 1.283189e+01 1.606729e+01 1.487761e+01 1.806106e+01 1.757149e+01 1.937138e+01 1.792693e+01 1.698925e+01 2.278621e+01 1.295411e+01 2.522854e-01 2.461480e-01 3.665501e-01 6.032553e-01 9.028835e-01 9.115793e-01 1.030597e+00 9.903430e-01 1.344319e+00 1.201617e+00 1.629535e+00 1.099142e+00 1.561015e-05
<GCONST> 6.452367e+01
<MIXTURE> 50 6.234641e-03
<MEAN> 25
 -4.582298e+00 5.424871e-02 -1.454478e+00 6.241186e+00 4.219188e+00 2.309660e+00 3.779926e+00 2.102546e+00 2.783343e+00 1.426647e+00 2.097794e+00 2.811218e+00 5.777753e-02 1.733530e-01 9.591135e-02 -1.747742e-01 -5.135278e-01 -6.115673e-01 -4.180547e-01 -3.511110e-02 4.549949e-01 7.756762e-01 7.353783e-01 4.208321e-01 -2.437227e-05
<VARIANCE> 25
 1.103109e+01 1.115797e+01 1.418445e+01 1.538545e+01 1.516847e+01 1.846263e+01 1.886662e+01 2.041202e+01 1.834403e+01 1.733199e+01 2.171355e+01 1.514330e+01 1.433713e-01 2.373185e-01 3.743161e-01 5.126428e-01 5.923418e-01 7.277450e-01 9.524598e-01 1.128153e+00 1.067127e+00 9.021583e-01 9.088894e-01 1.029174e+00 1.003839e-06
<GCONST> 5.957364e+01
<MIXTURE> 51 6.234641e-03
<MEAN> 25
 -4.582298e+00 5.424871e-02 -1.454478e+00 6.241186e+00 4.219188e+00 2.309660e+00 3.779926e+00 2.102546e+00 2.783343e+00 1.426647e+00 2.097794e+00 2.811218e+00 5.777753e-02 1.733530e-01 9.591135e-02 -1.747742e-01 -5.135278e-01 -6.115673e-01 -4.180547e-01 -3.511110e-02 4.549949e-01 7.756762e-01 7.353783e-01 4.208321e-01 -2.437227e-05
<VARIANCE> 25
 1.103109e+01 1.115797e+01 1.418445e+01 1.538545e+01 1.516847e+01 1.846263e+01 1.886662e+01 2.041202e+01 1.834403e+01 1.733199e+01 2.171355e+01 1.514330e+01 1.433713e-01 2.373185e-01 3.743161e-01 5.126428e-01 5.923418e-01 7.277450e-01 9.524598e-01 1.128153e+00 1.067127e+00 9.021583e-01 9.088894e-01 1.029174e+00 1.003839e-06
<GCONST> 5.957364e+01
<MIXTURE> 52 6.367945e-03
<MEAN> 25
 1.010240e+01 2.033077e+00 -6.206983e+00 -1.424548e+01 -4.177230e+00 8.497470e+00 -2.755320e+00 -3.082037e+00 -4.416366e+00 -2.099899e+00 3.351003e+00 7.847209e-01 -3.856535e-01 -4.796397e-01 -6.538285e-02 1.138231e+00 1.328284e+00 -4.707856e-01 -5.965062e-01 -6.473636e-01 4.677283e-02 1.243414e+00 3.859049e-01 -5.478330e-01 -1.397802e-02
<VARIANCE> 25
 9.333998e+00 2.044271e+01 2.523720e+01 3.873574e+01 4.592842e+01 3.090349e+01 4.633020e+01 4.882200e+01 4.294917e+01 4.603775e+01 3.976974e+01 3.016871e+01 4.481639e-01 1.473656e+00 1.311358e+00 2.750893e+00 2.346051e+00 2.199906e+00 2.983147e+00 2.815189e+00 2.998313e+00 2.657625e+00 2.511619e+00 2.272484e+00 1.544175e-03
<GCONST> 8.972593e+01
<MIXTURE> 53 6.367945e-03
<MEAN> 25
 1.010240e+01 2.033077e+00 -6.206983e+00 -1.424548e+01 -4.177230e+00 8.497470e+00 -2.755320e+00 -3.082037e+00 -4.416366e+00 -2.099899e+00 3.351003e+00 7.847209e-01 -3.856535e-01 -4.796397e-01 -6.538285e-02 1.138231e+00 1.328284e+00 -4.707856e-01 -5.965062e-01 -6.473636e-01 4.677283e-02 1.243414e+00 3.859049e-01 -5.478330e-01 -1.397802e-02
<VARIANCE> 25
 9.333998e+00 2.044271e+01 2.523720e+01 3.873574e+01 4.592842e+01 3.090349e+01 4.633020e+01 4.882200e+01 4.294917e+01 4.603775e+01 3.976974e+01 3.016871e+01 4.481639e-01 1.473656e+00 1.311358e+00 2.750893e+00 2.346051e+00 2.199906e+00 2.983147e+00 2.815189e+00 2.998313e+00 2.657625e+00 2.511619e+00 2.272484e+00 1.544175e-03
<GCONST> 8.972593e+01
<MIXTURE> 54 7.368620e-03
<MEAN> 25
 -3.416026e+00 -3.415301e-02 -7.071847e-01 8.077971e+00 6.395754e+00 4.653619e+00 4.827547e+00 4.801446e+00 3.987549e+00 3.553923e+00 4.268126e+00 2.263250e+00 5.386977e-03 2.236735e-02 3.900913e-02 4.659095e-02 3.297629e-02 4.169623e-02 4.073745e-02 6.972542e-02 6.652330e-02 3.883000e-02 2.536190e-02 -5.502736e-02 -1.383661e-05
<VARIANCE> 25
 1.022970e+01 1.028696e+01 9.024854e+00 1.767429e+01 1.312857e+01 1.312645e+01 1.239157e+01 1.229751e+01 1.124953e+01 1.325888e+01 1.856695e+01 1.227803e+01 4.145178e-02 8.524905e-02 1.502206e-01 2.198269e-01 3.096215e-01 3.885606e-01 4.519767e-01 5.539713e-01 5.983303e-01 5.405002e-01 5.019116e-01 5.933580e-01 1.056698e-06
<GCONST> 4.762624e+01
<MIXTURE> 55 7.368620e-03
<MEAN> 25
 -3.416026e+00 -3.415301e-02 -7.071847e-01 8.077971e+00 6.395754e+00 4.653619e+00 4.827547e+00 4.801446e+00 3.987549e+00 3.553923e+00 4.268126e+00 2.263250e+00 5.386977e-03 2.236735e-02 3.900913e-02 4.659095e-02 3.297629e-02 4.169623e-02 4.073745e-02 6.972542e-02 6.652330e-02 3.883000e-02 2.536190e-02 -5.502736e-02 -1.383661e-05
<VARIANCE> 25
 1.022970e+01 1.028696e+01 9.024854e+00 1.767429e+01 1.312857e+01 1.312645e+01 1.239157e+01 1.229751e+01 1.124953e+01 1.325888e+01 1.856695e+01 1.227803e+01 4.145178e-02 8.524905e-02 1.502206e-01 2.198269e-01 3.096215e-01 3.885606e-01 4.519767e-01 5.539713e-01 5.983303e-01 5.405002e-01 5.019116e-01 5.933580e-01 1.056698e-06
<GCONST> 4.762624e+01
<MIXTURE> 56 6.132464e-03
<MEAN> 25
 7.023244e+00 -5.595974e+00 -8.795177e+00 -8.813997e+00 3.964229e+00 2.239587e+00 -2.794185e+00 -2.713932e+00 2.240866e+00 1.741600e+00 -1.832602e+00 -5.731542e+00 2.982322e-02 9.415329e-02 -1.483615e-01 1.662343e-01 1.898952e-01 -1.698006e-02 2.383669e-01 -1.984020e-01 -2.473648e-01 2.864880e-02 -8.933789e-02 1.714013e-01 -8.180750e-03
<VARIANCE> 25
 7.877729e+00 2.128483e+01 1.601152e+01 3.313252e+01 2.587115e+01 4.799343e+01 4.904273e+01 3.442527e+01 3.534590e+01 3.288787e+01 3.231613e+01 3.310474e+01 1.699491e-01 3.783494e-01 4.423814e-01 7.393287e-01 7.132651e-01 9.303071e-01 8.435604e-01 8.906597e-01 9.670502e-01 8.222686e-01 9.374748e-01 7.730491e-01 2.060495e-04
<GCONST> 7.233557e+01
<MIXTURE> 57 6.132464e-03
<MEAN> 25
 7.023244e+00 -5.595974e+00 -8.795177e+00 -8.813997e+00 3.964229e+00 2.239587e+00 -2.794185e+00 -2.713932e+00 2.240866e+00 1.741600e+00 -1.832602e+00 -5.731542e+00 2.982322e-02 9.415329e-02 -1.483615e-01 1.662343e-01 1.898952e-01 -1.698006e-02 2.383669e-01 -1.984020e-01 -2.473648e-01 2.864880e-02 -8.933789e-02 1.714013e-01 -8.180750e-03
<VARIANCE> 25
 7.877729e+00 2.128483e+01 1.601152e+01 3.313252e+01 2.587115e+01 4.799343e+01 4.904273e+01 3.442527e+01 3.534590e+01 3.288787e+01 3.231613e+01 3.310474e+01 1.699491e-01 3.783494e-01 4.423814e-01 7.393287e-01 7.132651e-01 9.303071e-01 8.435604e-01 8.906597e-01 9.670502e-01 8.222686e-01 9.374748e-01 7.730491e-01 2.060495e-04
<GCONST> 7.233557e+01
<MIXTURE> 58 6.172147e-03
<MEAN> 25
 2.378754e+00 -3.212959e+00 7.299082e+00 -5.541743e+00 -1.295720e+01 -5.434779e+00 1.597216e+00 9.450914e-01 -2.470110e+00 1.823144e+00 3.996085e-01 -9.848385e-01 -5.377796e-02 -1.278726e-01 -5.501344e-02 -1.288750e-01 2.178325e-02 2.126446e-01 4.219833e-01 1.624924e-01 -5.093601e-03 2.158398e-02 -5.316040e-02 -2.804966e-02 -1.056900e-03
<VARIANCE> 25
 7.653331e+00 1.512079e+01 2.089341e+01 3.104772e+01 2.480930e+01 4.379406e+01 3.047126e+01 3.346817e+01 3.058477e+01 2.896941e+01 2.135279e+01 1.930611e+01 3.201229e-01 9.442659e-01 7.680545e-01 1.108158e+00 9.626541e-01 1.156366e+00 1.174315e+00 1.333676e+00 1.021326e+00 1.034155e+00 8.711310e-01 9.880905e-01 7.462453e-04
<GCONST> 7.580207e+01
<MIXTURE> 59 6.172147e-03
<MEAN> 25
 2.378754e+00 -3.212959e+00 7.299082e+00 -5.541743e+00 -1.295720e+01 -5.434779e+00 1.597216e+00 9.450914e-01 -2.470110e+00 1.823144e+00 3.996085e-01 -9.848385e-01 -5.377796e-02 -1.278726e-01 -5.501344e-02 -1.288750e-01 2.178325e-02 2.126446e-01 4.219833e-01 1.624924e-01 -5.093601e-03 2.158398e-02 -5.316040e-02 -2.804966e-02 -1.056900e-03
<VARIANCE> 25
 7.653331e+00 1.512079e+01 2.089341e+01 3.104772e+01 2.480930e+01 4.379406e+01 3.047126e+01 3.346817e+01 3.058477e+01 2.896941e+01 2.135279e+01 1.930611e+01 3.201229e-01 9.442659e-01 7.680545e-01 1.108158e+00 9.626541e-01 1.156366e+00 1.174315e+00 1.333676e+00 1.021326e+00 1.034155e+00 8.711310e-01 9.880905e-01 7.462453e-04
<GCONST> 7.580207e+01
<MIXTURE> 60 4.479129e-03
<MEAN> 25
 -3.514055e+00 -8.196200e-01 -9.452244e-01 3.788425e+00 1.792342e+00 2.389575e+00 1.562469e+00 1.780526e+00 1.863058e+00 9.980177e-01 2.099053e+00 1.929688e+00 -4.887920e-02 2.145861e-02 1.121479e-01 1.460874e-01 1.407268e-01 1.517344e-01 2.019335e-01 3.937627e-01 5.242649e-01 6.189114e-01 5.737500e-01 2.933769e-01 -8.176002e-04
<VARIANCE> 25
 1.023408e+01 4.433076e+00 9.680449e+00 1.032938e+01 1.274448e+01 1.618760e+01 1.336136e+01 1.171801e+01 1.317153e+01 1.281753e+01 1.535925e+01 1.224917e+01 8.741459e-02 1.673976e-01 2.627188e-01 4.529454e-01 6.932510e-01 7.033173e-01 8.425277e-01 8.958300e-01 8.835648e-01 1.027680e+00 8.490781e-01 9.042400e-01 2.562072e-05
<GCONST> 5.683007e+01
<MIXTURE> 61 4.479129e-03
<MEAN> 25
 -3.514055e+00 -8.196200e-01 -9.452244e-01 3.788425e+00 1.792342e+00 2.389575e+00 1.562469e+00 1.780526e+00 1.863058e+00 9.980177e-01 2.099053e+00 1.929688e+00 -4.887920e-02 2.145861e-02 1.121479e-01 1.460874e-01 1.407268e-01 1.517344e-01 2.019335e-01 3.937627e-01 5.242649e-01 6.189114e-01 5.737500e-01 2.933769e-01 -8.176002e-04
<VARIANCE> 25
 1.023408e+01 4.433076e+00 9.680449e+00 1.032938e+01 1.274448e+01 1.618760e+01 1.336136e+01 1.171801e+01 1.317153e+01 1.281753e+01 1.535925e+01 1.224917e+01 8.741459e-02 1.673976e-01 2.627188e-01 4.529454e-01 6.932510e-01 7.033173e-01 8.425277e-01 8.958300e-01 8.835648e-01 1.027680e+00 8.490781e-01 9.042400e-01 2.562072e-05
<GCONST> 5.683007e+01
<MIXTURE> 62 3.278034e-03
<MEAN> 25
 -5.037515e+00 1.240474e+00 1.039096e+00 8.781327e+00 6.104698e+00 5.043491e+00 5.480413e+00 4.069607e+00 4.956113e+00 3.907448e+00 4.898745e+00 2.917679e+00 -1.009696e+00 -1.165269e+00 -9.485992e-01 -2.702805e-01 4.251763e-01 1.009241e+00 1.388842e+00 1.542359e+00 1.481296e+00 1.240018e+00 1.067168e+00 7.225552e-01 -1.306695e-03
<VARIANCE> 25
 1.023917e+01 9.923122e+00 1.305939e+01 1.683418e+01 1.740779e+01 1.744052e+01 1.964490e+01 1.920818e+01 1.888690e+01 1.862546e+01 2.217372e+01 1.489355e+01 4.080991e-01 4.301168e-01 5.537418e-01 7.821004e-01 1.029255e+00 1.189130e+00 1.248650e+00 1.286470e+00 1.322127e+00 1.358327e+00 1.392472e+00 1.365860e+00 1.657966e-05
<GCONST> 6.759290e+01
<MIXTURE> 63 4.351215e-03
<MEAN> 25
 -3.149250e+00 -2.593079e+00 -4.074893e+00 3.077849e+00 3.041582e+00 2.805368e-01 2.796033e+00 2.120040e+00 2.295151e+00 -8.536356e-01 -1.413973e+00 2.112018e+00 -9.705222e-02 3.017156e-01 4.433043e-01 4.958306e-01 3.713886e-01 3.725650e-01 4.626614e-01 2.132525e-01 7.979196e-02 2.448180e-01 2.681150e-01 1.799220e-01 -4.755227e-03
<VARIANCE> 25
 1.242589e+01 1.271065e+01 1.667982e+01 1.434542e+01 1.786086e+01 2.575743e+01 2.117055e+01 2.368089e+01 2.295516e+01 2.022327e+01 1.846535e+01 1.692689e+01 2.711689e-01 4.137072e-01 6.005399e-01 6.578903e-01 1.005967e+00 1.079421e+00 1.389309e+00 1.341016e+00 1.280822e+00 1.571820e+00 1.333835e+00 1.389964e+00 1.641141e-04
<GCONST> 7.091103e+01
<MIXTURE> 64 4.351215e-03
<MEAN> 25
 -3.149250e+00 -2.593079e+00 -4.074893e+00 3.077849e+00 3.041582e+00 2.805368e-01 2.796033e+00 2.120040e+00 2.295151e+00 -8.536356e-01 -1.413973e+00 2.112018e+00 -9.705222e-02 3.017156e-01 4.433043e-01 4.958306e-01 3.713886e-01 3.725650e-01 4.626614e-01 2.132525e-01 7.979196e-02 2.448180e-01 2.681150e-01 1.799220e-01 -4.755227e-03
<VARIANCE> 25
 1.242589e+01 1.271065e+01 1.667982e+01 1.434542e+01 1.786086e+01 2.575743e+01 2.117055e+01 2.368089e+01 2.295516e+01 2.022327e+01 1.846535e+01 1.692689e+01 2.711689e-01 4.137072e-01 6.005399e-01 6.578903e-01 1.005967e+00 1.079421e+00 1.389309e+00 1.341016e+00 1.280822e+00 1.571820e+00 1.333835e+00 1.389964e+00 1.641141e-04
<GCONST> 7.091103e+01
<MIXTURE> 65 1.721197e-02
<MEAN> 25
 7.323949e+00 2.060272e+00 1.774967e+00 7.295254e-01 -5.085912e+00 -4.982465e+00 -5.111067e+00 -6.344926e+00 -3.179731e+00 -2.546625e+00 -4.793099e+00 -1.727833e+00 2.328214e-01 2.062867e-01 1.155189e-01 1.344157e-01 -9.942289e-02 2.590192e-01 -2.023981e-01 -1.660916e-01 1.199524e-01 -1.905535e-01 -8.687085e-02 -1.677143e-02 -5.574183e-03
<VARIANCE> 25
 1.231765e+01 1.765179e+01 2.351407e+01 3.329536e+01 3.583921e+01 6.568033e+01 5.619724e+01 5.443820e+01 5.682089e+01 5.319591e+01 5.666157e+01 4.625027e+01 5.787355e-01 9.649158e-01 1.525031e+00 1.763124e+00 1.893414e+00 2.144892e+00 2.270452e+00 2.831290e+00 2.467325e+00 2.556407e+00 2.203865e+00 2.238924e+00 4.585527e-04
<GCONST> 8.908580e+01
<MIXTURE> 66 1.191532e-02
<MEAN> 25
 6.585443e+00 -3.643153e+00 -5.582646e+00 -4.708432e+00 1.285855e+00 -5.080646e+00 -6.282655e+00 7.750440e-01 6.163950e-01 -1.616872e+00 -5.782129e+00 -2.932861e+00 -4.415647e-02 1.570720e+00 2.185437e+00 2.365623e+00 -1.192948e+00 -1.065107e+00 1.244928e-01 -3.214934e-01 -1.621397e-01 -2.949797e-01 -2.079179e-01 9.462563e-01 -6.274745e-02
<VARIANCE> 25
 8.370852e+00 2.294416e+01 2.530855e+01 3.174462e+01 3.562681e+01 4.990533e+01 5.667227e+01 4.491138e+01 5.033730e+01 6.404942e+01 3.603755e+01 3.708522e+01 1.193285e+00 2.379803e+00 2.213852e+00 2.337854e+00 3.931726e+00 4.435960e+00 4.148355e+00 5.044849e+00 3.994512e+00 4.789855e+00 3.613880e+00 3.272916e+00 1.372963e-03
<GCONST> 9.591370e+01
<MIXTURE> 67 1.559142e-02
<MEAN> 25
 8.819444e+00 1.908379e+00 -5.985161e+00 -8.155190e+00 8.899583e-01 2.983448e+00 -3.348710e+00 -2.327153e+00 -3.692975e+00 9.778589e-01 1.098128e-01 -1.397243e+00 -1.061097e+00 1.743546e+00 1.113695e+00 3.062533e+00 1.313158e+00 -3.808638e-01 1.317797e+00 2.156913e-01 2.186570e-01 2.685697e-01 -3.128494e-01 5.198631e-01 -1.270227e-01
<VARIANCE> 25
 1.156589e+01 3.763821e+01 2.956344e+01 5.399470e+01 4.712076e+01 5.249094e+01 5.984487e+01 5.095147e+01 6.268991e+01 5.565948e+01 5.431047e+01 4.792052e+01 2.098869e+00 3.491315e+00 3.223363e+00 4.341697e+00 4.473574e+00 4.764379e+00 4.528293e+00 5.049232e+00 5.368617e+00 4.645516e+00 4.954488e+00 3.874099e+00 3.100999e-03
<GCONST> 1.024705e+02
<MIXTURE> 68 1.485092e-02
<MEAN> 25
 -2.175380e+00 -2.269521e+00 -3.004703e+00 1.477422e+00 4.633955e+00 -8.467723e-01 1.293037e+00 1.892452e+00 1.980953e+00 6.713309e-01 2.827173e-01 1.428864e+00 2.420685e+00 7.740945e-01 3.021846e-02 -2.571804e+00 -2.325686e+00 -1.938321e+00 -2.211478e+00 -2.138278e+00 -1.221620e+00 -1.386582e+00 -1.761510e+00 -9.970511e-01 9.811784e-02
<VARIANCE> 25
 2.257959e+01 2.975840e+01 6.056082e+01 5.254964e+01 4.711862e+01 6.574486e+01 4.601723e+01 3.865216e+01 3.567683e+01 4.680019e+01 3.347017e+01 2.336838e+01 2.307893e+00 3.593564e+00 5.219852e+00 5.156722e+00 4.194981e+00 5.534555e+00 5.376239e+00 4.843548e+00 5.304422e+00 4.706367e+00 4.757530e+00 3.243340e+00 5.389133e-03
<GCONST> 1.026702e+02
<MIXTURE> 69 1.204884e-02
<MEAN> 25
 4.228229e+00 -3.978119e+00 -2.895351e+00 -3.855916e+00 -3.590546e+00 -8.464226e+00 -1.645355e+00 2.144794e+00 -4.954959e-02 -4.554176e+00 -4.802928e+00 1.102792e+00 1.849368e+00 -2.109639e+00 -1.233521e+00 -2.299865e+00 -3.873781e-01 -4.684360e-01 -8.734016e-01 4.915342e-01 -3.533480e-02 -1.377375e+00 -1.997322e+00 -6.173028e-02 5.726891e-02
<VARIANCE> 25
 8.903901e+00 2.011221e+01 2.783904e+01 2.392129e+01 3.796635e+01 3.310545e+01 4.544687e+01 3.020425e+01 3.826889e+01 3.481049e+01 3.254403e+01 2.168601e+01 3.489932e+00 2.929453e+00 2.978125e+00 3.338139e+00 5.302902e+00 4.709000e+00 7.862861e+00 5.905635e+00 8.121312e+00 5.445294e+00 4.045431e+00 3.351363e+00 2.371752e-03
<GCONST> 9.777996e+01
<MIXTURE> 70 1.329190e-02
<MEAN> 25
 7.367698e+00 -2.029483e+00 -3.923337e+00 -3.509624e+00 -3.717268e-01 -9.494065e-01 -7.711687e+00 -4.049015e+00 6.437781e-01 2.915481e+00 -2.288877e-01 -4.729730e+00 1.923675e+00 -1.097629e+00 -8.057181e-01 -2.197109e+00 -1.458138e+00 1.114251e+00 -1.318590e+00 -1.760664e-01 3.359757e-01 -6.375610e-03 6.609739e-01 -1.368343e+00 5.827397e-02
<VARIANCE> 25
 1.047685e+01 2.206728e+01 2.783283e+01 4.660212e+01 3.459800e+01 4.611728e+01 4.883141e+01 4.305543e+01 4.641955e+01 3.212106e+01 4.415966e+01 2.804587e+01 3.474365e+00 3.183873e+00 4.614102e+00 4.886011e+00 5.257859e+00 6.572615e+00 6.675336e+00 7.634206e+00 6.153002e+00 5.306564e+00 5.742283e+00 4.432323e+00 2.531612e-03
<GCONST> 1.017492e+02
<MIXTURE> 71 1.406903e-02
<MEAN> 25
 5.164124e+00 5.149667e+00 4.079824e+00 2.801766e+00 -2.828435e+00 -3.643722e+00 -3.235844e+00 -5.541710e+00 -4.285039e+00 -2.985325e+00 -4.651950e+00 -2.586879e+00 -1.605548e+00 -5.899466e-01 -8.421059e-02 -1.421082e+00 1.116543e+00 -2.510165e-01 -4.472340e-01 1.402522e+00 3.337864e-01 -4.718206e-01 9.200308e-01 4.572502e-01 3.783019e-02
<VARIANCE> 25
 2.024168e+01 2.315296e+01 1.991635e+01 3.848793e+01 3.408743e+01 3.619263e+01 3.620950e+01 3.956142e+01 3.251093e+01 3.994152e+01 3.276761e+01 3.130406e+01 1.536595e+00 2.684990e+00 4.469424e+00 4.955298e+00 3.826206e+00 4.595777e+00 4.751394e+00 5.070139e+00 3.617222e+00 4.395889e+00 3.293494e+00 3.068616e+00 1.204181e-03
<GCONST> 9.614719e+01
<MIXTURE> 72 8.134747e-03
<MEAN> 25
 3.674202e+00 -3.571697e+00 5.303888e+00 -2.454041e+00 -1.021495e+01 -9.634628e+00 -2.404349e+00 1.866373e+00 -4.710558e+00 -2.289246e+00 -1.627096e+00 6.665990e-01 9.428789e-01 -7.627513e-01 -2.502502e+00 4.181412e-01 2.129529e+00 -6.464338e-01 -1.304356e+00 1.479318e+00 1.825550e+00 -5.860130e-01 -1.263466e+00 4.035263e-01 -5.482621e-03
<VARIANCE> 25
 1.103418e+01 1.968017e+01 3.266942e+01 3.795946e+01 3.259890e+01 3.275585e+01 4.048381e+01 3.567591e+01 4.443956e+01 4.069872e+01 4.044278e+01 2.828512e+01 4.319015e-01 1.032029e+00 2.146771e+00 1.498300e+00 2.127717e+00 2.374720e+00 3.024243e+00 2.722317e+00 2.656346e+00 2.925608e+00 2.009545e+00 2.126183e+00 5.437004e-04
<GCONST> 8.731569e+01
<MIXTURE> 73 1.213625e-02
<MEAN> 25
 -5.477319e+00 -1.352525e+00 -1.480488e+00 4.591414e+00 2.740294e+00 2.544273e+00 5.124113e+00 3.270426e+00 3.542167e+00 3.857455e+00 4.620638e+00 2.593396e+00 5.062595e-01 -6.325226e-01 -6.268159e-01 -2.596128e+00 -1.539821e+00 -2.302339e+00 -6.919776e-01 -1.366953e+00 -4.487365e-01 -5.053971e-01 -6.063716e-01 -2.027988e-01 1.445159e-01
<VARIANCE> 25
 1.147609e+01 1.175863e+01 1.345935e+01 2.034862e+01 2.904638e+01 2.189117e+01 1.885328e+01 1.989763e+01 1.587257e+01 1.836969e+01 2.811720e+01 1.401357e+01 3.518107e+00 2.846414e+00 5.508831e+00 4.472061e+00 5.094172e+00 4.422242e+00 4.939944e+00 5.532627e+00 3.758916e+00 3.538060e+00 4.003740e+00 2.147317e+00 3.613316e-03
<GCONST> 9.154541e+01
<MIXTURE> 74 1.756491e-02
<MEAN> 25
 3.933822e+00 -1.386761e+00 5.015175e+00 -1.152659e+00 -7.998443e+00 -8.496209e+00 -2.278404e+00 3.077552e-01 -3.496162e+00 -2.881415e+00 -1.316980e+00 4.369012e-01 2.929451e-01 1.850190e+00 2.958231e-02 1.721223e+00 1.158458e+00 5.121238e-01 2.185632e-02 -1.160064e+00 8.699144e-02 8.293529e-02 -2.355962e-01 -1.199479e-02 -7.345131e-02
<VARIANCE> 25
 1.313569e+01 2.095831e+01 3.692416e+01 4.228867e+01 3.686855e+01 4.212040e+01 4.765300e+01 4.353043e+01 4.919371e+01 4.332220e+01 3.828191e+01 3.130626e+01 1.961389e+00 2.218335e+00 3.560311e+00 2.539488e+00 3.568448e+00 4.114096e+00 4.618761e+00 4.455232e+00 3.941234e+00 3.767378e+00 3.350658e+00 3.048309e+00 1.866812e-03
<GCONST> 9.677777e+01
<MIXTURE> 75 9.711651e-03
<MEAN> 25
 2.350791e+00 -1.022676e+00 1.013442e+01 1.402778e+00 -1.151589e+01 -8.091388e+00 -4.374198e+00 -3.028214e-01 -4.410746e+00 -4.661345e+00 3.366943e+00 3.164707e-01 1.897504e+00 -1.733486e+00 1.618472e-01 -4.373041e-01 -2.147427e+00 -7.632989e-01 -1.730645e+00 8.894976e-01 1.086746e-01 -5.729866e-01 1.036323e+00 -4.569741e-01 3.621268e-02
<VARIANCE> 25
 1.104926e+01 1.721385e+01 3.624654e+01 2.825371e+01 2.606396e+01 3.235120e+01 2.911347e+01 2.936706e+01 3.114168e+01 2.917489e+01 1.895914e+01 2.034740e+01 2.597277e+00 2.043295e+00 3.917847e+00 2.647708e+00 4.148109e+00 4.581320e+00 4.629708e+00 3.563319e+00 4.830844e+00 3.520817e+00 2.993026e+00 2.553494e+00 1.498709e-03
<GCONST> 9.250233e+01
<MIXTURE> 76 1.052359e-02
<MEAN> 25
 -5.029078e+00 -1.806023e+00 -1.629102e+00 3.601623e+00 3.946077e+00 3.457282e+00 3.117871e+00 3.609794e+00 2.517942e+00 -4.960415e-01 1.743432e+00 2.281881e+00 -2.755291e-01 -4.844601e-01 -3.953349e-02 -6.902313e-01 -4.558307e-01 -9.261793e-01 -6.307994e-01 -2.763147e-01 -3.227956e-01 -5.338170e-01 -2.289945e-01 -1.216988e-01 2.465298e-02
<VARIANCE> 25
 3.706873e+01 2.108306e+01 2.625817e+01 2.382776e+01 2.619266e+01 3.567659e+01 2.814982e+01 3.208280e+01 2.140804e+01 2.573464e+01 2.459120e+01 1.555714e+01 1.131132e+00 1.009406e+00 1.355947e+00 1.391147e+00 1.363239e+00 1.818074e+00 1.588057e+00 1.610835e+00 1.499825e+00 1.588935e+00 1.447177e+00 1.387822e+00 1.236894e-03
<GCONST> 8.243608e+01
<MIXTURE> 77 1.244626e-02
<MEAN> 25
 -6.754636e-01 8.355452e+00 1.188943e+01 -1.134854e+01 -6.480040e+00 8.810167e-01 -8.963518e+00 -6.974251e+00 -3.492145e+00 -3.387543e-01 -4.249983e+00 -1.261059e+00 1.097540e-01 1.850705e-01 2.673464e-02 2.776215e-01 -1.133617e-01 1.586853e-01 -6.835287e-02 -1.223554e-01 1.311765e-01 1.018504e-01 -2.633343e-02 7.128039e-02 -1.041724e-02
<VARIANCE> 25
 1.020365e+01 2.027510e+01 2.974083e+01 3.985138e+01 3.609943e+01 3.159009e+01 3.936245e+01 3.227571e+01 3.402243e+01 3.294426e+01 3.690224e+01 3.316050e+01 3.152284e-01 8.017748e-01 6.727297e-01 1.108071e+00 1.294638e+00 1.080283e+00 1.272745e+00 1.075940e+00 1.037840e+00 1.293002e+00 9.609311e-01 9.010822e-01 5.158788e-04
<GCONST> 7.823557e+01
<MIXTURE> 78 9.702551e-03
<MEAN> 25
 -1.107018e+01 1.296388e+00 -1.558453e+00 2.187595e+00 4.164141e+00 -2.247169e+00 3.702980e+00 2.479853e+00 2.366512e+00 6.828767e-01 -3.215814e-01 3.050694e+00 2.328098e+00 -3.277928e-01 2.271677e-01 6.241222e-01 -1.103530e-02 1.053858e-01 -2.364529e-01 -1.493744e-02 1.596941e-01 1.561643e-01 -3.936224e-01 -4.511236e-01 -6.219274e-02
<VARIANCE> 25
 4.630114e+01 3.249961e+01 3.189459e+01 3.264085e+01 3.923480e+01 3.804849e+01 3.723404e+01 3.242770e+01 2.811587e+01 2.823508e+01 2.690155e+01 1.977772e+01 4.785161e+00 2.553452e+00 2.790819e+00 3.070180e+00 2.876176e+00 3.824878e+00 3.269431e+00 2.868967e+00 2.478776e+00 2.397303e+00 2.231211e+00 2.096106e+00 4.531762e-03
<GCONST> 9.478532e+01
<MIXTURE> 79 1.156824e-02
<MEAN> 25
 8.737127e-01 1.936888e+00 7.816976e+00 -6.247383e+00 -1.086213e+01 -1.257256e+00 -1.830074e+00 -5.895743e+00 -4.788848e+00 1.131507e+00 -1.906288e+00 -3.408855e+00 1.273097e+00 -3.977053e-01 -9.998004e-01 2.035011e+00 4.641062e-01 -1.068361e+00 -7.603476e-03 1.146762e+00 -7.319905e-01 -4.339263e-01 -6.390019e-02 2.322070e-03 -3.924155e-02
<VARIANCE> 25
 1.402078e+01 1.872640e+01 3.029534e+01 4.351282e+01 3.183426e+01 3.103532e+01 3.130713e+01 3.065140e+01 3.478872e+01 3.020484e+01 3.390906e+01 2.587354e+01 8.912711e-01 2.061328e+00 1.836875e+00 2.133212e+00 1.916757e+00 2.663393e+00 3.509588e+00 3.314168e+00 2.523897e+00 2.343967e+00 1.978633e+00 1.778429e+00 9.528897e-04
<GCONST> 8.833549e+01
<MIXTURE> 80 7.550998e-03
<MEAN> 25
 -1.442225e+01 4.189222e+00 7.842273e-01 3.369338e+00 1.502472e+00 1.389138e+00 7.975474e+00 1.968314e+00 3.801282e-01 3.419516e+00 4.747001e+00 5.770712e-01 3.972567e+00 -6.667641e-01 1.656053e+00 -1.195984e+00 -2.845709e+00 -3.159754e+00 -2.236862e+00 -1.324347e+00 -1.824844e+00 -2.012304e+00 -1.075880e+00 -9.410645e-02 -4.681275e-02
<VARIANCE> 25
 1.662195e+01 1.793182e+01 2.774788e+01 2.796067e+01 2.848778e+01 2.894630e+01 2.644982e+01 2.530377e+01 3.834910e+01 2.460899e+01 2.113581e+01 1.537575e+01 2.467535e+00 3.150889e+00 2.195713e+00 3.215894e+00 2.907307e+00 2.904916e+00 3.287708e+00 3.975670e+00 3.003941e+00 2.547380e+00 2.828421e+00 2.132322e+00 1.224570e-03
<GCONST> 8.998920e+01
<MIXTURE> 81 8.025434e-03
<MEAN> 25
 -1.540051e+00 3.264273e+00 9.746207e+00 -1.434652e+01 -8.580703e+00 -1.708172e+00 -5.780939e+00 -7.071345e+00 -2.348545e+00 -1.117745e+00 -6.015985e+00 -3.152098e+00 1.997520e-01 -5.673865e-01 3.151189e-02 -4.960324e-01 -4.151881e-01 1.080001e-01 2.641747e-01 1.847810e-01 -2.247616e-01 3.697190e-01 -5.824633e-01 -6.605574e-03 1.104833e-02
<VARIANCE> 25
 8.445233e+00 3.393961e+01 2.162086e+01 2.366996e+01 3.263713e+01 2.385230e+01 4.290164e+01 2.910466e+01 5.329300e+01 2.905487e+01 2.553754e+01 2.670526e+01 6.430405e-01 2.452910e+00 1.396336e+00 2.861855e+00 2.923307e+00 2.671454e+00 3.281056e+00 2.778260e+00 2.526937e+00 2.349779e+00 1.912550e+00 1.892121e+00 1.101271e-03
<GCONST> 8.786267e+01
<MIXTURE> 82 8.213053e-03
<MEAN> 25
 -9.617402e+00 -3.888324e+00 1.316486e+00 -2.665584e+00 2.881517e+00 8.265647e-01 1.840959e+00 1.246665e+00 2.933256e+00 1.743502e+00 1.749298e+00 3.054578e+00 -1.218155e+00 -3.386780e-02 2.092180e-01 -2.506444e+00 -1.157987e+00 -1.516435e+00 -1.100489e+00 -1.120780e+00 -1.760421e-01 -3.940475e-01 -3.027836e-01 -7.712546e-02 1.722883e-01
<VARIANCE> 25
 1.803073e+01 2.306447e+01 3.207523e+01 3.068497e+01 3.185180e+01 3.268067e+01 3.076414e+01 3.224720e+01 2.887839e+01 2.428683e+01 2.973187e+01 1.699957e+01 3.588364e+00 2.898373e+00 3.270346e+00 3.138528e+00 3.323146e+00 3.693742e+00 3.309700e+00 3.463743e+00 2.895802e+00 2.425720e+00 2.453561e+00 1.755069e+00 3.542353e-03
<GCONST> 9.287897e+01
<MIXTURE> 83 1.167529e-02
<MEAN> 25
 -2.003124e+01 5.510832e+00 -1.791954e+00 -3.987658e-01 7.818936e+00 -1.224930e+00 5.472473e+00 3.031893e+00 1.184980e+00 2.203671e+00 7.319911e-01 2.869863e+00 -2.481213e-02 -4.540578e-01 1.018618e-02 -3.659507e-01 -4.990228e-01 -1.300174e-01 -1.323123e-01 -9.823098e-02 -4.783051e-02 -4.058115e-02 -2.696132e-02 -3.280880e-02 4.313072e-03
<VARIANCE> 25
 8.844225e+00 1.646123e+01 2.845632e+01 2.248088e+01 2.128748e+01 2.420931e+01 2.205729e+01 2.339283e+01 2.042139e+01 2.225616e+01 2.319615e+01 1.453158e+01 1.060605e+00 9.421735e-01 1.251857e+00 1.064635e+00 1.359433e+00 1.298184e+00 1.283818e+00 1.387161e+00 1.371308e+00 1.314802e+00 1.224461e+00 1.071074e+00 8.959427e-04
<GCONST> 7.709382e+01
<MIXTURE> 84 1.066614e-02
<MEAN> 25
 1.555767e+00 8.142118e+00 6.541177e+00 7.501674e+00 2.567570e+00 -7.141243e-01 -1.688938e+00 -3.735300e+00 -4.444868e+00 -2.813832e+00 -2.564409e+00 -1.557021e+00 -1.414442e+00 -1.223805e+00 -1.120406e+00 1.403563e+00 2.103528e+00 1.501563e+00 1.541747e+00 1.506691e+00 9.863104e-01 5.002694e-01 1.890726e-01 1.509117e-01 -7.343490e-02
<VARIANCE> 25
 2.124302e+01 2.051981e+01 2.141820e+01 2.232440e+01 2.695287e+01 2.581546e+01 2.498955e+01 2.726006e+01 2.382205e+01 2.320287e+01 2.105404e+01 2.186809e+01 2.725489e+00 2.248428e+00 3.442116e+00 3.293113e+00 2.951677e+00 3.850221e+00 3.182485e+00 3.245324e+00 3.369792e+00 3.066351e+00 3.676847e+00 3.021210e+00 3.210849e-03
<GCONST> 9.171823e+01
<MIXTURE> 85 7.591393e-03
<MEAN> 25
 -2.957250e+00 7.397740e+00 5.442172e+00 9.066701e-01 -3.817354e+00 -5.424436e+00 -2.926680e+00 -5.971160e+00 -3.162241e+00 -3.609727e+00 -4.205287e-01 -1.869353e+00 3.676015e+00 4.830946e-01 1.557808e+00 -2.100012e+00 -3.236119e+00 -2.820639e+00 -2.771417e+00 -2.437085e+00 -1.849508e+00 -1.357407e+00 -2.091249e+00 -5.593526e-01 1.358846e-02
<VARIANCE> 25
 3.823377e+01 2.234569e+01 3.546798e+01 4.351893e+01 3.813122e+01 3.962765e+01 3.441884e+01 2.596713e+01 2.696187e+01 2.483987e+01 2.417618e+01 1.843660e+01 3.066988e+00 4.139391e+00 3.923330e+00 4.663365e+00 4.320151e+00 4.103810e+00 3.658222e+00 3.841495e+00 4.587397e+00 3.918534e+00 3.918457e+00 3.391417e+00 5.004286e-03
<GCONST> 9.790616e+01
<MIXTURE> 86 1.273941e-02
<MEAN> 25
 -3.985470e+00 -1.330334e+00 -7.624205e-01 6.263762e+00 4.783446e+00 4.950446e+00 5.124718e+00 4.793908e+00 4.098514e+00 3.449891e+00 4.821935e+00 2.531821e+00 -8.499036e-04 -1.507047e-02 -7.976772e-04 -6.623046e-02 -1.398501e-01 -1.468330e-01 -3.134209e-01 -2.314817e-01 -3.706372e-01 -4.065847e-01 -2.195268e-01 -1.727555e-01 -6.483137e-04
<VARIANCE> 25
 1.303317e+01 5.462675e+00 9.050615e+00 1.132068e+01 1.457397e+01 1.385009e+01 1.290959e+01 1.223270e+01 1.494598e+01 1.413419e+01 1.488560e+01 1.286167e+01 9.988845e-02 1.784514e-01 3.056869e-01 4.892800e-01 6.194872e-01 6.925049e-01 7.290242e-01 8.149599e-01 8.271570e-01 8.765129e-01 1.037087e+00 1.016239e+00 5.180227e-05
<GCONST> 5.838788e+01
<MIXTURE> 87 1.100681e-02
<MEAN> 25
 -2.725806e+00 3.893679e+00 3.170646e+00 6.948646e+00 5.197029e+00 1.132947e+00 1.584504e+00 -2.702060e-01 -7.373036e-01 -1.081722e+00 -8.666539e-01 -3.604307e-01 -2.120521e+00 -2.567055e+00 -1.908306e+00 -1.937204e+00 -1.419407e-01 -5.612904e-01 5.227003e-01 8.655903e-01 1.280552e+00 1.090163e+00 9.605770e-01 9.449075e-01 1.029779e-01
<VARIANCE> 25
 3.657320e+01 2.883130e+01 2.576820e+01 2.973292e+01 2.618521e+01 2.987274e+01 2.636860e+01 2.711306e+01 2.324716e+01 2.282618e+01 2.225216e+01 2.218491e+01 3.456505e+00 2.796156e+00 3.674045e+00 4.143035e+00 4.350319e+00 5.717382e+00 3.830363e+00 4.686688e+00 3.359731e+00 3.100774e+00 3.289621e+00 2.586399e+00 4.437792e-03
<GCONST> 9.541898e+01
<MIXTURE> 88 1.256585e-02
<MEAN> 25
 -2.564966e+00 -1.341851e+00 -9.366236e-01 5.228034e+00 4.438222e+00 4.562366e+00 4.182116e+00 3.874531e+00 3.191645e+00 2.134867e+00 1.947206e+00 2.153255e+00 -1.241412e-01 -1.385220e-02 2.641880e-01 4.531750e-01 4.031495e-01 3.757216e-01 -2.696468e-02 3.656823e-02 -1.457524e-01 -2.141899e-01 -1.105565e-01 -1.713616e-01 -5.003610e-03
<VARIANCE> 25
 1.295656e+01 8.078545e+00 1.253669e+01 1.368371e+01 1.629417e+01 2.023142e+01 1.741695e+01 1.975479e+01 1.429529e+01 2.203885e+01 1.876485e+01 1.311342e+01 1.228963e+00 1.433042e+00 1.655965e+00 2.192861e+00 2.379524e+00 3.194579e+00 2.197506e+00 2.358871e+00 2.181389e+00 2.407182e+00 2.098658e+00 1.966281e+00 1.634905e-03
<GCONST> 8.082896e+01
<MIXTURE> 89 9.333527e-03
<MEAN> 25
 5.857049e+00 -6.583569e+00 -3.597378e+00 -2.872658e+00 -1.201374e+00 -5.298035e+00 -5.485750e+00 3.944747e+00 3.441972e+00 -2.573627e+00 -5.985914e+00 -3.207724e+00 -5.027933e-01 2.014754e-01 1.964337e+00 8.546866e-01 -1.840365e+00 -1.527355e+00 9.781709e-01 1.291434e+00 -8.003744e-01 -1.331449e+00 3.883378e-01 1.444085e+00 -5.848734e-03
<VARIANCE> 25
 9.167445e+00 2.610061e+01 2.909016e+01 3.154506e+01 3.547395e+01 4.084591e+01 6.007872e+01 4.216063e+01 3.639026e+01 4.110735e+01 3.343973e+01 3.066606e+01 3.838921e-01 8.046627e-01 1.378613e+00 1.373356e+00 1.816321e+00 2.140903e+00 2.503587e+00 1.915636e+00 2.116988e+00 1.992572e+00 2.179417e+00 1.502853e+00 3.674586e-04
<GCONST> 8.471185e+01
<MIXTURE> 90 7.114505e-03
<MEAN> 25
 2.431216e+00 -9.602064e+00 -4.697602e+00 -3.719269e+00 -3.152365e+00 -1.721329e+00 3.372615e+00 1.341746e+00 -7.192731e+00 -9.996148e+00 -3.521417e+00 -8.383687e-01 -1.449473e-01 9.007206e-01 1.189467e+00 -8.424109e-01 -1.622995e+00 -2.069813e-01 6.876741e-01 -1.551336e-01 -2.051842e-01 6.638610e-01 1.954162e-01 -5.352588e-01 -1.118794e-02
<VARIANCE> 25
 8.255361e+00 1.774482e+01 1.936800e+01 2.934570e+01 3.747975e+01 3.152078e+01 3.741170e+01 3.618477e+01 3.786448e+01 2.844437e+01 2.651958e+01 2.571057e+01 2.287228e-01 5.971428e-01 7.790912e-01 1.017899e+00 1.434633e+00 1.545978e+00 1.797863e+00 1.709874e+00 1.801356e+00 1.805272e+00 1.458992e+00 1.282193e+00 2.090839e-04
<GCONST> 7.809813e+01
<MIXTURE> 91 7.852945e-03
<MEAN> 25
 6.335413e+00 -7.113652e+00 -8.472695e+00 -5.268432e+00 3.966817e+00 -3.904816e-01 -2.171404e+00 2.213048e-01 6.652268e-01 -2.352782e+00 -4.679003e+00 -4.565454e+00 2.360793e-01 9.599012e-01 2.382899e-01 4.869642e-01 -1.236318e-01 -5.317490e-01 -2.761374e-01 -1.903615e-02 -1.188556e-01 4.156176e-01 -1.251070e-01 2.339110e-01 -3.477400e-02
<VARIANCE> 25
 9.468349e+00 2.423436e+01 1.893792e+01 3.868794e+01 3.268521e+01 5.335640e+01 5.063393e+01 4.051954e+01 4.904787e+01 6.374943e+01 3.680272e+01 4.395863e+01 4.239432e-01 8.763697e-01 1.096530e+00 1.384311e+00 2.091470e+00 2.246005e+00 2.420690e+00 2.362932e+00 2.143875e+00 2.142460e+00 1.896463e+00 1.786108e+00 5.577339e-04
<GCONST> 8.647743e+01
<MIXTURE> 92 7.852945e-03
<MEAN> 25
 6.335413e+00 -7.113652e+00 -8.472695e+00 -5.268432e+00 3.966817e+00 -3.904816e-01 -2.171404e+00 2.213048e-01 6.652268e-01 -2.352782e+00 -4.679003e+00 -4.565454e+00 2.360793e-01 9.599012e-01 2.382899e-01 4.869642e-01 -1.236318e-01 -5.317490e-01 -2.761374e-01 -1.903615e-02 -1.188556e-01 4.156176e-01 -1.251070e-01 2.339110e-01 -3.477400e-02
<VARIANCE> 25
 9.468349e+00 2.423436e+01 1.893792e+01 3.868794e+01 3.268521e+01 5.335640e+01 5.063393e+01 4.051954e+01 4.904787e+01 6.374943e+01 3.680272e+01 4.395863e+01 4.239432e-01 8.763697e-01 1.096530e+00 1.384311e+00 2.091470e+00 2.246005e+00 2.420690e+00 2.362932e+00 2.143875e+00 2.142460e+00 1.896463e+00 1.786108e+00 5.577339e-04
<GCONST> 8.647743e+01
<MIXTURE> 93 6.122769e-03
<MEAN> 25
 -6.786814e+00 -9.697550e-01 -2.398722e+00 5.812320e+00 5.899982e+00 3.929375e+00 6.138067e+00 3.641135e+00 4.114537e+00 2.511007e+00 1.802124e+00 3.691206e+00 -6.058101e-02 -1.540132e-01 -2.557352e-01 -3.302305e-01 -3.346985e-01 -2.841530e-01 -2.163036e-01 -1.684889e-01 -1.605996e-01 -1.473789e-01 -1.029108e-01 -4.222677e-02 -5.827083e-06
<VARIANCE> 25
 9.429477e+00 6.025453e+00 8.156324e+00 1.138174e+01 1.146395e+01 1.593368e+01 1.528368e+01 1.664386e+01 1.471884e+01 1.448969e+01 1.680626e+01 1.345041e+01 8.269837e-02 1.528098e-01 2.633502e-01 3.796890e-01 4.962218e-01 6.400153e-01 7.781003e-01 8.929408e-01 9.260606e-01 8.780074e-01 8.910014e-01 9.252725e-01 1.004200e-06
<GCONST> 5.365112e+01
<MIXTURE> 94 6.122769e-03
<MEAN> 25
 -6.786814e+00 -9.697550e-01 -2.398722e+00 5.812320e+00 5.899982e+00 3.929375e+00 6.138067e+00 3.641135e+00 4.114537e+00 2.511007e+00 1.802124e+00 3.691206e+00 -6.058101e-02 -1.540132e-01 -2.557352e-01 -3.302305e-01 -3.346985e-01 -2.841530e-01 -2.163036e-01 -1.684889e-01 -1.605996e-01 -1.473789e-01 -1.029108e-01 -4.222677e-02 -5.827083e-06
<VARIANCE> 25
 9.429477e+00 6.025453e+00 8.156324e+00 1.138174e+01 1.146395e+01 1.593368e+01 1.528368e+01 1.664386e+01 1.471884e+01 1.448969e+01 1.680626e+01 1.345041e+01 8.269837e-02 1.528098e-01 2.633502e-01 3.796890e-01 4.962218e-01 6.400153e-01 7.781003e-01 8.929408e-01 9.260606e-01 8.780074e-01 8.910014e-01 9.252725e-01 1.004200e-06
<GCONST> 5.365112e+01
<MIXTURE> 95 5.258835e-03
<MEAN> 25
 -5.001737e+00 -1.101274e+00 -1.674275e+00 4.913636e+00 4.195539e+00 3.469758e+00 3.780980e+00 2.207969e+00 2.024628e+00 8.870861e-01 8.900754e-01 2.342212e+00 1.219887e-01 1.520338e-01 1.562876e-01 -1.248731e-01 -3.435948e-01 -6.823547e-01 -1.081213e+00 -1.245200e+00 -1.308062e+00 -1.041151e+00 -5.598643e-01 -2.391082e-01 3.165349e-04
<VARIANCE> 25
 1.375885e+01 6.717071e+00 1.224966e+01 1.166103e+01 1.314687e+01 2.111245e+01 1.858770e+01 1.808725e+01 1.711496e+01 1.472854e+01 1.969127e+01 1.441649e+01 1.975753e-01 2.671627e-01 4.620862e-01 6.344345e-01 8.156689e-01 8.422649e-01 9.148280e-01 8.923759e-01 9.714663e-01 9.786522e-01 1.639951e+00 1.109559e+00 4.298527e-05
<GCONST> 6.380365e+01
<MIXTURE> 96 7.034694e-03
<MEAN> 25
 -4.725580e+00 -5.234107e-01 -2.018678e+00 5.257746e+00 3.827737e+00 1.948993e+00 3.576977e+00 1.887756e+00 2.339478e+00 9.382533e-01 1.230031e+00 2.784868e+00 -4.483711e-02 9.179857e-02 1.900103e-01 4.205701e-01 5.407891e-01 5.124762e-01 2.752742e-01 -9.177664e-02 -4.125141e-01 -6.622887e-01 -6.124315e-01 -4.205453e-01 -5.523892e-05
<VARIANCE> 25
 1.365220e+01 9.471769e+00 1.365168e+01 1.391866e+01 1.443789e+01 1.930891e+01 1.738999e+01 1.877828e+01 1.763707e+01 1.595266e+01 1.913883e+01 1.401244e+01 1.264818e-01 2.111753e-01 3.217454e-01 3.956746e-01 4.801671e-01 6.396443e-01 8.841142e-01 9.865678e-01 1.002656e+00 8.331025e-01 8.607060e-01 9.662358e-01 1.137472e-06
<GCONST> 5.765451e+01
<MIXTURE> 97 7.034694e-03
<MEAN> 25
 -4.725580e+00 -5.234107e-01 -2.018678e+00 5.257746e+00 3.827737e+00 1.948993e+00 3.576977e+00 1.887756e+00 2.339478e+00 9.382533e-01 1.230031e+00 2.784868e+00 -4.483711e-02 9.179857e-02 1.900103e-01 4.205701e-01 5.407891e-01 5.124762e-01 2.752742e-01 -9.177664e-02 -4.125141e-01 -6.622887e-01 -6.124315e-01 -4.205453e-01 -5.523892e-05
<VARIANCE> 25
 1.365220e+01 9.471769e+00 1.365168e+01 1.391866e+01 1.443789e+01 1.930891e+01 1.738999e+01 1.877828e+01 1.763707e+01 1.595266e+01 1.913883e+01 1.401244e+01 1.264818e-01 2.111753e-01 3.217454e-01 3.956746e-01 4.801671e-01 6.396443e-01 8.841142e-01 9.865678e-01 1.002656e+00 8.331025e-01 8.607060e-01 9.662358e-01 1.137472e-06
<GCONST> 5.765451e+01
<MIXTURE> 98 9.917808e-03
<MEAN> 25
 -3.038833e-01 4.709946e-01 1.002822e-03 4.374106e+00 3.149505e+00 3.332337e+00 2.626723e+00 2.883915e+00 7.316829e-01 4.396011e-01 -6.092506e-01 2.955510e-01 -1.566464e+00 -1.347943e+00 -7.318369e-01 3.819378e-01 6.793779e-01 1.161782e+00 1.258677e+00 1.335308e+00 1.565332e+00 1.106838e+00 9.617476e-01 5.445342e-01 -3.236604e-02
<VARIANCE> 25
 1.322450e+01 1.549001e+01 2.372159e+01 2.455994e+01 3.239584e+01 2.782207e+01 2.715317e+01 2.541008e+01 2.233622e+01 2.873510e+01 2.432376e+01 2.064849e+01 1.500479e+00 1.132258e+00 2.013242e+00 2.197293e+00 2.256031e+00 3.059734e+00 2.466276e+00 3.022215e+00 2.141035e+00 2.275671e+00 2.967211e+00 2.120457e+00 2.911628e-03
<GCONST> 8.720199e+01
<MIXTURE> 99 6.696178e-03
<MEAN> 25
 -6.019954e+00 9.547039e+00 6.455947e+00 2.733021e+00 9.244587e-01 -5.134106e+00 -2.330256e+00 -3.666477e+00 -3.543758e+00 -4.357278e+00 -9.510482e-01 9.033108e-01 5.147099e-01 -5.591499e-01 2.615772e-01 -5.400290e-01 -9.189941e-01 -3.696801e-01 -4.417937e-01 -2.046710e-01 -8.611639e-02 -1.270185e-02 2.231726e-01 1.885177e-01 9.638044e-03
<VARIANCE> 25
 3.348148e+01 2.449010e+01 4.330768e+01 3.415723e+01 3.525808e+01 3.459883e+01 3.134134e+01 2.878698e+01 2.516004e+01 3.035564e+01 2.344319e+01 2.974887e+01 2.134157e+00 1.994975e+00 1.352535e+00 2.365759e+00 2.940676e+00 2.301733e+00 1.810178e+00 1.593045e+00 1.531161e+00 1.676467e+00 1.279972e+00 1.229101e+00 1.445932e-03
<GCONST> 8.749246e+01
<MIXTURE> 100 4.498084e-03
<MEAN> 25
 -1.583586e+00 6.238624e+00 1.015267e+01 -7.524942e+00 -1.061134e+01 -5.018990e+00 -4.877263e+00 -9.876583e+00 -4.520445e+00 -1.046332e+00 -2.587714e+00 -2.707606e+00 2.836699e+00 -1.160989e+00 1.291424e+00 -2.201907e+00 -3.363429e+00 -8.709941e-01 -1.203876e+00 -8.777610e-01 -1.399203e+00 2.915152e-01 -1.648755e+00 -3.296211e-01 3.404083e-03
<VARIANCE> 25
 1.320385e+01 2.065654e+01 2.221118e+01 2.577394e+01 2.369877e+01 2.340760e+01 3.034908e+01 2.227083e+01 2.761324e+01 2.337995e+01 2.264477e+01 2.080929e+01 1.910611e+00 4.162776e+00 2.856143e+00 4.239198e+00 4.208865e+00 4.686313e+00 3.927422e+00 4.537730e+00 4.283485e+00 3.869927e+00 3.774044e+00 3.203414e+00 1.719000e-03
<GCONST> 9.272951e+01
<MIXTURE> 101 6.007792e-03
<MEAN> 25
 6.996331e+00 -3.096761e+00 -5.764927e+00 -7.030212e+00 1.566864e+00 -1.773627e+00 -9.719756e+00 -2.676516e+00 2.014525e+00 2.923634e+00 -2.348353e+00 -3.370500e+00 6.604281e-01 5.375832e-01 -1.364280e+00 -1.558536e+00 1.024097e+00 2.209396e+00 1.565634e-01 -1.642120e+00 -1.022675e+00 1.221437e+00 1.120374e+00 -3.995788e-01 -3.467021e-03
<VARIANCE> 25
 9.597655e+00 1.347622e+01 2.424537e+01 3.588474e+01 2.942836e+01 3.035658e+01 3.183411e+01 4.127045e+01 3.500428e+01 3.613051e+01 3.943168e+01 3.315138e+01 2.456311e-01 5.448976e-01 9.837974e-01 1.232858e+00 1.426423e+00 1.961782e+00 1.667055e+00 1.739637e+00 1.986690e+00 1.844964e+00 1.628935e+00 1.714458e+00 2.673890e-04
<GCONST> 8.024665e+01
<MIXTURE> 102 6.007792e-03
<MEAN> 25
 6.996331e+00 -3.096761e+00 -5.764927e+00 -7.030212e+00 1.566864e+00 -1.773627e+00 -9.719756e+00 -2.676516e+00 2.014525e+00 2.923634e+00 -2.348353e+00 -3.370500e+00 6.604281e-01 5.375832e-01 -1.364280e+00 -1.558536e+00 1.024097e+00 2.209396e+00 1.565634e-01 -1.642120e+00 -1.022675e+00 1.221437e+00 1.120374e+00 -3.995788e-01 -3.467021e-03
<VARIANCE> 25
 9.597655e+00 1.347622e+01 2.424537e+01 3.588474e+01 2.942836e+01 3.035658e+01 3.183411e+01 4.127045e+01 3.500428e+01 3.613051e+01 3.943168e+01 3.315138e+01 2.456311e-01 5.448976e-01 9.837974e-01 1.232858e+00 1.426423e+00 1.961782e+00 1.667055e+00 1.739637e+00 1.986690e+00 1.844964e+00 1.628935e+00 1.714458e+00 2.673890e-04
<GCONST> 8.024665e+01
<MIXTURE> 103 5.694618e-03
<MEAN> 25
 3.360426e+00 -9.445618e+00 -6.094382e+00 -3.052441e+00 -1.317844e+00 -1.930394e+00 2.411046e+00 2.522877e+00 -4.596622e+00 -9.236043e+00 -5.068093e+00 3.535874e-01 -1.572439e-01 -1.481545e+00 -9.729639e-01 3.749220e-01 1.212056e+00 1.016875e+00 1.520417e-01 -2.691492e-01 -7.856830e-01 -9.432557e-01 -3.706222e-02 1.191138e-01 2.680089e-02
<VARIANCE> 25
 1.029738e+01 2.044835e+01 2.308722e+01 3.181052e+01 4.785054e+01 3.519814e+01 4.646016e+01 3.662100e+01 4.201339e+01 2.928845e+01 2.997429e+01 2.629193e+01 6.422809e-01 1.259039e+00 1.546148e+00 1.932996e+00 2.915011e+00 2.417121e+00 2.893003e+00 2.583769e+00 2.573997e+00 2.519238e+00 2.090769e+00 2.013721e+00 8.147263e-04
<GCONST> 8.758960e+01
<MIXTURE> 104 5.694618e-03
<MEAN> 25
 3.360426e+00 -9.445618e+00 -6.094382e+00 -3.052441e+00 -1.317844e+00 -1.930394e+00 2.411046e+00 2.522877e+00 -4.596622e+00 -9.236043e+00 -5.068093e+00 3.535874e-01 -1.572439e-01 -1.481545e+00 -9.729639e-01 3.749220e-01 1.212056e+00 1.016875e+00 1.520417e-01 -2.691492e-01 -7.856830e-01 -9.432557e-01 -3.706222e-02 1.191138e-01 2.680089e-02
<VARIANCE> 25
 1.029738e+01 2.044835e+01 2.308722e+01 3.181052e+01 4.785054e+01 3.519814e+01 4.646016e+01 3.662100e+01 4.201339e+01 2.928845e+01 2.997429e+01 2.629193e+01 6.422809e-01 1.259039e+00 1.546148e+00 1.932996e+00 2.915011e+00 2.417121e+00 2.893003e+00 2.583769e+00 2.573997e+00 2.519238e+00 2.090769e+00 2.013721e+00 8.147263e-04
<GCONST> 8.758960e+01
<MIXTURE> 105 4.710235e-03
<MEAN> 25
 2.230069e+00 -1.498376e+00 9.224108e+00 -2.683973e+00 -1.159439e+01 -5.012907e+00 -4.159833e+00 -7.552043e-01 -3.812913e+00 -3.187701e+00 1.509615e+00 -1.161062e+00 6.582030e-03 3.078576e-02 4.985990e-02 -4.541555e-02 3.064544e-03 4.869524e-02 -1.119321e-02 5.008614e-02 -3.824217e-02 2.505495e-02 2.885363e-02 -2.723615e-02 -2.164753e-03
<VARIANCE> 25
 1.329495e+01 2.854139e+01 4.104147e+01 4.484048e+01 3.773593e+01 5.360872e+01 4.117386e+01 4.342915e+01 3.967998e+01 4.197663e+01 4.185085e+01 3.069954e+01 8.662046e-02 1.858789e-01 3.418640e-01 2.906770e-01 3.732543e-01 4.282755e-01 4.694623e-01 4.901107e-01 4.925779e-01 4.410285e-01 4.200243e-01 3.977368e-01 8.936454e-05
<GCONST> 6.670146e+01
<MIXTURE> 106 4.710235e-03
<MEAN> 25
 2.230069e+00 -1.498376e+00 9.224108e+00 -2.683973e+00 -1.159439e+01 -5.012907e+00 -4.159833e+00 -7.552043e-01 -3.812913e+00 -3.187701e+00 1.509615e+00 -1.161062e+00 6.582030e-03 3.078576e-02 4.985990e-02 -4.541555e-02 3.064544e-03 4.869524e-02 -1.119321e-02 5.008614e-02 -3.824217e-02 2.505495e-02 2.885363e-02 -2.723615e-02 -2.164753e-03
<VARIANCE> 25
 1.329495e+01 2.854139e+01 4.104147e+01 4.484048e+01 3.773593e+01 5.360872e+01 4.117386e+01 4.342915e+01 3.967998e+01 4.197663e+01 4.185085e+01 3.069954e+01 8.662046e-02 1.858789e-01 3.418640e-01 2.906770e-01 3.732543e-01 4.282755e-01 4.694623e-01 4.901107e-01 4.925779e-01 4.410285e-01 4.200243e-01 3.977368e-01 8.936454e-05
<GCONST> 6.670146e+01
<MIXTURE> 107 5.452374e-03
<MEAN> 25
 8.465096e+00 -2.301913e+00 -8.042647e+00 -9.339710e+00 2.053723e+00 2.749450e+00 -8.380465e+00 -4.716196e+00 -1.365068e+00 3.469114e+00 1.017760e+00 -4.419219e+00 -6.208079e-01 -7.516218e-01 8.720071e-01 1.750856e+00 1.380304e-01 -1.845433e+00 -8.155782e-01 9.470553e-01 1.764650e+00 6.074074e-02 -1.615006e+00 -8.836581e-01 -4.934193e-03
<VARIANCE> 25
 9.264471e+00 1.935714e+01 2.692197e+01 4.153887e+01 3.411188e+01 3.750456e+01 4.946380e+01 3.511859e+01 4.882950e+01 3.955526e+01 4.909640e+01 3.564064e+01 3.414454e-01 9.205401e-01 1.428466e+00 2.326076e+00 2.301545e+00 3.205384e+00 2.663944e+00 2.566273e+00 2.182415e+00 2.905288e+00 1.878148e+00 2.161747e+00 8.318552e-04
<GCONST> 8.792354e+01
<MIXTURE> 108 5.452374e-03
<MEAN> 25
 8.465096e+00 -2.301913e+00 -8.042647e+00 -9.339710e+00 2.053723e+00 2.749450e+00 -8.380465e+00 -4.716196e+00 -1.365068e+00 3.469114e+00 1.017760e+00 -4.419219e+00 -6.208079e-01 -7.516218e-01 8.720071e-01 1.750856e+00 1.380304e-01 -1.845433e+00 -8.155782e-01 9.470553e-01 1.764650e+00 6.074074e-02 -1.615006e+00 -8.836581e-01 -4.934193e-03
<VARIANCE> 25
 9.264471e+00 1.935714e+01 2.692197e+01 4.153887e+01 3.411188e+01 3.750456e+01 4.946380e+01 3.511859e+01 4.882950e+01 3.955526e+01 4.909640e+01 3.564064e+01 3.414454e-01 9.205401e-01 1.428466e+00 2.326076e+00 2.301545e+00 3.205384e+00 2.663944e+00 2.566273e+00 2.182415e+00 2.905288e+00 1.878148e+00 2.161747e+00 8.318552e-04
<GCONST> 8.792354e+01
<MIXTURE> 109 6.661064e-03
<MEAN> 25
 4.057198e+00 -1.012452e+01 -7.977927e+00 -1.059902e+00 2.694386e+00 1.876129e-01 -1.208183e-02 1.652434e+00 -2.402346e+00 -8.155914e+00 -5.387893e+00 -3.598000e-02 -5.039546e-02 -1.529627e-01 -3.244765e-02 2.449098e-01 2.102488e-01 1.152218e-01 -1.301697e-01 -1.080415e-01 -3.877981e-02 -9.433056e-02 2.023842e-01 6.062035e-02 -4.223206e-03
<VARIANCE> 25
 8.716865e+00 2.047676e+01 2.110852e+01 3.222979e+01 3.912915e+01 3.614295e+01 4.489213e+01 3.473340e+01 4.454537e+01 3.536715e+01 2.857656e+01 2.752755e+01 1.940981e-01 4.220206e-01 5.272467e-01 6.097471e-01 1.193743e+00 9.625009e-01 1.232826e+00 1.066124e+00 1.113813e+00 9.830800e-01 8.475183e-01 9.491220e-01 1.914589e-04
<GCONST> 7.437797e+01
<MIXTURE> 110 6.661064e-03
<MEAN> 25
 4.057198e+00 -1.012452e+01 -7.977927e+00 -1.059902e+00 2.694386e+00 1.876129e-01 -1.208183e-02 1.652434e+00 -2.402346e+00 -8.155914e+00 -5.387893e+00 -3.598000e-02 -5.039546e-02 -1.529627e-01 -3.244765e-02 2.449098e-01 2.102488e-01 1.152218e-01 -1.301697e-01 -1.080415e-01 -3.877981e-02 -9.433056e-02 2.023842e-01 6.062035e-02 -4.223206e-03
<VARIANCE> 25
 8.716865e+00 2.047676e+01 2.110852e+01 3.222979e+01 3.912915e+01 3.614295e+01 4.489213e+01 3.473340e+01 4.454537e+01 3.536715e+01 2.857656e+01 2.752755e+01 1.940981e-01 4.220206e-01 5.272467e-01 6.097471e-01 1.193743e+00 9.625009e-01 1.232826e+00 1.066124e+00 1.113813e+00 9.830800e-01 8.475183e-01 9.491220e-01 1.914589e-04
<GCONST> 7.437797e+01
<MIXTURE> 111 4.337247e-03
<MEAN> 25
 -3.875989e+00 -1.123566e+00 -1.708068e+00 1.904708e+00 1.213221e+00 1.371602e+00 3.211385e-01 5.011255e-01 6.869839e-02 -3.572766e-01 -6.555975e-01 1.820835e+00 -3.157519e-02 -4.090850e-02 -6.936015e-02 -5.162804e-02 -5.672339e-02 -2.525855e-02 -2.523677e-02 -5.567245e-03 -9.248337e-02 -2.704825e-01 -1.759930e-01 -1.187618e-01 -4.196279e-04
<VARIANCE> 25
 9.876337e+00 5.332368e+00 9.631310e+00 9.401742e+00 1.304543e+01 2.406165e+01 1.390138e+01 1.342769e+01 1.083095e+01 1.160551e+01 1.276362e+01 1.230231e+01 7.608243e-02 1.661217e-01 2.863068e-01 4.855610e-01 6.123549e-01 7.134118e-01 7.514356e-01 8.500075e-01 9.053742e-01 8.599764e-01 8.308115e-01 8.345187e-01 2.412447e-05
<GCONST> 5.641608e+01
<MIXTURE> 112 4.337247e-03
<MEAN> 25
 -3.875989e+00 -1.123566e+00 -1.708068e+00 1.904708e+00 1.213221e+00 1.371602e+00 3.211385e-01 5.011255e-01 6.869839e-02 -3.572766e-01 -6.555975e-01 1.820835e+00 -3.157519e-02 -4.090850e-02 -6.936015e-02 -5.162804e-02 -5.672339e-02 -2.525855e-02 -2.523677e-02 -5.567245e-03 -9.248337e-02 -2.704825e-01 -1.759930e-01 -1.187618e-01 -4.196279e-04
<VARIANCE> 25
 9.876337e+00 5.332368e+00 9.631310e+00 9.401742e+00 1.304543e+01 2.406165e+01 1.390138e+01 1.342769e+01 1.083095e+01 1.160551e+01 1.276362e+01 1.230231e+01 7.608243e-02 1.661217e-01 2.863068e-01 4.855610e-01 6.123549e-01 7.134118e-01 7.514356e-01 8.500075e-01 9.053742e-01 8.599764e-01 8.308115e-01 8.345187e-01 2.412447e-05
<GCONST> 5.641608e+01
<MIXTURE> 113 5.938666e-03
<MEAN> 25
 9.292810e+00 1.348702e+00 -8.658939e+00 -1.561897e+01 1.500208e-01 5.232755e+00 -5.456281e+00 -3.132076e+00 -5.659990e+00 5.792676e-01 4.092808e-01 8.184927e-01 4.576731e-02 -8.257859e-03 -7.893313e-02 -9.443040e-02 6.674061e-02 7.866975e-02 1.846047e-01 1.488201e-01 -1.612441e-01 -1.565405e-01 2.507375e-01 9.658873e-02 -3.810475e-03
<VARIANCE> 25
 9.684161e+00 1.462191e+01 2.526198e+01 3.856121e+01 5.139292e+01 3.007841e+01 3.454287e+01 4.659283e+01 3.313117e+01 4.674646e+01 3.121473e+01 3.041642e+01 1.237736e-01 2.939470e-01 2.823800e-01 6.301273e-01 5.681708e-01 6.494662e-01 8.606849e-01 7.951742e-01 9.449384e-01 9.630361e-01 6.588517e-01 7.083637e-01 1.467330e-04
<GCONST> 7.061013e+01
<MIXTURE> 114 5.938666e-03
<MEAN> 25
 9.292810e+00 1.348702e+00 -8.658939e+00 -1.561897e+01 1.500208e-01 5.232755e+00 -5.456281e+00 -3.132076e+00 -5.659990e+00 5.792676e-01 4.092808e-01 8.184927e-01 4.576731e-02 -8.257859e-03 -7.893313e-02 -9.443040e-02 6.674061e-02 7.866975e-02 1.846047e-01 1.488201e-01 -1.612441e-01 -1.565405e-01 2.507375e-01 9.658873e-02 -3.810475e-03
<VARIANCE> 25
 9.684161e+00 1.462191e+01 2.526198e+01 3.856121e+01 5.139292e+01 3.007841e+01 3.454287e+01 4.659283e+01 3.313117e+01 4.674646e+01 3.121473e+01 3.041642e+01 1.237736e-01 2.939470e-01 2.823800e-01 6.301273e-01 5.681708e-01 6.494662e-01 8.606849e-01 7.951742e-01 9.449384e-01 9.630361e-01 6.588517e-01 7.083637e-01 1.467330e-04
<GCONST> 7.061013e+01
<MIXTURE> 115 2.935202e-03
<MEAN> 25
 -4.011986e+00 -7.584210e-01 -3.104961e+00 3.665856e+00 2.414714e+00 -4.192905e-01 2.230432e+00 4.284765e-01 1.381098e+00 -1.287264e-02 3.281023e-02 2.669792e+00 3.136414e-02 -7.099336e-02 -2.284204e-01 -4.411803e-01 -6.352855e-01 -6.691034e-01 -5.906577e-01 -5.084146e-01 -4.875607e-01 -4.597816e-01 -3.417647e-01 -1.648288e-01 -1.128406e-05
<VARIANCE> 25
 9.375081e+00 9.870720e+00 1.349829e+01 1.270000e+01 1.345037e+01 1.754476e+01 1.705319e+01 2.083587e+01 1.790477e+01 1.718392e+01 1.917374e+01 1.474664e+01 2.032741e-01 3.451812e-01 4.861999e-01 5.627466e-01 6.341296e-01 7.964650e-01 1.006572e+00 1.128595e+00 1.072593e+00 9.951765e-01 1.024628e+00 1.062664e+00 1.029608e-06
<GCONST> 6.018461e+01
<MIXTURE> 116 2.935202e-03
<MEAN> 25
 -4.011986e+00 -7.584210e-01 -3.104961e+00 3.665856e+00 2.414714e+00 -4.192905e-01 2.230432e+00 4.284765e-01 1.381098e+00 -1.287264e-02 3.281023e-02 2.669792e+00 3.136414e-02 -7.099336e-02 -2.284204e-01 -4.411803e-01 -6.352855e-01 -6.691034e-01 -5.906577e-01 -5.084146e-01 -4.875607e-01 -4.597816e-01 -3.417647e-01 -1.648288e-01 -1.128406e-05
<VARIANCE> 25
 9.375081e+00 9.870720e+00 1.349829e+01 1.270000e+01 1.345037e+01 1.754476e+01 1.705319e+01 2.083587e+01 1.790477e+01 1.718392e+01 1.917374e+01 1.474664e+01 2.032741e-01 3.451812e-01 4.861999e-01 5.627466e-01 6.341296e-01 7.964650e-01 1.006572e+00 1.128595e+00 1.072593e+00 9.951765e-01 1.024628e+00 1.062664e+00 1.029608e-06
<GCONST> 6.018461e+01
<MIXTURE> 117 6.506003e-03
<MEAN> 25
 -4.636947e+00 1.110317e+00 1.052121e+00 9.751531e+00 6.254851e+00 6.260513e+00 6.462895e+00 5.051607e+00 6.385106e+00 4.926187e+00 6.360451e+00 2.708060e+00 -7.473230e-02 -2.337013e-01 -3.578246e-01 -4.193226e-01 -3.668573e-01 -3.021437e-01 -2.888411e-01 -3.314537e-01 -3.923613e-01 -3.696626e-01 -2.653860e-01 -1.173858e-01 -7.020791e-06
<VARIANCE> 25
 7.223940e+00 8.784518e+00 9.802059e+00 1.433596e+01 1.561707e+01 1.534974e+01 1.770852e+01 1.797975e+01 1.639916e+01 1.635751e+01 1.675817e+01 1.473637e+01 2.164239e-01 3.072357e-01 4.257812e-01 6.166303e-01 8.530436e-01 1.054250e+00 1.179961e+00 1.233141e+00 1.225727e+00 1.194833e+00 1.172747e+00 1.113845e+00 1.004913e-06
<GCONST> 6.044563e+01
<MIXTURE> 118 6.506003e-03
<MEAN> 25
 -4.636947e+00 1.110317e+00 1.052121e+00 9.751531e+00 6.254851e+00 6.260513e+00 6.462895e+00 5.051607e+00 6.385106e+00 4.926187e+00 6.360451e+00 2.708060e+00 -7.473230e-02 -2.337013e-01 -3.578246e-01 -4.193226e-01 -3.668573e-01 -3.021437e-01 -2.888411e-01 -3.314537e-01 -3.923613e-01 -3.696626e-01 -2.653860e-01 -1.173858e-01 -7.020791e-06
<VARIANCE> 25
 7.223940e+00 8.784518e+00 9.802059e+00 1.433596e+01 1.561707e+01 1.534974e+01 1.770852e+01 1.797975e+01 1.639916e+01 1.635751e+01 1.675817e+01 1.473637e+01 2.164239e-01 3.072357e-01 4.257812e-01 6.166303e-01 8.530436e-01 1.054250e+00 1.179961e+00 1.233141e+00 1.225727e+00 1.194833e+00 1.172747e+00 1.113845e+00 1.004913e-06
<GCONST> 6.044563e+01
<MIXTURE> 119 4.297961e-03
<MEAN> 25
 -4.628300e+00 -7.341651e+00 2.278317e+00 1.876741e+00 2.258487e+00 8.094957e-01 4.782197e+00 6.034980e+00 1.289830e+00 6.644813e-01 6.312345e+00 1.694587e+00 -9.235677e-02 -6.844238e-02 4.925540e-02 -1.411399e-01 -1.364128e-01 -1.502824e-01 -7.348825e-02 6.019782e-02 2.709509e-02 -1.589508e-01 -4.875206e-02 -7.686054e-02 2.541722e-03
<VARIANCE> 25
 9.111418e+00 9.908252e+00 1.529342e+01 1.906403e+01 2.124076e+01 2.581135e+01 2.576486e+01 2.504231e+01 2.364468e+01 2.709079e+01 2.008506e+01 1.926018e+01 1.700682e-01 2.693744e-01 4.481945e-01 6.633570e-01 7.802278e-01 1.048269e+00 1.083968e+00 1.285996e+00 1.370340e+00 1.185461e+00 1.175693e+00 1.078472e+00 2.480527e-04
<GCONST> 6.957738e+01
<MIXTURE> 120 4.297961e-03
<MEAN> 25
 -4.628300e+00 -7.341651e+00 2.278317e+00 1.876741e+00 2.258487e+00 8.094957e-01 4.782197e+00 6.034980e+00 1.289830e+00 6.644813e-01 6.312345e+00 1.694587e+00 -9.235677e-02 -6.844238e-02 4.925540e-02 -1.411399e-01 -1.364128e-01 -1.502824e-01 -7.348825e-02 6.019782e-02 2.709509e-02 -1.589508e-01 -4.875206e-02 -7.686054e-02 2.541722e-03
<VARIANCE> 25
 9.111418e+00 9.908252e+00 1.529342e+01 1.906403e+01 2.124076e+01 2.581135e+01 2.576486e+01 2.504231e+01 2.364468e+01 2.709079e+01 2.008506e+01 1.926018e+01 1.700682e-01 2.693744e-01 4.481945e-01 6.633570e-01 7.802278e-01 1.048269e+00 1.083968e+00 1.285996e+00 1.370340e+00 1.185461e+00 1.175693e+00 1.078472e+00 2.480527e-04
<GCONST> 6.957738e+01
<MIXTURE> 121 4.567511e-03
<MEAN> 25
 -4.029405e-03 -2.533656e+00 5.439103e+00 -1.267651e+01 -1.208407e+01 -1.679294e+00 1.098390e+00 -4.973878e+00 -4.160645e+00 -2.893972e-01 -5.170783e+00 -4.025191e+00 1.027498e-02 2.165640e-01 -1.157897e-01 1.913735e-01 1.883238e-01 1.118376e-01 -6.841028e-02 -2.480168e-01 -2.366796e-01 -1.633568e-01 -6.938816e-02 6.569988e-02 -7.057569e-03
<VARIANCE> 25
 7.761761e+00 1.564914e+01 1.713350e+01 2.096938e+01 2.607470e+01 2.707124e+01 2.768421e+01 2.558570e+01 3.279527e+01 2.669724e+01 1.969302e+01 2.068830e+01 1.512640e-01 7.075803e-01 6.546136e-01 8.064253e-01 9.153427e-01 1.082553e+00 1.183542e+00 1.169743e+00 1.157227e+00 1.224533e+00 9.378303e-01 9.069686e-01 2.150351e-04
<GCONST> 7.172240e+01
<MIXTURE> 122 4.567511e-03
<MEAN> 25
 -4.029405e-03 -2.533656e+00 5.439103e+00 -1.267651e+01 -1.208407e+01 -1.679294e+00 1.098390e+00 -4.973878e+00 -4.160645e+00 -2.893972e-01 -5.170783e+00 -4.025191e+00 1.027498e-02 2.165640e-01 -1.157897e-01 1.913735e-01 1.883238e-01 1.118376e-01 -6.841028e-02 -2.480168e-01 -2.366796e-01 -1.633568e-01 -6.938816e-02 6.569988e-02 -7.057569e-03
<VARIANCE> 25
 7.761761e+00 1.564914e+01 1.713350e+01 2.096938e+01 2.607470e+01 2.707124e+01 2.768421e+01 2.558570e+01 3.279527e+01 2.669724e+01 1.969302e+01 2.068830e+01 1.512640e-01 7.075803e-01 6.546136e-01 8.064253e-01 9.153427e-01 1.082553e+00 1.183542e+00 1.169743e+00 1.157227e+00 1.224533e+00 9.378303e-01 9.069686e-01 2.150351e-04
<GCONST> 7.172240e+01
<MIXTURE> 123 4.393044e-03
<MEAN> 25
 -2.726117e+00 -1.897310e-01 3.258451e-01 5.738487e+00 4.557920e+00 4.657624e+00 3.209967e+00 1.777531e+00 6.494252e-01 -6.995460e-01 -1.195343e-01 9.789994e-02 -4.941901e-01 -7.415048e-01 -6.698076e-01 -6.910501e-01 -2.666748e-01 1.006972e-01 2.413546e-01 5.662874e-01 9.257699e-01 9.732283e-01 1.003318e+00 6.553335e-01 -4.957814e-03
<VARIANCE> 25
 1.212180e+01 1.027870e+01 1.221496e+01 1.347976e+01 1.777896e+01 2.290337e+01 2.110606e+01 1.835685e+01 1.649028e+01 1.747004e+01 1.924111e+01 1.866885e+01 2.871992e-01 2.767653e-01 4.538745e-01 5.948345e-01 7.468963e-01 9.330957e-01 1.145946e+00 9.878027e-01 9.519839e-01 1.339554e+00 1.422354e+00 1.266584e+00 1.098198e-04
<GCONST> 6.702828e+01
<MIXTURE> 124 4.069876e-03
<MEAN> 25
 -5.753520e+00 -1.473481e+00 -2.500065e+00 5.137989e+00 4.905796e+00 3.753706e+00 5.190594e+00 3.003493e+00 3.055702e+00 1.089947e+00 9.699013e-01 2.964299e+00 -2.181278e-01 -2.920485e-01 -3.546565e-01 -1.977585e-01 1.290362e-01 5.272356e-01 8.418240e-01 9.123284e-01 6.875090e-01 2.859116e-01 3.505823e-02 -1.739491e-01 -6.373601e-05
<VARIANCE> 25
 1.513024e+01 7.098827e+00 1.177498e+01 1.201986e+01 1.145062e+01 1.899271e+01 1.534558e+01 1.808208e+01 1.443092e+01 1.549500e+01 1.981232e+01 1.380977e+01 1.098626e-01 1.640854e-01 2.509818e-01 4.201450e-01 5.812663e-01 6.630092e-01 7.389103e-01 7.860056e-01 8.970580e-01 1.114771e+00 9.507016e-01 1.206297e+00 1.985008e-05
<GCONST> 5.915291e+01
<MIXTURE> 125 4.069876e-03
<MEAN> 25
 -5.753520e+00 -1.473481e+00 -2.500065e+00 5.137989e+00 4.905796e+00 3.753706e+00 5.190594e+00 3.003493e+00 3.055702e+00 1.089947e+00 9.699013e-01 2.964299e+00 -2.181278e-01 -2.920485e-01 -3.546565e-01 -1.977585e-01 1.290362e-01 5.272356e-01 8.418240e-01 9.123284e-01 6.875090e-01 2.859116e-01 3.505823e-02 -1.739491e-01 -6.373601e-05
<VARIANCE> 25
 1.513024e+01 7.098827e+00 1.177498e+01 1.201986e+01 1.145062e+01 1.899271e+01 1.534558e+01 1.808208e+01 1.443092e+01 1.549500e+01 1.981232e+01 1.380977e+01 1.098626e-01 1.640854e-01 2.509818e-01 4.201450e-01 5.812663e-01 6.630092e-01 7.389103e-01 7.860056e-01 8.970580e-01 1.114771e+00 9.507016e-01 1.206297e+00 1.985008e-05
<GCONST> 5.915291e+01
<MIXTURE> 126 2.402244e-03
<MEAN> 25
 -3.693726e+00 -6.891228e+00 -5.222631e+00 2.340780e+00 4.284253e+00 -3.076722e+00 5.354597e-02 3.547534e+00 3.316453e+00 -2.618665e+00 -1.438219e+00 2.994140e+00 -4.841961e-03 -9.951920e-03 -3.588575e-02 -1.550780e-01 -3.170704e-01 -4.024008e-01 -2.632954e-01 -1.411476e-01 -1.025663e-01 -1.371594e-01 -1.036458e-01 -4.050573e-02 -1.400365e-03
<VARIANCE> 25
 7.819380e+00 1.254615e+01 1.390284e+01 1.498474e+01 2.449523e+01 2.499723e+01 2.256916e+01 2.818707e+01 3.086202e+01 2.638959e+01 2.159613e+01 1.921347e+01 1.709389e-01 3.499643e-01 4.873354e-01 5.694360e-01 7.556310e-01 1.017144e+00 1.131969e+00 1.273602e+00 1.333328e+00 1.335979e+00 1.211590e+00 1.150099e+00 2.094057e-04
<GCONST> 6.991759e+01
<MIXTURE> 127 2.402244e-03
<MEAN> 25
 -3.693726e+00 -6.891228e+00 -5.222631e+00 2.340780e+00 4.284253e+00 -3.076722e+00 5.354597e-02 3.547534e+00 3.316453e+00 -2.618665e+00 -1.438219e+00 2.994140e+00 -4.841961e-03 -9.951920e-03 -3.588575e-02 -1.550780e-01 -3.170704e-01 -4.024008e-01 -2.632954e-01 -1.411476e-01 -1.025663e-01 -1.371594e-01 -1.036458e-01 -4.050573e-02 -1.400365e-03
<VARIANCE> 25
 7.819380e+00 1.254615e+01 1.390284e+01 1.498474e+01 2.449523e+01 2.499723e+01 2.256916e+01 2.818707e+01 3.086202e+01 2.638959e+01 2.159613e+01 1.921347e+01 1.709389e-01 3.499643e-01 4.873354e-01 5.694360e-01 7.556310e-01 1.017144e+00 1.131969e+00 1.273602e+00 1.333328e+00 1.335979e+00 1.211590e+00 1.150099e+00 2.094057e-04
<GCONST> 6.991759e+01
<MIXTURE> 128 3.790457e-03
<MEAN> 25
 -3.913915e+00 1.532074e+00 -3.304717e-01 6.575530e+00 3.619387e+00 1.865776e+00 3.578876e+00 2.373608e+00 3.954557e+00 3.694112e+00 3.768126e+00 3.519995e+00 -3.961722e-01 -1.960474e-01 9.725242e-02 7.270947e-01 1.183499e+00 1.134898e+00 7.194654e-01 1.325035e-01 -4.356886e-01 -7.881750e-01 -7.028151e-01 -3.965511e-01 -4.052665e-05
<VARIANCE> 25
 1.032834e+01 1.171373e+01 1.499893e+01 1.928433e+01 1.999830e+01 2.116157e+01 2.425278e+01 2.461831e+01 2.639161e+01 2.383488e+01 2.674918e+01 1.817887e+01 8.907021e-01 1.144348e+00 1.363932e+00 1.499558e+00 1.577740e+00 1.859108e+00 2.245713e+00 2.321221e+00 2.148435e+00 1.853331e+00 1.740367e+00 1.747663e+00 1.006703e-06
<GCONST> 7.362778e+01
<TRANSP> 3
 0.000000e+00 1.000000e+00 0.000000e+00
 0.000000e+00 9.999990e-01 9.999998e-07
 0.000000e+00 0.000000e+00 0.000000e+00
<ENDHMM>
