~o
<STREAMINFO> 1 25
<VECSIZE> 25<NULLD><MFCC_E_D_N><DIAGC>
~h "jmodel"
<BEGINHMM>
<NUMSTATES> 3
<STATE> 2
<NUMMIXES> 128
<MIXTURE> 1 5.748963e-03
<MEAN> 25
 -2.543842e+00 3.173726e+00 2.297688e+00 8.667457e+00 4.316352e+00 3.429873e+00 4.040541e+00 3.912736e+00 5.742996e+00 5.222394e+00 5.818013e+00 3.083117e+00 -1.977331e+00 -1.620416e+00 -8.489838e-01 1.097314e+00 1.550802e+00 2.233070e+00 2.147561e+00 2.087213e+00 1.663952e+00 1.246380e+00 1.560179e+00 6.207734e-01 -4.671211e-02
<VARIANCE> 25
 1.014758e+01 1.169147e+01 1.480426e+01 1.907144e+01 2.386680e+01 2.254220e+01 2.179376e+01 2.181508e+01 2.138197e+01 2.232949e+01 2.132874e+01 1.699038e+01 1.835724e+00 2.101681e+00 3.007091e+00 3.231557e+00 3.734738e+00 3.350379e+00 3.309634e+00 3.363735e+00 3.559148e+00 3.734372e+00 3.495118e+00 2.822585e+00 3.099999e-03
<GCONST> 8.853993e+01
<MIXTURE> 2 4.549242e-03
<MEAN> 25
 -4.798573e+00 1.323071e+00 9.901798e-01 9.805931e+00 6.559381e+00 7.368880e+00 7.850463e+00 6.974616e+00 8.345507e+00 6.400280e+00 7.576831e+00 3.027032e+00 -6.315438e-02 4.395706e-02 1.409229e-01 2.311893e-01 2.791786e-01 2.728661e-01 2.844960e-01 3.273196e-01 3.537337e-01 3.131681e-01 1.987667e-01 9.505664e-02 6.356728e-06
<VARIANCE> 25
 7.284356e+00 8.860113e+00 1.055792e+01 1.635188e+01 1.841184e+01 1.570891e+01 1.679247e+01 1.836563e+01 1.645199e+01 1.730594e+01 1.808670e+01 1.459661e+01 1.244923e-01 2.301084e-01 3.377917e-01 4.637626e-01 6.617112e-01 8.166513e-01 9.300827e-01 1.017206e+00 1.052055e+00 1.077344e+00 1.075883e+00 1.030788e+00 1.034736e-06
<GCONST> 5.826157e+01
<MIXTURE> 3 4.549242e-03
<MEAN> 25
 -4.798573e+00 1.323071e+00 9.901798e-01 9.805931e+00 6.559381e+00 7.368880e+00 7.850463e+00 6.974616e+00 8.345507e+00 6.400280e+00 7.576831e+00 3.027032e+00 -6.315438e-02 4.395706e-02 1.409229e-01 2.311893e-01 2.791786e-01 2.728661e-01 2.844960e-01 3.273196e-01 3.537337e-01 3.131681e-01 1.987667e-01 9.505664e-02 6.356728e-06
<VARIANCE> 25
 7.284356e+00 8.860113e+00 1.055792e+01 1.635188e+01 1.841184e+01 1.570891e+01 1.679247e+01 1.836563e+01 1.645199e+01 1.730594e+01 1.808670e+01 1.459661e+01 1.244923e-01 2.301084e-01 3.377917e-01 4.637626e-01 6.617112e-01 8.166513e-01 9.300827e-01 1.017206e+00 1.052055e+00 1.077344e+00 1.075883e+00 1.030788e+00 1.034736e-06
<GCONST> 5.826157e+01
<MIXTURE> 4 1.671429e-02
<MEAN> 25
 3.215341e+00 2.704767e+00 -3.494110e+00 7.142050e-01 4.348635e+00 -1.121556e+00 -4.127159e-01 -6.147124e-01 1.391445e+00 1.891092e+00 -2.050571e+00 7.215396e-02 -2.561393e+00 1.083534e+00 1.738907e+00 3.204054e+00 9.635831e-01 7.388092e-01 1.630328e+00 1.222793e+00 7.381691e-01 3.920099e-01 1.201311e+00 9.035550e-01 -1.033388e-01
<VARIANCE> 25
 2.004590e+01 2.766371e+01 2.819622e+01 3.793397e+01 4.263455e+01 7.272945e+01 6.394086e+01 5.508456e+01 5.117238e+01 6.388195e+01 4.609663e+01 3.356403e+01 2.628046e+00 4.834836e+00 3.452088e+00 4.744495e+00 4.724697e+00 6.278167e+00 5.752750e+00 5.489996e+00 6.117388e+00 5.970008e+00 5.679395e+00 4.113735e+00 5.665008e-03
<GCONST> 1.046389e+02
<MIXTURE> 5 3.206198e-03
<MEAN> 25
 -3.338396e+00 2.230541e+00 6.218467e-01 9.197184e+00 6.313207e+00 6.334517e+00 7.210955e+00 4.889346e+00 5.407596e+00 4.033267e+00 4.722652e+00 2.472098e+00 -3.290046e-01 7.380780e-01 1.163666e+00 1.036972e+00 3.554867e-01 -1.121994e-01 -9.700079e-02 1.037506e-01 4.734824e-01 6.961583e-01 4.194605e-01 1.315973e-01 -7.819763e-05
<VARIANCE> 25
 1.055746e+01 1.359919e+01 2.284914e+01 2.671526e+01 2.445657e+01 1.965246e+01 1.989668e+01 2.076117e+01 2.219066e+01 2.181156e+01 2.353389e+01 1.876251e+01 1.180758e+00 1.246667e+00 1.425968e+00 1.629852e+00 2.291466e+00 2.313751e+00 2.226873e+00 2.347477e+00 2.325161e+00 2.206991e+00 2.028231e+00 1.880190e+00 1.072349e-06
<GCONST> 7.557933e+01
<MIXTURE> 6 5.475854e-03
<MEAN> 25
 9.650342e+00 -4.122792e-01 -6.702956e+00 -1.098557e+01 -1.999572e+00 6.632250e+00 -5.866995e+00 -5.383069e+00 -3.737302e+00 1.768381e+00 4.615566e+00 -1.252505e+00 4.898352e-01 9.016950e-01 -3.579791e-01 -1.486600e+00 -6.480030e-01 1.293155e+00 1.535877e+00 2.330364e-01 -1.193279e+00 -1.189996e+00 3.406343e-01 1.204871e+00 -7.575302e-03
<VARIANCE> 25
 9.083918e+00 1.688987e+01 2.379130e+01 3.903568e+01 3.759082e+01 3.115513e+01 4.368030e+01 3.839928e+01 4.081457e+01 3.932694e+01 4.169446e+01 2.809321e+01 3.104736e-01 8.511329e-01 9.396403e-01 1.984611e+00 1.596670e+00 2.034683e+00 1.899966e+00 2.060721e+00 2.434533e+00 2.011417e+00 2.259850e+00 1.474013e+00 6.083142e-04
<GCONST> 8.397400e+01
<MIXTURE> 7 5.475854e-03
<MEAN> 25
 9.650342e+00 -4.122792e-01 -6.702956e+00 -1.098557e+01 -1.999572e+00 6.632250e+00 -5.866995e+00 -5.383069e+00 -3.737302e+00 1.768381e+00 4.615566e+00 -1.252505e+00 4.898352e-01 9.016950e-01 -3.579791e-01 -1.486600e+00 -6.480030e-01 1.293155e+00 1.535877e+00 2.330364e-01 -1.193279e+00 -1.189996e+00 3.406343e-01 1.204871e+00 -7.575302e-03
<VARIANCE> 25
 9.083918e+00 1.688987e+01 2.379130e+01 3.903568e+01 3.759082e+01 3.115513e+01 4.368030e+01 3.839928e+01 4.081457e+01 3.932694e+01 4.169446e+01 2.809321e+01 3.104736e-01 8.511329e-01 9.396403e-01 1.984611e+00 1.596670e+00 2.034683e+00 1.899966e+00 2.060721e+00 2.434533e+00 2.011417e+00 2.259850e+00 1.474013e+00 6.083142e-04
<GCONST> 8.397400e+01
<MIXTURE> 8 1.165917e-02
<MEAN> 25
 -4.607777e+00 1.259842e+00 1.415842e+00 9.356125e+00 6.320859e+00 6.188860e+00 6.384278e+00 5.754778e+00 6.508262e+00 5.436394e+00 6.418214e+00 2.982261e+00 -6.215327e-01 -1.414703e+00 -9.618685e-01 -1.790335e+00 -2.217671e-01 -8.931943e-01 -2.244498e-01 -3.422396e-01 -2.554937e-01 -1.187345e-01 -2.257818e-01 1.262382e-01 9.764372e-02
<VARIANCE> 25
 9.457820e+00 9.785706e+00 1.183979e+01 1.656365e+01 1.771781e+01 1.535718e+01 1.774351e+01 1.713259e+01 1.727269e+01 1.779793e+01 1.890217e+01 1.458287e+01 2.691622e+00 2.723690e+00 4.118175e+00 3.803745e+00 3.339674e+00 3.311417e+00 3.083748e+00 3.050771e+00 2.796726e+00 2.652722e+00 2.362359e+00 2.010064e+00 6.516867e-03
<GCONST> 8.634066e+01
<MIXTURE> 9 1.199672e-02
<MEAN> 25
 8.634113e+00 2.749987e+00 -6.540472e+00 -9.941653e+00 -6.851743e-01 3.785888e+00 -2.247936e+00 -4.462693e+00 -6.244534e+00 -1.472917e+00 8.433452e-01 -3.791122e-01 1.339738e+00 1.384275e-01 -5.996904e-01 -2.789313e+00 -1.668047e+00 5.505592e-01 -5.906900e-01 -4.002374e-01 4.815849e-02 -3.264044e-01 8.390669e-01 -2.379982e-01 6.744193e-02
<VARIANCE> 25
 1.207420e+01 1.971582e+01 3.045602e+01 4.941718e+01 5.193322e+01 3.335774e+01 3.678046e+01 6.348668e+01 3.816039e+01 3.509723e+01 3.083837e+01 2.317386e+01 1.811288e+00 2.343050e+00 3.855888e+00 4.093906e+00 4.236077e+00 3.830744e+00 4.155723e+00 5.629645e+00 4.645533e+00 3.793432e+00 4.032149e+00 2.627480e+00 1.991340e-03
<GCONST> 9.687514e+01
<MIXTURE> 10 6.596976e-03
<MEAN> 25
 8.131216e-01 7.266187e+00 4.885438e+00 6.678533e+00 2.128682e+00 -2.542241e+00 -5.744556e-01 -1.715396e+00 8.759399e-01 1.182347e+00 3.498227e-01 8.493186e-01 -1.726337e+00 -6.757334e-01 -3.168238e-01 3.159989e+00 2.299065e+00 2.816833e+00 2.442114e+00 2.398881e+00 1.618912e+00 1.348797e+00 2.275132e+00 5.700350e-01 -1.338922e-01
<VARIANCE> 25
 1.787091e+01 2.038463e+01 2.277876e+01 2.936350e+01 3.853333e+01 3.485929e+01 3.366616e+01 3.295242e+01 2.529247e+01 2.932682e+01 2.705670e+01 2.381948e+01 2.447100e+00 3.134947e+00 5.258432e+00 4.903530e+00 5.398945e+00 4.206521e+00 4.346084e+00 4.576410e+00 4.647092e+00 4.985575e+00 4.135555e+00 2.937580e+00 2.655004e-03
<GCONST> 9.675134e+01
<MIXTURE> 11 1.633820e-02
<MEAN> 25
 6.961168e+00 3.610308e+00 2.981404e+00 5.314773e+00 -2.908785e+00 -2.118930e+00 -2.798769e+00 -5.508883e+00 -2.889494e+00 4.718533e-01 -1.464555e+00 -1.328280e+00 -3.222671e-01 4.141336e-01 2.391747e-01 2.058260e-01 3.784556e-01 1.198925e-01 2.979035e-01 -1.742680e-01 -2.072310e-01 1.503567e-01 -2.176723e-01 4.636835e-02 -1.256327e-02
<VARIANCE> 25
 1.107545e+01 2.116508e+01 1.730225e+01 2.657862e+01 3.293769e+01 3.440642e+01 4.264837e+01 3.963091e+01 3.847496e+01 3.107475e+01 3.429134e+01 2.719025e+01 1.045864e+00 1.063156e+00 1.459681e+00 1.919664e+00 1.958878e+00 2.658144e+00 2.264301e+00 2.441424e+00 2.097951e+00 2.284502e+00 1.795135e+00 1.676560e+00 9.035504e-04
<GCONST> 8.608064e+01
<MIXTURE> 12 5.904134e-03
<MEAN> 25
 1.076233e+01 3.742575e+00 -4.498913e+00 -1.598689e+01 -8.692981e+00 8.640876e+00 -8.945407e-01 -1.919464e+00 -1.721324e+00 -4.883742e+00 1.773770e+00 7.164012e-01 6.769700e-02 2.937821e-01 7.931200e-02 -3.681429e-01 -3.104670e-01 2.926662e-02 3.064828e-01 4.474305e-01 1.416846e-01 -3.844050e-01 -3.860632e-01 5.343999e-02 -6.302326e-03
<VARIANCE> 25
 8.897298e+00 2.099310e+01 2.339425e+01 3.510692e+01 4.206722e+01 3.097009e+01 4.179040e+01 4.901338e+01 4.405773e+01 3.738490e+01 3.798124e+01 2.892134e+01 2.466913e-01 6.880712e-01 6.859222e-01 1.170028e+00 1.186063e+00 1.053784e+00 1.172632e+00 1.385969e+00 1.241259e+00 1.221924e+00 1.221577e+00 9.565566e-01 5.784332e-04
<GCONST> 7.892557e+01
<MIXTURE> 13 5.904134e-03
<MEAN> 25
 1.076233e+01 3.742575e+00 -4.498913e+00 -1.598689e+01 -8.692981e+00 8.640876e+00 -8.945407e-01 -1.919464e+00 -1.721324e+00 -4.883742e+00 1.773770e+00 7.164012e-01 6.769700e-02 2.937821e-01 7.931200e-02 -3.681429e-01 -3.104670e-01 2.926662e-02 3.064828e-01 4.474305e-01 1.416846e-01 -3.844050e-01 -3.860632e-01 5.343999e-02 -6.302326e-03
<VARIANCE> 25
 8.897298e+00 2.099310e+01 2.339425e+01 3.510692e+01 4.206722e+01 3.097009e+01 4.179040e+01 4.901338e+01 4.405773e+01 3.738490e+01 3.798124e+01 2.892134e+01 2.466913e-01 6.880712e-01 6.859222e-01 1.170028e+00 1.186063e+00 1.053784e+00 1.172632e+00 1.385969e+00 1.241259e+00 1.221924e+00 1.221577e+00 9.565566e-01 5.784332e-04
<GCONST> 7.892557e+01
<MIXTURE> 14 6.488954e-03
<MEAN> 25
 -4.300971e+00 -3.437060e-01 -2.848836e-01 8.865263e+00 7.413768e+00 7.386916e+00 7.828716e+00 7.343546e+00 7.172516e+00 5.251920e+00 6.863612e+00 4.089807e+00 -2.749330e-01 1.895609e-01 3.531744e-01 3.150239e-01 2.260273e-02 5.373588e-02 9.145563e-02 1.938557e-01 2.985181e-01 5.374467e-01 5.039526e-01 8.817431e-02 -9.232755e-03
<VARIANCE> 25
 9.508333e+00 1.383810e+01 1.856273e+01 1.812823e+01 2.195120e+01 1.990528e+01 2.144346e+01 2.050731e+01 2.109238e+01 2.386430e+01 2.128807e+01 1.698634e+01 9.581762e-01 1.640067e+00 1.774396e+00 1.930344e+00 2.258417e+00 2.243311e+00 2.246742e+00 2.252423e+00 2.289107e+00 2.500632e+00 2.184680e+00 1.812084e+00 1.020885e-03
<GCONST> 8.208385e+01
<MIXTURE> 15 2.475190e-03
<MEAN> 25
 -5.340990e+00 -6.548514e-01 -1.761159e-01 7.316459e+00 5.643887e+00 5.638064e+00 6.017519e+00 4.998790e+00 5.214222e+00 4.189259e+00 5.455693e+00 2.489156e+00 -1.255776e-01 -2.351611e-02 7.907908e-02 2.526670e-01 4.927756e-01 7.765985e-01 1.069066e+00 1.179256e+00 1.041225e+00 7.525940e-01 4.375667e-01 1.618370e-01 -5.492089e-05
<VARIANCE> 25
 7.333251e+00 5.570280e+00 8.970169e+00 1.284090e+01 1.436747e+01 1.441930e+01 1.493143e+01 1.475798e+01 1.417050e+01 1.416838e+01 1.507073e+01 1.257407e+01 1.258319e-01 2.063329e-01 3.181474e-01 5.024260e-01 6.934264e-01 7.922500e-01 7.641143e-01 7.854936e-01 9.376871e-01 1.015375e+00 1.109451e+00 1.041178e+00 2.783364e-05
<GCONST> 5.869048e+01
<MIXTURE> 16 2.475190e-03
<MEAN> 25
 -5.340990e+00 -6.548514e-01 -1.761159e-01 7.316459e+00 5.643887e+00 5.638064e+00 6.017519e+00 4.998790e+00 5.214222e+00 4.189259e+00 5.455693e+00 2.489156e+00 -1.255776e-01 -2.351611e-02 7.907908e-02 2.526670e-01 4.927756e-01 7.765985e-01 1.069066e+00 1.179256e+00 1.041225e+00 7.525940e-01 4.375667e-01 1.618370e-01 -5.492089e-05
<VARIANCE> 25
 7.333251e+00 5.570280e+00 8.970169e+00 1.284090e+01 1.436747e+01 1.441930e+01 1.493143e+01 1.475798e+01 1.417050e+01 1.416838e+01 1.507073e+01 1.257407e+01 1.258319e-01 2.063329e-01 3.181474e-01 5.024260e-01 6.934264e-01 7.922500e-01 7.641143e-01 7.854936e-01 9.376871e-01 1.015375e+00 1.109451e+00 1.041178e+00 2.783364e-05
<GCONST> 5.869048e+01
<MIXTURE> 17 9.518312e-03
<MEAN> 25
 3.672415e+00 -7.744626e-01 6.356903e+00 2.341011e+00 -5.912638e+00 -6.214025e+00 -3.063259e+00 -1.121891e-01 -2.575632e+00 -3.181409e+00 7.767630e-02 -4.308417e-02 -7.522430e-01 -1.204417e+00 1.285692e+00 -2.128491e+00 -2.319205e+00 -1.699834e-01 1.655312e-01 7.107229e-01 -2.682569e-01 -1.677788e-01 9.990923e-01 4.037580e-01 8.141843e-02
<VARIANCE> 25
 1.650761e+01 3.081553e+01 2.970481e+01 3.962756e+01 4.458051e+01 4.948132e+01 4.194316e+01 3.470378e+01 3.518247e+01 2.681144e+01 2.797407e+01 2.746402e+01 1.816023e+00 2.672254e+00 4.031308e+00 3.099396e+00 4.114301e+00 5.589396e+00 4.933240e+00 4.742496e+00 4.018941e+00 4.040570e+00 3.055430e+00 2.728016e+00 2.117746e-03
<GCONST> 9.686845e+01
<MIXTURE> 18 1.221018e-02
<MEAN> 25
 3.878522e+00 4.542072e+00 6.607837e+00 4.678507e+00 -4.447466e+00 -8.375388e+00 -1.805469e+00 -1.251228e+00 -3.464361e+00 -2.446097e+00 -8.967717e-01 5.759407e-01 -7.404531e-01 2.103854e+00 -1.814956e-01 2.053709e+00 3.108994e+00 1.480756e+00 8.079225e-01 -1.637112e-01 5.884621e-01 5.111569e-01 -2.884115e-01 -2.911469e-02 -1.225437e-01
<VARIANCE> 25
 1.605951e+01 2.533717e+01 3.311565e+01 2.628173e+01 4.060360e+01 3.327819e+01 3.828107e+01 3.502914e+01 3.989592e+01 3.608733e+01 3.198365e+01 3.038088e+01 2.543092e+00 3.127529e+00 4.661280e+00 4.027097e+00 4.041104e+00 4.634660e+00 4.608805e+00 4.488746e+00 4.468092e+00 4.243193e+00 4.488149e+00 3.621398e+00 4.133756e-03
<GCONST> 9.849312e+01
<MIXTURE> 19 9.912824e-03
<MEAN> 25
 -1.001403e+01 1.787756e+00 3.603646e-01 1.057040e+00 3.924077e+00 1.639937e+00 3.345332e+00 1.167006e+00 2.024874e+00 1.169085e+00 1.085626e+00 2.017723e+00 2.077778e+00 1.726794e+00 2.137636e+00 7.154682e-01 -1.051807e+00 -1.028172e+00 -1.048090e+00 -1.425781e+00 -1.482176e+00 -1.135318e+00 -8.409426e-01 -8.010774e-01 1.880769e-03
<VARIANCE> 25
 5.406406e+01 2.992893e+01 4.802925e+01 5.360322e+01 3.364918e+01 3.259689e+01 3.113400e+01 2.943180e+01 2.853192e+01 2.701012e+01 2.992980e+01 1.960013e+01 2.398029e+00 2.219381e+00 2.209420e+00 2.423023e+00 2.547193e+00 2.241216e+00 2.431711e+00 2.425801e+00 2.129104e+00 2.031765e+00 2.279098e+00 1.799105e+00 2.416931e-03
<GCONST> 9.174835e+01
<MIXTURE> 20 6.308331e-03
<MEAN> 25
 -1.417979e+01 7.415222e+00 8.453317e-01 6.151776e+00 4.842873e+00 1.637634e+00 5.208772e+00 8.538055e-01 9.217663e-01 7.990893e-01 2.568673e+00 -3.024140e-01 -3.285676e+00 -8.668065e-01 -1.565009e+00 3.328088e-01 1.541023e+00 2.062753e+00 1.978956e+00 2.056059e+00 2.144512e+00 2.040153e+00 1.684692e+00 9.453018e-01 4.731807e-02
<VARIANCE> 25
 1.967998e+01 2.345971e+01 3.095660e+01 3.717360e+01 3.085176e+01 2.789159e+01 2.993130e+01 3.147102e+01 2.796309e+01 2.821083e+01 2.515719e+01 2.091882e+01 2.092267e+00 2.182124e+00 1.909865e+00 2.541368e+00 2.702521e+00 2.313876e+00 2.310487e+00 2.319843e+00 2.235667e+00 2.652085e+00 2.241137e+00 1.865528e+00 1.886316e-03
<GCONST> 8.921951e+01
<MIXTURE> 21 7.928653e-03
<MEAN> 25
 3.992902e+00 -4.523901e+00 5.751667e+00 -1.542244e+00 -1.055339e+01 -8.715806e+00 -2.606536e+00 4.157926e+00 -2.078619e+00 -3.415378e+00 2.424629e-01 3.377249e-01 -7.196803e-01 1.339107e+00 2.585525e+00 -4.482806e-02 -1.551473e+00 3.394507e-01 5.889554e-01 -1.493536e+00 -1.956305e+00 3.188342e-01 1.323426e+00 2.443083e-01 -1.275177e-02
<VARIANCE> 25
 8.963368e+00 1.870727e+01 2.978434e+01 2.837031e+01 2.883228e+01 3.324421e+01 4.290553e+01 3.937827e+01 4.287953e+01 3.166375e+01 3.377310e+01 2.318414e+01 3.763146e-01 9.501603e-01 1.860597e+00 1.288965e+00 2.210924e+00 2.197056e+00 3.636268e+00 2.503520e+00 2.163160e+00 2.602096e+00 2.017610e+00 2.283024e+00 4.282250e-04
<GCONST> 8.511751e+01
<MIXTURE> 22 8.827789e-03
<MEAN> 25
 -1.792091e+01 7.154785e+00 -4.131347e+00 7.392482e+00 4.602546e+00 2.761039e+00 8.399819e+00 1.748462e+00 5.379299e+00 3.301012e+00 5.716434e+00 1.185148e+00 -3.095726e-01 -2.075880e-01 -1.255633e-01 -1.492641e-01 -7.208806e-03 1.369678e-01 1.807591e-01 1.779423e-01 2.484757e-01 2.073076e-01 1.726615e-01 1.924446e-01 8.857626e-03
<VARIANCE> 25
 8.116920e+00 1.682541e+01 1.738343e+01 2.517213e+01 2.289636e+01 2.083704e+01 1.943101e+01 1.871084e+01 1.813996e+01 2.086667e+01 1.924184e+01 1.378720e+01 1.090756e+00 1.357369e+00 1.363971e+00 1.572030e+00 1.408815e+00 1.526971e+00 1.508942e+00 1.532825e+00 1.614233e+00 1.544764e+00 1.357418e+00 1.168007e+00 1.745583e-03
<GCONST> 7.830949e+01
<MIXTURE> 23 6.455497e-03
<MEAN> 25
 7.496386e+00 2.387249e+00 2.966579e+00 2.373762e+00 -4.636006e+00 -2.867234e+00 -4.206523e+00 -5.721805e+00 -3.136957e+00 -8.370481e-01 -3.457087e+00 -1.853651e+00 3.923617e-02 1.496492e-01 1.920988e-02 3.985056e-02 -2.447771e-02 2.834249e-02 1.345029e-03 -7.115027e-02 1.233471e-03 7.271812e-02 3.176486e-02 3.729092e-02 -4.262902e-03
<VARIANCE> 25
 1.119225e+01 2.017603e+01 2.310600e+01 3.738481e+01 3.548840e+01 5.191728e+01 5.563144e+01 5.695734e+01 4.544561e+01 4.291642e+01 4.760529e+01 3.812640e+01 1.120017e-01 2.801829e-01 3.963348e-01 4.924300e-01 6.101760e-01 7.466125e-01 9.209426e-01 8.326574e-01 8.833064e-01 8.791183e-01 8.676800e-01 7.563392e-01 9.195132e-05
<GCONST> 7.267199e+01
<MIXTURE> 24 6.455497e-03
<MEAN> 25
 7.496386e+00 2.387249e+00 2.966579e+00 2.373762e+00 -4.636006e+00 -2.867234e+00 -4.206523e+00 -5.721805e+00 -3.136957e+00 -8.370481e-01 -3.457087e+00 -1.853651e+00 3.923617e-02 1.496492e-01 1.920988e-02 3.985056e-02 -2.447771e-02 2.834249e-02 1.345029e-03 -7.115027e-02 1.233471e-03 7.271812e-02 3.176486e-02 3.729092e-02 -4.262902e-03
<VARIANCE> 25
 1.119225e+01 2.017603e+01 2.310600e+01 3.738481e+01 3.548840e+01 5.191728e+01 5.563144e+01 5.695734e+01 4.544561e+01 4.291642e+01 4.760529e+01 3.812640e+01 1.120017e-01 2.801829e-01 3.963348e-01 4.924300e-01 6.101760e-01 7.466125e-01 9.209426e-01 8.326574e-01 8.833064e-01 8.791183e-01 8.676800e-01 7.563392e-01 9.195132e-05
<GCONST> 7.267199e+01
<MIXTURE> 25 1.118642e-02
<MEAN> 25
 3.042495e-01 3.461971e+00 1.672145e+01 -1.029292e+00 -1.130187e+01 -1.758823e+00 -5.010162e+00 -2.933291e+00 -6.943440e+00 -5.410154e+00 4.127184e+00 -1.619476e+00 -1.337910e-01 4.354116e-01 1.684361e-01 1.463805e-01 2.110353e-01 1.107574e-01 1.962534e-01 -1.626002e-01 -2.432817e-01 7.403921e-02 -7.185454e-02 -1.034616e-01 -1.281192e-02
<VARIANCE> 25
 8.817692e+00 2.217677e+01 2.158562e+01 2.854533e+01 3.164319e+01 4.089550e+01 2.729139e+01 2.988144e+01 2.828519e+01 3.669311e+01 2.099864e+01 2.759352e+01 5.934286e-01 1.442526e+00 1.399232e+00 1.382516e+00 2.272274e+00 2.030438e+00 1.753899e+00 1.634083e+00 1.544601e+00 1.646463e+00 1.345768e+00 1.298764e+00 1.278783e-03
<GCONST> 8.273885e+01
<MIXTURE> 26 7.727677e-03
<MEAN> 25
 1.958979e+00 -6.294584e+00 -1.032686e+01 -7.561711e-01 7.961882e+00 4.796753e+00 3.929249e+00 -5.149266e-01 2.069501e+00 -1.458939e+00 -2.961113e+00 -1.161361e+00 -6.648092e-01 5.965826e-01 4.128971e-01 7.032040e-01 9.822422e-02 2.884626e-01 3.444456e-01 3.999814e-01 1.982196e-01 1.513427e-01 3.882777e-01 3.798641e-01 -4.937794e-02
<VARIANCE> 25
 2.502920e+01 3.303293e+01 2.502726e+01 5.992235e+01 3.772327e+01 5.082104e+01 4.464359e+01 4.353020e+01 3.890543e+01 5.782438e+01 3.854928e+01 4.551167e+01 1.609292e+00 1.890436e+00 1.968949e+00 1.937938e+00 2.432286e+00 2.316710e+00 2.502159e+00 2.803917e+00 2.506166e+00 2.353911e+00 2.086871e+00 1.972139e+00 3.416038e-03
<GCONST> 9.393591e+01
<MIXTURE> 27 7.727677e-03
<MEAN> 25
 1.958979e+00 -6.294584e+00 -1.032686e+01 -7.561711e-01 7.961882e+00 4.796753e+00 3.929249e+00 -5.149266e-01 2.069501e+00 -1.458939e+00 -2.961113e+00 -1.161361e+00 -6.648092e-01 5.965826e-01 4.128971e-01 7.032040e-01 9.822422e-02 2.884626e-01 3.444456e-01 3.999814e-01 1.982196e-01 1.513427e-01 3.882777e-01 3.798641e-01 -4.937794e-02
<VARIANCE> 25
 2.502920e+01 3.303293e+01 2.502726e+01 5.992235e+01 3.772327e+01 5.082104e+01 4.464359e+01 4.353020e+01 3.890543e+01 5.782438e+01 3.854928e+01 4.551167e+01 1.609292e+00 1.890436e+00 1.968949e+00 1.937938e+00 2.432286e+00 2.316710e+00 2.502159e+00 2.803917e+00 2.506166e+00 2.353911e+00 2.086871e+00 1.972139e+00 3.416038e-03
<GCONST> 9.393591e+01
<MIXTURE> 28 5.036674e-03
<MEAN> 25
 -4.625709e+00 -4.216074e-02 -1.293406e+00 6.065736e+00 4.799444e+00 3.513142e+00 5.274460e+00 3.342236e+00 3.879267e+00 2.483486e+00 2.854110e+00 3.240372e+00 -2.416860e-02 2.049074e-01 5.723681e-01 8.343775e-01 7.646452e-01 7.695931e-01 5.048581e-01 4.873432e-01 4.050871e-01 4.380278e-01 3.804389e-01 2.161726e-01 -1.749080e-05
<VARIANCE> 25
 1.322509e+01 7.506070e+00 1.149600e+01 1.546262e+01 1.460964e+01 1.629732e+01 1.746295e+01 1.749257e+01 1.675111e+01 1.593135e+01 1.869718e+01 1.475702e+01 3.294038e-01 3.093945e-01 3.894466e-01 4.623618e-01 5.940488e-01 9.126789e-01 1.012334e+00 1.130870e+00 1.024757e+00 9.265130e-01 1.026157e+00 9.997885e-01 1.212734e-06
<GCONST> 6.000270e+01
<MIXTURE> 29 5.036674e-03
<MEAN> 25
 -4.625709e+00 -4.216074e-02 -1.293406e+00 6.065736e+00 4.799444e+00 3.513142e+00 5.274460e+00 3.342236e+00 3.879267e+00 2.483486e+00 2.854110e+00 3.240372e+00 -2.416860e-02 2.049074e-01 5.723681e-01 8.343775e-01 7.646452e-01 7.695931e-01 5.048581e-01 4.873432e-01 4.050871e-01 4.380278e-01 3.804389e-01 2.161726e-01 -1.749080e-05
<VARIANCE> 25
 1.322509e+01 7.506070e+00 1.149600e+01 1.546262e+01 1.460964e+01 1.629732e+01 1.746295e+01 1.749257e+01 1.675111e+01 1.593135e+01 1.869718e+01 1.475702e+01 3.294038e-01 3.093945e-01 3.894466e-01 4.623618e-01 5.940488e-01 9.126789e-01 1.012334e+00 1.130870e+00 1.024757e+00 9.265130e-01 1.026157e+00 9.997885e-01 1.212734e-06
<GCONST> 6.000270e+01
<MIXTURE> 30 8.917812e-03
<MEAN> 25
 -4.403838e+00 -1.995051e-01 6.902514e-01 9.016453e+00 7.623582e+00 7.440923e+00 7.527948e+00 6.841291e+00 6.493271e+00 4.903773e+00 6.923772e+00 3.474487e+00 -2.284112e-02 2.489464e-02 5.917484e-02 9.287130e-02 8.581410e-02 4.102799e-02 2.393663e-03 -4.587763e-03 1.636696e-02 5.277615e-02 5.723967e-02 3.668637e-02 -5.186724e-04
<VARIANCE> 25
 7.236140e+00 9.768364e+00 1.045265e+01 1.385875e+01 1.669877e+01 1.653846e+01 1.906141e+01 1.803722e+01 1.614776e+01 1.822121e+01 2.130468e+01 1.425078e+01 9.669418e-02 1.999067e-01 3.248608e-01 4.781889e-01 6.286219e-01 7.270864e-01 7.714459e-01 8.061540e-01 8.862585e-01 9.320697e-01 9.171995e-01 8.750374e-01 5.095117e-05
<GCONST> 6.068039e+01
<MIXTURE> 31 4.136493e-03
<MEAN> 25
 -3.106182e+00 -5.358695e+00 1.830294e-01 4.712491e+00 3.255043e+00 1.793823e+00 5.181718e+00 6.660439e+00 2.902714e+00 1.375821e+00 6.328207e+00 2.944774e+00 2.567933e-01 4.783320e-01 -2.094443e-01 2.979969e-01 1.157414e-01 4.111381e-01 2.613297e-01 9.921127e-02 4.582238e-01 3.716265e-01 4.795774e-02 1.153673e-01 -1.762798e-02
<VARIANCE> 25
 7.656707e+00 1.637013e+01 1.713630e+01 1.873656e+01 2.749935e+01 2.324334e+01 2.362509e+01 2.466859e+01 2.523958e+01 2.779087e+01 2.014377e+01 1.918452e+01 2.022030e-01 4.775292e-01 5.780752e-01 7.429593e-01 9.678970e-01 1.112186e+00 1.459915e+00 1.474604e+00 1.436383e+00 1.319546e+00 1.377429e+00 1.123411e+00 2.527028e-04
<GCONST> 7.233820e+01
<MIXTURE> 32 4.136493e-03
<MEAN> 25
 -3.106182e+00 -5.358695e+00 1.830294e-01 4.712491e+00 3.255043e+00 1.793823e+00 5.181718e+00 6.660439e+00 2.902714e+00 1.375821e+00 6.328207e+00 2.944774e+00 2.567933e-01 4.783320e-01 -2.094443e-01 2.979969e-01 1.157414e-01 4.111381e-01 2.613297e-01 9.921127e-02 4.582238e-01 3.716265e-01 4.795774e-02 1.153673e-01 -1.762798e-02
<VARIANCE> 25
 7.656707e+00 1.637013e+01 1.713630e+01 1.873656e+01 2.749935e+01 2.324334e+01 2.362509e+01 2.466859e+01 2.523958e+01 2.779087e+01 2.014377e+01 1.918452e+01 2.022030e-01 4.775292e-01 5.780752e-01 7.429593e-01 9.678970e-01 1.112186e+00 1.459915e+00 1.474604e+00 1.436383e+00 1.319546e+00 1.377429e+00 1.123411e+00 2.527028e-04
<GCONST> 7.233820e+01
<MIXTURE> 33 1.508826e-02
<MEAN> 25
 6.366817e+00 -3.909413e+00 -2.199553e+00 -2.600800e+00 -1.807837e+00 -5.629496e+00 -7.084717e+00 1.598883e+00 2.204517e+00 -5.109228e-01 -4.532511e+00 -2.796998e+00 6.231851e-01 -1.143894e+00 -2.417722e+00 -1.783299e+00 1.464106e+00 1.320497e+00 -7.594038e-01 5.758622e-01 1.014340e+00 6.206528e-01 -3.367155e-01 -1.287987e+00 3.654394e-02
<VARIANCE> 25
 1.045175e+01 2.045099e+01 2.819483e+01 3.621263e+01 4.164338e+01 4.377083e+01 4.193173e+01 4.570477e+01 4.078427e+01 4.193232e+01 3.434779e+01 2.784382e+01 1.161678e+00 2.052396e+00 2.135112e+00 2.227295e+00 4.068546e+00 3.497867e+00 4.248471e+00 5.523521e+00 3.709398e+00 4.320768e+00 3.272035e+00 2.566499e+00 1.483389e-03
<GCONST> 9.424215e+01
<MIXTURE> 34 1.588179e-02
<MEAN> 25
 8.643924e+00 1.978318e-01 -9.739570e-02 5.920491e-01 -2.778778e+00 -2.251634e+00 -6.385520e+00 -5.025966e+00 -1.490546e+00 3.018960e-01 -2.693185e+00 -3.549663e+00 -4.827445e-02 1.329851e+00 1.399724e+00 2.402967e+00 1.000196e-01 -8.539299e-02 7.841493e-01 -1.556807e+00 -9.739786e-01 3.687967e-01 -5.736750e-01 2.273905e-01 -6.301162e-02
<VARIANCE> 25
 8.528495e+00 2.971356e+01 2.875360e+01 5.375325e+01 4.060661e+01 5.559203e+01 5.324242e+01 5.565306e+01 5.209795e+01 4.143197e+01 4.580136e+01 3.021424e+01 1.220024e+00 1.884956e+00 4.142134e+00 3.874553e+00 5.692334e+00 5.633868e+00 5.300756e+00 6.038608e+00 5.036680e+00 4.980713e+00 4.762462e+00 3.684146e+00 1.131647e-03
<GCONST> 9.929626e+01
<MIXTURE> 35 1.467755e-02
<MEAN> 25
 -1.681444e+00 -6.564695e+00 -9.912993e+00 1.245244e+00 9.139451e+00 -1.023372e+00 -1.084946e-01 1.653909e+00 2.255968e+00 5.135163e+00 8.460107e-02 2.475929e+00 3.057942e-01 -9.760606e-01 -1.427736e+00 -1.216938e+00 7.581817e-01 -1.198057e+00 -7.055821e-01 -3.718184e-01 2.469802e-01 -2.683516e-01 -7.199871e-01 -3.723312e-01 9.990931e-02
<VARIANCE> 25
 1.671717e+01 3.467107e+01 3.728442e+01 5.363387e+01 3.641872e+01 6.170715e+01 5.269659e+01 3.857571e+01 4.665944e+01 3.548161e+01 3.021912e+01 2.740789e+01 3.151154e+00 3.365196e+00 5.519590e+00 4.960344e+00 4.817116e+00 5.169014e+00 4.221091e+00 4.039396e+00 5.048668e+00 5.965707e+00 3.363675e+00 3.458088e+00 4.668952e-03
<GCONST> 1.015900e+02
<MIXTURE> 36 1.093293e-02
<MEAN> 25
 4.477296e+00 -2.903817e+00 6.036020e+00 1.783314e+00 -9.101138e+00 -7.904283e+00 -6.010612e+00 2.566731e+00 -1.663656e+00 -3.799511e+00 2.600048e+00 1.051463e-01 3.522482e-01 1.657777e-01 -8.693525e-01 4.740200e-02 8.402709e-01 -7.415079e-02 -4.923919e-01 2.342866e-02 4.270452e-01 6.110968e-01 -4.296583e-01 -3.421214e-01 -1.388477e-02
<VARIANCE> 25
 9.035069e+00 1.497897e+01 2.132689e+01 2.990454e+01 3.172219e+01 3.478256e+01 4.136297e+01 3.197282e+01 3.892478e+01 3.021922e+01 2.432647e+01 2.215970e+01 4.498718e-01 6.506071e-01 1.539122e+00 1.055936e+00 1.765570e+00 1.797784e+00 2.672023e+00 1.955236e+00 2.209093e+00 1.663571e+00 1.487812e+00 1.411274e+00 6.465237e-04
<GCONST> 8.163084e+01
<MIXTURE> 37 1.246826e-02
<MEAN> 25
 5.237744e-01 7.715943e+00 1.194875e+01 -5.551945e+00 -7.967119e+00 -1.089610e+00 -5.083582e+00 -8.312498e+00 -3.726346e+00 -9.156814e-01 -3.681643e+00 -1.307182e+00 1.858575e-01 6.382332e-01 -1.340652e+00 3.583815e+00 1.990796e+00 -2.983369e-01 1.082290e+00 4.492781e-01 5.139881e-01 -3.270244e-01 5.418547e-01 -8.291584e-02 -9.453009e-02
<VARIANCE> 25
 1.592175e+01 2.626256e+01 3.194948e+01 5.073024e+01 3.421019e+01 3.226547e+01 4.368798e+01 3.483675e+01 3.869183e+01 3.643267e+01 3.749988e+01 3.068289e+01 2.938544e+00 3.404345e+00 3.021843e+00 4.086783e+00 4.594163e+00 3.774866e+00 4.216709e+00 3.809762e+00 3.465777e+00 3.602775e+00 3.846327e+00 2.802650e+00 3.929548e-03
<GCONST> 9.781631e+01
<MIXTURE> 38 1.154525e-02
<MEAN> 25
 -4.474453e+00 8.969115e+00 4.596794e+00 3.230575e+00 8.460511e-01 -5.218654e+00 -6.067193e-01 -2.745430e+00 -2.855522e+00 -3.102479e+00 -1.490469e+00 -5.426350e-01 -4.516532e+00 1.251108e+00 -3.106421e-01 1.454068e+00 2.561259e+00 1.393032e+00 2.051012e+00 9.534830e-01 7.849333e-01 6.383518e-01 1.003771e+00 3.252582e-01 4.854393e-02
<VARIANCE> 25
 3.139620e+01 2.960465e+01 3.904081e+01 3.300970e+01 4.885001e+01 3.561039e+01 3.635351e+01 4.163076e+01 3.486930e+01 3.253559e+01 2.429223e+01 2.872355e+01 2.358081e+00 3.940473e+00 3.909052e+00 5.162681e+00 4.253509e+00 5.019328e+00 4.780157e+00 4.642039e+00 4.446809e+00 4.937588e+00 4.389896e+00 3.263834e+00 2.049276e-03
<GCONST> 9.926388e+01
<MIXTURE> 39 9.501865e-03
<MEAN> 25
 -3.237425e-01 2.360214e+00 8.206635e+00 -8.981015e+00 -9.145049e+00 -1.216811e-01 -1.539259e+00 -6.358426e+00 -4.609912e+00 1.007923e-01 -3.771498e+00 -2.874530e+00 -6.851063e-01 1.685338e+00 1.667991e+00 -1.663253e+00 3.527144e-02 1.568541e+00 -1.282970e+00 -1.077683e+00 1.057273e+00 4.104137e-01 -7.208351e-01 1.672858e-01 2.824699e-04
<VARIANCE> 25
 1.389895e+01 2.505704e+01 3.613045e+01 3.199673e+01 4.010075e+01 3.772715e+01 4.089496e+01 2.689415e+01 3.708639e+01 2.942683e+01 2.937900e+01 2.428437e+01 5.499251e-01 1.363079e+00 1.259606e+00 2.480897e+00 2.096664e+00 3.032305e+00 2.728168e+00 2.472084e+00 3.659272e+00 2.705374e+00 1.850210e+00 1.923936e+00 9.470559e-04
<GCONST> 8.795219e+01
<MIXTURE> 40 1.030800e-02
<MEAN> 25
 -6.917413e+00 1.839834e+00 -5.805894e-01 7.174860e+00 2.732916e+00 4.778193e+00 4.613066e+00 4.377645e+00 4.191813e+00 3.967971e+00 5.024737e+00 1.513535e+00 -4.216473e-02 -2.287062e-01 2.808268e-02 -2.966666e-01 -1.765007e-01 -7.332639e-02 -1.067768e-01 1.874295e-01 7.881496e-02 -8.981412e-04 1.111044e-01 9.749036e-02 5.503975e-03
<VARIANCE> 25
 5.066183e+01 1.694518e+01 2.526623e+01 2.580935e+01 2.495242e+01 1.773672e+01 1.858474e+01 1.686076e+01 1.688407e+01 1.615022e+01 1.750381e+01 1.352838e+01 7.127740e-01 6.584199e-01 8.871180e-01 9.885840e-01 1.156760e+00 1.168579e+00 1.358022e+00 1.222977e+00 1.221525e+00 1.054553e+00 1.127480e+00 1.010764e+00 8.251093e-04
<GCONST> 7.530261e+01
<MIXTURE> 41 6.713375e-03
<MEAN> 25
 1.131277e+00 1.609333e+00 1.040904e+01 -7.046962e+00 -1.004572e+01 -3.459929e+00 -2.464553e+00 -4.903914e+00 -4.354514e+00 2.715997e+00 -1.854061e+00 -8.605409e-01 9.758009e-02 -7.048026e-01 1.602549e+00 -3.480178e+00 -2.453896e+00 -2.941142e-01 -5.245183e-01 -5.314630e-01 -8.067843e-01 9.447187e-01 -1.069256e+00 5.267298e-02 8.484460e-02
<VARIANCE> 25
 1.173811e+01 2.893966e+01 3.128262e+01 3.846417e+01 4.012659e+01 4.198632e+01 3.533231e+01 3.005842e+01 3.300890e+01 2.820124e+01 3.160416e+01 2.607826e+01 3.036360e+00 3.188899e+00 3.883290e+00 3.804380e+00 4.760444e+00 6.467564e+00 4.515862e+00 4.892129e+00 3.831765e+00 4.436686e+00 3.741254e+00 3.100929e+00 2.812010e-03
<GCONST> 9.771165e+01
<MIXTURE> 42 1.106211e-02
<MEAN> 25
 -1.865246e+00 4.468472e+00 4.689396e+00 2.675657e+00 6.007028e-02 -6.114596e+00 -9.747854e-01 -1.972175e+00 -1.544560e+00 -1.246498e+00 -2.437858e+00 1.204946e+00 4.093673e+00 -3.291059e-01 1.437416e+00 1.856011e-01 -2.946544e+00 -1.268054e+00 -2.192927e+00 -8.440954e-01 -7.394630e-01 -7.921946e-01 5.175369e-01 -1.072478e+00 1.097835e-02
<VARIANCE> 25
 3.526634e+01 2.080478e+01 4.567891e+01 2.747367e+01 3.895628e+01 3.918515e+01 3.608627e+01 2.771518e+01 2.793800e+01 2.691105e+01 2.087904e+01 1.761560e+01 3.688728e+00 4.752089e+00 6.204757e+00 4.646749e+00 4.599729e+00 6.385625e+00 5.077738e+00 5.191712e+00 4.926970e+00 4.848378e+00 4.176326e+00 3.362192e+00 4.420321e-03
<GCONST> 9.971977e+01
<MIXTURE> 43 7.108249e-03
<MEAN> 25
 2.947228e+00 -6.157619e+00 -2.274816e+00 -5.112613e+00 -7.228846e+00 -3.415556e+00 4.136303e+00 1.130234e+00 -5.176139e+00 -7.041457e+00 -4.229889e+00 -1.323255e+00 2.123419e-01 2.161604e+00 1.918766e+00 -1.919365e-01 -1.438381e+00 -6.545733e-01 -9.357319e-01 -7.874209e-01 8.184505e-01 1.508094e+00 3.128250e-01 -1.467561e-02 -4.409629e-02
<VARIANCE> 25
 1.097295e+01 1.982510e+01 2.659560e+01 3.444839e+01 3.818879e+01 3.565755e+01 3.236599e+01 3.990358e+01 3.928878e+01 3.768505e+01 2.602570e+01 2.888526e+01 7.088309e-01 1.220801e+00 1.545197e+00 2.533974e+00 2.310821e+00 3.003916e+00 2.614291e+00 2.945570e+00 2.548925e+00 2.585050e+00 2.299889e+00 1.911564e+00 9.476742e-04
<GCONST> 8.805603e+01
<MIXTURE> 44 7.328289e-03
<MEAN> 25
 -1.485651e+01 1.688433e+00 3.540802e+00 -3.383671e+00 3.211289e+00 2.128985e+00 -1.221323e-01 2.311895e+00 1.522689e+00 -8.473566e-01 1.660552e+00 1.884990e+00 -1.575979e-01 9.586089e-03 1.511428e-01 2.674249e-01 -1.238758e-01 1.874494e-01 4.516123e-01 1.115309e-01 2.264982e-01 1.295472e-01 5.935482e-02 8.310977e-02 4.275598e-03
<VARIANCE> 25
 4.639517e+01 2.825740e+01 3.346177e+01 3.154486e+01 2.926848e+01 2.907777e+01 2.463339e+01 3.161072e+01 2.713103e+01 2.771859e+01 2.730954e+01 1.910359e+01 1.210312e+00 1.519849e+00 1.356101e+00 1.352052e+00 2.143916e+00 1.714644e+00 1.559642e+00 1.608358e+00 1.624329e+00 1.484990e+00 1.393199e+00 1.220681e+00 1.259553e-03
<GCONST> 8.454301e+01
<MIXTURE> 45 1.364932e-02
<MEAN> 25
 -1.235744e+01 3.395168e+00 -1.241740e+00 2.852919e+00 5.688565e+00 1.274880e-01 4.737577e+00 2.845600e+00 3.272219e+00 2.202782e+00 2.342206e+00 2.564588e+00 -2.919561e+00 5.870551e-01 -4.834381e-01 -5.341491e-01 1.953743e-01 -1.807382e-02 4.581948e-01 6.169566e-02 -6.268738e-02 -6.383682e-02 2.437857e-01 8.714727e-02 1.188798e-01
<VARIANCE> 25
 3.446038e+01 3.017725e+01 3.065034e+01 3.481874e+01 3.153132e+01 2.898647e+01 2.957750e+01 2.645651e+01 2.478214e+01 2.325879e+01 2.798254e+01 1.561405e+01 2.476407e+00 3.056013e+00 2.839670e+00 2.676404e+00 2.484643e+00 2.631122e+00 2.307815e+00 2.263305e+00 2.147126e+00 2.115808e+00 1.975687e+00 1.653659e+00 4.086727e-03
<GCONST> 9.056372e+01
<MIXTURE> 46 9.336259e-03
<MEAN> 25
 -9.372891e+00 2.346275e+00 1.303970e+00 7.626643e+00 5.882645e+00 3.696990e+00 7.058131e+00 4.539305e+00 5.282110e+00 4.740932e+00 5.160110e+00 3.230349e+00 9.971591e-01 -2.731061e-01 -1.277446e-03 1.026356e+00 6.576954e-01 9.113361e-01 3.699601e-01 7.074167e-01 4.193451e-01 4.658785e-01 6.312549e-01 5.616813e-01 -1.022606e-01
<VARIANCE> 25
 3.409995e+01 4.244352e+01 3.766354e+01 4.929155e+01 5.052718e+01 4.458421e+01 3.600692e+01 3.441063e+01 3.807172e+01 3.015188e+01 2.830057e+01 2.404497e+01 3.913428e+00 4.054775e+00 3.815461e+00 4.047543e+00 4.169477e+00 3.646293e+00 3.306332e+00 3.057219e+00 3.003828e+00 2.843950e+00 2.254063e+00 1.779582e+00 8.009948e-03
<GCONST> 9.840477e+01
<MIXTURE> 47 7.116147e-03
<MEAN> 25
 7.280043e+00 -7.361959e+00 -7.775373e+00 -6.443000e+00 1.551043e+00 7.507325e-01 -2.381330e+00 1.160732e+00 2.991576e+00 6.029195e-02 -4.261089e+00 -6.690152e+00 -1.867721e-01 -1.251062e+00 -6.863151e-01 -4.273500e-01 6.099183e-01 8.131546e-01 8.860400e-01 2.985807e-01 9.837802e-02 -8.918142e-01 -4.629315e-01 -4.615550e-01 3.039344e-02
<VARIANCE> 25
 1.102996e+01 2.095204e+01 2.051310e+01 3.305148e+01 3.633902e+01 5.373402e+01 4.502374e+01 4.122993e+01 4.324436e+01 4.802908e+01 4.834070e+01 3.341572e+01 5.180004e-01 7.736825e-01 1.124367e+00 1.665829e+00 1.993222e+00 2.193103e+00 2.322639e+00 2.467018e+00 2.255907e+00 2.142719e+00 2.177428e+00 2.003061e+00 5.599502e-04
<GCONST> 8.653291e+01
<MIXTURE> 48 7.116147e-03
<MEAN> 25
 7.280043e+00 -7.361959e+00 -7.775373e+00 -6.443000e+00 1.551043e+00 7.507325e-01 -2.381330e+00 1.160732e+00 2.991576e+00 6.029195e-02 -4.261089e+00 -6.690152e+00 -1.867721e-01 -1.251062e+00 -6.863151e-01 -4.273500e-01 6.099183e-01 8.131546e-01 8.860400e-01 2.985807e-01 9.837802e-02 -8.918142e-01 -4.629315e-01 -4.615550e-01 3.039344e-02
<VARIANCE> 25
 1.102996e+01 2.095204e+01 2.051310e+01 3.305148e+01 3.633902e+01 5.373402e+01 4.502374e+01 4.122993e+01 4.324436e+01 4.802908e+01 4.834070e+01 3.341572e+01 5.180004e-01 7.736825e-01 1.124367e+00 1.665829e+00 1.993222e+00 2.193103e+00 2.322639e+00 2.467018e+00 2.255907e+00 2.142719e+00 2.177428e+00 2.003061e+00 5.599502e-04
<GCONST> 8.653291e+01
<MIXTURE> 49 5.548473e-03
<MEAN> 25
 -4.963129e+00 3.608172e-01 1.796938e-01 8.381238e+00 6.023456e+00 5.576032e+00 6.004588e+00 4.479573e+00 5.010360e+00 3.711801e+00 4.877216e+00 2.799432e+00 3.666367e-01 6.434717e-01 6.983395e-01 3.584487e-01 -1.955851e-01 -6.655856e-01 -1.013871e+00 -1.115386e+00 -9.512812e-01 -6.735138e-01 -4.806771e-01 -2.672657e-01 -9.746364e-06
<VARIANCE> 25
 1.032543e+01 9.889930e+00 1.410406e+01 1.596066e+01 1.659409e+01 1.699319e+01 1.938500e+01 1.913346e+01 1.806801e+01 1.769729e+01 2.056638e+01 1.443798e+01 2.784320e-01 2.684473e-01 3.599154e-01 6.098667e-01 8.594346e-01 9.846019e-01 1.021641e+00 1.091138e+00 1.141766e+00 1.216235e+00 1.281722e+00 1.203141e+00 1.476376e-05
<GCONST> 6.447820e+01
<MIXTURE> 50 6.234641e-03
<MEAN> 25
 -4.117150e+00 2.006284e-03 -1.226370e+00 6.024189e+00 3.772911e+00 2.258216e+00 3.710474e+00 2.309189e+00 2.661134e+00 1.288086e+00 2.156394e+00 2.680944e+00 5.947901e-02 1.799858e-01 1.053598e-01 -1.892967e-01 -5.265704e-01 -6.111218e-01 -3.143115e-01 -6.499842e-02 4.271980e-01 7.154633e-01 7.432288e-01 4.053054e-01 -1.282828e-05
<VARIANCE> 25
 1.249103e+01 1.032881e+01 1.377896e+01 1.504018e+01 1.644422e+01 1.831965e+01 1.748991e+01 1.946249e+01 1.747495e+01 1.667685e+01 2.017783e+01 1.540248e+01 1.424968e-01 2.249274e-01 3.810712e-01 5.513724e-01 6.048367e-01 7.022374e-01 1.062009e+00 1.150359e+00 1.000457e+00 8.816884e-01 8.917388e-01 9.921994e-01 1.093478e-06
<GCONST> 5.946213e+01
<MIXTURE> 51 6.234641e-03
<MEAN> 25
 -4.117150e+00 2.006284e-03 -1.226370e+00 6.024189e+00 3.772911e+00 2.258216e+00 3.710474e+00 2.309189e+00 2.661134e+00 1.288086e+00 2.156394e+00 2.680944e+00 5.947901e-02 1.799858e-01 1.053598e-01 -1.892967e-01 -5.265704e-01 -6.111218e-01 -3.143115e-01 -6.499842e-02 4.271980e-01 7.154633e-01 7.432288e-01 4.053054e-01 -1.282828e-05
<VARIANCE> 25
 1.249103e+01 1.032881e+01 1.377896e+01 1.504018e+01 1.644422e+01 1.831965e+01 1.748991e+01 1.946249e+01 1.747495e+01 1.667685e+01 2.017783e+01 1.540248e+01 1.424968e-01 2.249274e-01 3.810712e-01 5.513724e-01 6.048367e-01 7.022374e-01 1.062009e+00 1.150359e+00 1.000457e+00 8.816884e-01 8.917388e-01 9.921994e-01 1.093478e-06
<GCONST> 5.946213e+01
<MIXTURE> 52 6.367945e-03
<MEAN> 25
 1.011683e+01 2.046885e+00 -6.203046e+00 -1.427908e+01 -4.211769e+00 8.518286e+00 -2.748961e+00 -3.076017e+00 -4.410274e+00 -2.129344e+00 3.353115e+00 7.399061e-01 -3.849327e-01 -4.779205e-01 -7.105325e-02 1.135829e+00 1.336310e+00 -4.749896e-01 -6.013488e-01 -6.577324e-01 4.584616e-02 1.247164e+00 3.870846e-01 -5.476375e-01 -1.377483e-02
<VARIANCE> 25
 9.310233e+00 2.046416e+01 2.534263e+01 3.858531e+01 4.576414e+01 3.093108e+01 4.649626e+01 4.908892e+01 4.305377e+01 4.598697e+01 3.990150e+01 3.000197e+01 4.495789e-01 1.482341e+00 1.310440e+00 2.773048e+00 2.334741e+00 2.198438e+00 2.984494e+00 2.798108e+00 3.011687e+00 2.664530e+00 2.517659e+00 2.276913e+00 1.546115e-03
<GCONST> 8.974802e+01
<MIXTURE> 53 6.367945e-03
<MEAN> 25
 1.011683e+01 2.046885e+00 -6.203046e+00 -1.427908e+01 -4.211769e+00 8.518286e+00 -2.748961e+00 -3.076017e+00 -4.410274e+00 -2.129344e+00 3.353115e+00 7.399061e-01 -3.849327e-01 -4.779205e-01 -7.105325e-02 1.135829e+00 1.336310e+00 -4.749896e-01 -6.013488e-01 -6.577324e-01 4.584616e-02 1.247164e+00 3.870846e-01 -5.476375e-01 -1.377483e-02
<VARIANCE> 25
 9.310233e+00 2.046416e+01 2.534263e+01 3.858531e+01 4.576414e+01 3.093108e+01 4.649626e+01 4.908892e+01 4.305377e+01 4.598697e+01 3.990150e+01 3.000197e+01 4.495789e-01 1.482341e+00 1.310440e+00 2.773048e+00 2.334741e+00 2.198438e+00 2.984494e+00 2.798108e+00 3.011687e+00 2.664530e+00 2.517659e+00 2.276913e+00 1.546115e-03
<GCONST> 8.974802e+01
<MIXTURE> 54 7.368620e-03
<MEAN> 25
 -3.212065e+00 -2.355705e-03 -4.403393e-01 7.815276e+00 6.065411e+00 4.524446e+00 4.461172e+00 4.587481e+00 3.853300e+00 3.510069e+00 4.371918e+00 2.239733e+00 -1.746692e-02 2.066436e-02 3.121120e-02 3.013868e-02 4.034257e-02 6.581804e-02 2.982154e-02 9.286744e-05 2.674666e-02 1.194166e-02 2.666900e-02 -3.820093e-03 -3.961076e-05
<VARIANCE> 25
 1.014565e+01 9.700247e+00 9.248341e+00 1.720260e+01 1.427151e+01 1.315483e+01 1.209313e+01 1.072665e+01 1.140103e+01 1.294650e+01 1.734628e+01 1.239619e+01 4.414817e-02 8.439231e-02 1.524568e-01 2.195297e-01 3.522833e-01 4.332771e-01 4.671579e-01 5.016992e-01 5.215356e-01 5.759136e-01 5.003479e-01 5.452370e-01 1.191632e-06
<GCONST> 4.760923e+01
<MIXTURE> 55 7.368620e-03
<MEAN> 25
 -3.212065e+00 -2.355705e-03 -4.403393e-01 7.815276e+00 6.065411e+00 4.524446e+00 4.461172e+00 4.587481e+00 3.853300e+00 3.510069e+00 4.371918e+00 2.239733e+00 -1.746692e-02 2.066436e-02 3.121120e-02 3.013868e-02 4.034257e-02 6.581804e-02 2.982154e-02 9.286744e-05 2.674666e-02 1.194166e-02 2.666900e-02 -3.820093e-03 -3.961076e-05
<VARIANCE> 25
 1.014565e+01 9.700247e+00 9.248341e+00 1.720260e+01 1.427151e+01 1.315483e+01 1.209313e+01 1.072665e+01 1.140103e+01 1.294650e+01 1.734628e+01 1.239619e+01 4.414817e-02 8.439231e-02 1.524568e-01 2.195297e-01 3.522833e-01 4.332771e-01 4.671579e-01 5.016992e-01 5.215356e-01 5.759136e-01 5.003479e-01 5.452370e-01 1.191632e-06
<GCONST> 4.760923e+01
<MIXTURE> 56 6.132464e-03
<MEAN> 25
 7.557513e+00 -6.769453e+00 -9.152968e+00 -8.655995e+00 3.960850e+00 3.925051e+00 -2.175919e+00 -1.479404e+00 1.954941e+00 6.563546e-01 -2.482567e+00 -7.142616e+00 -1.065736e-02 2.592490e-02 -8.563013e-02 2.133700e-02 2.572902e-01 6.561435e-02 1.141999e-01 -1.377486e-01 -4.548892e-02 -3.648898e-02 -8.240606e-02 1.775161e-02 -7.057731e-03
<VARIANCE> 25
 9.323698e+00 2.332277e+01 2.002859e+01 4.131213e+01 3.315894e+01 5.105682e+01 6.190494e+01 3.685651e+01 3.894735e+01 3.766874e+01 4.025171e+01 3.115323e+01 2.062625e-01 4.321342e-01 4.536680e-01 7.729083e-01 7.988142e-01 1.113283e+00 9.098245e-01 9.072087e-01 9.118528e-01 9.266374e-01 1.034236e+00 7.856562e-01 2.392212e-04
<GCONST> 7.515026e+01
<MIXTURE> 57 6.132464e-03
<MEAN> 25
 7.557513e+00 -6.769453e+00 -9.152968e+00 -8.655995e+00 3.960850e+00 3.925051e+00 -2.175919e+00 -1.479404e+00 1.954941e+00 6.563546e-01 -2.482567e+00 -7.142616e+00 -1.065736e-02 2.592490e-02 -8.563013e-02 2.133700e-02 2.572902e-01 6.561435e-02 1.141999e-01 -1.377486e-01 -4.548892e-02 -3.648898e-02 -8.240606e-02 1.775161e-02 -7.057731e-03
<VARIANCE> 25
 9.323698e+00 2.332277e+01 2.002859e+01 4.131213e+01 3.315894e+01 5.105682e+01 6.190494e+01 3.685651e+01 3.894735e+01 3.766874e+01 4.025171e+01 3.115323e+01 2.062625e-01 4.321342e-01 4.536680e-01 7.729083e-01 7.988142e-01 1.113283e+00 9.098245e-01 9.072087e-01 9.118528e-01 9.266374e-01 1.034236e+00 7.856562e-01 2.392212e-04
<GCONST> 7.515026e+01
<MIXTURE> 58 6.172147e-03
<MEAN> 25
 2.583344e+00 -2.765808e+00 7.053402e+00 -4.829669e+00 -1.273189e+01 -4.821973e+00 1.302182e+00 1.096936e+00 -2.406969e+00 1.700405e+00 8.837893e-01 -5.733086e-01 -4.196317e-02 -1.440196e-01 -1.249679e-01 -1.655702e-01 -5.956651e-02 1.916039e-01 4.629976e-01 2.151807e-01 6.281072e-02 1.910329e-02 -1.260308e-01 -1.528906e-01 -2.845753e-03
<VARIANCE> 25
 6.857168e+00 1.450196e+01 1.907324e+01 2.592909e+01 2.533621e+01 4.837600e+01 3.439411e+01 3.303679e+01 3.237560e+01 2.846856e+01 2.431491e+01 1.920271e+01 2.934688e-01 7.351290e-01 7.608547e-01 9.873572e-01 8.479029e-01 1.238906e+00 1.319456e+00 1.380099e+00 1.192706e+00 1.041819e+00 9.613254e-01 9.589999e-01 6.777308e-04
<GCONST> 7.553725e+01
<MIXTURE> 59 6.172147e-03
<MEAN> 25
 2.583344e+00 -2.765808e+00 7.053402e+00 -4.829669e+00 -1.273189e+01 -4.821973e+00 1.302182e+00 1.096936e+00 -2.406969e+00 1.700405e+00 8.837893e-01 -5.733086e-01 -4.196317e-02 -1.440196e-01 -1.249679e-01 -1.655702e-01 -5.956651e-02 1.916039e-01 4.629976e-01 2.151807e-01 6.281072e-02 1.910329e-02 -1.260308e-01 -1.528906e-01 -2.845753e-03
<VARIANCE> 25
 6.857168e+00 1.450196e+01 1.907324e+01 2.592909e+01 2.533621e+01 4.837600e+01 3.439411e+01 3.303679e+01 3.237560e+01 2.846856e+01 2.431491e+01 1.920271e+01 2.934688e-01 7.351290e-01 7.608547e-01 9.873572e-01 8.479029e-01 1.238906e+00 1.319456e+00 1.380099e+00 1.192706e+00 1.041819e+00 9.613254e-01 9.589999e-01 6.777308e-04
<GCONST> 7.553725e+01
<MIXTURE> 60 4.479129e-03
<MEAN> 25
 -2.561072e+00 -7.425663e-01 -1.883230e-01 3.246499e+00 3.836433e-01 2.301479e+00 1.780647e+00 2.317723e+00 2.468751e+00 1.482849e+00 1.679247e+00 1.111160e+00 -1.786865e-02 5.353259e-02 1.197752e-01 1.726882e-01 1.333500e-01 1.104337e-01 1.595451e-01 2.272656e-01 5.436692e-01 6.282650e-01 4.842755e-01 1.038689e-01 6.677346e-04
<VARIANCE> 25
 8.064051e+00 3.463235e+00 9.726733e+00 8.974034e+00 1.285301e+01 1.534447e+01 1.209293e+01 1.013033e+01 1.161554e+01 9.948104e+00 1.378706e+01 1.193041e+01 1.144658e-01 1.471793e-01 2.957461e-01 4.393504e-01 7.254340e-01 7.239333e-01 8.249251e-01 8.856977e-01 9.400865e-01 7.879750e-01 9.160199e-01 8.933875e-01 3.182159e-05
<GCONST> 5.575274e+01
<MIXTURE> 61 4.479129e-03
<MEAN> 25
 -2.561072e+00 -7.425663e-01 -1.883230e-01 3.246499e+00 3.836433e-01 2.301479e+00 1.780647e+00 2.317723e+00 2.468751e+00 1.482849e+00 1.679247e+00 1.111160e+00 -1.786865e-02 5.353259e-02 1.197752e-01 1.726882e-01 1.333500e-01 1.104337e-01 1.595451e-01 2.272656e-01 5.436692e-01 6.282650e-01 4.842755e-01 1.038689e-01 6.677346e-04
<VARIANCE> 25
 8.064051e+00 3.463235e+00 9.726733e+00 8.974034e+00 1.285301e+01 1.534447e+01 1.209293e+01 1.013033e+01 1.161554e+01 9.948104e+00 1.378706e+01 1.193041e+01 1.144658e-01 1.471793e-01 2.957461e-01 4.393504e-01 7.254340e-01 7.239333e-01 8.249251e-01 8.856977e-01 9.400865e-01 7.879750e-01 9.160199e-01 8.933875e-01 3.182159e-05
<GCONST> 5.575274e+01
<MIXTURE> 62 3.278034e-03
<MEAN> 25
 -5.089641e+00 1.242688e+00 1.027167e+00 8.815956e+00 6.125092e+00 5.054164e+00 5.501978e+00 4.037417e+00 4.981458e+00 3.921723e+00 4.968517e+00 2.951329e+00 -1.002999e+00 -1.165676e+00 -9.532324e-01 -2.754607e-01 4.288023e-01 1.003910e+00 1.383436e+00 1.552593e+00 1.477882e+00 1.242971e+00 1.066786e+00 7.265937e-01 -1.265475e-03
<VARIANCE> 25
 9.889790e+00 9.954853e+00 1.311302e+01 1.675574e+01 1.747842e+01 1.757097e+01 1.970106e+01 1.912094e+01 1.892593e+01 1.873465e+01 2.155685e+01 1.488832e+01 4.016385e-01 4.343451e-01 5.539759e-01 7.808596e-01 1.036288e+00 1.193212e+00 1.254043e+00 1.278300e+00 1.331956e+00 1.365072e+00 1.399763e+00 1.370672e+00 1.631566e-05
<GCONST> 6.755585e+01
<MIXTURE> 63 4.351215e-03
<MEAN> 25
 -3.670358e+00 -2.305857e+00 -4.278038e+00 2.887886e+00 3.041605e+00 -2.753600e-01 2.638687e+00 1.600172e+00 2.285966e+00 -7.003207e-01 -1.221277e+00 2.061034e+00 -8.786502e-02 3.178166e-01 3.386087e-01 4.890558e-01 4.092891e-01 3.970183e-01 4.026109e-01 1.461948e-01 2.104080e-01 3.645499e-01 1.904301e-01 6.416629e-02 -3.850244e-03
<VARIANCE> 25
 9.744457e+00 1.332650e+01 1.641968e+01 1.491135e+01 2.082980e+01 2.484180e+01 2.115804e+01 2.190328e+01 2.411976e+01 2.063910e+01 1.914810e+01 1.700150e+01 2.950449e-01 4.498201e-01 7.328805e-01 6.831695e-01 8.999420e-01 1.097389e+00 1.253615e+00 1.341756e+00 1.444118e+00 1.604880e+00 1.382026e+00 1.308958e+00 1.740733e-04
<GCONST> 7.127077e+01
<MIXTURE> 64 4.351215e-03
<MEAN> 25
 -3.670358e+00 -2.305857e+00 -4.278038e+00 2.887886e+00 3.041605e+00 -2.753600e-01 2.638687e+00 1.600172e+00 2.285966e+00 -7.003207e-01 -1.221277e+00 2.061034e+00 -8.786502e-02 3.178166e-01 3.386087e-01 4.890558e-01 4.092891e-01 3.970183e-01 4.026109e-01 1.461948e-01 2.104080e-01 3.645499e-01 1.904301e-01 6.416629e-02 -3.850244e-03
<VARIANCE> 25
 9.744457e+00 1.332650e+01 1.641968e+01 1.491135e+01 2.082980e+01 2.484180e+01 2.115804e+01 2.190328e+01 2.411976e+01 2.063910e+01 1.914810e+01 1.700150e+01 2.950449e-01 4.498201e-01 7.328805e-01 6.831695e-01 8.999420e-01 1.097389e+00 1.253615e+00 1.341756e+00 1.444118e+00 1.604880e+00 1.382026e+00 1.308958e+00 1.740733e-04
<GCONST> 7.127077e+01
<MIXTURE> 65 1.721197e-02
<MEAN> 25
 7.108618e+00 2.060621e+00 1.315958e+00 3.804509e-01 -5.040515e+00 -4.706531e+00 -5.521617e+00 -6.426121e+00 -2.664118e+00 -1.996063e+00 -3.708576e+00 -1.831394e+00 1.507896e-01 1.364212e-01 1.157294e-01 2.200649e-01 -3.131137e-01 1.874856e-01 -5.988963e-02 -1.420165e-01 3.065007e-01 2.896358e-02 -2.183663e-03 -1.786468e-01 -4.716265e-03
<VARIANCE> 25
 1.092464e+01 1.682262e+01 2.509856e+01 3.494506e+01 3.341342e+01 5.671233e+01 5.063101e+01 5.625066e+01 5.654996e+01 4.947421e+01 5.712350e+01 4.582041e+01 5.741691e-01 7.973521e-01 1.448066e+00 1.688784e+00 1.989306e+00 2.246987e+00 2.497777e+00 2.688573e+00 2.530514e+00 2.461705e+00 2.306655e+00 1.883939e+00 3.937450e-04
<GCONST> 8.821848e+01
<MIXTURE> 66 1.191532e-02
<MEAN> 25
 6.549659e+00 -3.665235e+00 -5.759411e+00 -5.096639e+00 1.241205e+00 -5.633666e+00 -6.873625e+00 4.666452e-01 1.052829e+00 -1.989171e+00 -5.819221e+00 -3.606853e+00 -6.331038e-02 1.613185e+00 2.151160e+00 2.329550e+00 -1.201370e+00 -1.228470e+00 6.952464e-02 -5.298977e-01 -9.321217e-02 -1.857183e-01 -1.672374e-01 9.882240e-01 -6.233655e-02
<VARIANCE> 25
 8.731399e+00 2.393159e+01 2.640425e+01 3.242378e+01 3.642151e+01 5.505611e+01 5.375749e+01 5.101590e+01 5.427183e+01 6.369152e+01 3.683007e+01 3.550539e+01 1.221861e+00 2.356627e+00 2.359313e+00 2.353335e+00 4.353781e+00 4.227962e+00 4.165540e+00 4.612617e+00 4.414305e+00 4.931951e+00 3.761135e+00 3.131988e+00 1.483180e-03
<GCONST> 9.655930e+01
<MIXTURE> 67 1.559142e-02
<MEAN> 25
 8.847606e+00 2.067576e+00 -5.920895e+00 -8.330566e+00 9.083629e-01 2.580328e+00 -3.551424e+00 -2.499325e+00 -3.634243e+00 8.650527e-01 -1.563411e-01 -1.709682e+00 -1.067418e+00 1.806851e+00 1.049118e+00 3.075549e+00 1.431225e+00 -4.531885e-01 1.309716e+00 1.382134e-01 9.378362e-02 2.867438e-01 -2.920496e-01 6.167836e-01 -1.289415e-01
<VARIANCE> 25
 1.185598e+01 3.787514e+01 3.013730e+01 5.459377e+01 4.786628e+01 6.169885e+01 6.235403e+01 5.379134e+01 6.381445e+01 5.599216e+01 5.468557e+01 4.615954e+01 2.124582e+00 3.399204e+00 3.211864e+00 4.404861e+00 4.466651e+00 4.559138e+00 4.591260e+00 4.962098e+00 5.484065e+00 4.707603e+00 5.011819e+00 3.651317e+00 3.004945e-03
<GCONST> 1.027001e+02
<MIXTURE> 68 1.485092e-02
<MEAN> 25
 -2.220166e+00 -2.267128e+00 -3.157913e+00 1.216728e+00 4.984985e+00 -5.070672e-01 1.168644e+00 1.701361e+00 2.077529e+00 1.564026e+00 4.633145e-01 2.233863e+00 2.400483e+00 6.363778e-01 -2.831109e-02 -2.553811e+00 -2.136688e+00 -1.755337e+00 -1.876554e+00 -1.899554e+00 -1.395437e+00 -1.878969e+00 -1.986167e+00 -1.276433e+00 9.048767e-02
<VARIANCE> 25
 2.170097e+01 2.631763e+01 6.289064e+01 5.796006e+01 4.322833e+01 6.058533e+01 4.387939e+01 3.848946e+01 4.381914e+01 4.140826e+01 3.138758e+01 2.258780e+01 2.198575e+00 3.534574e+00 4.781188e+00 4.985587e+00 4.585207e+00 4.890162e+00 5.836512e+00 4.550828e+00 4.908574e+00 6.662697e+00 4.100185e+00 3.287515e+00 5.687288e-03
<GCONST> 1.023957e+02
<MIXTURE> 69 1.204884e-02
<MEAN> 25
 4.312815e+00 -4.068173e+00 -4.274862e+00 -3.862039e+00 -2.275366e+00 -8.410830e+00 -1.266809e+00 1.008601e+00 -3.991488e-01 -5.781017e+00 -5.548151e+00 9.697847e-01 1.453503e+00 -1.854731e+00 -1.240802e+00 -2.302348e+00 -5.317912e-01 -3.588773e-01 -1.601055e-01 4.078932e-01 -8.480625e-01 -1.844707e+00 -2.104591e+00 -4.382629e-01 5.895786e-02
<VARIANCE> 25
 9.116122e+00 1.995932e+01 2.938597e+01 2.455554e+01 5.223639e+01 3.583756e+01 4.440746e+01 4.146734e+01 3.607870e+01 4.522754e+01 2.837580e+01 2.238521e+01 3.619286e+00 4.009361e+00 3.122370e+00 3.440807e+00 5.231973e+00 4.568404e+00 7.356369e+00 5.861078e+00 5.819591e+00 6.917750e+00 4.033620e+00 4.007204e+00 2.346278e-03
<GCONST> 9.904676e+01
<MIXTURE> 70 1.329190e-02
<MEAN> 25
 7.339918e+00 -1.971497e+00 -4.143115e+00 -3.712961e+00 4.588429e-02 -7.671482e-01 -7.351951e+00 -4.730672e+00 -1.395115e-01 2.564839e+00 -3.862505e-02 -4.755550e+00 1.859937e+00 -9.699612e-01 -8.403446e-01 -2.262938e+00 -1.544059e+00 1.031699e+00 -1.175908e+00 -1.908834e-01 3.769145e-01 1.434388e-02 7.806391e-01 -1.382992e+00 5.708395e-02
<VARIANCE> 25
 9.754851e+00 2.125170e+01 2.841072e+01 4.557842e+01 3.626829e+01 4.202982e+01 4.841503e+01 4.870687e+01 5.067665e+01 3.210834e+01 4.262620e+01 2.586884e+01 3.360916e+00 3.390826e+00 4.435297e+00 4.701286e+00 4.911812e+00 6.322737e+00 6.703717e+00 7.427190e+00 5.952059e+00 5.120436e+00 5.842234e+00 4.208655e+00 2.414074e-03
<GCONST> 1.013495e+02
<MIXTURE> 71 1.406903e-02
<MEAN> 25
 6.328865e+00 5.106054e+00 4.213144e+00 3.094827e+00 -3.437658e+00 -3.400648e+00 -3.423285e+00 -6.579916e+00 -4.616480e+00 -2.465349e+00 -5.151204e+00 -3.181439e+00 -1.561725e+00 -7.001784e-01 -2.589044e-01 -1.758195e+00 1.109419e+00 -1.466644e-01 5.581435e-02 1.503826e+00 3.149851e-01 -1.664489e-01 6.659808e-01 1.716806e-01 4.073548e-02
<VARIANCE> 25
 1.897909e+01 2.578815e+01 2.405825e+01 4.483912e+01 4.043976e+01 4.036327e+01 4.213242e+01 4.153641e+01 3.896018e+01 4.398569e+01 3.678833e+01 3.431119e+01 1.757550e+00 3.046907e+00 5.259330e+00 4.854102e+00 4.698357e+00 4.781367e+00 4.850519e+00 5.401156e+00 4.265570e+00 4.102337e+00 3.631410e+00 3.277936e+00 1.417371e-03
<GCONST> 9.865144e+01
<MIXTURE> 72 8.134747e-03
<MEAN> 25
 3.161730e+00 -3.184570e+00 4.838650e+00 -3.272537e+00 -9.116250e+00 -1.007768e+01 -2.650944e+00 7.580844e-01 -3.387904e+00 -2.990750e+00 -1.526216e+00 4.098548e-01 8.900725e-01 -6.132532e-01 -2.378675e+00 4.564774e-01 2.272353e+00 -6.846823e-01 -1.195138e+00 1.413210e+00 1.789092e+00 -3.241940e-01 -9.917930e-01 5.336491e-01 -1.906503e-03
<VARIANCE> 25
 9.958410e+00 1.656517e+01 2.764888e+01 4.146828e+01 3.973836e+01 3.108393e+01 3.438610e+01 3.355534e+01 6.040154e+01 3.778106e+01 3.235320e+01 2.379612e+01 3.561981e-01 1.027763e+00 1.943121e+00 1.342284e+00 2.018389e+00 2.179697e+00 2.644069e+00 2.382721e+00 2.385640e+00 2.743427e+00 2.275803e+00 1.822952e+00 7.376551e-04
<GCONST> 8.601134e+01
<MIXTURE> 73 1.213625e-02
<MEAN> 25
 -4.804718e+00 -7.400533e-01 -1.139115e+00 4.897268e+00 3.339744e+00 2.966701e+00 5.003815e+00 3.852726e+00 3.009582e+00 2.884324e+00 3.762682e+00 3.063307e+00 9.669960e-01 -9.181929e-01 -7.598854e-01 -2.264407e+00 -1.058878e+00 -1.747712e+00 -8.320680e-01 -7.069029e-01 -4.347546e-01 -4.473138e-01 -1.241432e+00 -7.449249e-01 1.459007e-01
<VARIANCE> 25
 1.408875e+01 1.098375e+01 1.321915e+01 1.839426e+01 2.158938e+01 2.259656e+01 1.768662e+01 1.934658e+01 2.262069e+01 1.714800e+01 2.081575e+01 1.524898e+01 3.518972e+00 2.583317e+00 5.060926e+00 4.520173e+00 5.213368e+00 3.866083e+00 3.581937e+00 3.730113e+00 4.023611e+00 3.907547e+00 3.005915e+00 3.316546e+00 4.136845e-03
<GCONST> 9.072863e+01
<MIXTURE> 74 1.756491e-02
<MEAN> 25
 4.417325e+00 -1.412872e+00 4.730578e+00 -1.561630e+00 -8.235234e+00 -8.534253e+00 -3.020538e+00 2.313975e-01 -3.633660e+00 -2.662761e+00 -1.756319e+00 2.293413e-01 2.877798e-01 1.942411e+00 5.645310e-03 1.718765e+00 1.314909e+00 3.548585e-01 -2.730636e-02 -1.278078e+00 5.031728e-02 3.221541e-01 -2.779651e-01 -1.009372e-01 -7.663321e-02
<VARIANCE> 25
 1.122141e+01 2.118151e+01 3.911977e+01 4.018441e+01 3.885411e+01 3.931567e+01 5.049845e+01 4.838795e+01 5.196585e+01 4.354875e+01 3.861596e+01 3.227454e+01 2.000887e+00 2.038973e+00 3.742637e+00 2.507555e+00 3.807600e+00 3.712355e+00 4.890420e+00 4.201722e+00 4.202098e+00 4.189858e+00 3.466675e+00 3.073653e+00 1.744520e-03
<GCONST> 9.696265e+01
<MIXTURE> 75 9.711651e-03
<MEAN> 25
 2.552767e+00 -1.292938e+00 1.061889e+01 8.626742e-01 -1.204597e+01 -7.926618e+00 -4.715860e+00 -1.078277e+00 -4.184243e+00 -4.630394e+00 2.948141e+00 6.320464e-02 1.706791e+00 -1.611868e+00 1.409109e-02 -2.250585e-01 -2.327593e+00 -8.518257e-01 -1.415422e+00 8.978379e-01 -1.350150e-03 -5.401216e-01 1.081234e+00 -6.199661e-01 3.944717e-02
<VARIANCE> 25
 1.047930e+01 1.659590e+01 3.026908e+01 3.535353e+01 2.626887e+01 3.187646e+01 2.960492e+01 3.377273e+01 3.279643e+01 2.951668e+01 2.044478e+01 2.029657e+01 2.236553e+00 2.053436e+00 4.427983e+00 2.325512e+00 3.702094e+00 5.501660e+00 3.928148e+00 3.341892e+00 3.956598e+00 3.628114e+00 2.900268e+00 2.342998e+00 1.453897e-03
<GCONST> 9.211412e+01
<MIXTURE> 76 1.052359e-02
<MEAN> 25
 -4.086641e+00 -9.539784e-01 -1.723785e+00 3.833419e+00 2.647258e+00 2.200665e+00 2.760064e+00 2.162435e+00 8.254025e-01 8.192350e-01 1.669165e+00 2.259821e+00 6.480686e-02 -4.785918e-01 -3.161559e-01 -7.013798e-01 -4.571693e-01 -7.735155e-01 -6.975369e-01 -2.655197e-01 -4.063762e-01 -4.505985e-01 -6.818841e-02 -2.598781e-02 2.321567e-02
<VARIANCE> 25
 3.523592e+01 1.835673e+01 2.079274e+01 2.007354e+01 2.510798e+01 2.543845e+01 2.247600e+01 2.063211e+01 2.487155e+01 1.975143e+01 2.586349e+01 2.420839e+01 9.914764e-01 1.017664e+00 1.126175e+00 1.010577e+00 1.360189e+00 1.509954e+00 1.407652e+00 1.471219e+00 1.648671e+00 1.280728e+00 1.489579e+00 1.374316e+00 1.570322e-03
<GCONST> 8.028159e+01
<MIXTURE> 77 1.244626e-02
<MEAN> 25
 -2.205607e+00 8.961097e+00 9.327892e+00 -1.189626e+01 -4.460577e+00 9.636737e-01 -7.864184e+00 -6.322863e+00 -1.636326e+00 -2.388855e+00 -4.644181e+00 -1.725408e+00 7.480647e-02 2.018194e-01 4.717018e-02 1.637833e-01 -8.019598e-02 -1.204413e-01 -1.358672e-01 -4.141562e-02 -1.532668e-01 -7.067038e-04 -3.526829e-02 -2.487972e-04 -8.361124e-03
<VARIANCE> 25
 1.167597e+01 1.443917e+01 3.344130e+01 2.909921e+01 3.320505e+01 2.509992e+01 2.872680e+01 2.377763e+01 2.964817e+01 3.051239e+01 2.693758e+01 2.712460e+01 2.135453e-01 8.084878e-01 5.539378e-01 8.677994e-01 1.140744e+00 1.373509e+00 1.230183e+00 8.115937e-01 9.853693e-01 7.903616e-01 1.101083e+00 8.991545e-01 3.865636e-04
<GCONST> 7.444878e+01
<MIXTURE> 78 9.702551e-03
<MEAN> 25
 -1.132172e+01 1.070028e+00 -1.606392e+00 2.317925e+00 4.356034e+00 -2.136561e+00 3.727353e+00 2.709332e+00 2.464314e+00 7.340428e-01 -4.819479e-01 3.048393e+00 2.381197e+00 -2.698435e-01 1.704799e-01 5.555533e-01 -4.412301e-02 1.568704e-02 -2.917195e-01 -8.586653e-02 2.374938e-01 1.399437e-01 -3.885500e-01 -4.939176e-01 -5.989159e-02
<VARIANCE> 25
 4.331646e+01 3.211552e+01 3.212598e+01 3.202948e+01 3.976456e+01 3.745339e+01 3.519361e+01 3.260384e+01 2.883217e+01 2.735531e+01 2.690146e+01 1.997821e+01 4.857818e+00 2.536795e+00 2.808606e+00 3.070770e+00 2.838721e+00 3.548689e+00 3.245250e+00 2.826092e+00 2.351327e+00 2.383850e+00 2.296942e+00 2.204536e+00 4.834823e-03
<GCONST> 9.463573e+01
<MIXTURE> 79 1.156824e-02
<MEAN> 25
 7.261563e-01 8.072169e-01 6.766079e+00 -6.864148e+00 -9.997781e+00 -1.731023e+00 -2.140585e+00 -6.567045e+00 -7.433265e+00 -2.011580e+00 -4.379215e+00 -3.863869e+00 1.196574e+00 -7.435052e-01 -1.340115e+00 2.636782e+00 8.331718e-01 -1.595597e+00 5.776421e-02 9.870856e-01 -7.119397e-01 -7.030625e-01 6.983631e-01 5.818002e-01 -3.104220e-02
<VARIANCE> 25
 1.733518e+01 1.967885e+01 4.131530e+01 4.128247e+01 3.719035e+01 3.492331e+01 3.346464e+01 2.840172e+01 3.401174e+01 4.160183e+01 3.632632e+01 2.456275e+01 7.277169e-01 1.954392e+00 1.641347e+00 2.167551e+00 2.757110e+00 2.376351e+00 2.901430e+00 2.775396e+00 2.456728e+00 2.216317e+00 2.078968e+00 2.105085e+00 1.085411e-03
<GCONST> 8.922784e+01
<MIXTURE> 80 7.550998e-03
<MEAN> 25
 -1.460190e+01 3.980480e+00 6.864462e-01 2.867604e+00 2.447143e+00 1.417483e+00 6.395573e+00 2.502750e+00 2.711052e+00 2.370979e+00 4.853144e+00 1.194218e+00 4.284779e+00 -1.694191e-02 1.635693e+00 -1.136081e+00 -2.888750e+00 -2.777718e+00 -2.322260e+00 -2.019550e+00 -1.971768e+00 -1.685411e+00 -1.651525e+00 -6.053438e-01 -4.416747e-02
<VARIANCE> 25
 2.098582e+01 1.983746e+01 3.442531e+01 3.468569e+01 3.016129e+01 2.924516e+01 2.826569e+01 2.857467e+01 2.681205e+01 2.879579e+01 2.683183e+01 1.815424e+01 2.358142e+00 2.664966e+00 2.676782e+00 4.116757e+00 3.391910e+00 2.702832e+00 3.023834e+00 3.205999e+00 2.759438e+00 2.699465e+00 2.780350e+00 2.152035e+00 1.515848e-03
<GCONST> 9.140775e+01
<MIXTURE> 81 8.025434e-03
<MEAN> 25
 -2.525661e+00 4.661548e+00 8.432544e+00 -1.453593e+01 -7.733294e+00 -7.289811e-02 -5.484938e+00 -7.950227e+00 -3.188587e+00 -1.932908e+00 -7.985866e+00 -2.756787e+00 1.069946e-01 -7.379431e-01 -3.016462e-02 -4.442753e-01 -6.251850e-01 2.621869e-01 3.295465e-01 -7.967756e-02 -3.897942e-01 -1.275827e-01 -4.787430e-01 -2.804059e-01 7.868362e-03
<VARIANCE> 25
 1.129247e+01 2.585066e+01 2.517190e+01 2.260499e+01 3.076564e+01 2.689132e+01 3.859268e+01 2.213611e+01 3.351576e+01 2.930265e+01 1.992971e+01 2.433247e+01 5.787894e-01 2.609764e+00 1.217050e+00 2.390940e+00 2.654492e+00 1.864838e+00 3.220495e+00 1.972576e+00 3.168322e+00 2.122321e+00 1.822228e+00 2.052732e+00 8.898544e-04
<GCONST> 8.563884e+01
<MIXTURE> 82 8.213053e-03
<MEAN> 25
 -9.455116e+00 -3.866064e+00 2.249807e+00 -3.411760e+00 2.869983e+00 1.145661e+00 1.656443e+00 9.660831e-01 2.915225e+00 2.051042e+00 1.611928e+00 3.018625e+00 -1.209592e+00 -1.106711e-01 3.362016e-01 -2.643098e+00 -1.144661e+00 -1.320542e+00 -1.051119e+00 -1.121364e+00 -3.780468e-01 -4.796501e-01 -4.679826e-01 -8.082641e-02 1.699419e-01
<VARIANCE> 25
 1.987020e+01 2.316817e+01 3.517184e+01 3.240459e+01 3.132315e+01 3.265219e+01 3.112905e+01 3.115806e+01 2.879552e+01 2.519286e+01 2.878840e+01 1.635891e+01 3.633564e+00 2.839045e+00 3.152616e+00 3.074806e+00 3.477173e+00 3.286675e+00 2.755145e+00 3.576766e+00 2.659178e+00 2.358301e+00 2.574048e+00 1.762068e+00 4.051070e-03
<GCONST> 9.283481e+01
<MIXTURE> 83 1.167529e-02
<MEAN> 25
 -2.004081e+01 5.504238e+00 -1.789702e+00 -4.051103e-01 7.829639e+00 -1.234488e+00 5.460100e+00 3.044532e+00 1.192393e+00 2.190908e+00 7.244872e-01 2.881716e+00 -2.631321e-02 -4.501706e-01 4.872012e-03 -3.655977e-01 -4.974648e-01 -1.258521e-01 -1.343577e-01 -9.942717e-02 -4.144356e-02 -3.920248e-02 -3.058213e-02 -3.465528e-02 4.403248e-03
<VARIANCE> 25
 8.819281e+00 1.645402e+01 2.851271e+01 2.248555e+01 2.127508e+01 2.407955e+01 2.202746e+01 2.336420e+01 2.042958e+01 2.221887e+01 2.319599e+01 1.448780e+01 1.060910e+00 9.362046e-01 1.240790e+00 1.065688e+00 1.359398e+00 1.291389e+00 1.283447e+00 1.388157e+00 1.349015e+00 1.310737e+00 1.220778e+00 1.071650e+00 8.923843e-04
<GCONST> 7.703519e+01
<MIXTURE> 84 1.066614e-02
<MEAN> 25
 1.172030e+00 8.859059e+00 7.132444e+00 7.936762e+00 2.871022e+00 -9.872839e-01 -1.538826e+00 -4.420607e+00 -4.179908e+00 -2.944539e+00 -2.403180e+00 -1.536063e+00 -1.745832e+00 -1.179077e+00 -1.181520e+00 1.306043e+00 2.246852e+00 1.504155e+00 1.444486e+00 1.306620e+00 1.148420e+00 3.908458e-01 4.135821e-01 4.399538e-01 -7.123747e-02
<VARIANCE> 25
 2.315926e+01 1.958260e+01 2.199029e+01 2.394345e+01 2.894285e+01 2.829618e+01 2.763062e+01 2.640642e+01 2.578888e+01 2.592887e+01 2.337743e+01 2.442998e+01 2.175833e+00 2.501756e+00 3.827406e+00 3.294637e+00 3.291228e+00 3.376220e+00 3.269312e+00 3.386192e+00 3.461264e+00 3.228978e+00 3.559089e+00 2.786073e+00 3.490681e-03
<GCONST> 9.257518e+01
<MIXTURE> 85 7.591393e-03
<MEAN> 25
 -3.083762e+00 7.841720e+00 5.744549e+00 1.215299e+00 -3.517379e+00 -5.302123e+00 -2.959711e+00 -6.142617e+00 -3.522619e+00 -3.162085e+00 -5.613384e-01 -1.897812e+00 3.919533e+00 3.264049e-01 1.725813e+00 -2.076094e+00 -3.416391e+00 -2.614645e+00 -2.859297e+00 -2.341619e+00 -2.222422e+00 -1.280701e+00 -2.281328e+00 -6.236016e-01 9.689084e-03
<VARIANCE> 25
 4.219398e+01 2.352667e+01 3.621402e+01 3.848332e+01 3.947924e+01 4.091923e+01 3.193918e+01 2.772896e+01 2.646545e+01 2.596679e+01 2.679455e+01 2.039716e+01 2.746731e+00 4.289412e+00 4.128869e+00 5.166437e+00 4.372276e+00 3.962311e+00 3.903211e+00 3.953977e+00 3.898862e+00 4.038270e+00 3.962378e+00 3.462854e+00 5.425835e-03
<GCONST> 9.837121e+01
<MIXTURE> 86 1.273941e-02
<MEAN> 25
 -2.906718e+00 -9.405364e-01 1.979428e-01 5.622226e+00 2.902472e+00 4.164691e+00 4.705358e+00 4.496628e+00 4.081675e+00 3.894279e+00 4.256951e+00 2.341811e+00 -2.137771e-02 -8.343755e-02 -8.134456e-03 -4.937891e-02 -1.544834e-01 -2.167240e-01 -3.094921e-01 -3.327567e-01 -2.757382e-01 -3.722415e-01 -2.566193e-01 -4.284910e-02 2.034740e-04
<VARIANCE> 25
 8.916366e+00 4.667865e+00 1.027587e+01 1.060344e+01 1.703497e+01 1.323129e+01 1.076069e+01 9.513893e+00 9.867879e+00 1.179138e+01 1.153284e+01 1.007040e+01 8.224032e-02 1.675743e-01 2.751739e-01 4.655095e-01 7.455527e-01 7.503957e-01 6.896956e-01 6.511690e-01 9.920140e-01 8.595890e-01 7.054104e-01 9.479848e-01 5.620323e-05
<GCONST> 5.585551e+01
<MIXTURE> 87 1.100681e-02
<MEAN> 25
 -2.497037e+00 3.834922e+00 2.777360e+00 6.669947e+00 4.948939e+00 7.692344e-01 1.110496e+00 -8.669448e-01 -7.123251e-01 -4.454140e-01 -5.550510e-01 -3.042040e-04 -2.050073e+00 -2.965089e+00 -2.205647e+00 -1.929006e+00 1.432811e-01 -4.984697e-01 2.818764e-01 8.955799e-01 1.510484e+00 1.148978e+00 8.145118e-01 1.001540e+00 1.053351e-01
<VARIANCE> 25
 3.762878e+01 2.909715e+01 2.828746e+01 3.041015e+01 2.788266e+01 2.830859e+01 2.677746e+01 2.477060e+01 2.293186e+01 2.324685e+01 2.218873e+01 2.036378e+01 3.470380e+00 2.696148e+00 3.586096e+00 3.807195e+00 4.440432e+00 4.532470e+00 4.373514e+00 4.479467e+00 3.275670e+00 3.116609e+00 3.108738e+00 2.490212e+00 4.518137e-03
<GCONST> 9.506027e+01
<MIXTURE> 88 1.256585e-02
<MEAN> 25
 -2.688525e+00 -4.843009e-01 -5.934301e-01 4.849607e+00 2.865525e+00 2.840149e+00 3.512727e+00 3.548996e+00 2.771181e+00 2.383288e+00 1.920304e+00 1.745269e+00 1.500594e-01 7.376066e-02 1.965647e-01 1.045587e-01 1.108147e-01 2.970501e-01 1.136459e-02 -3.298318e-02 -1.894007e-01 -3.228955e-01 -4.691362e-02 1.340504e-01 -3.458279e-03
<VARIANCE> 25
 1.222015e+01 7.590546e+00 1.232417e+01 1.513904e+01 2.008638e+01 1.688096e+01 1.678254e+01 1.859453e+01 1.929223e+01 1.637573e+01 1.790656e+01 1.339750e+01 1.394631e+00 1.335818e+00 1.584590e+00 2.328456e+00 2.281734e+00 2.750968e+00 2.577807e+00 2.454802e+00 2.428396e+00 2.244594e+00 2.227359e+00 1.898752e+00 1.426486e-03
<GCONST> 8.070574e+01
<MIXTURE> 89 9.333527e-03
<MEAN> 25
 5.978597e+00 -6.406325e+00 -3.845986e+00 -3.364929e+00 -1.492328e+00 -5.950190e+00 -5.954745e+00 3.440428e+00 3.686670e+00 -2.893858e+00 -5.731046e+00 -3.510251e+00 -5.607846e-01 1.682739e-01 1.956837e+00 9.608055e-01 -1.888004e+00 -1.641051e+00 8.566565e-01 1.206735e+00 -6.726403e-01 -1.304435e+00 4.365414e-01 1.471835e+00 -5.049129e-03
<VARIANCE> 25
 9.139462e+00 2.961071e+01 3.158167e+01 3.000017e+01 3.511608e+01 4.290491e+01 5.780257e+01 4.968969e+01 3.917379e+01 4.128724e+01 3.638113e+01 3.211655e+01 3.475278e-01 8.099391e-01 1.437299e+00 1.350565e+00 1.847903e+00 2.100850e+00 2.498842e+00 2.063182e+00 2.579413e+00 2.083805e+00 2.254559e+00 1.496644e+00 3.617585e-04
<GCONST> 8.549936e+01
<MIXTURE> 90 7.114505e-03
<MEAN> 25
 1.380338e+00 -8.710285e+00 -4.777975e+00 -3.718861e+00 -2.290245e+00 -3.176759e+00 3.380227e+00 4.834665e-01 -7.628242e+00 -1.043184e+01 -3.238605e+00 -9.131541e-01 -2.865382e-01 9.132353e-01 1.380409e+00 -7.682310e-01 -1.782752e+00 3.508664e-01 7.407811e-01 -8.405409e-02 -5.367681e-01 1.099218e+00 2.086505e-01 -4.899176e-01 -9.930664e-03
<VARIANCE> 25
 1.156108e+01 1.884975e+01 1.649360e+01 2.339368e+01 3.587127e+01 3.440342e+01 3.232399e+01 3.202892e+01 2.970559e+01 2.434752e+01 2.285353e+01 2.197848e+01 2.462770e-01 5.304042e-01 8.319265e-01 1.046488e+00 1.339167e+00 2.625666e+00 1.526992e+00 1.531463e+00 2.161755e+00 1.944121e+00 1.274393e+00 1.129526e+00 1.894995e-04
<GCONST> 7.731177e+01
<MIXTURE> 91 7.852945e-03
<MEAN> 25
 6.199202e+00 -7.323156e+00 -8.426577e+00 -5.109997e+00 4.029454e+00 -4.788920e-01 -2.328532e+00 4.209143e-01 7.982330e-01 -2.882252e+00 -4.925289e+00 -5.072512e+00 2.635804e-01 9.889119e-01 1.574150e-01 4.545813e-01 -4.021955e-02 -5.380969e-01 -3.985187e-01 -1.702551e-01 -1.205729e-01 5.181985e-01 -1.133556e-01 1.634162e-01 -3.446501e-02
<VARIANCE> 25
 1.058716e+01 2.432646e+01 1.984028e+01 4.057088e+01 3.645784e+01 5.703415e+01 5.256395e+01 4.059406e+01 5.317696e+01 6.188971e+01 3.745695e+01 4.048679e+01 4.421698e-01 8.678084e-01 1.135367e+00 1.409300e+00 2.289141e+00 2.329408e+00 2.294227e+00 2.461900e+00 2.409813e+00 2.393963e+00 1.998910e+00 1.809566e+00 5.827898e-04
<GCONST> 8.742532e+01
<MIXTURE> 92 7.852945e-03
<MEAN> 25
 6.199202e+00 -7.323156e+00 -8.426577e+00 -5.109997e+00 4.029454e+00 -4.788920e-01 -2.328532e+00 4.209143e-01 7.982330e-01 -2.882252e+00 -4.925289e+00 -5.072512e+00 2.635804e-01 9.889119e-01 1.574150e-01 4.545813e-01 -4.021955e-02 -5.380969e-01 -3.985187e-01 -1.702551e-01 -1.205729e-01 5.181985e-01 -1.133556e-01 1.634162e-01 -3.446501e-02
<VARIANCE> 25
 1.058716e+01 2.432646e+01 1.984028e+01 4.057088e+01 3.645784e+01 5.703415e+01 5.256395e+01 4.059406e+01 5.317696e+01 6.188971e+01 3.745695e+01 4.048679e+01 4.421698e-01 8.678084e-01 1.135367e+00 1.409300e+00 2.289141e+00 2.329408e+00 2.294227e+00 2.461900e+00 2.409813e+00 2.393963e+00 1.998910e+00 1.809566e+00 5.827898e-04
<GCONST> 8.742532e+01
<MIXTURE> 93 6.122769e-03
<MEAN> 25
 -6.725777e+00 -9.494179e-01 -2.363366e+00 5.789784e+00 5.841484e+00 3.894428e+00 6.098318e+00 3.623575e+00 4.106929e+00 2.519832e+00 1.839398e+00 3.683920e+00 -6.330924e-02 -1.526645e-01 -2.550574e-01 -3.355699e-01 -3.391379e-01 -2.798977e-01 -2.088989e-01 -1.778327e-01 -1.696864e-01 -1.581058e-01 -1.068967e-01 -3.588840e-02 -1.422183e-06
<VARIANCE> 25
 9.767742e+00 5.987904e+00 8.231291e+00 1.127331e+01 1.177578e+01 1.593543e+01 1.519630e+01 1.631804e+01 1.472882e+01 1.448276e+01 1.666250e+01 1.338297e+01 8.252859e-02 1.520882e-01 2.636113e-01 3.844482e-01 5.018024e-01 6.468649e-01 7.816226e-01 8.850784e-01 9.089385e-01 8.827724e-01 8.869234e-01 9.198813e-01 1.014871e-06
<GCONST> 5.367878e+01
<MIXTURE> 94 6.122769e-03
<MEAN> 25
 -6.725777e+00 -9.494179e-01 -2.363366e+00 5.789784e+00 5.841484e+00 3.894428e+00 6.098318e+00 3.623575e+00 4.106929e+00 2.519832e+00 1.839398e+00 3.683920e+00 -6.330924e-02 -1.526645e-01 -2.550574e-01 -3.355699e-01 -3.391379e-01 -2.798977e-01 -2.088989e-01 -1.778327e-01 -1.696864e-01 -1.581058e-01 -1.068967e-01 -3.588840e-02 -1.422183e-06
<VARIANCE> 25
 9.767742e+00 5.987904e+00 8.231291e+00 1.127331e+01 1.177578e+01 1.593543e+01 1.519630e+01 1.631804e+01 1.472882e+01 1.448276e+01 1.666250e+01 1.338297e+01 8.252859e-02 1.520882e-01 2.636113e-01 3.844482e-01 5.018024e-01 6.468649e-01 7.816226e-01 8.850784e-01 9.089385e-01 8.827724e-01 8.869234e-01 9.198813e-01 1.014871e-06
<GCONST> 5.367878e+01
<MIXTURE> 95 5.258835e-03
<MEAN> 25
 -4.054422e+00 -5.621024e-01 -1.508636e+00 4.727802e+00 3.248837e+00 2.366867e+00 3.329803e+00 1.541311e+00 2.172174e+00 1.105124e+00 9.160096e-01 2.435918e+00 8.883857e-02 9.706812e-02 9.777275e-02 -1.201196e-01 -2.852922e-01 -7.408972e-01 -1.180351e+00 -1.191533e+00 -1.319172e+00 -9.836364e-01 -5.568758e-01 -2.657799e-01 -3.668577e-04
<VARIANCE> 25
 1.567323e+01 5.632064e+00 1.052991e+01 1.024178e+01 1.637933e+01 1.691508e+01 1.777851e+01 1.552496e+01 1.364149e+01 1.223279e+01 1.720320e+01 1.377318e+01 2.154976e-01 2.547276e-01 4.059359e-01 6.312255e-01 7.799091e-01 8.963662e-01 9.723094e-01 9.820798e-01 9.046811e-01 1.005427e+00 1.056723e+00 1.034796e+00 5.058227e-05
<GCONST> 6.237231e+01
<MIXTURE> 96 7.034694e-03
<MEAN> 25
 -4.056046e+00 -5.273467e-01 -1.967637e+00 4.924412e+00 3.368516e+00 1.849595e+00 3.582151e+00 2.272957e+00 2.709749e+00 1.571826e+00 1.533806e+00 2.528414e+00 6.883170e-03 2.157773e-02 2.211603e-01 4.047623e-01 5.656493e-01 6.017773e-01 2.192463e-01 -2.032214e-01 -5.749725e-01 -7.027239e-01 -6.888580e-01 -3.348640e-01 -1.162316e-04
<VARIANCE> 25
 1.326463e+01 8.216748e+00 1.262026e+01 1.289915e+01 1.399981e+01 1.775227e+01 1.559399e+01 1.735843e+01 1.707950e+01 1.605327e+01 1.747796e+01 1.410836e+01 1.396764e-01 2.043324e-01 3.198135e-01 3.730044e-01 5.829024e-01 6.431080e-01 8.296229e-01 1.122257e+00 9.350044e-01 8.255334e-01 8.198923e-01 9.355841e-01 1.062435e-06
<GCONST> 5.695440e+01
<MIXTURE> 97 7.034694e-03
<MEAN> 25
 -4.056046e+00 -5.273467e-01 -1.967637e+00 4.924412e+00 3.368516e+00 1.849595e+00 3.582151e+00 2.272957e+00 2.709749e+00 1.571826e+00 1.533806e+00 2.528414e+00 6.883170e-03 2.157773e-02 2.211603e-01 4.047623e-01 5.656493e-01 6.017773e-01 2.192463e-01 -2.032214e-01 -5.749725e-01 -7.027239e-01 -6.888580e-01 -3.348640e-01 -1.162316e-04
<VARIANCE> 25
 1.326463e+01 8.216748e+00 1.262026e+01 1.289915e+01 1.399981e+01 1.775227e+01 1.559399e+01 1.735843e+01 1.707950e+01 1.605327e+01 1.747796e+01 1.410836e+01 1.396764e-01 2.043324e-01 3.198135e-01 3.730044e-01 5.829024e-01 6.431080e-01 8.296229e-01 1.122257e+00 9.350044e-01 8.255334e-01 8.198923e-01 9.355841e-01 1.062435e-06
<GCONST> 5.695440e+01
<MIXTURE> 98 9.917808e-03
<MEAN> 25
 -1.240424e+00 8.533802e-01 8.418682e-02 4.075583e+00 2.586645e+00 2.755331e+00 2.913460e+00 1.732230e+00 1.153807e+00 1.244616e+00 9.579504e-01 8.092169e-01 -1.656332e+00 -1.247002e+00 -9.488945e-01 3.681187e-01 6.917860e-01 6.666542e-01 1.145931e+00 1.355698e+00 1.570534e+00 1.185535e+00 1.245953e+00 8.113018e-01 -2.738485e-02
<VARIANCE> 25
 1.334713e+01 1.776995e+01 2.650106e+01 2.884134e+01 4.389790e+01 3.346072e+01 2.899740e+01 2.519547e+01 2.562767e+01 2.663855e+01 2.421919e+01 2.202880e+01 1.341819e+00 1.643748e+00 2.074457e+00 2.357335e+00 2.646121e+00 2.869412e+00 2.704170e+00 2.482455e+00 2.670818e+00 2.870157e+00 2.549870e+00 2.298998e+00 2.323466e-03
<GCONST> 8.879641e+01
<MIXTURE> 99 6.696178e-03
<MEAN> 25
 -6.219452e+00 9.757565e+00 6.588838e+00 3.190970e+00 8.921767e-01 -5.041348e+00 -1.743515e+00 -4.010240e+00 -3.359972e+00 -3.775844e+00 -1.654285e+00 3.231746e-01 5.734708e-01 -6.978775e-01 3.085205e-01 -3.945003e-01 -1.139292e+00 -5.001731e-01 -3.432669e-01 -2.505445e-01 -1.411866e-01 -6.210427e-02 2.483775e-01 1.726537e-01 9.653345e-03
<VARIANCE> 25
 3.616597e+01 2.656406e+01 4.624504e+01 3.470256e+01 3.529451e+01 3.575321e+01 2.691127e+01 2.915598e+01 2.658407e+01 2.751023e+01 2.039286e+01 2.819703e+01 2.130045e+00 1.861858e+00 1.392863e+00 1.717955e+00 2.652051e+00 2.120091e+00 1.618849e+00 1.621648e+00 1.551186e+00 1.558984e+00 1.324714e+00 1.246961e+00 1.549122e-03
<GCONST> 8.680726e+01
<MIXTURE> 100 4.498084e-03
<MEAN> 25
 -1.535828e+00 6.185197e+00 1.018946e+01 -7.447948e+00 -1.062316e+01 -4.996460e+00 -4.782278e+00 -9.925988e+00 -4.587784e+00 -8.524094e-01 -3.009824e+00 -2.675005e+00 2.851826e+00 -1.194080e+00 1.183317e+00 -2.113338e+00 -3.427087e+00 -9.895198e-01 -1.163370e+00 -8.746836e-01 -1.387025e+00 2.126444e-01 -1.583604e+00 -3.321982e-01 4.359111e-03
<VARIANCE> 25
 1.322188e+01 2.091752e+01 2.181684e+01 2.546409e+01 2.284288e+01 2.305298e+01 2.867713e+01 2.094140e+01 2.687680e+01 2.182267e+01 2.351731e+01 2.057115e+01 1.839942e+00 3.915832e+00 3.146412e+00 4.256597e+00 4.032727e+00 5.417884e+00 3.942081e+00 4.256011e+00 4.207809e+00 4.196097e+00 3.892986e+00 3.157229e+00 1.748774e-03
<GCONST> 9.261426e+01
<MIXTURE> 101 6.007792e-03
<MEAN> 25
 7.562035e+00 -3.585609e+00 -6.374997e+00 -6.282020e+00 1.804679e+00 -1.420012e+00 -1.016464e+01 -2.383891e+00 7.962214e-01 2.369854e+00 -2.839635e+00 -5.083531e+00 7.218101e-01 6.659574e-01 -1.381621e+00 -1.637495e+00 8.222496e-01 2.150847e+00 1.145435e-01 -1.623944e+00 -1.137508e+00 9.670380e-01 1.436529e+00 -3.951846e-01 -3.629677e-03
<VARIANCE> 25
 1.128742e+01 1.567540e+01 2.769411e+01 4.347335e+01 4.453901e+01 3.406354e+01 3.553225e+01 3.466358e+01 4.338815e+01 4.130527e+01 5.088828e+01 2.281415e+01 2.937189e-01 6.216702e-01 1.154689e+00 1.506244e+00 2.121212e+00 2.197232e+00 2.013184e+00 2.121763e+00 2.240158e+00 2.132646e+00 1.840987e+00 1.830985e+00 3.453739e-04
<GCONST> 8.385729e+01
<MIXTURE> 102 6.007792e-03
<MEAN> 25
 7.562035e+00 -3.585609e+00 -6.374997e+00 -6.282020e+00 1.804679e+00 -1.420012e+00 -1.016464e+01 -2.383891e+00 7.962214e-01 2.369854e+00 -2.839635e+00 -5.083531e+00 7.218101e-01 6.659574e-01 -1.381621e+00 -1.637495e+00 8.222496e-01 2.150847e+00 1.145435e-01 -1.623944e+00 -1.137508e+00 9.670380e-01 1.436529e+00 -3.951846e-01 -3.629677e-03
<VARIANCE> 25
 1.128742e+01 1.567540e+01 2.769411e+01 4.347335e+01 4.453901e+01 3.406354e+01 3.553225e+01 3.466358e+01 4.338815e+01 4.130527e+01 5.088828e+01 2.281415e+01 2.937189e-01 6.216702e-01 1.154689e+00 1.506244e+00 2.121212e+00 2.197232e+00 2.013184e+00 2.121763e+00 2.240158e+00 2.132646e+00 1.840987e+00 1.830985e+00 3.453739e-04
<GCONST> 8.385729e+01
<MIXTURE> 103 5.694618e-03
<MEAN> 25
 2.904649e+00 -8.985718e+00 -5.953568e+00 -2.777100e+00 -2.301041e-01 -2.490606e+00 1.825807e+00 1.856386e+00 -4.916497e+00 -9.540602e+00 -5.137170e+00 2.990501e-01 -1.519562e-01 -1.382524e+00 -9.282367e-01 3.024636e-01 1.207959e+00 9.452742e-01 2.579053e-01 -1.846825e-01 -7.004838e-01 -7.982635e-01 -9.538248e-02 7.862807e-02 2.517515e-02
<VARIANCE> 25
 1.090946e+01 2.014896e+01 2.393239e+01 3.104134e+01 5.257281e+01 3.693353e+01 4.476211e+01 3.799069e+01 4.206092e+01 2.824607e+01 2.722168e+01 2.458595e+01 6.141963e-01 1.219690e+00 1.511228e+00 1.913413e+00 3.139718e+00 2.222718e+00 2.795844e+00 2.421070e+00 3.178493e+00 2.847667e+00 1.981898e+00 1.955699e+00 1.007754e-03
<GCONST> 8.783240e+01
<MIXTURE> 104 5.694618e-03
<MEAN> 25
 2.904649e+00 -8.985718e+00 -5.953568e+00 -2.777100e+00 -2.301041e-01 -2.490606e+00 1.825807e+00 1.856386e+00 -4.916497e+00 -9.540602e+00 -5.137170e+00 2.990501e-01 -1.519562e-01 -1.382524e+00 -9.282367e-01 3.024636e-01 1.207959e+00 9.452742e-01 2.579053e-01 -1.846825e-01 -7.004838e-01 -7.982635e-01 -9.538248e-02 7.862807e-02 2.517515e-02
<VARIANCE> 25
 1.090946e+01 2.014896e+01 2.393239e+01 3.104134e+01 5.257281e+01 3.693353e+01 4.476211e+01 3.799069e+01 4.206092e+01 2.824607e+01 2.722168e+01 2.458595e+01 6.141963e-01 1.219690e+00 1.511228e+00 1.913413e+00 3.139718e+00 2.222718e+00 2.795844e+00 2.421070e+00 3.178493e+00 2.847667e+00 1.981898e+00 1.955699e+00 1.007754e-03
<GCONST> 8.783240e+01
<MIXTURE> 105 4.710235e-03
<MEAN> 25
 2.122273e+00 -1.038453e+00 8.604499e+00 -2.523401e+00 -1.063272e+01 -4.715445e+00 -4.253226e+00 -6.585561e-01 -3.538567e+00 -3.020354e+00 1.429074e+00 -1.178269e+00 1.586152e-02 1.858496e-02 7.533577e-02 -7.155783e-02 5.093615e-03 7.504223e-02 7.831939e-03 5.774918e-02 -6.132310e-02 6.302738e-02 7.308058e-02 1.089035e-02 -1.653713e-03
<VARIANCE> 25
 1.332313e+01 2.874720e+01 4.092872e+01 4.326838e+01 4.295092e+01 5.020366e+01 3.842678e+01 3.999250e+01 3.711133e+01 3.932338e+01 3.919443e+01 2.935496e+01 7.951014e-02 1.745674e-01 3.287603e-01 3.028207e-01 3.626626e-01 4.487735e-01 4.489292e-01 4.598409e-01 4.927389e-01 4.249998e-01 4.893201e-01 4.015331e-01 8.744380e-05
<GCONST> 6.620874e+01
<MIXTURE> 106 4.710235e-03
<MEAN> 25
 2.122273e+00 -1.038453e+00 8.604499e+00 -2.523401e+00 -1.063272e+01 -4.715445e+00 -4.253226e+00 -6.585561e-01 -3.538567e+00 -3.020354e+00 1.429074e+00 -1.178269e+00 1.586152e-02 1.858496e-02 7.533577e-02 -7.155783e-02 5.093615e-03 7.504223e-02 7.831939e-03 5.774918e-02 -6.132310e-02 6.302738e-02 7.308058e-02 1.089035e-02 -1.653713e-03
<VARIANCE> 25
 1.332313e+01 2.874720e+01 4.092872e+01 4.326838e+01 4.295092e+01 5.020366e+01 3.842678e+01 3.999250e+01 3.711133e+01 3.932338e+01 3.919443e+01 2.935496e+01 7.951014e-02 1.745674e-01 3.287603e-01 3.028207e-01 3.626626e-01 4.487735e-01 4.489292e-01 4.598409e-01 4.927389e-01 4.249998e-01 4.893201e-01 4.015331e-01 8.744380e-05
<GCONST> 6.620874e+01
<MIXTURE> 107 5.452374e-03
<MEAN> 25
 8.235044e+00 -1.614189e+00 -8.241341e+00 -9.993268e+00 2.079413e+00 1.612075e+00 -7.699872e+00 -5.454924e+00 -9.201520e-01 3.160724e+00 9.653786e-01 -5.470095e+00 -5.767915e-01 -5.512530e-01 7.736320e-01 1.583532e+00 -2.204660e-02 -2.075447e+00 -8.446048e-01 8.113357e-01 2.046884e+00 -5.128162e-02 -1.433244e+00 -8.305421e-01 -1.413393e-03
<VARIANCE> 25
 9.068246e+00 2.071827e+01 2.489558e+01 3.866025e+01 3.141560e+01 4.513165e+01 4.963304e+01 3.634702e+01 4.174752e+01 3.710693e+01 4.488988e+01 2.734361e+01 3.168751e-01 1.115531e+00 1.303714e+00 2.578517e+00 2.375849e+00 2.504864e+00 2.326858e+00 2.289852e+00 2.497791e+00 2.901493e+00 2.029105e+00 1.992608e+00 6.195593e-04
<GCONST> 8.688529e+01
<MIXTURE> 108 5.452374e-03
<MEAN> 25
 8.235044e+00 -1.614189e+00 -8.241341e+00 -9.993268e+00 2.079413e+00 1.612075e+00 -7.699872e+00 -5.454924e+00 -9.201520e-01 3.160724e+00 9.653786e-01 -5.470095e+00 -5.767915e-01 -5.512530e-01 7.736320e-01 1.583532e+00 -2.204660e-02 -2.075447e+00 -8.446048e-01 8.113357e-01 2.046884e+00 -5.128162e-02 -1.433244e+00 -8.305421e-01 -1.413393e-03
<VARIANCE> 25
 9.068246e+00 2.071827e+01 2.489558e+01 3.866025e+01 3.141560e+01 4.513165e+01 4.963304e+01 3.634702e+01 4.174752e+01 3.710693e+01 4.488988e+01 2.734361e+01 3.168751e-01 1.115531e+00 1.303714e+00 2.578517e+00 2.375849e+00 2.504864e+00 2.326858e+00 2.289852e+00 2.497791e+00 2.901493e+00 2.029105e+00 1.992608e+00 6.195593e-04
<GCONST> 8.688529e+01
<MIXTURE> 109 6.661064e-03
<MEAN> 25
 4.011395e+00 -1.039711e+01 -8.148518e+00 -1.250834e+00 2.853194e+00 -4.394810e-02 -1.014237e-01 1.425123e+00 -2.650162e+00 -8.338257e+00 -5.410577e+00 6.196132e-02 -3.314690e-02 -1.349410e-01 -4.109120e-02 2.405469e-01 2.224248e-01 1.246733e-01 -1.276821e-01 -1.106280e-01 -3.518818e-02 -1.095040e-01 2.048655e-01 7.241229e-03 -3.551683e-03
<VARIANCE> 25
 9.178660e+00 1.891993e+01 2.076122e+01 3.127362e+01 4.116442e+01 3.626509e+01 4.592469e+01 3.370357e+01 4.584779e+01 3.495840e+01 2.902388e+01 2.765836e+01 2.039546e-01 4.178828e-01 5.623427e-01 6.294380e-01 1.274888e+00 9.786157e-01 1.240686e+00 1.098997e+00 1.187009e+00 1.001085e+00 8.828378e-01 9.068014e-01 1.880266e-04
<GCONST> 7.470193e+01
<MIXTURE> 110 6.661064e-03
<MEAN> 25
 4.011395e+00 -1.039711e+01 -8.148518e+00 -1.250834e+00 2.853194e+00 -4.394810e-02 -1.014237e-01 1.425123e+00 -2.650162e+00 -8.338257e+00 -5.410577e+00 6.196132e-02 -3.314690e-02 -1.349410e-01 -4.109120e-02 2.405469e-01 2.224248e-01 1.246733e-01 -1.276821e-01 -1.106280e-01 -3.518818e-02 -1.095040e-01 2.048655e-01 7.241229e-03 -3.551683e-03
<VARIANCE> 25
 9.178660e+00 1.891993e+01 2.076122e+01 3.127362e+01 4.116442e+01 3.626509e+01 4.592469e+01 3.370357e+01 4.584779e+01 3.495840e+01 2.902388e+01 2.765836e+01 2.039546e-01 4.178828e-01 5.623427e-01 6.294380e-01 1.274888e+00 9.786157e-01 1.240686e+00 1.098997e+00 1.187009e+00 1.001085e+00 8.828378e-01 9.068014e-01 1.880266e-04
<GCONST> 7.470193e+01
<MIXTURE> 111 4.337247e-03
<MEAN> 25
 -2.975730e+00 -9.224509e-01 -6.243459e-01 1.956248e+00 1.592051e-02 1.573344e+00 9.184817e-01 9.457007e-01 2.631178e-01 6.468721e-02 -4.168862e-01 1.492525e+00 -4.732685e-02 -1.613324e-02 -4.465875e-02 -1.059213e-01 -1.829977e-02 -4.006662e-02 -6.909470e-02 2.128591e-02 -1.162907e-01 -2.594495e-01 -1.850919e-01 -1.557318e-01 -6.318455e-05
<VARIANCE> 25
 7.998226e+00 4.529740e+00 1.035103e+01 7.254920e+00 1.289039e+01 2.236626e+01 1.374299e+01 1.155217e+01 9.879826e+00 1.079241e+01 1.036782e+01 1.095941e+01 8.932798e-02 1.531113e-01 2.725699e-01 5.558278e-01 7.057381e-01 7.325431e-01 8.991964e-01 8.764483e-01 8.520684e-01 9.251584e-01 9.421446e-01 9.143208e-01 3.287075e-05
<GCONST> 5.620222e+01
<MIXTURE> 112 4.337247e-03
<MEAN> 25
 -2.975730e+00 -9.224509e-01 -6.243459e-01 1.956248e+00 1.592051e-02 1.573344e+00 9.184817e-01 9.457007e-01 2.631178e-01 6.468721e-02 -4.168862e-01 1.492525e+00 -4.732685e-02 -1.613324e-02 -4.465875e-02 -1.059213e-01 -1.829977e-02 -4.006662e-02 -6.909470e-02 2.128591e-02 -1.162907e-01 -2.594495e-01 -1.850919e-01 -1.557318e-01 -6.318455e-05
<VARIANCE> 25
 7.998226e+00 4.529740e+00 1.035103e+01 7.254920e+00 1.289039e+01 2.236626e+01 1.374299e+01 1.155217e+01 9.879826e+00 1.079241e+01 1.036782e+01 1.095941e+01 8.932798e-02 1.531113e-01 2.725699e-01 5.558278e-01 7.057381e-01 7.325431e-01 8.991964e-01 8.764483e-01 8.520684e-01 9.251584e-01 9.421446e-01 9.143208e-01 3.287075e-05
<GCONST> 5.620222e+01
<MIXTURE> 113 5.938666e-03
<MEAN> 25
 9.977595e+00 1.755186e+00 -8.780834e+00 -1.704601e+01 -1.033516e+00 5.658395e+00 -5.280226e+00 -1.466388e+00 -5.695611e+00 -4.932584e-01 2.992879e-01 -1.980683e-01 4.783044e-03 1.387509e-02 -5.956906e-02 -1.135683e-01 1.041041e-01 1.504204e-01 5.929145e-02 3.612104e-02 -5.670911e-02 -5.115389e-02 1.796430e-01 3.506000e-02 -1.409759e-03
<VARIANCE> 25
 8.873801e+00 1.638862e+01 2.967829e+01 3.422211e+01 5.273456e+01 3.387121e+01 3.970647e+01 3.914790e+01 3.737141e+01 4.639969e+01 3.629396e+01 2.844426e+01 1.217821e-01 3.206535e-01 3.161520e-01 6.315354e-01 6.131086e-01 6.539152e-01 7.765785e-01 8.451704e-01 9.603027e-01 9.052097e-01 7.244629e-01 7.137864e-01 1.247856e-04
<GCONST> 7.110677e+01
<MIXTURE> 114 5.938666e-03
<MEAN> 25
 9.977595e+00 1.755186e+00 -8.780834e+00 -1.704601e+01 -1.033516e+00 5.658395e+00 -5.280226e+00 -1.466388e+00 -5.695611e+00 -4.932584e-01 2.992879e-01 -1.980683e-01 4.783044e-03 1.387509e-02 -5.956906e-02 -1.135683e-01 1.041041e-01 1.504204e-01 5.929145e-02 3.612104e-02 -5.670911e-02 -5.115389e-02 1.796430e-01 3.506000e-02 -1.409759e-03
<VARIANCE> 25
 8.873801e+00 1.638862e+01 2.967829e+01 3.422211e+01 5.273456e+01 3.387121e+01 3.970647e+01 3.914790e+01 3.737141e+01 4.639969e+01 3.629396e+01 2.844426e+01 1.217821e-01 3.206535e-01 3.161520e-01 6.315354e-01 6.131086e-01 6.539152e-01 7.765785e-01 8.451704e-01 9.603027e-01 9.052097e-01 7.244629e-01 7.137864e-01 1.247856e-04
<GCONST> 7.110677e+01
<MIXTURE> 115 2.935202e-03
<MEAN> 25
 -3.578021e+00 -7.813880e-01 -2.782293e+00 3.655304e+00 2.256280e+00 -1.959583e-01 2.334569e+00 6.009763e-01 1.288631e+00 5.057479e-02 2.204517e-01 2.470232e+00 1.443727e-02 -5.930171e-02 -2.504410e-01 -5.195647e-01 -6.790648e-01 -6.461058e-01 -4.984909e-01 -5.046318e-01 -4.541300e-01 -4.248768e-01 -3.448895e-01 -1.954213e-01 -3.630317e-06
<VARIANCE> 25
 1.086708e+01 9.269475e+00 1.394505e+01 1.182080e+01 1.410664e+01 1.720532e+01 1.623467e+01 1.984712e+01 1.722661e+01 1.638238e+01 1.858068e+01 1.468962e+01 1.941180e-01 3.235095e-01 4.667523e-01 6.480125e-01 6.398831e-01 7.678909e-01 1.064628e+00 1.096715e+00 1.010781e+00 9.729769e-01 9.652313e-01 1.166764e+00 1.039238e-06
<GCONST> 5.998927e+01
<MIXTURE> 116 2.935202e-03
<MEAN> 25
 -3.578021e+00 -7.813880e-01 -2.782293e+00 3.655304e+00 2.256280e+00 -1.959583e-01 2.334569e+00 6.009763e-01 1.288631e+00 5.057479e-02 2.204517e-01 2.470232e+00 1.443727e-02 -5.930171e-02 -2.504410e-01 -5.195647e-01 -6.790648e-01 -6.461058e-01 -4.984909e-01 -5.046318e-01 -4.541300e-01 -4.248768e-01 -3.448895e-01 -1.954213e-01 -3.630317e-06
<VARIANCE> 25
 1.086708e+01 9.269475e+00 1.394505e+01 1.182080e+01 1.410664e+01 1.720532e+01 1.623467e+01 1.984712e+01 1.722661e+01 1.638238e+01 1.858068e+01 1.468962e+01 1.941180e-01 3.235095e-01 4.667523e-01 6.480125e-01 6.398831e-01 7.678909e-01 1.064628e+00 1.096715e+00 1.010781e+00 9.729769e-01 9.652313e-01 1.166764e+00 1.039238e-06
<GCONST> 5.998927e+01
<MIXTURE> 117 6.506003e-03
<MEAN> 25
 -4.560875e+00 1.111430e+00 1.055470e+00 9.679296e+00 6.149966e+00 6.197647e+00 6.436469e+00 5.056531e+00 6.335506e+00 4.930474e+00 6.322843e+00 2.706016e+00 -7.571961e-02 -2.335542e-01 -3.518952e-01 -4.154106e-01 -3.650497e-01 -2.941843e-01 -2.812960e-01 -3.255422e-01 -3.926263e-01 -3.812770e-01 -2.683169e-01 -1.101828e-01 7.005554e-06
<VARIANCE> 25
 7.543402e+00 8.644150e+00 9.685565e+00 1.442751e+01 1.604990e+01 1.549865e+01 1.751027e+01 1.769005e+01 1.656712e+01 1.615359e+01 1.667402e+01 1.478712e+01 2.143737e-01 3.054948e-01 4.285707e-01 6.142406e-01 8.659102e-01 1.062044e+00 1.171580e+00 1.220160e+00 1.205257e+00 1.198393e+00 1.153236e+00 1.113853e+00 1.024586e-06
<GCONST> 6.045357e+01
<MIXTURE> 118 6.506003e-03
<MEAN> 25
 -4.560875e+00 1.111430e+00 1.055470e+00 9.679296e+00 6.149966e+00 6.197647e+00 6.436469e+00 5.056531e+00 6.335506e+00 4.930474e+00 6.322843e+00 2.706016e+00 -7.571961e-02 -2.335542e-01 -3.518952e-01 -4.154106e-01 -3.650497e-01 -2.941843e-01 -2.812960e-01 -3.255422e-01 -3.926263e-01 -3.812770e-01 -2.683169e-01 -1.101828e-01 7.005554e-06
<VARIANCE> 25
 7.543402e+00 8.644150e+00 9.685565e+00 1.442751e+01 1.604990e+01 1.549865e+01 1.751027e+01 1.769005e+01 1.656712e+01 1.615359e+01 1.667402e+01 1.478712e+01 2.143737e-01 3.054948e-01 4.285707e-01 6.142406e-01 8.659102e-01 1.062044e+00 1.171580e+00 1.220160e+00 1.205257e+00 1.198393e+00 1.153236e+00 1.113853e+00 1.024586e-06
<GCONST> 6.045357e+01
<MIXTURE> 119 4.297961e-03
<MEAN> 25
 -4.847620e+00 -7.461317e+00 2.244452e+00 2.024637e+00 2.087833e+00 3.477334e-01 5.204340e+00 5.886822e+00 1.185660e+00 9.764876e-01 6.463293e+00 1.530105e+00 -5.011414e-02 -7.935435e-02 3.182749e-02 -6.690969e-02 -1.354625e-01 -1.828005e-01 -7.004967e-02 -1.536231e-02 -8.695100e-02 -1.148026e-01 -5.172706e-02 -4.293778e-02 1.281153e-03
<VARIANCE> 25
 8.848991e+00 1.060582e+01 1.626309e+01 1.976734e+01 2.322050e+01 2.350465e+01 2.485430e+01 2.601006e+01 2.461571e+01 2.753561e+01 2.090044e+01 2.017980e+01 1.585066e-01 2.808716e-01 4.591242e-01 6.330574e-01 8.045048e-01 1.000917e+00 1.107414e+00 1.257579e+00 1.302962e+00 1.227775e+00 1.187230e+00 1.126028e+00 2.286602e-04
<GCONST> 6.974268e+01
<MIXTURE> 120 4.297961e-03
<MEAN> 25
 -4.847620e+00 -7.461317e+00 2.244452e+00 2.024637e+00 2.087833e+00 3.477334e-01 5.204340e+00 5.886822e+00 1.185660e+00 9.764876e-01 6.463293e+00 1.530105e+00 -5.011414e-02 -7.935435e-02 3.182749e-02 -6.690969e-02 -1.354625e-01 -1.828005e-01 -7.004967e-02 -1.536231e-02 -8.695100e-02 -1.148026e-01 -5.172706e-02 -4.293778e-02 1.281153e-03
<VARIANCE> 25
 8.848991e+00 1.060582e+01 1.626309e+01 1.976734e+01 2.322050e+01 2.350465e+01 2.485430e+01 2.601006e+01 2.461571e+01 2.753561e+01 2.090044e+01 2.017980e+01 1.585066e-01 2.808716e-01 4.591242e-01 6.330574e-01 8.045048e-01 1.000917e+00 1.107414e+00 1.257579e+00 1.302962e+00 1.227775e+00 1.187230e+00 1.126028e+00 2.286602e-04
<GCONST> 6.974268e+01
<MIXTURE> 121 4.567511e-03
<MEAN> 25
 1.435732e-01 -2.452626e+00 5.137455e+00 -1.288943e+01 -1.258502e+01 -1.644950e+00 9.907415e-01 -5.118602e+00 -4.185511e+00 -5.732247e-01 -5.548634e+00 -4.348200e+00 2.595104e-02 1.119984e-01 -5.199985e-02 9.280407e-02 1.590524e-01 6.373622e-02 -7.533520e-02 -1.815683e-01 -2.908976e-01 -2.653717e-01 -1.092007e-01 -7.479000e-03 -7.374125e-03
<VARIANCE> 25
 8.060175e+00 1.598104e+01 1.712240e+01 2.024796e+01 2.460891e+01 2.900371e+01 2.931519e+01 2.440869e+01 3.498808e+01 2.876171e+01 1.982585e+01 2.115783e+01 1.541808e-01 6.896422e-01 6.298543e-01 7.193027e-01 7.649016e-01 1.162228e+00 1.111923e+00 1.111469e+00 1.259728e+00 1.190420e+00 9.402041e-01 8.716508e-01 2.092154e-04
<GCONST> 7.154552e+01
<MIXTURE> 122 4.567511e-03
<MEAN> 25
 1.435732e-01 -2.452626e+00 5.137455e+00 -1.288943e+01 -1.258502e+01 -1.644950e+00 9.907415e-01 -5.118602e+00 -4.185511e+00 -5.732247e-01 -5.548634e+00 -4.348200e+00 2.595104e-02 1.119984e-01 -5.199985e-02 9.280407e-02 1.590524e-01 6.373622e-02 -7.533520e-02 -1.815683e-01 -2.908976e-01 -2.653717e-01 -1.092007e-01 -7.479000e-03 -7.374125e-03
<VARIANCE> 25
 8.060175e+00 1.598104e+01 1.712240e+01 2.024796e+01 2.460891e+01 2.900371e+01 2.931519e+01 2.440869e+01 3.498808e+01 2.876171e+01 1.982585e+01 2.115783e+01 1.541808e-01 6.896422e-01 6.298543e-01 7.193027e-01 7.649016e-01 1.162228e+00 1.111923e+00 1.111469e+00 1.259728e+00 1.190420e+00 9.402041e-01 8.716508e-01 2.092154e-04
<GCONST> 7.154552e+01
<MIXTURE> 123 4.393044e-03
<MEAN> 25
 -3.171737e+00 8.396931e-01 3.385838e-02 5.642192e+00 4.686502e+00 3.410766e+00 2.962147e+00 8.341854e-01 -3.132652e-01 -6.489668e-01 3.354839e-01 9.676674e-01 -5.227627e-01 -6.886864e-01 -8.137287e-01 -6.577742e-01 -2.472372e-01 4.967382e-02 3.112972e-01 5.655943e-01 7.609351e-01 6.662632e-01 7.572317e-01 4.868663e-01 -9.333453e-04
<VARIANCE> 25
 1.356735e+01 8.708430e+00 1.331092e+01 1.539135e+01 2.188088e+01 2.350539e+01 1.918009e+01 1.710102e+01 1.848989e+01 1.571191e+01 1.940399e+01 1.684418e+01 4.066230e-01 3.550071e-01 4.644270e-01 6.822937e-01 1.010449e+00 1.006104e+00 1.144563e+00 1.091964e+00 1.055743e+00 1.049253e+00 1.159701e+00 1.128333e+00 1.354415e-04
<GCONST> 6.815726e+01
<MIXTURE> 124 4.069876e-03
<MEAN> 25
 -6.496575e+00 -1.211147e+00 -2.887759e+00 5.102387e+00 4.936039e+00 3.377630e+00 5.348547e+00 2.581858e+00 3.190489e+00 1.285441e+00 1.109979e+00 3.013582e+00 -2.038612e-01 -3.193589e-01 -3.595363e-01 -2.128411e-01 1.310162e-01 5.160352e-01 8.064744e-01 8.497154e-01 6.534926e-01 3.246575e-01 6.749394e-02 -2.701780e-02 5.529351e-05
<VARIANCE> 25
 1.135277e+01 6.933898e+00 1.119199e+01 1.234070e+01 1.221400e+01 1.981378e+01 1.558016e+01 1.695005e+01 1.539133e+01 1.594772e+01 1.908592e+01 1.444761e+01 1.046271e-01 1.690745e-01 2.696004e-01 4.216245e-01 5.950688e-01 7.037179e-01 7.466292e-01 8.194910e-01 9.068521e-01 9.803167e-01 1.007975e+00 9.994562e-01 1.822275e-05
<GCONST> 5.883471e+01
<MIXTURE> 125 4.069876e-03
<MEAN> 25
 -6.496575e+00 -1.211147e+00 -2.887759e+00 5.102387e+00 4.936039e+00 3.377630e+00 5.348547e+00 2.581858e+00 3.190489e+00 1.285441e+00 1.109979e+00 3.013582e+00 -2.038612e-01 -3.193589e-01 -3.595363e-01 -2.128411e-01 1.310162e-01 5.160352e-01 8.064744e-01 8.497154e-01 6.534926e-01 3.246575e-01 6.749394e-02 -2.701780e-02 5.529351e-05
<VARIANCE> 25
 1.135277e+01 6.933898e+00 1.119199e+01 1.234070e+01 1.221400e+01 1.981378e+01 1.558016e+01 1.695005e+01 1.539133e+01 1.594772e+01 1.908592e+01 1.444761e+01 1.046271e-01 1.690745e-01 2.696004e-01 4.216245e-01 5.950688e-01 7.037179e-01 7.466292e-01 8.194910e-01 9.068521e-01 9.803167e-01 1.007975e+00 9.994562e-01 1.822275e-05
<GCONST> 5.883471e+01
<MIXTURE> 126 2.402244e-03
<MEAN> 25
 -3.629239e+00 -6.758709e+00 -5.176998e+00 2.382955e+00 4.418186e+00 -3.201870e+00 7.255954e-02 3.429362e+00 3.164964e+00 -2.672691e+00 -1.547040e+00 2.956786e+00 2.265016e-02 -3.780816e-03 -7.046618e-02 -1.594450e-01 -2.918757e-01 -3.831267e-01 -2.874978e-01 -1.875733e-01 -7.729633e-02 -5.691694e-02 -1.153600e-01 -8.995638e-02 -1.497644e-03
<VARIANCE> 25
 7.818731e+00 1.300676e+01 1.379240e+01 1.474689e+01 2.640097e+01 2.300393e+01 2.221512e+01 2.798707e+01 3.130485e+01 2.548837e+01 2.180820e+01 1.889269e+01 1.898354e-01 3.431879e-01 5.160775e-01 5.536916e-01 7.743198e-01 9.893126e-01 1.120956e+00 1.281377e+00 1.357066e+00 1.400889e+00 1.206052e+00 1.237672e+00 2.057653e-04
<GCONST> 7.009482e+01
<MIXTURE> 127 2.402244e-03
<MEAN> 25
 -3.629239e+00 -6.758709e+00 -5.176998e+00 2.382955e+00 4.418186e+00 -3.201870e+00 7.255954e-02 3.429362e+00 3.164964e+00 -2.672691e+00 -1.547040e+00 2.956786e+00 2.265016e-02 -3.780816e-03 -7.046618e-02 -1.594450e-01 -2.918757e-01 -3.831267e-01 -2.874978e-01 -1.875733e-01 -7.729633e-02 -5.691694e-02 -1.153600e-01 -8.995638e-02 -1.497644e-03
<VARIANCE> 25
 7.818731e+00 1.300676e+01 1.379240e+01 1.474689e+01 2.640097e+01 2.300393e+01 2.221512e+01 2.798707e+01 3.130485e+01 2.548837e+01 2.180820e+01 1.889269e+01 1.898354e-01 3.431879e-01 5.160775e-01 5.536916e-01 7.743198e-01 9.893126e-01 1.120956e+00 1.281377e+00 1.357066e+00 1.400889e+00 1.206052e+00 1.237672e+00 2.057653e-04
<GCONST> 7.009482e+01
<MIXTURE> 128 3.790457e-03
<MEAN> 25
 -4.270351e+00 1.843838e+00 1.407606e-01 6.508502e+00 3.170632e+00 3.471479e+00 3.954608e+00 2.727077e+00 2.531441e+00 3.915889e+00 4.504963e+00 4.606648e+00 -4.568500e-01 -3.586922e-01 -6.635281e-02 8.751911e-01 1.363397e+00 9.397044e-01 5.494944e-01 2.589040e-01 -5.781510e-01 -7.780592e-01 -5.890313e-01 -1.156991e-01 2.264791e-06
<VARIANCE> 25
 1.171107e+01 1.128403e+01 1.510787e+01 2.132714e+01 2.514628e+01 3.489033e+01 2.187469e+01 2.203954e+01 3.646801e+01 2.105047e+01 2.653595e+01 2.715852e+01 9.072780e-01 1.150817e+00 1.382025e+00 1.493836e+00 1.717362e+00 1.949309e+00 2.103241e+00 2.115411e+00 2.012935e+00 1.669468e+00 1.700400e+00 2.194009e+00 9.852008e-07
<GCONST> 7.495199e+01
<TRANSP> 3
 0.000000e+00 1.000000e+00 0.000000e+00
 0.000000e+00 9.999990e-01 9.999998e-07
 0.000000e+00 0.000000e+00 0.000000e+00
<ENDHMM>
