~o
<STREAMINFO> 1 25
<VECSIZE> 25<NULLD><MFCC_E_D_N><DIAGC>
~h "jmodel"
<BEGINHMM>
<NUMSTATES> 3
<STATE> 2
<NUMMIXES> 128
<MIXTURE> 1 5.748963e-03
<MEAN> 25
 -2.515368e+00 3.162905e+00 2.233923e+00 8.621378e+00 4.229924e+00 3.386704e+00 3.946655e+00 3.898785e+00 5.739312e+00 5.148862e+00 5.710664e+00 2.978192e+00 -1.977351e+00 -1.607334e+00 -8.502426e-01 1.096689e+00 1.527552e+00 2.219666e+00 2.146186e+00 2.070665e+00 1.644786e+00 1.255236e+00 1.523515e+00 5.909872e-01 -4.556678e-02
<VARIANCE> 25
 1.008719e+01 1.183368e+01 1.513185e+01 1.920849e+01 2.363308e+01 2.199435e+01 2.224076e+01 2.158790e+01 2.086850e+01 2.250661e+01 2.156583e+01 1.720016e+01 1.791140e+00 2.096054e+00 2.975718e+00 3.186855e+00 3.731761e+00 3.333464e+00 3.290491e+00 3.325003e+00 3.542833e+00 3.687711e+00 3.555573e+00 2.827600e+00 3.189123e-03
<GCONST> 8.851257e+01
<MIXTURE> 2 4.549242e-03
<MEAN> 25
 -4.841014e+00 1.302200e+00 1.003939e+00 9.863090e+00 6.658937e+00 7.419084e+00 7.806917e+00 6.944429e+00 8.358254e+00 6.358239e+00 7.613647e+00 3.081710e+00 -6.178296e-02 3.940072e-02 1.420595e-01 2.245609e-01 2.690120e-01 2.740617e-01 2.935386e-01 3.181672e-01 3.510139e-01 3.159022e-01 2.040548e-01 8.288773e-02 -2.477647e-06
<VARIANCE> 25
 7.111876e+00 8.878208e+00 1.065334e+01 1.604045e+01 1.736701e+01 1.547966e+01 1.708594e+01 1.847516e+01 1.655991e+01 1.734454e+01 1.807456e+01 1.438562e+01 1.248130e-01 2.271961e-01 3.354425e-01 4.671415e-01 6.512580e-01 8.197796e-01 9.272003e-01 1.001170e+00 1.049058e+00 1.091841e+00 1.090457e+00 1.016436e+00 1.010253e-06
<GCONST> 5.811811e+01
<MIXTURE> 3 4.549242e-03
<MEAN> 25
 -4.841014e+00 1.302200e+00 1.003939e+00 9.863090e+00 6.658937e+00 7.419084e+00 7.806917e+00 6.944429e+00 8.358254e+00 6.358239e+00 7.613647e+00 3.081710e+00 -6.178296e-02 3.940072e-02 1.420595e-01 2.245609e-01 2.690120e-01 2.740617e-01 2.935386e-01 3.181672e-01 3.510139e-01 3.159022e-01 2.040548e-01 8.288773e-02 -2.477647e-06
<VARIANCE> 25
 7.111876e+00 8.878208e+00 1.065334e+01 1.604045e+01 1.736701e+01 1.547966e+01 1.708594e+01 1.847516e+01 1.655991e+01 1.734454e+01 1.807456e+01 1.438562e+01 1.248130e-01 2.271961e-01 3.354425e-01 4.671415e-01 6.512580e-01 8.197796e-01 9.272003e-01 1.001170e+00 1.049058e+00 1.091841e+00 1.090457e+00 1.016436e+00 1.010253e-06
<GCONST> 5.811811e+01
<MIXTURE> 4 1.671429e-02
<MEAN> 25
 2.751328e+00 2.809972e+00 -3.666041e+00 2.998338e-01 3.687740e+00 -1.312018e+00 -9.331033e-01 -5.258586e-01 1.455845e+00 5.648866e-01 -1.665362e+00 4.442694e-01 -2.260851e+00 1.029020e+00 1.580938e+00 2.894953e+00 4.569629e-01 9.667308e-01 1.640752e+00 1.311377e+00 8.071651e-01 6.149010e-01 9.203387e-01 4.705818e-01 -9.534739e-02
<VARIANCE> 25
 1.825229e+01 2.696780e+01 2.477133e+01 3.353952e+01 3.847828e+01 6.134611e+01 5.875234e+01 4.610895e+01 4.673794e+01 5.429834e+01 4.250714e+01 3.048672e+01 2.661847e+00 4.334351e+00 3.278266e+00 4.096946e+00 5.055593e+00 5.607522e+00 5.349500e+00 5.000237e+00 5.192125e+00 5.489004e+00 5.571878e+00 4.666709e+00 5.126503e-03
<GCONST> 1.025542e+02
<MIXTURE> 5 3.206198e-03
<MEAN> 25
 -3.402542e+00 2.228025e+00 6.497638e-01 9.155194e+00 6.392616e+00 6.434551e+00 7.070930e+00 4.692339e+00 5.324668e+00 3.816520e+00 4.669803e+00 2.595837e+00 -3.265577e-01 7.212983e-01 1.174096e+00 1.003151e+00 3.124008e-01 -1.165574e-01 -1.173211e-01 4.147771e-02 4.035304e-01 6.747463e-01 4.439996e-01 1.835708e-01 -3.316355e-05
<VARIANCE> 25
 1.017072e+01 1.379002e+01 2.306047e+01 2.737147e+01 2.292256e+01 1.948157e+01 1.981440e+01 1.984583e+01 2.185398e+01 2.081573e+01 2.366584e+01 1.617070e+01 1.190718e+00 1.240370e+00 1.434143e+00 1.659360e+00 2.237154e+00 2.324188e+00 2.320084e+00 2.284077e+00 2.382395e+00 2.188747e+00 2.125552e+00 2.180897e+00 9.951956e-07
<GCONST> 7.541930e+01
<MIXTURE> 6 5.475854e-03
<MEAN> 25
 9.674264e+00 -3.884259e-01 -6.705014e+00 -1.105445e+01 -2.091886e+00 6.687385e+00 -5.807378e+00 -5.324761e+00 -3.643067e+00 1.814391e+00 4.597346e+00 -1.226560e+00 4.845864e-01 8.984883e-01 -3.561879e-01 -1.465094e+00 -6.327412e-01 1.304673e+00 1.535398e+00 2.427913e-01 -1.208700e+00 -1.214636e+00 3.230866e-01 1.227398e+00 -7.792517e-03
<VARIANCE> 25
 9.048764e+00 1.713517e+01 2.390107e+01 3.913869e+01 3.669113e+01 3.089252e+01 4.552415e+01 3.804464e+01 4.055502e+01 3.930825e+01 4.222826e+01 2.837689e+01 3.099869e-01 8.545711e-01 9.480649e-01 1.969233e+00 1.602534e+00 2.024381e+00 1.915223e+00 2.046334e+00 2.404523e+00 1.955693e+00 2.234813e+00 1.431083e+00 6.115937e-04
<GCONST> 8.393443e+01
<MIXTURE> 7 5.475854e-03
<MEAN> 25
 9.674264e+00 -3.884259e-01 -6.705014e+00 -1.105445e+01 -2.091886e+00 6.687385e+00 -5.807378e+00 -5.324761e+00 -3.643067e+00 1.814391e+00 4.597346e+00 -1.226560e+00 4.845864e-01 8.984883e-01 -3.561879e-01 -1.465094e+00 -6.327412e-01 1.304673e+00 1.535398e+00 2.427913e-01 -1.208700e+00 -1.214636e+00 3.230866e-01 1.227398e+00 -7.792517e-03
<VARIANCE> 25
 9.048764e+00 1.713517e+01 2.390107e+01 3.913869e+01 3.669113e+01 3.089252e+01 4.552415e+01 3.804464e+01 4.055502e+01 3.930825e+01 4.222826e+01 2.837689e+01 3.099869e-01 8.545711e-01 9.480649e-01 1.969233e+00 1.602534e+00 2.024381e+00 1.915223e+00 2.046334e+00 2.404523e+00 1.955693e+00 2.234813e+00 1.431083e+00 6.115937e-04
<GCONST> 8.393443e+01
<MIXTURE> 8 1.165917e-02
<MEAN> 25
 -4.454607e+00 1.200650e+00 1.186624e+00 9.263563e+00 6.205267e+00 6.016751e+00 6.282338e+00 5.478639e+00 6.358127e+00 5.217876e+00 6.160818e+00 3.001347e+00 -6.690587e-01 -1.335987e+00 -1.125699e+00 -1.624993e+00 -3.351453e-01 -1.005796e+00 -2.152878e-01 -4.137947e-01 -3.064513e-01 -1.836137e-01 -2.145569e-01 1.404307e-01 9.759209e-02
<VARIANCE> 25
 9.744828e+00 9.785788e+00 1.118659e+01 1.604811e+01 1.696336e+01 1.569586e+01 1.733706e+01 1.713984e+01 1.751415e+01 1.817240e+01 1.961408e+01 1.368223e+01 2.681527e+00 2.799755e+00 3.749462e+00 3.989641e+00 3.377020e+00 3.224426e+00 3.233517e+00 3.248972e+00 2.905230e+00 2.524516e+00 2.358196e+00 1.876667e+00 6.201689e-03
<GCONST> 8.618677e+01
<MIXTURE> 9 1.199672e-02
<MEAN> 25
 8.449592e+00 3.298549e+00 -6.425393e+00 -1.064454e+01 -2.009750e+00 3.757980e+00 -1.507083e-01 -3.618754e+00 -4.978180e+00 -1.534882e+00 -1.201033e-01 3.992624e-01 1.400561e+00 1.230838e-01 -6.758637e-01 -2.638767e+00 -1.282835e+00 5.977566e-01 -5.332060e-01 -5.461807e-01 -1.595681e-01 -5.550705e-01 2.609312e-01 -4.952272e-02 7.605352e-02
<VARIANCE> 25
 1.244007e+01 1.762217e+01 3.066897e+01 4.809877e+01 4.124699e+01 3.201166e+01 5.098980e+01 5.336901e+01 3.504607e+01 3.414917e+01 3.193739e+01 2.296823e+01 1.763623e+00 2.346392e+00 4.576110e+00 5.098380e+00 4.508037e+00 3.581212e+00 4.455849e+00 5.902440e+00 4.442516e+00 3.368061e+00 3.830513e+00 2.818646e+00 2.124761e-03
<GCONST> 9.696523e+01
<MIXTURE> 10 6.596976e-03
<MEAN> 25
 8.246447e-01 7.442752e+00 4.845412e+00 6.700132e+00 1.449912e+00 -2.220842e+00 -8.153171e-01 -1.625853e+00 1.041160e+00 7.874338e-01 7.426832e-01 7.449155e-01 -1.782022e+00 -6.400457e-01 -3.687199e-01 2.961411e+00 2.245988e+00 2.742405e+00 2.390976e+00 2.265598e+00 1.737026e+00 1.540873e+00 2.131908e+00 3.950627e-01 -1.332995e-01
<VARIANCE> 25
 1.837284e+01 2.035045e+01 2.505616e+01 2.958576e+01 3.602489e+01 3.351453e+01 3.434176e+01 3.184869e+01 2.630675e+01 2.802527e+01 2.556978e+01 2.342365e+01 2.338662e+00 3.227162e+00 5.291202e+00 4.875823e+00 5.839528e+00 4.168032e+00 4.462460e+00 4.599529e+00 4.300004e+00 4.818968e+00 4.692776e+00 3.223014e+00 2.771402e-03
<GCONST> 9.691534e+01
<MIXTURE> 11 1.633820e-02
<MEAN> 25
 5.513278e+00 3.301543e+00 2.364477e+00 3.312878e+00 -3.112050e+00 -2.375509e+00 -3.275841e+00 -5.373739e+00 -2.325486e+00 -5.301856e-01 -1.850108e+00 -1.660857e+00 -3.129427e-01 3.233229e-01 -3.529140e-02 2.869188e-01 4.205854e-01 2.593484e-01 4.313932e-02 -9.100694e-02 -1.781822e-01 6.517439e-02 -2.174837e-01 -1.900738e-02 -1.017179e-02
<VARIANCE> 25
 9.871351e+00 1.610200e+01 1.545005e+01 2.181973e+01 2.482281e+01 3.357008e+01 3.210818e+01 3.441512e+01 2.776184e+01 2.535359e+01 2.339640e+01 1.883519e+01 1.056209e+00 1.060227e+00 1.469008e+00 1.907609e+00 2.365701e+00 2.022670e+00 1.953582e+00 2.431298e+00 1.618775e+00 1.738143e+00 1.729405e+00 1.351289e+00 8.247698e-04
<GCONST> 8.226395e+01
<MIXTURE> 12 5.904134e-03
<MEAN> 25
 1.062868e+01 3.770092e+00 -4.634323e+00 -1.588406e+01 -8.483861e+00 8.366118e+00 -6.150354e-01 -2.115856e+00 -1.729115e+00 -4.820804e+00 1.699056e+00 7.870512e-01 6.998564e-02 3.012220e-01 6.239636e-02 -3.564197e-01 -3.079051e-01 4.881366e-03 3.185249e-01 4.209470e-01 1.346773e-01 -3.803269e-01 -3.685019e-01 5.373547e-02 -5.451120e-03
<VARIANCE> 25
 9.386588e+00 2.058885e+01 2.371255e+01 3.496830e+01 4.289904e+01 3.329130e+01 4.428951e+01 4.987448e+01 4.317007e+01 3.672792e+01 3.749889e+01 2.846964e+01 2.419151e-01 6.842435e-01 6.965443e-01 1.169449e+00 1.173369e+00 1.072455e+00 1.175204e+00 1.414647e+00 1.241780e+00 1.201467e+00 1.209120e+00 9.517657e-01 6.131895e-04
<GCONST> 7.911580e+01
<MIXTURE> 13 5.904134e-03
<MEAN> 25
 1.062868e+01 3.770092e+00 -4.634323e+00 -1.588406e+01 -8.483861e+00 8.366118e+00 -6.150354e-01 -2.115856e+00 -1.729115e+00 -4.820804e+00 1.699056e+00 7.870512e-01 6.998564e-02 3.012220e-01 6.239636e-02 -3.564197e-01 -3.079051e-01 4.881366e-03 3.185249e-01 4.209470e-01 1.346773e-01 -3.803269e-01 -3.685019e-01 5.373547e-02 -5.451120e-03
<VARIANCE> 25
 9.386588e+00 2.058885e+01 2.371255e+01 3.496830e+01 4.289904e+01 3.329130e+01 4.428951e+01 4.987448e+01 4.317007e+01 3.672792e+01 3.749889e+01 2.846964e+01 2.419151e-01 6.842435e-01 6.965443e-01 1.169449e+00 1.173369e+00 1.072455e+00 1.175204e+00 1.414647e+00 1.241780e+00 1.201467e+00 1.209120e+00 9.517657e-01 6.131895e-04
<GCONST> 7.911580e+01
<MIXTURE> 14 6.488954e-03
<MEAN> 25
 -4.162882e+00 -3.361790e-01 -5.902834e-01 8.606087e+00 7.172994e+00 7.297091e+00 7.762299e+00 7.370678e+00 7.122321e+00 5.040424e+00 6.715276e+00 3.742786e+00 -2.230579e-01 1.615175e-01 3.924448e-01 2.376274e-01 -2.506757e-02 4.231019e-02 6.004872e-02 1.651464e-01 2.949155e-01 5.850893e-01 5.445383e-01 1.616750e-01 -9.188789e-03
<VARIANCE> 25
 9.367518e+00 1.317921e+01 1.989513e+01 1.805794e+01 2.155684e+01 1.859242e+01 2.057637e+01 1.955705e+01 1.989713e+01 2.294164e+01 2.067986e+01 1.712829e+01 1.021669e+00 1.561111e+00 1.758129e+00 2.000775e+00 2.152449e+00 2.248183e+00 2.309668e+00 2.138864e+00 2.179664e+00 2.452008e+00 2.106356e+00 1.898440e+00 9.804326e-04
<GCONST> 8.166448e+01
<MIXTURE> 15 2.475190e-03
<MEAN> 25
 -4.112157e+00 -7.465913e-01 6.327131e-02 6.388229e+00 4.766936e+00 5.474208e+00 5.650337e+00 5.115195e+00 4.966633e+00 4.198202e+00 5.546207e+00 2.185128e+00 -1.090575e-01 -6.434180e-02 7.161466e-02 2.995925e-01 4.725977e-01 7.173287e-01 1.107764e+00 1.254245e+00 1.068477e+00 8.049582e-01 4.647387e-01 1.131668e-01 8.973775e-05
<VARIANCE> 25
 1.105526e+01 5.135619e+00 8.287609e+00 1.382265e+01 1.496583e+01 1.236491e+01 1.393568e+01 1.422581e+01 1.289664e+01 1.223855e+01 1.406337e+01 1.121586e+01 1.175742e-01 2.001478e-01 3.290942e-01 5.569755e-01 6.337789e-01 7.668902e-01 7.580931e-01 7.446133e-01 8.893027e-01 9.588385e-01 9.582381e-01 9.605082e-01 3.109794e-05
<GCONST> 5.799971e+01
<MIXTURE> 16 2.475190e-03
<MEAN> 25
 -4.112157e+00 -7.465913e-01 6.327131e-02 6.388229e+00 4.766936e+00 5.474208e+00 5.650337e+00 5.115195e+00 4.966633e+00 4.198202e+00 5.546207e+00 2.185128e+00 -1.090575e-01 -6.434180e-02 7.161466e-02 2.995925e-01 4.725977e-01 7.173287e-01 1.107764e+00 1.254245e+00 1.068477e+00 8.049582e-01 4.647387e-01 1.131668e-01 8.973775e-05
<VARIANCE> 25
 1.105526e+01 5.135619e+00 8.287609e+00 1.382265e+01 1.496583e+01 1.236491e+01 1.393568e+01 1.422581e+01 1.289664e+01 1.223855e+01 1.406337e+01 1.121586e+01 1.175742e-01 2.001478e-01 3.290942e-01 5.569755e-01 6.337789e-01 7.668902e-01 7.580931e-01 7.446133e-01 8.893027e-01 9.588385e-01 9.582381e-01 9.605082e-01 3.109794e-05
<GCONST> 5.799971e+01
<MIXTURE> 17 9.518312e-03
<MEAN> 25
 3.227206e+00 -8.378400e-01 5.917933e+00 2.178642e+00 -5.768406e+00 -6.178830e+00 -2.987837e+00 -8.174019e-01 -2.520799e+00 -2.487434e+00 3.311633e-02 5.479689e-01 -8.744642e-01 -1.073590e+00 9.975929e-01 -2.095035e+00 -2.177115e+00 -2.615320e-01 4.159208e-02 3.754933e-01 -2.968015e-01 1.967120e-02 1.145674e+00 3.634492e-01 8.350317e-02
<VARIANCE> 25
 1.696741e+01 2.880330e+01 3.082692e+01 4.449188e+01 3.998488e+01 4.536711e+01 3.757614e+01 3.566474e+01 3.249631e+01 2.863904e+01 2.585409e+01 2.741625e+01 1.793905e+00 2.891322e+00 4.309348e+00 3.511022e+00 3.782968e+00 4.940320e+00 4.701808e+00 5.036377e+00 3.573258e+00 5.381936e+00 3.163213e+00 2.408986e+00 2.026096e-03
<GCONST> 9.670676e+01
<MIXTURE> 18 1.221018e-02
<MEAN> 25
 3.370523e+00 4.355993e+00 5.856981e+00 4.025783e+00 -4.371971e+00 -8.247852e+00 -1.581629e+00 -1.547723e+00 -2.421134e+00 -1.940178e+00 -5.688539e-01 8.352087e-01 -5.384551e-01 1.670081e+00 -1.234963e-01 1.857276e+00 2.823232e+00 1.672009e+00 7.002096e-01 1.671705e-01 5.652639e-01 4.499560e-01 -3.510803e-01 -1.522067e-01 -1.154905e-01
<VARIANCE> 25
 1.432571e+01 2.151794e+01 3.121280e+01 2.447206e+01 3.565379e+01 3.001231e+01 3.206295e+01 3.138904e+01 3.740210e+01 3.112854e+01 2.949685e+01 2.618761e+01 2.294863e+00 3.381904e+00 4.282159e+00 3.541527e+00 4.036596e+00 4.020901e+00 4.183532e+00 4.315289e+00 3.999174e+00 4.801592e+00 3.845444e+00 3.257456e+00 3.597517e-03
<GCONST> 9.621899e+01
<MIXTURE> 19 9.912824e-03
<MEAN> 25
 -8.369796e+00 1.762747e+00 2.331184e-01 6.797176e-01 2.577819e+00 1.860719e+00 2.703755e+00 1.160652e+00 1.988579e+00 1.045206e+00 1.421502e+00 2.288405e+00 1.938165e+00 1.433991e+00 2.027236e+00 6.009828e-01 -9.832950e-01 -1.125545e+00 -1.071856e+00 -1.515371e+00 -1.333581e+00 -9.863904e-01 -9.617099e-01 -8.715162e-01 5.762507e-03
<VARIANCE> 25
 5.656985e+01 2.524692e+01 4.270722e+01 4.545084e+01 3.545059e+01 3.133598e+01 3.253733e+01 2.655446e+01 2.834934e+01 2.348523e+01 3.063345e+01 1.951205e+01 2.215613e+00 2.223381e+00 1.974994e+00 2.226646e+00 2.367460e+00 2.078449e+00 3.025570e+00 2.275281e+00 2.436074e+00 2.418943e+00 2.346662e+00 2.016336e+00 2.304411e-03
<GCONST> 9.130404e+01
<MIXTURE> 20 6.308331e-03
<MEAN> 25
 -1.414480e+01 7.545208e+00 5.940243e-01 6.127561e+00 4.505187e+00 1.389428e+00 5.096206e+00 9.187987e-01 8.472803e-01 9.697534e-01 2.443734e+00 -3.568678e-01 -3.296206e+00 -7.963321e-01 -1.544317e+00 3.249944e-01 1.532861e+00 2.067906e+00 1.966694e+00 1.967848e+00 2.071195e+00 2.024146e+00 1.648087e+00 8.628598e-01 4.886139e-02
<VARIANCE> 25
 2.016204e+01 2.430705e+01 3.145052e+01 3.580224e+01 3.221867e+01 2.930882e+01 2.909124e+01 3.039503e+01 2.721363e+01 2.812110e+01 2.464903e+01 2.073317e+01 2.020411e+00 2.227268e+00 1.857227e+00 2.482159e+00 2.601159e+00 2.227198e+00 2.222445e+00 2.467650e+00 2.272780e+00 2.590566e+00 2.209886e+00 1.974711e+00 1.867849e-03
<GCONST> 8.913391e+01
<MIXTURE> 21 7.928653e-03
<MEAN> 25
 3.688986e+00 -4.155265e+00 5.410833e+00 -1.318387e+00 -9.894129e+00 -8.179720e+00 -2.068080e+00 4.011828e+00 -1.701673e+00 -2.618410e+00 2.700823e-01 1.160149e-01 -7.014528e-01 1.199035e+00 2.459647e+00 -8.520059e-02 -1.606963e+00 3.673977e-01 5.368079e-01 -1.427728e+00 -1.899848e+00 2.556877e-01 1.370356e+00 2.739475e-01 -1.215039e-02
<VARIANCE> 25
 9.056152e+00 1.839142e+01 2.814125e+01 2.638337e+01 3.085619e+01 3.317114e+01 4.151141e+01 3.635218e+01 4.064753e+01 3.472454e+01 3.160388e+01 2.199625e+01 3.522036e-01 1.041993e+00 1.831520e+00 1.215512e+00 2.135508e+00 2.078674e+00 3.354658e+00 2.383287e+00 2.105587e+00 2.435468e+00 2.048153e+00 2.142893e+00 4.185124e-04
<GCONST> 8.442120e+01
<MIXTURE> 22 8.827789e-03
<MEAN> 25
 -1.820788e+01 7.837608e+00 -4.327668e+00 6.917186e+00 3.842065e+00 1.962094e+00 8.253025e+00 9.197884e-01 4.109976e+00 3.261716e+00 5.735467e+00 9.692622e-01 -4.901670e-01 -2.213258e-01 2.614235e-01 -1.265972e-01 1.318512e-01 1.471348e-01 5.198436e-01 1.219837e-02 2.290329e-01 1.550886e-01 2.274172e-01 2.248044e-02 1.093023e-02
<VARIANCE> 25
 7.414441e+00 1.674869e+01 1.529346e+01 2.273484e+01 2.292893e+01 2.090188e+01 1.708345e+01 2.014799e+01 2.527862e+01 1.952694e+01 1.942478e+01 1.282323e+01 1.254117e+00 1.159750e+00 2.390744e+00 1.371773e+00 1.303600e+00 1.332824e+00 2.287087e+00 1.638438e+00 1.396257e+00 1.475577e+00 1.234465e+00 1.214666e+00 1.732259e-03
<GCONST> 7.855843e+01
<MIXTURE> 23 6.455497e-03
<MEAN> 25
 6.778629e+00 2.384399e+00 2.347967e+00 1.737007e+00 -4.417491e+00 -2.801831e+00 -4.091177e+00 -5.578596e+00 -2.918535e+00 -1.198463e+00 -3.375588e+00 -2.118409e+00 6.556969e-03 1.536053e-01 5.644858e-02 1.153993e-01 6.304289e-02 -1.597495e-02 -6.638764e-02 -5.732158e-02 8.938112e-03 1.322046e-01 1.384957e-02 -1.144740e-01 -3.142098e-03
<VARIANCE> 25
 9.651621e+00 1.686045e+01 1.993166e+01 3.358466e+01 3.029781e+01 4.159077e+01 4.660424e+01 4.586702e+01 3.607295e+01 3.564973e+01 3.607477e+01 3.172478e+01 1.192638e-01 2.378898e-01 3.660696e-01 4.305720e-01 6.658933e-01 7.608296e-01 8.184808e-01 9.630070e-01 8.511875e-01 8.825499e-01 8.800728e-01 7.616765e-01 7.646302e-05
<GCONST> 7.006109e+01
<MIXTURE> 24 6.455497e-03
<MEAN> 25
 6.778629e+00 2.384399e+00 2.347967e+00 1.737007e+00 -4.417491e+00 -2.801831e+00 -4.091177e+00 -5.578596e+00 -2.918535e+00 -1.198463e+00 -3.375588e+00 -2.118409e+00 6.556969e-03 1.536053e-01 5.644858e-02 1.153993e-01 6.304289e-02 -1.597495e-02 -6.638764e-02 -5.732158e-02 8.938112e-03 1.322046e-01 1.384957e-02 -1.144740e-01 -3.142098e-03
<VARIANCE> 25
 9.651621e+00 1.686045e+01 1.993166e+01 3.358466e+01 3.029781e+01 4.159077e+01 4.660424e+01 4.586702e+01 3.607295e+01 3.564973e+01 3.607477e+01 3.172478e+01 1.192638e-01 2.378898e-01 3.660696e-01 4.305720e-01 6.658933e-01 7.608296e-01 8.184808e-01 9.630070e-01 8.511875e-01 8.825499e-01 8.800728e-01 7.616765e-01 7.646302e-05
<GCONST> 7.006109e+01
<MIXTURE> 25 1.118642e-02
<MEAN> 25
 2.440562e-01 3.352362e+00 1.644790e+01 -1.135244e+00 -1.118776e+01 -1.935091e+00 -4.889215e+00 -3.052803e+00 -6.831032e+00 -5.201406e+00 3.995853e+00 -1.442209e+00 -1.201063e-01 4.045414e-01 1.503391e-01 1.787460e-01 2.215110e-01 9.744863e-02 2.004262e-01 -1.392429e-01 -2.244200e-01 4.982958e-02 -7.546039e-02 -9.619871e-02 -1.341723e-02
<VARIANCE> 25
 8.975010e+00 2.206902e+01 2.354604e+01 2.895275e+01 3.141227e+01 4.172375e+01 2.734154e+01 2.966108e+01 2.841078e+01 3.742635e+01 2.079428e+01 2.795797e+01 5.966829e-01 1.453794e+00 1.397085e+00 1.417805e+00 2.250730e+00 2.075842e+00 1.721620e+00 1.657238e+00 1.546845e+00 1.688486e+00 1.363900e+00 1.304950e+00 1.293476e-03
<GCONST> 8.298870e+01
<MIXTURE> 26 7.727677e-03
<MEAN> 25
 1.555092e+00 -6.063443e+00 -8.731712e+00 -1.331003e+00 8.562725e+00 5.071278e+00 1.740416e+00 8.104272e-02 1.396091e+00 4.886096e-01 -3.065629e+00 -1.675625e+00 -6.221682e-01 5.613223e-01 4.260156e-01 7.903901e-01 9.163772e-03 1.699175e-01 4.447041e-01 2.502960e-01 4.098617e-01 1.547283e-01 4.761791e-01 4.687932e-01 -4.963730e-02
<VARIANCE> 25
 2.161583e+01 3.028393e+01 2.876272e+01 5.163379e+01 3.990983e+01 4.095744e+01 5.800281e+01 3.982210e+01 3.560341e+01 5.587653e+01 3.521051e+01 4.043137e+01 1.418982e+00 1.872041e+00 1.665608e+00 1.717245e+00 2.614107e+00 2.217067e+00 2.347652e+00 2.395607e+00 2.093222e+00 2.351563e+00 2.169283e+00 1.811837e+00 2.777722e-03
<GCONST> 9.232328e+01
<MIXTURE> 27 7.727677e-03
<MEAN> 25
 1.555092e+00 -6.063443e+00 -8.731712e+00 -1.331003e+00 8.562725e+00 5.071278e+00 1.740416e+00 8.104272e-02 1.396091e+00 4.886096e-01 -3.065629e+00 -1.675625e+00 -6.221682e-01 5.613223e-01 4.260156e-01 7.903901e-01 9.163772e-03 1.699175e-01 4.447041e-01 2.502960e-01 4.098617e-01 1.547283e-01 4.761791e-01 4.687932e-01 -4.963730e-02
<VARIANCE> 25
 2.161583e+01 3.028393e+01 2.876272e+01 5.163379e+01 3.990983e+01 4.095744e+01 5.800281e+01 3.982210e+01 3.560341e+01 5.587653e+01 3.521051e+01 4.043137e+01 1.418982e+00 1.872041e+00 1.665608e+00 1.717245e+00 2.614107e+00 2.217067e+00 2.347652e+00 2.395607e+00 2.093222e+00 2.351563e+00 2.169283e+00 1.811837e+00 2.777722e-03
<GCONST> 9.232328e+01
<MIXTURE> 28 5.036674e-03
<MEAN> 25
 -4.839264e+00 -6.662980e-02 -1.344174e+00 6.283398e+00 4.917847e+00 3.535128e+00 5.065239e+00 3.253182e+00 3.920449e+00 2.291830e+00 2.549703e+00 2.980201e+00 -1.359563e-01 2.341615e-01 5.111719e-01 7.560666e-01 8.227701e-01 6.848605e-01 5.068611e-01 3.766120e-01 4.036744e-01 5.081920e-01 3.871134e-01 1.545583e-01 -1.635169e-05
<VARIANCE> 25
 1.373968e+01 7.946268e+00 1.225186e+01 1.539168e+01 1.577575e+01 1.684848e+01 1.866250e+01 1.835386e+01 1.644622e+01 1.622669e+01 2.005970e+01 1.489069e+01 2.686469e-01 3.284939e-01 3.909181e-01 4.656945e-01 5.999566e-01 8.551090e-01 1.008563e+00 1.104647e+00 1.091489e+00 1.013088e+00 1.011307e+00 1.075033e+00 1.173044e-06
<GCONST> 6.042250e+01
<MIXTURE> 29 5.036674e-03
<MEAN> 25
 -4.839264e+00 -6.662980e-02 -1.344174e+00 6.283398e+00 4.917847e+00 3.535128e+00 5.065239e+00 3.253182e+00 3.920449e+00 2.291830e+00 2.549703e+00 2.980201e+00 -1.359563e-01 2.341615e-01 5.111719e-01 7.560666e-01 8.227701e-01 6.848605e-01 5.068611e-01 3.766120e-01 4.036744e-01 5.081920e-01 3.871134e-01 1.545583e-01 -1.635169e-05
<VARIANCE> 25
 1.373968e+01 7.946268e+00 1.225186e+01 1.539168e+01 1.577575e+01 1.684848e+01 1.866250e+01 1.835386e+01 1.644622e+01 1.622669e+01 2.005970e+01 1.489069e+01 2.686469e-01 3.284939e-01 3.909181e-01 4.656945e-01 5.999566e-01 8.551090e-01 1.008563e+00 1.104647e+00 1.091489e+00 1.013088e+00 1.011307e+00 1.075033e+00 1.173044e-06
<GCONST> 6.042250e+01
<MIXTURE> 30 8.917812e-03
<MEAN> 25
 -3.687885e+00 -4.410382e-01 7.160417e-01 8.202585e+00 7.216227e+00 7.496146e+00 7.293990e+00 6.794124e+00 6.529040e+00 4.737188e+00 6.547888e+00 3.035360e+00 -2.726693e-02 3.794520e-02 7.023883e-02 1.933469e-01 1.510156e-01 4.767879e-02 5.495792e-02 -3.102074e-02 6.783174e-02 5.556798e-02 -1.106035e-02 -3.979968e-03 2.880545e-04
<VARIANCE> 25
 9.050657e+00 9.069830e+00 9.294266e+00 1.609466e+01 1.557115e+01 1.453213e+01 1.777334e+01 1.681320e+01 1.515327e+01 1.731793e+01 1.986195e+01 1.440860e+01 9.727221e-02 2.051009e-01 3.176997e-01 5.938712e-01 5.877326e-01 6.894922e-01 7.877762e-01 7.375916e-01 8.842526e-01 9.273635e-01 8.792749e-01 8.234103e-01 5.307143e-05
<GCONST> 6.031716e+01
<MIXTURE> 31 4.136493e-03
<MEAN> 25
 -2.323097e+00 -4.748415e+00 4.621232e-02 3.986198e+00 2.700446e+00 1.658846e+00 4.387154e+00 6.455811e+00 2.512652e+00 1.293685e+00 5.221226e+00 2.233168e+00 2.735578e-01 4.312357e-01 -9.189952e-02 2.655005e-01 3.744946e-02 3.845899e-01 3.173341e-01 5.848353e-03 3.767319e-01 2.648751e-01 1.840062e-01 5.819727e-02 -1.730326e-02
<VARIANCE> 25
 8.291217e+00 1.439045e+01 1.453253e+01 1.701757e+01 2.276795e+01 2.068007e+01 2.382635e+01 2.358449e+01 2.290977e+01 2.376607e+01 2.057971e+01 1.744194e+01 1.840151e-01 4.776310e-01 5.559604e-01 7.785863e-01 1.061519e+00 1.129417e+00 1.385510e+00 1.583729e+00 1.414021e+00 1.331153e+00 1.184250e+00 1.171803e+00 2.752088e-04
<GCONST> 7.136867e+01
<MIXTURE> 32 4.136493e-03
<MEAN> 25
 -2.323097e+00 -4.748415e+00 4.621232e-02 3.986198e+00 2.700446e+00 1.658846e+00 4.387154e+00 6.455811e+00 2.512652e+00 1.293685e+00 5.221226e+00 2.233168e+00 2.735578e-01 4.312357e-01 -9.189952e-02 2.655005e-01 3.744946e-02 3.845899e-01 3.173341e-01 5.848353e-03 3.767319e-01 2.648751e-01 1.840062e-01 5.819727e-02 -1.730326e-02
<VARIANCE> 25
 8.291217e+00 1.439045e+01 1.453253e+01 1.701757e+01 2.276795e+01 2.068007e+01 2.382635e+01 2.358449e+01 2.290977e+01 2.376607e+01 2.057971e+01 1.744194e+01 1.840151e-01 4.776310e-01 5.559604e-01 7.785863e-01 1.061519e+00 1.129417e+00 1.385510e+00 1.583729e+00 1.414021e+00 1.331153e+00 1.184250e+00 1.171803e+00 2.752088e-04
<GCONST> 7.136867e+01
<MIXTURE> 33 1.508826e-02
<MEAN> 25
 5.730387e+00 -3.509669e+00 -2.747312e+00 -3.193977e+00 -1.249401e+00 -5.459642e+00 -7.120236e+00 1.225462e+00 1.221625e+00 -6.227220e-01 -4.748444e+00 -2.643941e+00 5.827651e-01 -9.967123e-01 -2.229906e+00 -1.718024e+00 1.735997e+00 1.141830e+00 -7.366154e-01 7.556459e-01 1.076276e+00 4.940048e-01 -5.213014e-01 -1.116118e+00 3.228693e-02
<VARIANCE> 25
 1.117260e+01 1.912363e+01 2.766167e+01 3.166372e+01 3.827515e+01 3.775592e+01 3.713810e+01 4.486707e+01 3.772934e+01 3.695521e+01 3.269721e+01 3.060790e+01 1.234735e+00 1.794455e+00 2.298237e+00 2.032031e+00 4.098969e+00 3.737519e+00 3.937194e+00 4.797767e+00 3.531881e+00 3.940614e+00 3.209524e+00 2.362162e+00 1.467373e-03
<GCONST> 9.306863e+01
<MIXTURE> 34 1.588179e-02
<MEAN> 25
 8.613103e+00 1.453989e-01 -2.534342e-02 9.450951e-01 -2.789147e+00 -1.622041e+00 -5.881430e+00 -4.668191e+00 -1.794581e+00 9.584515e-02 -2.614946e+00 -3.544218e+00 3.265585e-03 1.283422e+00 1.479761e+00 2.342771e+00 -1.084969e-01 -4.522834e-02 7.495171e-01 -1.472571e+00 -8.134706e-01 2.871022e-01 -5.227881e-01 1.550045e-01 -6.199670e-02
<VARIANCE> 25
 9.137514e+00 2.997732e+01 2.937175e+01 4.919979e+01 4.133900e+01 4.769370e+01 5.487550e+01 5.709494e+01 5.144828e+01 4.176532e+01 4.609657e+01 3.087418e+01 1.235289e+00 2.013757e+00 4.135678e+00 3.970852e+00 5.556236e+00 5.877583e+00 5.615348e+00 6.383403e+00 5.178270e+00 4.854588e+00 4.905914e+00 3.949515e+00 1.137792e-03
<GCONST> 9.959035e+01
<MIXTURE> 35 1.467755e-02
<MEAN> 25
 -2.506051e+00 -5.220034e+00 -9.209612e+00 6.110153e-01 8.134447e+00 4.560371e-01 1.459880e+00 1.874635e+00 8.306980e-01 4.907804e+00 4.640521e-01 2.299715e+00 4.292338e-01 -1.044392e+00 -1.403911e+00 -1.344810e+00 3.519241e-01 -9.272189e-01 -5.624443e-01 -1.018273e-01 -1.659215e-01 -9.847522e-02 -7.910931e-01 -3.161075e-01 1.036607e-01
<VARIANCE> 25
 1.845402e+01 2.714899e+01 4.055288e+01 5.912014e+01 5.172775e+01 5.166061e+01 4.489146e+01 4.384567e+01 4.860726e+01 3.960035e+01 3.556974e+01 3.026530e+01 3.284292e+00 3.204159e+00 5.924176e+00 5.579585e+00 4.740727e+00 5.117756e+00 4.907133e+00 4.438712e+00 4.487868e+00 4.835794e+00 3.858975e+00 3.837122e+00 4.770168e-03
<GCONST> 1.025143e+02
<MIXTURE> 36 1.093293e-02
<MEAN> 25
 4.165373e+00 -2.345039e+00 5.406797e+00 1.809973e+00 -7.317362e+00 -7.336128e+00 -5.275392e+00 1.761232e+00 -2.087941e+00 -3.525934e+00 2.131449e+00 2.284615e-01 3.389845e-01 -1.568585e-02 -9.266834e-01 2.008188e-01 1.041491e+00 -2.341831e-02 -3.843077e-01 -4.622618e-02 4.709780e-01 5.337639e-01 -4.366830e-01 -3.758431e-01 -1.254329e-02
<VARIANCE> 25
 8.561246e+00 1.483314e+01 1.995075e+01 2.154700e+01 3.621793e+01 3.370696e+01 3.755194e+01 3.176794e+01 3.024465e+01 2.912212e+01 2.087720e+01 1.991787e+01 4.408779e-01 7.343314e-01 1.430063e+00 1.119125e+00 1.433738e+00 1.462180e+00 1.790434e+00 1.536716e+00 1.874271e+00 1.786307e+00 1.626382e+00 1.320961e+00 6.394549e-04
<GCONST> 7.957007e+01
<MIXTURE> 37 1.246826e-02
<MEAN> 25
 8.085968e-02 6.622723e+00 1.163030e+01 -6.373049e+00 -7.461199e+00 -1.896147e+00 -5.054158e+00 -7.947509e+00 -1.986138e+00 -7.755802e-01 -2.324315e+00 -5.206620e-01 6.302485e-01 2.087755e-01 -1.391510e+00 3.624632e+00 1.353441e+00 3.367486e-01 1.141196e+00 9.138176e-01 5.074005e-01 -4.564456e-02 4.968850e-03 -3.600638e-01 -9.189522e-02
<VARIANCE> 25
 1.416791e+01 2.260208e+01 2.722744e+01 5.052425e+01 2.893754e+01 2.703645e+01 3.577105e+01 3.445639e+01 3.759057e+01 3.408317e+01 3.361018e+01 2.582194e+01 2.623825e+00 3.043042e+00 2.442886e+00 3.362064e+00 4.606009e+00 4.161489e+00 3.218166e+00 3.276121e+00 2.821701e+00 3.133394e+00 3.470782e+00 2.241473e+00 3.092109e-03
<GCONST> 9.458740e+01
<MIXTURE> 38 1.154525e-02
<MEAN> 25
 -5.026515e+00 8.866714e+00 2.663863e+00 2.765700e+00 -4.240786e-01 -5.904087e+00 -5.726634e-01 -2.594827e+00 -3.230244e+00 -3.511526e+00 -1.976047e+00 -5.321322e-01 -4.342630e+00 1.635602e+00 -1.999079e-01 1.724241e+00 2.408401e+00 1.378063e+00 1.754830e+00 1.207693e+00 5.814688e-01 1.372195e+00 9.473194e-01 3.268732e-01 5.046567e-02
<VARIANCE> 25
 3.086235e+01 2.823597e+01 4.508971e+01 2.818655e+01 4.583904e+01 3.519089e+01 3.117709e+01 3.596747e+01 3.121473e+01 3.265197e+01 2.109610e+01 2.461283e+01 2.098586e+00 4.499954e+00 3.357878e+00 4.723838e+00 3.588408e+00 4.187218e+00 4.240396e+00 4.231622e+00 3.788813e+00 6.304907e+00 3.719650e+00 2.890635e+00 1.775683e-03
<GCONST> 9.727311e+01
<MIXTURE> 39 9.501865e-03
<MEAN> 25
 1.106700e-01 2.585464e+00 9.306557e+00 -8.617360e+00 -8.295918e+00 -1.051748e+00 -3.574825e+00 -6.354531e+00 -1.306473e+00 1.369183e+00 -2.865611e+00 -2.515617e+00 -6.941155e-01 1.572595e+00 1.351127e+00 -2.014509e+00 1.705264e-01 6.536416e-01 -1.490121e+00 -1.606496e+00 3.576473e-01 -1.015447e-01 1.479475e-01 4.076093e-01 1.981206e-02
<VARIANCE> 25
 7.551252e+00 2.954263e+01 2.356498e+01 3.967129e+01 3.315489e+01 3.800610e+01 4.075644e+01 3.000671e+01 3.346619e+01 2.717713e+01 3.199906e+01 2.343685e+01 6.671118e-01 2.216383e+00 1.228424e+00 4.025336e+00 2.163456e+00 2.635594e+00 2.713923e+00 3.131155e+00 2.015275e+00 2.162416e+00 2.267422e+00 1.506868e+00 1.081167e-03
<GCONST> 8.761674e+01
<MIXTURE> 40 1.030800e-02
<MEAN> 25
 -6.302464e+00 1.590478e+00 -1.554629e+00 6.043350e+00 2.203709e+00 4.828806e+00 4.606311e+00 4.878335e+00 4.549717e+00 3.372054e+00 4.548398e+00 2.959830e-01 -8.284839e-02 -1.209533e-01 -6.572904e-02 -2.109165e-01 -1.321183e-01 -7.718743e-02 1.708550e-01 1.102337e-01 1.215141e-01 -2.180224e-02 7.320363e-02 8.180121e-02 1.598445e-03
<VARIANCE> 25
 3.917818e+01 1.462558e+01 2.457111e+01 2.488695e+01 2.315662e+01 1.421143e+01 1.741576e+01 1.673992e+01 1.574109e+01 1.509225e+01 1.522135e+01 1.406817e+01 7.923748e-01 6.794809e-01 8.258227e-01 1.060498e+00 1.172383e+00 1.168426e+00 1.511321e+00 1.441389e+00 1.266658e+00 1.279012e+00 9.572515e-01 1.157895e+00 6.912269e-04
<GCONST> 7.467215e+01
<MIXTURE> 41 6.713375e-03
<MEAN> 25
 7.262343e-01 2.083036e+00 1.055522e+01 -6.949058e+00 -9.706288e+00 -4.473186e+00 -2.748528e+00 -5.538115e+00 -3.244673e+00 2.992274e+00 -1.677407e+00 -5.248713e-01 -5.432747e-02 -1.740690e-02 1.550083e+00 -3.577253e+00 -2.019964e+00 -5.844286e-01 -8.981453e-01 -9.174614e-01 -7.957391e-01 6.709823e-01 -2.175053e-01 1.135421e-01 8.338835e-02
<VARIANCE> 25
 1.024524e+01 2.723634e+01 2.674042e+01 5.129084e+01 3.352489e+01 3.773836e+01 3.284803e+01 2.961802e+01 3.386382e+01 2.891292e+01 2.707683e+01 2.388780e+01 2.753381e+00 4.787310e+00 3.159110e+00 5.624546e+00 4.528378e+00 5.587840e+00 4.986218e+00 4.740915e+00 3.502066e+00 4.864226e+00 4.981815e+00 2.682662e+00 2.407556e-03
<GCONST> 9.743272e+01
<MIXTURE> 42 1.106211e-02
<MEAN> 25
 -2.204510e+00 4.634967e+00 3.807950e+00 2.337865e+00 -6.167356e-01 -5.891911e+00 -3.881526e-01 -2.668097e+00 -1.834995e+00 -8.388083e-01 -1.606453e+00 1.214531e+00 4.005441e+00 -2.790901e-01 1.278821e+00 2.058100e-01 -2.649955e+00 -1.388072e+00 -1.972503e+00 -8.451359e-01 -7.979289e-01 -3.855218e-01 5.771046e-01 -8.698967e-01 1.480291e-03
<VARIANCE> 25
 3.293140e+01 1.915180e+01 4.935778e+01 2.471991e+01 3.525550e+01 4.109384e+01 3.451512e+01 2.567228e+01 2.997516e+01 2.639818e+01 2.188097e+01 1.611908e+01 4.123116e+00 4.338961e+00 5.160793e+00 4.310032e+00 4.408272e+00 5.403851e+00 5.257051e+00 4.428694e+00 4.649348e+00 5.153874e+00 3.917824e+00 3.306150e+00 4.988332e-03
<GCONST> 9.884673e+01
<MIXTURE> 43 7.108249e-03
<MEAN> 25
 1.938039e+00 -4.954645e+00 -2.598388e+00 -4.840036e+00 -5.230073e+00 -4.622085e+00 3.429837e+00 -6.556044e-01 -4.065837e+00 -7.276348e+00 -3.835642e+00 -4.830604e-01 2.157625e-01 2.006257e+00 1.592306e+00 3.419556e-01 -1.169438e+00 -4.388627e-01 -8.173860e-01 -4.294594e-01 1.179439e+00 1.332886e+00 1.572890e-01 -6.586926e-02 -4.560963e-02
<VARIANCE> 25
 1.014371e+01 1.845693e+01 2.313258e+01 2.872219e+01 4.304891e+01 3.178829e+01 3.374441e+01 4.838503e+01 4.121860e+01 3.530304e+01 2.100667e+01 2.625732e+01 6.995209e-01 1.307359e+00 1.399966e+00 2.345603e+00 2.149905e+00 2.184311e+00 2.451474e+00 2.654614e+00 3.745353e+00 2.302045e+00 1.897131e+00 1.692121e+00 1.023683e-03
<GCONST> 8.684887e+01
<MIXTURE> 44 7.328289e-03
<MEAN> 25
 -1.248135e+01 1.103564e+00 3.146790e+00 -3.151730e+00 2.377969e+00 2.203998e+00 -4.845264e-01 2.067427e+00 2.015411e+00 -4.612481e-01 9.064756e-01 1.769508e+00 -2.527245e-01 -8.267370e-03 2.693359e-01 3.244315e-01 -3.613789e-01 2.496419e-01 5.663306e-01 -3.298946e-02 2.516681e-01 2.320792e-01 -5.941541e-02 2.009500e-01 5.724070e-03
<VARIANCE> 25
 5.972359e+01 2.543557e+01 3.166936e+01 2.720774e+01 2.868605e+01 2.698709e+01 2.357461e+01 2.933532e+01 2.995150e+01 2.393217e+01 2.577609e+01 1.998876e+01 1.175738e+00 1.320838e+00 1.393006e+00 1.316509e+00 2.462020e+00 1.604685e+00 1.488851e+00 1.862880e+00 1.429482e+00 1.500688e+00 1.327133e+00 1.339071e+00 1.274287e-03
<GCONST> 8.415533e+01
<MIXTURE> 45 1.364932e-02
<MEAN> 25
 -1.145107e+01 4.622218e+00 -3.813663e+00 3.526572e+00 2.621563e+00 -2.290042e-01 3.670169e+00 1.892324e+00 1.556511e+00 3.222619e+00 2.900145e+00 1.674922e+00 -2.948148e+00 5.244186e-01 -5.382574e-01 -5.519850e-01 1.473525e-01 -1.021954e-01 8.318976e-01 -2.093863e-01 -1.446548e-01 1.853034e-01 7.678058e-01 1.905934e-01 1.136774e-01
<VARIANCE> 25
 3.680103e+01 3.261624e+01 3.683992e+01 2.484393e+01 3.128047e+01 2.235426e+01 2.252264e+01 2.055611e+01 2.322289e+01 2.330927e+01 2.385645e+01 1.408976e+01 1.788617e+00 2.224639e+00 3.307060e+00 2.182896e+00 1.909430e+00 2.402145e+00 2.177609e+00 1.877446e+00 1.702210e+00 1.825944e+00 2.153612e+00 1.541147e+00 3.242286e-03
<GCONST> 8.754691e+01
<MIXTURE> 46 9.336259e-03
<MEAN> 25
 -9.623023e+00 2.452902e+00 1.041773e+00 7.335813e+00 5.632160e+00 3.142727e+00 7.056817e+00 4.212056e+00 5.451874e+00 4.729915e+00 5.220893e+00 2.835557e+00 1.014780e+00 -2.592884e-01 1.489336e-01 9.867576e-01 5.847155e-01 9.096094e-01 4.897080e-01 6.621671e-01 4.378054e-01 5.389712e-01 5.945504e-01 4.604291e-01 -1.026863e-01
<VARIANCE> 25
 3.704258e+01 4.345563e+01 3.790879e+01 4.941513e+01 5.151950e+01 4.050392e+01 3.664975e+01 3.685049e+01 3.369501e+01 3.024463e+01 3.025576e+01 1.992100e+01 3.837700e+00 4.013314e+00 4.209023e+00 4.031808e+00 4.079489e+00 3.642509e+00 3.623791e+00 3.034260e+00 2.930259e+00 2.844490e+00 2.298233e+00 1.897743e+00 7.896991e-03
<GCONST> 9.846003e+01
<MIXTURE> 47 7.116147e-03
<MEAN> 25
 6.941050e+00 -6.695641e+00 -7.493433e+00 -6.382107e+00 1.625100e+00 1.164956e-01 -2.627784e+00 7.694949e-01 2.402049e+00 1.071766e-01 -4.067967e+00 -6.524520e+00 -2.493821e-01 -1.185373e+00 -7.563840e-01 -4.060886e-01 7.263207e-01 7.129660e-01 8.394681e-01 3.093966e-01 1.875099e-01 -8.441694e-01 -4.868675e-01 -4.083208e-01 2.840321e-02
<VARIANCE> 25
 1.109763e+01 2.284511e+01 2.037966e+01 3.186507e+01 3.388138e+01 5.416846e+01 4.226946e+01 3.995520e+01 4.358272e+01 4.280396e+01 4.449282e+01 3.360623e+01 5.428253e-01 7.943015e-01 1.145639e+00 1.563379e+00 2.013897e+00 2.357579e+00 2.299545e+00 2.328351e+00 2.183902e+00 2.022289e+00 2.026604e+00 1.867629e+00 5.514810e-04
<GCONST> 8.603716e+01
<MIXTURE> 48 7.116147e-03
<MEAN> 25
 6.941050e+00 -6.695641e+00 -7.493433e+00 -6.382107e+00 1.625100e+00 1.164956e-01 -2.627784e+00 7.694949e-01 2.402049e+00 1.071766e-01 -4.067967e+00 -6.524520e+00 -2.493821e-01 -1.185373e+00 -7.563840e-01 -4.060886e-01 7.263207e-01 7.129660e-01 8.394681e-01 3.093966e-01 1.875099e-01 -8.441694e-01 -4.868675e-01 -4.083208e-01 2.840321e-02
<VARIANCE> 25
 1.109763e+01 2.284511e+01 2.037966e+01 3.186507e+01 3.388138e+01 5.416846e+01 4.226946e+01 3.995520e+01 4.358272e+01 4.280396e+01 4.449282e+01 3.360623e+01 5.428253e-01 7.943015e-01 1.145639e+00 1.563379e+00 2.013897e+00 2.357579e+00 2.299545e+00 2.328351e+00 2.183902e+00 2.022289e+00 2.026604e+00 1.867629e+00 5.514810e-04
<GCONST> 8.603716e+01
<MIXTURE> 49 5.548473e-03
<MEAN> 25
 -4.450579e+00 3.254190e-01 2.407731e-01 7.921160e+00 5.737669e+00 5.551753e+00 5.821823e+00 4.487864e+00 4.792979e+00 3.435905e+00 4.581591e+00 2.428312e+00 3.469388e-01 6.442639e-01 6.820045e-01 3.712367e-01 -1.613686e-01 -6.196892e-01 -9.824288e-01 -1.115672e+00 -9.246233e-01 -6.795892e-01 -4.710626e-01 -1.949659e-01 4.130566e-04
<VARIANCE> 25
 1.167172e+01 9.281525e+00 1.349540e+01 1.663642e+01 1.677806e+01 1.633185e+01 1.923301e+01 1.886646e+01 1.778825e+01 1.763484e+01 2.017355e+01 1.482406e+01 2.780120e-01 2.529052e-01 3.662568e-01 6.187268e-01 8.298881e-01 9.770073e-01 9.920981e-01 1.012331e+00 1.211772e+00 1.116208e+00 1.223549e+00 1.200918e+00 1.593109e-05
<GCONST> 6.429719e+01
<MIXTURE> 50 6.234641e-03
<MEAN> 25
 -2.618822e+00 -1.778456e-01 -6.397089e-01 5.264669e+00 3.356165e+00 2.505497e+00 3.224986e+00 2.087800e+00 2.338246e+00 1.213621e+00 1.698644e+00 2.037343e+00 6.937465e-02 1.722919e-01 7.622931e-02 -2.092379e-01 -5.458338e-01 -6.898732e-01 -4.627715e-01 -2.446115e-02 5.609180e-01 6.488485e-01 7.206534e-01 4.960203e-01 5.903426e-05
<VARIANCE> 25
 1.352709e+01 8.986613e+00 1.211837e+01 1.439539e+01 1.555845e+01 1.611043e+01 1.717783e+01 1.745855e+01 1.583637e+01 1.679970e+01 1.873948e+01 1.517557e+01 1.308751e-01 2.079479e-01 3.504760e-01 5.020025e-01 6.727564e-01 6.145698e-01 9.529026e-01 1.083989e+00 1.262179e+00 9.963449e-01 9.078944e-01 9.894989e-01 1.517381e-06
<GCONST> 5.890159e+01
<MIXTURE> 51 6.234641e-03
<MEAN> 25
 -2.618822e+00 -1.778456e-01 -6.397089e-01 5.264669e+00 3.356165e+00 2.505497e+00 3.224986e+00 2.087800e+00 2.338246e+00 1.213621e+00 1.698644e+00 2.037343e+00 6.937465e-02 1.722919e-01 7.622931e-02 -2.092379e-01 -5.458338e-01 -6.898732e-01 -4.627715e-01 -2.446115e-02 5.609180e-01 6.488485e-01 7.206534e-01 4.960203e-01 5.903426e-05
<VARIANCE> 25
 1.352709e+01 8.986613e+00 1.211837e+01 1.439539e+01 1.555845e+01 1.611043e+01 1.717783e+01 1.745855e+01 1.583637e+01 1.679970e+01 1.873948e+01 1.517557e+01 1.308751e-01 2.079479e-01 3.504760e-01 5.020025e-01 6.727564e-01 6.145698e-01 9.529026e-01 1.083989e+00 1.262179e+00 9.963449e-01 9.078944e-01 9.894989e-01 1.517381e-06
<GCONST> 5.890159e+01
<MIXTURE> 52 6.367945e-03
<MEAN> 25
 9.768743e+00 2.243129e+00 -6.514212e+00 -1.411852e+01 -3.840821e+00 7.846843e+00 -1.926474e+00 -3.852899e+00 -4.638491e+00 -2.134245e+00 3.067715e+00 9.558831e-01 -3.658163e-01 -4.813756e-01 -9.299342e-02 1.132905e+00 1.213426e+00 -4.333445e-01 -7.005817e-01 -6.698418e-01 4.578747e-02 1.249186e+00 2.895799e-01 -6.237054e-01 -1.285314e-02
<VARIANCE> 25
 1.026125e+01 1.968001e+01 2.621294e+01 3.724215e+01 4.485749e+01 3.493700e+01 5.320379e+01 5.569064e+01 4.160239e+01 4.318283e+01 3.872752e+01 2.925227e+01 4.272019e-01 1.394029e+00 1.246846e+00 2.591188e+00 2.434212e+00 2.113900e+00 2.995892e+00 2.634146e+00 2.820623e+00 2.518028e+00 2.520357e+00 2.254298e+00 1.501525e-03
<GCONST> 8.957047e+01
<MIXTURE> 53 6.367945e-03
<MEAN> 25
 9.768743e+00 2.243129e+00 -6.514212e+00 -1.411852e+01 -3.840821e+00 7.846843e+00 -1.926474e+00 -3.852899e+00 -4.638491e+00 -2.134245e+00 3.067715e+00 9.558831e-01 -3.658163e-01 -4.813756e-01 -9.299342e-02 1.132905e+00 1.213426e+00 -4.333445e-01 -7.005817e-01 -6.698418e-01 4.578747e-02 1.249186e+00 2.895799e-01 -6.237054e-01 -1.285314e-02
<VARIANCE> 25
 1.026125e+01 1.968001e+01 2.621294e+01 3.724215e+01 4.485749e+01 3.493700e+01 5.320379e+01 5.569064e+01 4.160239e+01 4.318283e+01 3.872752e+01 2.925227e+01 4.272019e-01 1.394029e+00 1.246846e+00 2.591188e+00 2.434212e+00 2.113900e+00 2.995892e+00 2.634146e+00 2.820623e+00 2.518028e+00 2.520357e+00 2.254298e+00 1.501525e-03
<GCONST> 8.957047e+01
<MIXTURE> 54 7.368620e-03
<MEAN> 25
 -2.976466e+00 -1.065731e-01 -5.895261e-01 7.227450e+00 5.751487e+00 4.738260e+00 4.547514e+00 4.588923e+00 3.829035e+00 3.248897e+00 3.967549e+00 1.676700e+00 1.119157e-02 5.269498e-02 3.922114e-02 4.625176e-02 6.008616e-02 -6.995386e-03 1.038314e-02 5.150691e-02 -1.221335e-02 1.130671e-02 -5.318978e-04 -3.509144e-02 -8.713362e-05
<VARIANCE> 25
 9.436997e+00 8.851573e+00 8.707635e+00 1.854526e+01 1.510231e+01 1.263597e+01 1.153832e+01 1.110089e+01 1.151839e+01 1.369753e+01 1.656621e+01 1.410255e+01 4.612073e-02 8.751994e-02 1.423712e-01 2.529781e-01 3.149397e-01 3.952989e-01 4.858158e-01 4.874070e-01 5.237842e-01 5.818980e-01 5.646475e-01 5.085967e-01 1.124864e-06
<GCONST> 4.758170e+01
<MIXTURE> 55 7.368620e-03
<MEAN> 25
 -2.976466e+00 -1.065731e-01 -5.895261e-01 7.227450e+00 5.751487e+00 4.738260e+00 4.547514e+00 4.588923e+00 3.829035e+00 3.248897e+00 3.967549e+00 1.676700e+00 1.119157e-02 5.269498e-02 3.922114e-02 4.625176e-02 6.008616e-02 -6.995386e-03 1.038314e-02 5.150691e-02 -1.221335e-02 1.130671e-02 -5.318978e-04 -3.509144e-02 -8.713362e-05
<VARIANCE> 25
 9.436997e+00 8.851573e+00 8.707635e+00 1.854526e+01 1.510231e+01 1.263597e+01 1.153832e+01 1.110089e+01 1.151839e+01 1.369753e+01 1.656621e+01 1.410255e+01 4.612073e-02 8.751994e-02 1.423712e-01 2.529781e-01 3.149397e-01 3.952989e-01 4.858158e-01 4.874070e-01 5.237842e-01 5.818980e-01 5.646475e-01 5.085967e-01 1.124864e-06
<GCONST> 4.758170e+01
<MIXTURE> 56 6.132464e-03
<MEAN> 25
 7.192232e+00 -6.006000e+00 -9.126600e+00 -8.639688e+00 3.909698e+00 3.315990e+00 -1.626919e+00 -1.957874e+00 1.362466e+00 5.061485e-01 -2.568818e+00 -6.445012e+00 -7.142359e-03 3.280675e-02 -6.200389e-02 6.329232e-02 2.734292e-01 6.161777e-02 1.269341e-01 -1.643922e-01 -8.293970e-02 5.358230e-03 -1.764306e-02 -3.400096e-02 -6.609812e-03
<VARIANCE> 25
 9.798825e+00 2.883944e+01 1.956132e+01 3.834867e+01 3.218231e+01 5.083368e+01 6.937619e+01 3.977261e+01 3.921446e+01 3.493255e+01 3.732160e+01 3.429288e+01 1.947336e-01 4.064063e-01 4.604431e-01 7.539557e-01 8.038914e-01 1.167832e+00 8.789124e-01 9.052584e-01 9.213278e-01 9.308332e-01 1.018364e+00 8.695362e-01 2.658697e-04
<GCONST> 7.551691e+01
<MIXTURE> 57 6.132464e-03
<MEAN> 25
 7.192232e+00 -6.006000e+00 -9.126600e+00 -8.639688e+00 3.909698e+00 3.315990e+00 -1.626919e+00 -1.957874e+00 1.362466e+00 5.061485e-01 -2.568818e+00 -6.445012e+00 -7.142359e-03 3.280675e-02 -6.200389e-02 6.329232e-02 2.734292e-01 6.161777e-02 1.269341e-01 -1.643922e-01 -8.293970e-02 5.358230e-03 -1.764306e-02 -3.400096e-02 -6.609812e-03
<VARIANCE> 25
 9.798825e+00 2.883944e+01 1.956132e+01 3.834867e+01 3.218231e+01 5.083368e+01 6.937619e+01 3.977261e+01 3.921446e+01 3.493255e+01 3.732160e+01 3.429288e+01 1.947336e-01 4.064063e-01 4.604431e-01 7.539557e-01 8.038914e-01 1.167832e+00 8.789124e-01 9.052584e-01 9.213278e-01 9.308332e-01 1.018364e+00 8.695362e-01 2.658697e-04
<GCONST> 7.551691e+01
<MIXTURE> 58 6.172147e-03
<MEAN> 25
 2.266843e+00 -2.495272e+00 6.054440e+00 -4.128133e+00 -1.145376e+01 -4.516088e+00 1.297198e+00 1.127054e+00 -1.662024e+00 1.621981e+00 5.765368e-01 -7.349948e-01 -4.764955e-02 -1.860141e-01 1.400953e-02 -1.215875e-01 -2.069917e-03 3.228363e-01 4.519271e-01 1.434917e-01 2.560078e-02 2.094908e-02 -6.145512e-02 -2.203380e-01 -2.285585e-03
<VARIANCE> 25
 6.675515e+00 1.260854e+01 2.088832e+01 2.408031e+01 2.724457e+01 4.072122e+01 2.976343e+01 3.007159e+01 2.924503e+01 2.748786e+01 2.025497e+01 1.850560e+01 3.936446e-01 7.748536e-01 8.475936e-01 1.043622e+00 1.139559e+00 1.285487e+00 1.105685e+00 1.418846e+00 1.207017e+00 1.072106e+00 8.264368e-01 8.650626e-01 6.793235e-04
<GCONST> 7.517455e+01
<MIXTURE> 59 6.172147e-03
<MEAN> 25
 2.266843e+00 -2.495272e+00 6.054440e+00 -4.128133e+00 -1.145376e+01 -4.516088e+00 1.297198e+00 1.127054e+00 -1.662024e+00 1.621981e+00 5.765368e-01 -7.349948e-01 -4.764955e-02 -1.860141e-01 1.400953e-02 -1.215875e-01 -2.069917e-03 3.228363e-01 4.519271e-01 1.434917e-01 2.560078e-02 2.094908e-02 -6.145512e-02 -2.203380e-01 -2.285585e-03
<VARIANCE> 25
 6.675515e+00 1.260854e+01 2.088832e+01 2.408031e+01 2.724457e+01 4.072122e+01 2.976343e+01 3.007159e+01 2.924503e+01 2.748786e+01 2.025497e+01 1.850560e+01 3.936446e-01 7.748536e-01 8.475936e-01 1.043622e+00 1.139559e+00 1.285487e+00 1.105685e+00 1.418846e+00 1.207017e+00 1.072106e+00 8.264368e-01 8.650626e-01 6.793235e-04
<GCONST> 7.517455e+01
<MIXTURE> 60 4.479129e-03
<MEAN> 25
 -1.739911e-01 -1.145266e+00 1.383190e-01 2.470543e+00 9.069184e-01 2.648512e+00 1.063123e+00 1.970850e+00 2.113464e+00 1.278742e+00 1.744885e+00 1.922789e-01 8.206304e-03 7.236390e-02 1.493448e-01 1.475551e-01 1.756550e-01 1.159189e-01 2.702236e-01 5.137652e-01 6.755653e-01 6.793628e-01 5.852574e-01 3.285768e-01 -3.027332e-04
<VARIANCE> 25
 4.848157e+00 3.191107e+00 6.200545e+00 7.944514e+00 8.318074e+00 9.931444e+00 1.188244e+01 1.038168e+01 1.323976e+01 9.989759e+00 1.240917e+01 1.116417e+01 9.482035e-02 1.753165e-01 2.884362e-01 4.893692e-01 7.119199e-01 7.495221e-01 1.098052e+00 1.009752e+00 9.277029e-01 8.113763e-01 8.916719e-01 8.226085e-01 3.640776e-05
<GCONST> 5.423373e+01
<MIXTURE> 61 4.479129e-03
<MEAN> 25
 -1.739911e-01 -1.145266e+00 1.383190e-01 2.470543e+00 9.069184e-01 2.648512e+00 1.063123e+00 1.970850e+00 2.113464e+00 1.278742e+00 1.744885e+00 1.922789e-01 8.206304e-03 7.236390e-02 1.493448e-01 1.475551e-01 1.756550e-01 1.159189e-01 2.702236e-01 5.137652e-01 6.755653e-01 6.793628e-01 5.852574e-01 3.285768e-01 -3.027332e-04
<VARIANCE> 25
 4.848157e+00 3.191107e+00 6.200545e+00 7.944514e+00 8.318074e+00 9.931444e+00 1.188244e+01 1.038168e+01 1.323976e+01 9.989759e+00 1.240917e+01 1.116417e+01 9.482035e-02 1.753165e-01 2.884362e-01 4.893692e-01 7.119199e-01 7.495221e-01 1.098052e+00 1.009752e+00 9.277029e-01 8.113763e-01 8.916719e-01 8.226085e-01 3.640776e-05
<GCONST> 5.423373e+01
<MIXTURE> 62 3.278034e-03
<MEAN> 25
 -5.035225e+00 1.248105e+00 1.053021e+00 8.726089e+00 6.036130e+00 5.061536e+00 5.470056e+00 4.039269e+00 4.957768e+00 3.921808e+00 4.985332e+00 2.945291e+00 -9.948193e-01 -1.157830e+00 -9.429799e-01 -2.692860e-01 4.316535e-01 9.920849e-01 1.376937e+00 1.549982e+00 1.465075e+00 1.243021e+00 1.073873e+00 7.338068e-01 -1.270918e-03
<VARIANCE> 25
 1.005540e+01 9.923367e+00 1.305919e+01 1.727383e+01 1.799966e+01 1.749024e+01 1.965526e+01 1.895106e+01 1.880478e+01 1.852245e+01 2.140272e+01 1.472840e+01 4.037370e-01 4.332055e-01 5.628759e-01 7.787028e-01 1.027947e+00 1.199348e+00 1.259286e+00 1.269181e+00 1.357105e+00 1.357377e+00 1.399498e+00 1.409758e+00 1.634543e-05
<GCONST> 6.762599e+01
<MIXTURE> 63 4.351215e-03
<MEAN> 25
 -1.742482e+00 -1.727787e+00 -2.650759e+00 1.949639e+00 2.105244e+00 7.631624e-01 1.508732e+00 2.160800e+00 1.114085e+00 -1.123321e+00 -1.075476e+00 6.012210e-01 2.209529e-02 2.376296e-01 4.561120e-01 5.640857e-01 4.179257e-01 4.579203e-01 4.964464e-01 2.696181e-01 1.457879e-01 2.677869e-01 2.103137e-01 1.127911e-01 -6.348983e-03
<VARIANCE> 25
 8.361097e+00 9.374088e+00 1.282462e+01 1.248212e+01 1.460395e+01 2.013559e+01 1.791678e+01 1.822212e+01 2.335235e+01 1.902127e+01 1.513566e+01 1.385281e+01 3.041744e-01 3.944778e-01 5.048713e-01 6.764978e-01 1.167803e+00 1.094645e+00 1.450908e+00 1.223441e+00 1.263757e+00 1.572181e+00 1.470305e+00 1.076428e+00 2.356656e-04
<GCONST> 6.871544e+01
<MIXTURE> 64 4.351215e-03
<MEAN> 25
 -1.742482e+00 -1.727787e+00 -2.650759e+00 1.949639e+00 2.105244e+00 7.631624e-01 1.508732e+00 2.160800e+00 1.114085e+00 -1.123321e+00 -1.075476e+00 6.012210e-01 2.209529e-02 2.376296e-01 4.561120e-01 5.640857e-01 4.179257e-01 4.579203e-01 4.964464e-01 2.696181e-01 1.457879e-01 2.677869e-01 2.103137e-01 1.127911e-01 -6.348983e-03
<VARIANCE> 25
 8.361097e+00 9.374088e+00 1.282462e+01 1.248212e+01 1.460395e+01 2.013559e+01 1.791678e+01 1.822212e+01 2.335235e+01 1.902127e+01 1.513566e+01 1.385281e+01 3.041744e-01 3.944778e-01 5.048713e-01 6.764978e-01 1.167803e+00 1.094645e+00 1.450908e+00 1.223441e+00 1.263757e+00 1.572181e+00 1.470305e+00 1.076428e+00 2.356656e-04
<GCONST> 6.871544e+01
<MIXTURE> 65 1.721197e-02
<MEAN> 25
 5.821281e+00 2.339870e+00 2.831617e-01 -9.539007e-01 -4.313441e+00 -4.339904e+00 -4.930458e+00 -6.977628e+00 -3.590418e+00 -1.939864e+00 -3.565834e+00 -1.917254e+00 1.477614e-01 -4.191136e-02 4.168479e-01 1.181440e-01 -1.292992e-01 1.983860e-01 -6.979959e-01 2.037157e-01 2.530849e-01 -7.106098e-03 -6.492237e-02 -3.405275e-01 -5.250202e-03
<VARIANCE> 25
 9.130404e+00 1.238388e+01 2.435653e+01 2.977550e+01 2.851900e+01 3.825119e+01 4.281688e+01 4.317977e+01 3.629802e+01 3.591614e+01 3.937786e+01 3.211603e+01 5.518146e-01 7.150810e-01 2.026163e+00 1.292440e+00 2.249469e+00 1.823939e+00 2.699382e+00 2.416526e+00 1.858923e+00 1.957120e+00 2.220772e+00 1.761991e+00 3.371997e-04
<GCONST> 8.407471e+01
<MIXTURE> 66 1.191532e-02
<MEAN> 25
 5.650000e+00 -3.247904e+00 -5.342921e+00 -4.749167e+00 1.614759e+00 -5.168525e+00 -6.049237e+00 6.378495e-01 6.147815e-01 -2.140660e+00 -5.436207e+00 -3.099531e+00 -3.207293e-02 1.548993e+00 2.122148e+00 2.189636e+00 -1.290100e+00 -8.931939e-01 2.920567e-01 -3.002390e-01 1.204658e-01 -9.839110e-02 -1.519995e-01 9.040012e-01 -6.269319e-02
<VARIANCE> 25
 1.215580e+01 2.316319e+01 2.523069e+01 2.937468e+01 3.426075e+01 4.979979e+01 5.186905e+01 4.353358e+01 5.006823e+01 6.021426e+01 3.415461e+01 3.452444e+01 1.142739e+00 2.250229e+00 2.142308e+00 2.196766e+00 3.885375e+00 4.473316e+00 4.306926e+00 4.416206e+00 4.119323e+00 4.610223e+00 3.445666e+00 3.502827e+00 1.311506e-03
<GCONST> 9.553587e+01
<MIXTURE> 67 1.559142e-02
<MEAN> 25
 8.895236e+00 2.029609e+00 -5.943392e+00 -8.226601e+00 9.168644e-01 2.986855e+00 -3.320294e+00 -2.245013e+00 -3.736325e+00 7.513202e-01 -7.531259e-02 -1.702865e+00 -1.059999e+00 1.810960e+00 1.064324e+00 3.055348e+00 1.360502e+00 -4.725832e-01 1.302601e+00 1.441708e-01 1.719958e-01 2.626025e-01 -2.712368e-01 6.023401e-01 -1.291461e-01
<VARIANCE> 25
 1.198030e+01 3.852703e+01 3.066686e+01 5.542670e+01 4.865055e+01 5.436650e+01 6.161079e+01 5.259695e+01 6.444504e+01 5.676243e+01 5.524344e+01 4.708046e+01 2.177706e+00 3.473058e+00 3.264418e+00 4.502140e+00 4.573971e+00 4.628215e+00 4.695301e+00 5.069763e+00 5.459414e+00 4.756660e+00 5.102893e+00 3.776784e+00 3.068518e-03
<GCONST> 1.029144e+02
<MIXTURE> 68 1.485092e-02
<MEAN> 25
 -2.246254e+00 -2.060578e+00 -3.848490e+00 1.059101e+00 2.720457e+00 -1.714648e+00 1.398231e+00 6.484936e-01 8.598478e-01 5.848892e-01 4.945389e-01 2.507420e+00 2.255755e+00 5.513656e-01 -1.493251e-01 -2.905563e+00 -1.790780e+00 -1.797904e+00 -1.665528e+00 -1.999100e+00 -1.330669e+00 -1.779024e+00 -1.897222e+00 -1.229740e+00 8.376687e-02
<VARIANCE> 25
 2.020203e+01 2.493023e+01 4.067987e+01 5.309570e+01 4.458935e+01 4.947980e+01 3.364280e+01 3.748062e+01 3.786857e+01 4.106469e+01 3.399931e+01 2.353614e+01 1.902142e+00 2.630422e+00 4.587166e+00 5.709570e+00 4.182345e+00 4.394470e+00 5.423083e+00 4.011748e+00 4.297306e+00 5.231831e+00 3.672137e+00 3.015895e+00 4.963231e-03
<GCONST> 9.979782e+01
<MIXTURE> 69 1.204884e-02
<MEAN> 25
 3.099146e+00 -3.749835e+00 -3.568027e+00 -4.441406e+00 -3.491428e+00 -8.276625e+00 -4.025598e-01 -1.710278e-01 -1.240705e+00 -4.948742e+00 -5.078300e+00 2.165190e+00 1.471851e+00 -1.328942e+00 -1.161310e+00 -2.457407e+00 -3.506593e-02 -6.315764e-01 -9.092238e-02 1.036185e-01 -5.080876e-01 -2.256367e+00 -2.255075e+00 -6.907448e-02 5.446115e-02
<VARIANCE> 25
 8.673808e+00 1.639809e+01 2.041530e+01 1.939094e+01 3.467928e+01 2.931148e+01 4.000534e+01 2.675062e+01 2.762245e+01 2.727980e+01 2.430194e+01 2.016373e+01 2.478268e+00 2.785769e+00 2.863191e+00 3.828943e+00 4.901810e+00 4.374225e+00 6.327518e+00 5.601095e+00 5.748105e+00 6.523437e+00 3.100740e+00 3.306868e+00 1.990793e-03
<GCONST> 9.429691e+01
<MIXTURE> 70 1.329190e-02
<MEAN> 25
 7.011195e+00 -1.616017e+00 -3.867425e+00 -3.754527e+00 -2.905186e-01 -1.004054e+00 -7.232849e+00 -3.889345e+00 -3.844852e-02 2.861264e+00 -1.664417e-01 -4.561821e+00 1.873988e+00 -1.067592e+00 -6.324027e-01 -2.070910e+00 -1.317156e+00 1.228527e+00 -1.219145e+00 -1.052139e-02 4.973160e-01 1.812091e-01 6.161865e-01 -1.385376e+00 5.274941e-02
<VARIANCE> 25
 1.125086e+01 2.217910e+01 2.650627e+01 4.331956e+01 3.287756e+01 4.194037e+01 4.807688e+01 4.315649e+01 4.766486e+01 3.065142e+01 4.087958e+01 2.642980e+01 3.322367e+00 3.032981e+00 4.855130e+00 4.827295e+00 5.109574e+00 6.296523e+00 6.460575e+00 7.305518e+00 6.269934e+00 5.681994e+00 5.583698e+00 4.041885e+00 2.974639e-03
<GCONST> 1.013132e+02
<MIXTURE> 71 1.406903e-02
<MEAN> 25
 4.854538e+00 5.017764e+00 3.381819e+00 1.117240e+00 -2.988755e+00 -3.370415e+00 -4.727398e+00 -6.375491e+00 -4.121553e+00 -1.996366e+00 -4.091485e+00 -3.655086e+00 -1.603236e+00 -4.250651e-01 -3.049985e-01 -1.761668e+00 1.064663e+00 -1.323529e-02 -1.270678e-01 1.461202e+00 2.041631e-01 -5.603551e-02 5.443547e-01 1.334006e-01 3.898319e-02
<VARIANCE> 25
 1.898180e+01 2.382947e+01 2.136751e+01 4.370201e+01 3.166278e+01 3.267258e+01 3.684122e+01 3.333998e+01 2.948422e+01 3.252914e+01 2.984243e+01 2.843801e+01 1.360306e+00 3.234340e+00 4.418838e+00 4.290509e+00 3.661673e+00 3.732042e+00 3.668485e+00 4.799111e+00 3.712945e+00 3.647084e+00 3.141231e+00 2.559338e+00 1.235852e-03
<GCONST> 9.446634e+01
<MIXTURE> 72 8.134747e-03
<MEAN> 25
 2.773709e+00 -2.770755e+00 5.632848e+00 -2.236568e+00 -8.080430e+00 -9.354734e+00 -2.296157e+00 1.669913e-01 -4.340743e+00 -1.822486e+00 -1.524345e+00 1.352999e+00 9.533225e-01 -6.636775e-01 -2.412828e+00 4.725214e-01 2.254091e+00 -4.819200e-01 -1.233453e+00 1.397859e+00 1.566821e+00 -8.483468e-01 -1.049937e+00 5.512561e-01 -1.714519e-03
<VARIANCE> 25
 1.193392e+01 1.658118e+01 2.581367e+01 2.852943e+01 3.684525e+01 2.810185e+01 3.494419e+01 3.542879e+01 3.474507e+01 3.815299e+01 2.958050e+01 2.422873e+01 3.613954e-01 8.221843e-01 1.661720e+00 1.618713e+00 1.744712e+00 2.084759e+00 2.452242e+00 2.542194e+00 2.257137e+00 3.312719e+00 2.082262e+00 1.823502e+00 7.278314e-04
<GCONST> 8.468236e+01
<MIXTURE> 73 1.213625e-02
<MEAN> 25
 -5.001700e+00 -1.544215e+00 -1.481069e+00 5.518429e+00 3.389589e+00 1.981894e+00 4.790780e+00 2.962576e+00 3.501466e+00 2.762936e+00 3.635588e+00 2.729012e+00 3.858932e-01 -7.752516e-01 -1.177164e+00 -2.341881e+00 -1.384327e+00 -1.935791e+00 -9.666256e-01 -1.153661e+00 -9.590569e-01 -7.846110e-01 -9.648523e-01 -2.330210e-02 1.342623e-01
<VARIANCE> 25
 1.199297e+01 1.492039e+01 1.538188e+01 2.099781e+01 2.056578e+01 2.542317e+01 1.631623e+01 1.776391e+01 1.788113e+01 1.770095e+01 2.114917e+01 1.299874e+01 3.410933e+00 2.745941e+00 4.620249e+00 4.225568e+00 4.669969e+00 3.454910e+00 4.075277e+00 4.167047e+00 3.372225e+00 4.014584e+00 2.700227e+00 2.347018e+00 3.673017e-03
<GCONST> 8.988107e+01
<MIXTURE> 74 1.756491e-02
<MEAN> 25
 3.069858e+00 -1.193662e+00 3.331270e+00 -1.781454e+00 -6.619792e+00 -8.032545e+00 -1.321559e+00 -5.770166e-01 -1.833604e+00 -3.441872e+00 -2.469076e+00 1.166050e+00 3.382286e-01 1.741114e+00 1.515940e-01 1.752299e+00 8.282498e-01 9.305048e-01 -2.557556e-01 -1.250172e-01 3.770160e-01 8.151290e-01 -1.254914e-01 -6.558391e-01 -8.096796e-02
<VARIANCE> 25
 1.146821e+01 1.670591e+01 3.562575e+01 2.996711e+01 3.754656e+01 3.353225e+01 4.105875e+01 4.604057e+01 5.063221e+01 4.126847e+01 3.177061e+01 3.090049e+01 1.556117e+00 1.860816e+00 2.928805e+00 1.908758e+00 3.461017e+00 3.561845e+00 4.573939e+00 5.756840e+00 3.961451e+00 3.813178e+00 2.818362e+00 3.455231e+00 1.638856e-03
<GCONST> 9.453628e+01
<MIXTURE> 75 9.711651e-03
<MEAN> 25
 2.641549e+00 -1.125981e+00 1.078672e+01 1.650450e+00 -1.168688e+01 -7.627088e+00 -4.489311e+00 -6.236150e-01 -4.478245e+00 -4.477365e+00 3.276317e+00 1.969353e-01 1.742004e+00 -1.728953e+00 2.100092e-01 -2.452482e-01 -2.363531e+00 -5.414837e-01 -1.457222e+00 9.283737e-01 -1.496690e-01 -3.443932e-01 1.050942e+00 -6.285355e-01 3.793036e-02
<VARIANCE> 25
 1.095891e+01 1.809209e+01 3.282049e+01 2.754190e+01 2.721537e+01 3.267501e+01 3.129801e+01 3.145025e+01 3.325879e+01 3.305256e+01 2.024858e+01 2.146897e+01 2.380887e+00 1.930944e+00 4.206137e+00 2.483286e+00 3.876489e+00 4.336208e+00 4.133849e+00 3.501908e+00 3.944222e+00 3.368781e+00 3.122835e+00 2.480724e+00 1.567211e-03
<GCONST> 9.234451e+01
<MIXTURE> 76 1.052359e-02
<MEAN> 25
 -3.767621e+00 -1.176690e+00 -2.003361e+00 2.623065e+00 1.939623e+00 2.189113e+00 2.746508e+00 2.722892e+00 1.640522e+00 1.183439e+00 1.924400e+00 2.325566e+00 -1.240918e-01 -4.129654e-01 -3.406761e-01 -8.022369e-01 -5.446873e-01 -7.716748e-01 -5.581128e-01 -5.299304e-01 -4.513362e-01 -5.395512e-01 -1.928607e-01 9.911967e-02 2.152488e-02
<VARIANCE> 25
 2.992986e+01 2.062992e+01 2.343843e+01 2.134092e+01 2.582969e+01 2.149177e+01 1.928128e+01 2.059848e+01 2.270939e+01 2.043306e+01 2.738494e+01 3.628066e+01 1.081009e+00 8.356628e-01 1.366445e+00 1.216295e+00 1.181984e+00 1.477067e+00 1.852736e+00 1.378809e+00 1.512292e+00 1.633063e+00 1.189777e+00 1.551483e+00 1.340261e-03
<GCONST> 8.073597e+01
<MIXTURE> 77 1.244626e-02
<MEAN> 25
 -1.786352e+00 9.231902e+00 1.108182e+01 -1.321210e+01 -4.841711e+00 -1.793858e+00 -9.964739e+00 -7.015614e+00 -2.565789e+00 -1.392241e+00 -2.238096e+00 -9.323598e-01 -6.367830e-02 -8.778064e-03 -7.162327e-02 1.936645e-01 4.649594e-02 2.332278e-01 -1.574386e-01 -6.067213e-02 -4.020641e-02 -1.477864e-01 -7.156625e-02 1.777409e-01 -7.048285e-03
<VARIANCE> 25
 9.789811e+00 1.767039e+01 2.295822e+01 3.551442e+01 2.912369e+01 3.410626e+01 2.694432e+01 3.085769e+01 2.669592e+01 2.490877e+01 3.600343e+01 2.690604e+01 3.537196e-01 8.087609e-01 1.006055e+00 1.702304e+00 1.130541e+00 1.145799e+00 9.648087e-01 1.216194e+00 1.470960e+00 8.915876e-01 9.923207e-01 8.550427e-01 4.965373e-04
<GCONST> 7.700786e+01
<MIXTURE> 78 9.702551e-03
<MEAN> 25
 -1.051997e+01 2.171060e+00 -1.586560e+00 1.693108e+00 3.452065e+00 -2.580594e+00 3.624927e+00 1.469245e+00 1.699437e+00 6.938372e-01 -1.729759e-01 2.306002e+00 2.256603e+00 -3.591622e-01 3.617267e-01 6.078550e-01 -1.443154e-01 6.827465e-02 -1.272887e-01 -5.877871e-02 7.720362e-02 2.888461e-01 -3.764491e-01 -4.774209e-01 -6.207120e-02
<VARIANCE> 25
 5.287790e+01 3.281702e+01 2.792450e+01 2.864095e+01 3.580153e+01 3.416285e+01 3.458487e+01 3.329488e+01 2.748467e+01 2.570170e+01 3.228102e+01 1.949486e+01 5.287124e+00 2.215435e+00 2.908529e+00 2.656122e+00 2.931581e+00 3.410866e+00 3.465345e+00 2.546342e+00 2.430945e+00 2.476324e+00 2.204557e+00 2.151187e+00 4.440184e-03
<GCONST> 9.417274e+01
<MIXTURE> 79 1.156824e-02
<MEAN> 25
 7.700755e-01 1.767407e+00 8.762727e+00 -6.584342e+00 -1.007821e+01 -4.420082e+00 -2.613283e+00 -7.114325e+00 -5.408409e+00 8.059773e-01 -2.324073e+00 -1.074163e+00 1.171225e+00 -6.989690e-01 -1.217275e+00 2.322808e+00 2.914302e-01 -1.301600e+00 6.342180e-01 1.109163e+00 -6.657772e-01 -4.714831e-01 2.173202e-02 3.589386e-01 -3.545702e-02
<VARIANCE> 25
 1.165197e+01 1.719056e+01 2.410083e+01 4.280546e+01 2.755917e+01 3.319183e+01 3.260337e+01 2.673394e+01 3.034409e+01 3.975720e+01 2.718099e+01 2.760611e+01 8.347834e-01 1.745341e+00 1.460715e+00 1.519419e+00 2.439527e+00 2.853231e+00 2.078664e+00 2.643997e+00 2.621185e+00 2.794318e+00 2.122102e+00 1.976966e+00 1.083990e-03
<GCONST> 8.690660e+01
<MIXTURE> 80 7.550998e-03
<MEAN> 25
 -1.505904e+01 4.680230e+00 7.886869e-01 2.870324e+00 1.801613e+00 8.146726e-01 8.019870e+00 1.492422e+00 1.166531e+00 3.359942e+00 4.930203e+00 1.277213e-01 4.304989e+00 -3.211112e-01 1.877592e+00 -1.415052e+00 -2.656148e+00 -2.594193e+00 -2.264271e+00 -2.014935e+00 -1.949941e+00 -9.838113e-01 -1.577417e+00 -6.212224e-01 -5.272683e-02
<VARIANCE> 25
 1.957515e+01 1.910676e+01 2.870212e+01 2.759189e+01 2.652098e+01 2.572150e+01 3.330841e+01 2.627582e+01 2.830361e+01 2.960862e+01 2.185691e+01 1.875014e+01 1.973548e+00 2.368357e+00 3.065490e+00 4.071863e+00 2.874919e+00 2.242259e+00 2.792131e+00 2.558816e+00 2.269559e+00 4.021540e+00 2.677195e+00 1.841539e+00 1.650292e-03
<GCONST> 8.988823e+01
<MIXTURE> 81 8.025434e-03
<MEAN> 25
 -1.927597e+00 4.907854e+00 9.562976e+00 -1.457220e+01 -6.505003e+00 -2.045623e+00 -8.062592e+00 -8.397606e+00 -1.416341e+00 -9.425234e-01 -4.914511e+00 -1.345976e+00 1.489039e-01 -8.281905e-01 1.243215e-01 -2.494239e-01 -4.879901e-01 1.049135e-01 4.100763e-01 -2.406468e-01 -3.220541e-01 -1.258459e-01 -3.835491e-01 2.778209e-01 8.608983e-03
<VARIANCE> 25
 7.960306e+00 2.699932e+01 2.031640e+01 2.167778e+01 3.085492e+01 3.216425e+01 3.617256e+01 2.852486e+01 3.788470e+01 2.734909e+01 2.427567e+01 2.258524e+01 7.922208e-01 2.104992e+00 1.353765e+00 3.327170e+00 2.118008e+00 2.099025e+00 2.510762e+00 3.443997e+00 2.632743e+00 2.539160e+00 2.382319e+00 1.841883e+00 1.074036e-03
<GCONST> 8.670210e+01
<MIXTURE> 82 8.213053e-03
<MEAN> 25
 -9.228319e+00 -4.143673e+00 1.054125e+00 -1.850710e+00 1.964481e+00 3.707801e-01 1.729354e+00 3.077904e-01 2.134027e+00 2.277392e+00 1.836300e+00 2.818969e+00 -1.132443e+00 -2.448355e-02 8.454677e-02 -2.607846e+00 -1.163774e+00 -1.502434e+00 -9.921314e-01 -9.831848e-01 -4.074272e-01 -4.921281e-01 -4.205042e-01 -4.969856e-02 1.626498e-01
<VARIANCE> 25
 1.708473e+01 2.162437e+01 3.194230e+01 3.374754e+01 3.261354e+01 2.868133e+01 2.705285e+01 3.237027e+01 3.256044e+01 3.168651e+01 3.130465e+01 1.504667e+01 3.255488e+00 2.692896e+00 3.371275e+00 2.868346e+00 3.164788e+00 3.045255e+00 3.452104e+00 3.514385e+00 2.442583e+00 2.583259e+00 2.493524e+00 1.682692e+00 3.724224e-03
<GCONST> 9.243650e+01
<MIXTURE> 83 1.167529e-02
<MEAN> 25
 -2.027742e+01 6.926294e+00 -2.253937e+00 1.532742e-01 6.606471e+00 -2.084382e+00 5.632729e+00 1.573855e+00 3.666335e-02 1.627781e+00 8.688128e-01 1.696702e+00 1.878512e-02 -4.015160e-01 1.883100e-01 -4.255360e-01 -2.491046e-01 -9.442712e-02 8.458712e-02 -5.037926e-02 -1.885817e-02 -1.493081e-01 4.328019e-02 1.989343e-02 1.289933e-03
<VARIANCE> 25
 7.491346e+00 2.054320e+01 2.465394e+01 2.044168e+01 2.342009e+01 2.247579e+01 1.899368e+01 2.721364e+01 2.127776e+01 2.097245e+01 1.958387e+01 1.706727e+01 1.249433e+00 8.179477e-01 1.224909e+00 9.168198e-01 1.401949e+00 1.204395e+00 1.242478e+00 1.255435e+00 1.102541e+00 1.242566e+00 1.059708e+00 9.652509e-01 1.253718e-03
<GCONST> 7.639428e+01
<MIXTURE> 84 1.066614e-02
<MEAN> 25
 1.162449e+00 8.319162e+00 6.688211e+00 7.200447e+00 2.367439e+00 -1.310013e+00 -1.635080e+00 -4.213464e+00 -3.481944e+00 -2.433955e+00 -2.295016e+00 -1.399006e+00 -1.557242e+00 -1.150782e+00 -1.065573e+00 1.273282e+00 2.137903e+00 1.660222e+00 1.415368e+00 1.303192e+00 1.021949e+00 3.940369e-01 3.187583e-01 3.004473e-01 -6.976373e-02
<VARIANCE> 25
 2.100435e+01 1.998283e+01 2.224791e+01 2.609385e+01 2.848031e+01 2.761931e+01 2.573448e+01 2.473106e+01 2.591052e+01 2.496029e+01 2.224653e+01 2.246236e+01 2.267781e+00 2.297818e+00 3.787018e+00 3.058111e+00 3.192616e+00 3.315023e+00 3.244992e+00 3.087425e+00 3.416330e+00 3.238240e+00 3.368770e+00 2.713691e+00 3.289731e-03
<GCONST> 9.182346e+01
<MIXTURE> 85 7.591393e-03
<MEAN> 25
 -3.037691e+00 7.719357e+00 4.937762e+00 1.118740e+00 -3.687828e+00 -5.823593e+00 -2.577259e+00 -6.342571e+00 -3.842084e+00 -2.718246e+00 -2.321870e-02 -1.947448e+00 3.981719e+00 2.179457e-01 1.625547e+00 -2.048782e+00 -3.193653e+00 -2.579083e+00 -2.934202e+00 -2.246069e+00 -2.039223e+00 -1.207862e+00 -2.082835e+00 -4.582649e-01 3.672681e-03
<VARIANCE> 25
 3.878893e+01 2.199827e+01 4.057053e+01 3.630419e+01 3.767479e+01 4.026982e+01 3.136798e+01 2.598066e+01 2.910413e+01 2.822695e+01 2.760752e+01 1.903809e+01 2.749604e+00 4.165124e+00 3.915176e+00 4.894383e+00 4.733844e+00 3.528833e+00 3.633559e+00 3.839116e+00 3.914232e+00 3.982223e+00 4.110868e+00 3.500175e+00 5.384458e-03
<GCONST> 9.802541e+01
<MIXTURE> 86 1.273941e-02
<MEAN> 25
 -1.004489e+00 -1.260852e+00 1.331641e-01 4.227233e+00 2.791773e+00 4.417351e+00 4.144790e+00 4.746125e+00 4.535261e+00 2.831613e+00 3.531457e+00 7.414858e-01 -1.504844e-02 -2.572682e-03 -1.057713e-01 -6.956778e-02 -4.202424e-02 -1.568544e-01 -7.551806e-02 -3.670318e-01 -4.734602e-01 -4.973461e-01 -3.530954e-01 -9.813980e-02 5.649699e-05
<VARIANCE> 25
 6.165272e+00 3.703764e+00 6.257190e+00 7.579226e+00 1.017993e+01 9.892309e+00 9.508498e+00 1.178084e+01 1.084420e+01 9.164617e+00 9.911003e+00 9.615737e+00 1.034324e-01 1.823289e-01 3.450923e-01 6.196531e-01 8.157932e-01 6.722302e-01 8.721157e-01 7.632264e-01 9.405687e-01 7.918101e-01 6.871482e-01 1.097026e+00 5.559888e-05
<GCONST> 5.452544e+01
<MIXTURE> 87 1.100681e-02
<MEAN> 25
 -2.606427e+00 3.961589e+00 2.976549e+00 6.380854e+00 4.779120e+00 6.152502e-01 1.339327e+00 -8.025532e-01 -1.589920e-01 -7.114398e-01 -1.029505e+00 -5.228519e-01 -2.159235e+00 -2.619046e+00 -2.134192e+00 -1.717139e+00 4.572351e-02 -9.671491e-02 5.699588e-01 1.088320e+00 1.145550e+00 1.094015e+00 1.018776e+00 1.182554e+00 1.046825e-01
<VARIANCE> 25
 3.601799e+01 2.780966e+01 2.632476e+01 3.221355e+01 2.860112e+01 2.955631e+01 2.677155e+01 2.629332e+01 2.453822e+01 2.209247e+01 2.259922e+01 2.476151e+01 3.332850e+00 2.712761e+00 3.396203e+00 4.930551e+00 4.809693e+00 3.813523e+00 3.617763e+00 3.739573e+00 3.523008e+00 3.481764e+00 3.130236e+00 3.014433e+00 4.354725e-03
<GCONST> 9.536709e+01
<MIXTURE> 88 1.256585e-02
<MEAN> 25
 -1.573285e+00 -3.809266e-01 -6.882842e-01 3.896960e+00 2.296272e+00 3.079341e+00 3.239187e+00 3.832378e+00 2.801232e+00 1.930700e+00 1.691431e+00 1.697843e-01 -1.743001e-01 8.523110e-02 1.098463e-01 4.082549e-01 -2.392365e-02 1.148283e-01 1.496873e-01 -2.121892e-01 -1.934987e-01 -2.802804e-01 -1.470303e-02 2.068580e-02 -1.668819e-03
<VARIANCE> 25
 7.884790e+00 7.680896e+00 1.277010e+01 1.290014e+01 1.495797e+01 1.430798e+01 1.554676e+01 1.255715e+01 1.475949e+01 1.288120e+01 1.469526e+01 1.141482e+01 1.240702e+00 1.291589e+00 1.580987e+00 2.295250e+00 2.604352e+00 2.359712e+00 3.053288e+00 2.325855e+00 2.102697e+00 1.798193e+00 1.904381e+00 1.633237e+00 1.274069e-03
<GCONST> 7.750089e+01
<MIXTURE> 89 9.333527e-03
<MEAN> 25
 5.196933e+00 -5.793999e+00 -3.643141e+00 -3.120044e+00 -9.480808e-01 -5.594719e+00 -5.416375e+00 3.421646e+00 3.198816e+00 -2.273218e+00 -5.541169e+00 -3.461946e+00 -5.751845e-01 2.371839e-01 1.698831e+00 9.737024e-01 -1.697933e+00 -1.469677e+00 1.022019e+00 1.306219e+00 -4.598311e-01 -1.312777e+00 4.442388e-01 1.459989e+00 -6.979296e-03
<VARIANCE> 25
 1.054867e+01 2.723182e+01 2.889194e+01 2.993747e+01 3.232631e+01 4.001490e+01 5.242667e+01 4.106755e+01 3.369505e+01 3.822546e+01 3.137499e+01 2.885999e+01 3.670838e-01 8.777708e-01 1.687823e+00 1.219405e+00 1.937504e+00 1.965137e+00 2.367111e+00 1.865165e+00 2.507337e+00 1.998810e+00 2.040516e+00 1.475266e+00 3.524887e-04
<GCONST> 8.435365e+01
<MIXTURE> 90 7.114505e-03
<MEAN> 25
 1.497204e+00 -7.949569e+00 -4.497697e+00 -3.905388e+00 -2.136325e+00 -3.188027e+00 1.516605e+00 5.439256e-01 -7.069569e+00 -9.245502e+00 -3.987111e+00 -1.481920e-01 -1.329365e-01 9.143899e-01 1.044317e+00 -4.872110e-01 -1.319589e+00 -7.853922e-02 5.926877e-01 -6.721772e-02 -4.714813e-02 6.586394e-01 2.316939e-01 -5.673690e-01 -1.244184e-02
<VARIANCE> 25
 8.553605e+00 1.879530e+01 1.732336e+01 2.263993e+01 3.865779e+01 3.197245e+01 4.323065e+01 3.422841e+01 3.197515e+01 2.812370e+01 2.672879e+01 2.970523e+01 2.223963e-01 6.178904e-01 7.170998e-01 1.365625e+00 1.565048e+00 1.543538e+00 1.695710e+00 1.625729e+00 1.864492e+00 1.567390e+00 1.252207e+00 1.108233e+00 2.434737e-04
<GCONST> 7.786646e+01
<MIXTURE> 91 7.852945e-03
<MEAN> 25
 5.251892e+00 -6.891940e+00 -7.753345e+00 -5.144721e+00 4.758152e+00 -1.791995e-01 -3.020987e+00 4.864127e-01 -3.961647e-01 -2.338140e+00 -4.943729e+00 -4.400992e+00 2.223094e-01 8.944020e-01 3.250784e-01 5.021375e-01 -1.467073e-01 -3.732975e-01 -2.690341e-01 -3.534473e-02 9.535567e-02 5.466569e-01 -1.425139e-03 5.898502e-02 -3.485212e-02
<VARIANCE> 25
 1.275991e+01 2.226976e+01 2.021865e+01 3.415001e+01 3.475612e+01 5.153666e+01 5.117364e+01 3.666701e+01 4.997054e+01 5.854048e+01 3.431520e+01 3.945951e+01 4.394048e-01 8.623786e-01 1.050898e+00 1.253725e+00 2.244835e+00 2.270745e+00 2.202423e+00 2.127021e+00 2.369763e+00 2.083508e+00 1.812709e+00 1.955722e+00 5.214625e-04
<GCONST> 8.613554e+01
<MIXTURE> 92 7.852945e-03
<MEAN> 25
 5.251892e+00 -6.891940e+00 -7.753345e+00 -5.144721e+00 4.758152e+00 -1.791995e-01 -3.020987e+00 4.864127e-01 -3.961647e-01 -2.338140e+00 -4.943729e+00 -4.400992e+00 2.223094e-01 8.944020e-01 3.250784e-01 5.021375e-01 -1.467073e-01 -3.732975e-01 -2.690341e-01 -3.534473e-02 9.535567e-02 5.466569e-01 -1.425139e-03 5.898502e-02 -3.485212e-02
<VARIANCE> 25
 1.275991e+01 2.226976e+01 2.021865e+01 3.415001e+01 3.475612e+01 5.153666e+01 5.117364e+01 3.666701e+01 4.997054e+01 5.854048e+01 3.431520e+01 3.945951e+01 4.394048e-01 8.623786e-01 1.050898e+00 1.253725e+00 2.244835e+00 2.270745e+00 2.202423e+00 2.127021e+00 2.369763e+00 2.083508e+00 1.812709e+00 1.955722e+00 5.214625e-04
<GCONST> 8.613554e+01
<MIXTURE> 93 6.122769e-03
<MEAN> 25
 -6.420142e+00 -9.728775e-01 -2.258770e+00 5.729457e+00 5.728651e+00 3.967325e+00 5.935597e+00 3.590257e+00 4.062026e+00 2.459983e+00 1.865131e+00 3.511559e+00 -5.903315e-02 -1.527980e-01 -2.536107e-01 -3.387817e-01 -3.411506e-01 -2.958548e-01 -2.254482e-01 -1.640503e-01 -1.655530e-01 -1.584025e-01 -1.316067e-01 -5.077233e-02 -1.890585e-05
<VARIANCE> 25
 1.142340e+01 5.813594e+00 8.364642e+00 1.118257e+01 1.188660e+01 1.547862e+01 1.568333e+01 1.644283e+01 1.466585e+01 1.423582e+01 1.634786e+01 1.385403e+01 8.154922e-02 1.541949e-01 2.630962e-01 3.800065e-01 5.032933e-01 6.251359e-01 7.821965e-01 9.079073e-01 8.991804e-01 8.726030e-01 9.123014e-01 9.015898e-01 1.085006e-06
<GCONST> 5.386311e+01
<MIXTURE> 94 6.122769e-03
<MEAN> 25
 -6.420142e+00 -9.728775e-01 -2.258770e+00 5.729457e+00 5.728651e+00 3.967325e+00 5.935597e+00 3.590257e+00 4.062026e+00 2.459983e+00 1.865131e+00 3.511559e+00 -5.903315e-02 -1.527980e-01 -2.536107e-01 -3.387817e-01 -3.411506e-01 -2.958548e-01 -2.254482e-01 -1.640503e-01 -1.655530e-01 -1.584025e-01 -1.316067e-01 -5.077233e-02 -1.890585e-05
<VARIANCE> 25
 1.142340e+01 5.813594e+00 8.364642e+00 1.118257e+01 1.188660e+01 1.547862e+01 1.568333e+01 1.644283e+01 1.466585e+01 1.423582e+01 1.634786e+01 1.385403e+01 8.154922e-02 1.541949e-01 2.630962e-01 3.800065e-01 5.032933e-01 6.251359e-01 7.821965e-01 9.079073e-01 8.991804e-01 8.726030e-01 9.123014e-01 9.015898e-01 1.085006e-06
<GCONST> 5.386311e+01
<MIXTURE> 95 5.258835e-03
<MEAN> 25
 -1.812428e+00 -3.955430e-01 -7.766382e-01 3.362977e+00 2.498906e+00 3.429399e+00 2.704726e+00 1.416781e+00 2.180142e+00 4.334297e-01 1.308785e+00 8.920617e-01 1.288784e-01 1.013179e-01 8.704006e-02 4.416243e-02 -3.979665e-01 -4.300491e-01 -1.005385e+00 -1.245833e+00 -1.362575e+00 -1.050241e+00 -6.868987e-01 -1.596365e-01 1.261162e-03
<VARIANCE> 25
 9.622113e+00 4.610455e+00 7.576215e+00 9.445281e+00 8.565511e+00 1.051906e+01 1.312995e+01 1.442462e+01 9.648947e+00 9.330625e+00 1.474052e+01 1.374145e+01 2.528980e-01 2.476526e-01 4.321233e-01 6.809936e-01 8.603344e-01 7.577528e-01 1.142401e+00 6.650369e-01 1.082363e+00 8.174173e-01 9.036934e-01 8.877690e-01 5.987385e-05
<GCONST> 5.880337e+01
<MIXTURE> 96 7.034694e-03
<MEAN> 25
 -2.954222e+00 -6.051294e-01 -1.330570e+00 4.365591e+00 2.846963e+00 2.354937e+00 3.255494e+00 1.939077e+00 2.308265e+00 6.246075e-01 1.248252e+00 1.936073e+00 -5.155918e-02 9.954174e-02 1.695418e-01 3.656868e-01 4.789666e-01 4.007412e-01 1.782194e-01 -7.207499e-02 -4.795960e-01 -6.456186e-01 -7.201242e-01 -4.174803e-01 -6.367001e-06
<VARIANCE> 25
 1.379916e+01 7.702962e+00 1.158484e+01 1.205593e+01 1.485577e+01 1.570040e+01 1.590705e+01 1.669490e+01 1.707298e+01 1.482120e+01 1.618312e+01 1.372670e+01 1.145045e-01 2.310508e-01 2.803234e-01 4.156111e-01 4.635298e-01 6.090387e-01 8.075930e-01 8.975998e-01 8.572134e-01 7.842676e-01 9.277951e-01 8.391736e-01 1.289121e-06
<GCONST> 5.594572e+01
<MIXTURE> 97 7.034694e-03
<MEAN> 25
 -2.954222e+00 -6.051294e-01 -1.330570e+00 4.365591e+00 2.846963e+00 2.354937e+00 3.255494e+00 1.939077e+00 2.308265e+00 6.246075e-01 1.248252e+00 1.936073e+00 -5.155918e-02 9.954174e-02 1.695418e-01 3.656868e-01 4.789666e-01 4.007412e-01 1.782194e-01 -7.207499e-02 -4.795960e-01 -6.456186e-01 -7.201242e-01 -4.174803e-01 -6.367001e-06
<VARIANCE> 25
 1.379916e+01 7.702962e+00 1.158484e+01 1.205593e+01 1.485577e+01 1.570040e+01 1.590705e+01 1.669490e+01 1.707298e+01 1.482120e+01 1.618312e+01 1.372670e+01 1.145045e-01 2.310508e-01 2.803234e-01 4.156111e-01 4.635298e-01 6.090387e-01 8.075930e-01 8.975998e-01 8.572134e-01 7.842676e-01 9.277951e-01 8.391736e-01 1.289121e-06
<GCONST> 5.594572e+01
<MIXTURE> 98 9.917808e-03
<MEAN> 25
 -8.012320e-01 9.951620e-01 -1.174288e-01 3.351411e+00 2.056948e+00 1.912185e+00 1.497331e+00 1.866575e+00 1.295002e+00 1.024578e+00 -1.290371e-01 -1.964487e-01 -1.281408e+00 -1.144532e+00 -7.217008e-01 7.279766e-01 4.986842e-01 9.575944e-01 1.183898e+00 1.448940e+00 1.250876e+00 1.028062e+00 1.058989e+00 6.971630e-01 -1.588124e-02
<VARIANCE> 25
 1.116807e+01 1.523435e+01 2.227135e+01 2.757903e+01 3.070853e+01 2.658872e+01 2.432914e+01 1.915211e+01 1.965282e+01 2.199248e+01 1.869392e+01 1.906270e+01 1.392163e+00 1.255641e+00 1.957831e+00 2.838498e+00 2.429707e+00 2.467103e+00 2.309657e+00 2.012052e+00 2.957659e+00 2.506509e+00 2.813476e+00 2.005440e+00 2.602631e-03
<GCONST> 8.568089e+01
<MIXTURE> 99 6.696178e-03
<MEAN> 25
 -6.441788e+00 9.404935e+00 4.447368e+00 2.574867e+00 3.063037e-01 -5.331332e+00 -1.564110e+00 -4.396763e+00 -3.678454e+00 -3.646799e+00 -1.032735e+00 1.174102e-01 5.991475e-01 -6.508611e-01 4.380388e-01 -4.278054e-01 -8.833263e-01 -4.172423e-01 -3.601459e-01 -1.932548e-01 -3.870635e-02 -1.670256e-01 1.718879e-01 8.929338e-02 7.809678e-03
<VARIANCE> 25
 5.322224e+01 2.526773e+01 5.593293e+01 3.171503e+01 3.127777e+01 3.118963e+01 2.851380e+01 2.528402e+01 2.435581e+01 2.346228e+01 2.144568e+01 2.671121e+01 2.361477e+00 1.657578e+00 1.359687e+00 1.739100e+00 2.595403e+00 1.877391e+00 1.922148e+00 1.707730e+00 1.547418e+00 1.531452e+00 1.167259e+00 1.190731e+00 1.538250e-03
<GCONST> 8.650661e+01
<MIXTURE> 100 4.498084e-03
<MEAN> 25
 -1.995037e+00 5.903171e+00 1.029642e+01 -7.976363e+00 -1.039483e+01 -5.714317e+00 -4.124406e+00 -1.029040e+01 -5.167038e+00 1.122189e+00 -1.770697e+00 -2.580874e+00 2.898488e+00 -1.411208e+00 1.462755e+00 -2.244718e+00 -3.198448e+00 -1.021768e+00 -1.585891e+00 -9.682732e-01 -1.450955e+00 -4.332428e-02 -1.562059e+00 1.996998e-01 -2.426329e-04
<VARIANCE> 25
 1.243207e+01 1.962936e+01 1.913330e+01 2.541522e+01 2.019632e+01 2.214844e+01 2.825631e+01 1.897219e+01 2.503120e+01 3.772358e+01 2.310660e+01 1.814626e+01 1.689128e+00 3.631471e+00 2.662758e+00 4.074133e+00 3.792892e+00 4.109793e+00 4.442242e+00 4.009408e+00 3.531950e+00 4.292998e+00 3.405145e+00 3.978122e+00 1.487558e-03
<GCONST> 9.154607e+01
<MIXTURE> 101 6.007792e-03
<MEAN> 25
 7.933594e+00 -3.503442e+00 -6.325737e+00 -6.849673e+00 1.014456e+00 -1.203276e+00 -1.057453e+01 -1.992460e+00 1.515258e+00 2.641102e+00 -2.529769e+00 -5.031182e+00 6.698681e-01 6.290973e-01 -1.408352e+00 -1.583884e+00 1.024201e+00 2.298627e+00 1.837832e-01 -1.443999e+00 -1.061941e+00 1.045120e+00 1.363190e+00 -4.469584e-01 -4.895788e-03
<VARIANCE> 25
 1.015639e+01 1.650845e+01 2.935588e+01 4.205220e+01 3.696584e+01 3.534488e+01 3.648485e+01 3.579152e+01 3.776010e+01 4.330496e+01 5.201236e+01 2.426610e+01 2.890173e-01 6.786486e-01 1.244644e+00 1.548376e+00 1.670971e+00 2.074482e+00 2.050758e+00 1.990832e+00 2.325880e+00 2.187540e+00 1.758545e+00 1.962990e+00 3.406406e-04
<GCONST> 8.363531e+01
<MIXTURE> 102 6.007792e-03
<MEAN> 25
 7.933594e+00 -3.503442e+00 -6.325737e+00 -6.849673e+00 1.014456e+00 -1.203276e+00 -1.057453e+01 -1.992460e+00 1.515258e+00 2.641102e+00 -2.529769e+00 -5.031182e+00 6.698681e-01 6.290973e-01 -1.408352e+00 -1.583884e+00 1.024201e+00 2.298627e+00 1.837832e-01 -1.443999e+00 -1.061941e+00 1.045120e+00 1.363190e+00 -4.469584e-01 -4.895788e-03
<VARIANCE> 25
 1.015639e+01 1.650845e+01 2.935588e+01 4.205220e+01 3.696584e+01 3.534488e+01 3.648485e+01 3.579152e+01 3.776010e+01 4.330496e+01 5.201236e+01 2.426610e+01 2.890173e-01 6.786486e-01 1.244644e+00 1.548376e+00 1.670971e+00 2.074482e+00 2.050758e+00 1.990832e+00 2.325880e+00 2.187540e+00 1.758545e+00 1.962990e+00 3.406406e-04
<GCONST> 8.363531e+01
<MIXTURE> 103 5.694618e-03
<MEAN> 25
 2.568276e+00 -7.811040e+00 -5.371787e+00 -3.454443e+00 -1.682588e-01 -3.160409e+00 1.346183e+00 1.469655e+00 -4.930520e+00 -8.333588e+00 -5.394866e+00 1.415800e+00 -1.923771e-01 -1.241462e+00 -9.300531e-01 1.444834e-01 1.161559e+00 1.027369e+00 2.876114e-02 -6.269614e-02 -9.540022e-01 -8.822273e-01 -2.044781e-01 1.757818e-01 2.485218e-02
<VARIANCE> 25
 9.988375e+00 2.222902e+01 2.085818e+01 2.586699e+01 4.296740e+01 3.590836e+01 4.387888e+01 3.294061e+01 3.610745e+01 2.668699e+01 2.496101e+01 2.693438e+01 5.260886e-01 1.178044e+00 1.416800e+00 1.947162e+00 2.606114e+00 2.074398e+00 2.399915e+00 2.483972e+00 3.015376e+00 2.240798e+00 2.001427e+00 1.763393e+00 7.328677e-04
<GCONST> 8.560169e+01
<MIXTURE> 104 5.694618e-03
<MEAN> 25
 2.568276e+00 -7.811040e+00 -5.371787e+00 -3.454443e+00 -1.682588e-01 -3.160409e+00 1.346183e+00 1.469655e+00 -4.930520e+00 -8.333588e+00 -5.394866e+00 1.415800e+00 -1.923771e-01 -1.241462e+00 -9.300531e-01 1.444834e-01 1.161559e+00 1.027369e+00 2.876114e-02 -6.269614e-02 -9.540022e-01 -8.822273e-01 -2.044781e-01 1.757818e-01 2.485218e-02
<VARIANCE> 25
 9.988375e+00 2.222902e+01 2.085818e+01 2.586699e+01 4.296740e+01 3.590836e+01 4.387888e+01 3.294061e+01 3.610745e+01 2.668699e+01 2.496101e+01 2.693438e+01 5.260886e-01 1.178044e+00 1.416800e+00 1.947162e+00 2.606114e+00 2.074398e+00 2.399915e+00 2.483972e+00 3.015376e+00 2.240798e+00 2.001427e+00 1.763393e+00 7.328677e-04
<GCONST> 8.560169e+01
<MIXTURE> 105 4.710235e-03
<MEAN> 25
 1.963329e+00 -9.574509e-01 7.955046e+00 -1.740749e+00 -1.003260e+01 -4.061184e+00 -3.829440e+00 -6.200347e-01 -3.614748e+00 -2.652589e+00 1.290486e+00 -7.397868e-01 2.048746e-02 3.524012e-03 6.088951e-02 -7.959267e-02 2.341506e-02 3.526338e-02 -2.053321e-02 9.218019e-02 -4.227235e-02 6.484703e-02 1.091049e-01 1.246615e-02 -1.292089e-03
<VARIANCE> 25
 1.242153e+01 2.451312e+01 3.889793e+01 3.994382e+01 4.321727e+01 4.765783e+01 3.562068e+01 3.696887e+01 3.644132e+01 3.717384e+01 3.504310e+01 2.731256e+01 8.130468e-02 1.686015e-01 3.271029e-01 2.902410e-01 3.837734e-01 4.435996e-01 5.174845e-01 5.538926e-01 4.615241e-01 4.071506e-01 4.763429e-01 3.864757e-01 8.761295e-05
<GCONST> 6.553144e+01
<MIXTURE> 106 4.710235e-03
<MEAN> 25
 1.963329e+00 -9.574509e-01 7.955046e+00 -1.740749e+00 -1.003260e+01 -4.061184e+00 -3.829440e+00 -6.200347e-01 -3.614748e+00 -2.652589e+00 1.290486e+00 -7.397868e-01 2.048746e-02 3.524012e-03 6.088951e-02 -7.959267e-02 2.341506e-02 3.526338e-02 -2.053321e-02 9.218019e-02 -4.227235e-02 6.484703e-02 1.091049e-01 1.246615e-02 -1.292089e-03
<VARIANCE> 25
 1.242153e+01 2.451312e+01 3.889793e+01 3.994382e+01 4.321727e+01 4.765783e+01 3.562068e+01 3.696887e+01 3.644132e+01 3.717384e+01 3.504310e+01 2.731256e+01 8.130468e-02 1.686015e-01 3.271029e-01 2.902410e-01 3.837734e-01 4.435996e-01 5.174845e-01 5.538926e-01 4.615241e-01 4.071506e-01 4.763429e-01 3.864757e-01 8.761295e-05
<GCONST> 6.553144e+01
<MIXTURE> 107 5.452374e-03
<MEAN> 25
 8.110331e+00 -1.899534e+00 -8.110470e+00 -9.387428e+00 2.053493e+00 2.436561e+00 -7.584290e+00 -5.027288e+00 -1.297034e+00 3.226017e+00 3.449129e-01 -4.789223e+00 -5.747430e-01 -7.625413e-01 8.077238e-01 1.694452e+00 1.385184e-01 -1.757430e+00 -8.917509e-01 8.119423e-01 1.690751e+00 6.746437e-02 -1.561186e+00 -8.989993e-01 -4.610425e-03
<VARIANCE> 25
 1.009547e+01 2.085783e+01 2.835613e+01 3.832431e+01 3.401232e+01 3.849093e+01 5.731041e+01 4.315508e+01 4.402016e+01 3.817102e+01 4.723227e+01 2.940681e+01 3.607452e-01 8.748603e-01 1.583347e+00 2.245656e+00 2.492852e+00 3.142125e+00 2.727739e+00 2.358533e+00 2.177660e+00 2.755594e+00 1.836648e+00 2.122361e+00 7.048133e-04
<GCONST> 8.787101e+01
<MIXTURE> 108 5.452374e-03
<MEAN> 25
 8.110331e+00 -1.899534e+00 -8.110470e+00 -9.387428e+00 2.053493e+00 2.436561e+00 -7.584290e+00 -5.027288e+00 -1.297034e+00 3.226017e+00 3.449129e-01 -4.789223e+00 -5.747430e-01 -7.625413e-01 8.077238e-01 1.694452e+00 1.385184e-01 -1.757430e+00 -8.917509e-01 8.119423e-01 1.690751e+00 6.746437e-02 -1.561186e+00 -8.989993e-01 -4.610425e-03
<VARIANCE> 25
 1.009547e+01 2.085783e+01 2.835613e+01 3.832431e+01 3.401232e+01 3.849093e+01 5.731041e+01 4.315508e+01 4.402016e+01 3.817102e+01 4.723227e+01 2.940681e+01 3.607452e-01 8.748603e-01 1.583347e+00 2.245656e+00 2.492852e+00 3.142125e+00 2.727739e+00 2.358533e+00 2.177660e+00 2.755594e+00 1.836648e+00 2.122361e+00 7.048133e-04
<GCONST> 8.787101e+01
<MIXTURE> 109 6.661064e-03
<MEAN> 25
 2.303408e+00 -8.021496e+00 -6.310423e+00 -2.218585e+00 4.087909e+00 -1.326014e+00 -2.759582e+00 5.033032e-01 -4.665592e+00 -7.296454e+00 -5.738196e+00 1.798820e+00 -4.367973e-02 -1.218433e-01 -1.142901e-01 1.826738e-01 2.727156e-01 1.852992e-01 -2.577749e-01 -1.889309e-01 -3.813312e-02 -1.462318e-01 1.923113e-01 -1.139786e-01 -3.412310e-03
<VARIANCE> 25
 8.191017e+00 1.582612e+01 1.707888e+01 2.108198e+01 3.146574e+01 2.886507e+01 4.186890e+01 2.463799e+01 3.416320e+01 2.623429e+01 2.226193e+01 2.589511e+01 1.783528e-01 3.584335e-01 4.630913e-01 5.165984e-01 1.082533e+00 1.222655e+00 1.083406e+00 1.131875e+00 9.556121e-01 1.124876e+00 7.728937e-01 9.406474e-01 1.533872e-04
<GCONST> 7.087832e+01
<MIXTURE> 110 6.661064e-03
<MEAN> 25
 2.303408e+00 -8.021496e+00 -6.310423e+00 -2.218585e+00 4.087909e+00 -1.326014e+00 -2.759582e+00 5.033032e-01 -4.665592e+00 -7.296454e+00 -5.738196e+00 1.798820e+00 -4.367973e-02 -1.218433e-01 -1.142901e-01 1.826738e-01 2.727156e-01 1.852992e-01 -2.577749e-01 -1.889309e-01 -3.813312e-02 -1.462318e-01 1.923113e-01 -1.139786e-01 -3.412310e-03
<VARIANCE> 25
 8.191017e+00 1.582612e+01 1.707888e+01 2.108198e+01 3.146574e+01 2.886507e+01 4.186890e+01 2.463799e+01 3.416320e+01 2.623429e+01 2.226193e+01 2.589511e+01 1.783528e-01 3.584335e-01 4.630913e-01 5.165984e-01 1.082533e+00 1.222655e+00 1.083406e+00 1.131875e+00 9.556121e-01 1.124876e+00 7.728937e-01 9.406474e-01 1.533872e-04
<GCONST> 7.087832e+01
<MIXTURE> 111 4.337247e-03
<MEAN> 25
 -5.125487e-01 -1.086407e+00 -3.427766e-02 1.718010e+00 4.647252e-01 1.838763e+00 2.015858e-01 8.298002e-01 3.146107e-01 -6.561998e-01 -4.515187e-02 1.396653e-02 -3.430556e-02 -9.064119e-02 -9.267235e-02 -1.079120e-01 -5.153480e-02 -1.976772e-04 -9.565802e-02 -1.584059e-01 -3.020562e-01 -2.554877e-01 -2.773711e-01 -2.383837e-01 -1.109751e-03
<VARIANCE> 25
 4.715799e+00 3.226133e+00 6.224356e+00 8.091769e+00 8.433882e+00 1.391081e+01 1.171514e+01 1.112572e+01 9.735596e+00 9.097038e+00 1.072365e+01 1.082497e+01 8.347981e-02 1.563665e-01 2.924390e-01 4.762948e-01 6.554338e-01 6.444058e-01 9.017622e-01 1.029993e+00 9.238318e-01 7.702666e-01 8.157965e-01 1.044041e+00 2.959105e-05
<GCONST> 5.328713e+01
<MIXTURE> 112 4.337247e-03
<MEAN> 25
 -5.125487e-01 -1.086407e+00 -3.427766e-02 1.718010e+00 4.647252e-01 1.838763e+00 2.015858e-01 8.298002e-01 3.146107e-01 -6.561998e-01 -4.515187e-02 1.396653e-02 -3.430556e-02 -9.064119e-02 -9.267235e-02 -1.079120e-01 -5.153480e-02 -1.976772e-04 -9.565802e-02 -1.584059e-01 -3.020562e-01 -2.554877e-01 -2.773711e-01 -2.383837e-01 -1.109751e-03
<VARIANCE> 25
 4.715799e+00 3.226133e+00 6.224356e+00 8.091769e+00 8.433882e+00 1.391081e+01 1.171514e+01 1.112572e+01 9.735596e+00 9.097038e+00 1.072365e+01 1.082497e+01 8.347981e-02 1.563665e-01 2.924390e-01 4.762948e-01 6.554338e-01 6.444058e-01 9.017622e-01 1.029993e+00 9.238318e-01 7.702666e-01 8.157965e-01 1.044041e+00 2.959105e-05
<GCONST> 5.328713e+01
<MIXTURE> 113 5.938666e-03
<MEAN> 25
 9.199379e+00 2.533431e+00 -9.307909e+00 -1.611127e+01 -4.917319e-01 3.737745e+00 -2.083275e+00 -3.359829e+00 -5.537760e+00 -1.020637e+00 5.909353e-02 6.483254e-01 -1.655471e-02 2.773114e-02 -9.790824e-02 -1.049291e-01 1.599331e-01 1.350589e-01 5.757466e-02 -1.043916e-01 -2.396752e-01 -6.560288e-02 2.498262e-01 7.440586e-02 1.510309e-03
<VARIANCE> 25
 9.654995e+00 1.594070e+01 2.580125e+01 3.196655e+01 4.542478e+01 4.259452e+01 7.329785e+01 4.761486e+01 3.208684e+01 4.011685e+01 3.104851e+01 2.653624e+01 1.070914e-01 2.949497e-01 2.706872e-01 5.937408e-01 5.886309e-01 8.145320e-01 8.436669e-01 8.519409e-01 9.621149e-01 8.297979e-01 6.911330e-01 6.408302e-01 1.403786e-04
<GCONST> 7.103892e+01
<MIXTURE> 114 5.938666e-03
<MEAN> 25
 9.199379e+00 2.533431e+00 -9.307909e+00 -1.611127e+01 -4.917319e-01 3.737745e+00 -2.083275e+00 -3.359829e+00 -5.537760e+00 -1.020637e+00 5.909353e-02 6.483254e-01 -1.655471e-02 2.773114e-02 -9.790824e-02 -1.049291e-01 1.599331e-01 1.350589e-01 5.757466e-02 -1.043916e-01 -2.396752e-01 -6.560288e-02 2.498262e-01 7.440586e-02 1.510309e-03
<VARIANCE> 25
 9.654995e+00 1.594070e+01 2.580125e+01 3.196655e+01 4.542478e+01 4.259452e+01 7.329785e+01 4.761486e+01 3.208684e+01 4.011685e+01 3.104851e+01 2.653624e+01 1.070914e-01 2.949497e-01 2.706872e-01 5.937408e-01 5.886309e-01 8.145320e-01 8.436669e-01 8.519409e-01 9.621149e-01 8.297979e-01 6.911330e-01 6.408302e-01 1.403786e-04
<GCONST> 7.103892e+01
<MIXTURE> 115 2.935202e-03
<MEAN> 25
 -2.398216e+00 -1.021549e+00 -1.917865e+00 3.325503e+00 1.941381e+00 4.368728e-01 1.610387e+00 5.569907e-01 1.395565e+00 7.893172e-02 3.957972e-01 1.685339e+00 4.129656e-02 -1.171583e-01 -2.115063e-01 -4.120138e-01 -5.076802e-01 -6.554465e-01 -6.615394e-01 -4.753527e-01 -4.677290e-01 -4.607348e-01 -5.353292e-01 -2.284380e-01 -1.587288e-04
<VARIANCE> 25
 1.006524e+01 7.844980e+00 1.174059e+01 1.069355e+01 1.280100e+01 1.596599e+01 1.635806e+01 1.741022e+01 1.491526e+01 1.785180e+01 1.890946e+01 1.528071e+01 2.008765e-01 3.140124e-01 5.107430e-01 5.363624e-01 6.060823e-01 6.896534e-01 8.646339e-01 1.117552e+00 1.132229e+00 8.523328e-01 1.039041e+00 9.962788e-01 1.307806e-06
<GCONST> 5.885807e+01
<MIXTURE> 116 2.935202e-03
<MEAN> 25
 -2.398216e+00 -1.021549e+00 -1.917865e+00 3.325503e+00 1.941381e+00 4.368728e-01 1.610387e+00 5.569907e-01 1.395565e+00 7.893172e-02 3.957972e-01 1.685339e+00 4.129656e-02 -1.171583e-01 -2.115063e-01 -4.120138e-01 -5.076802e-01 -6.554465e-01 -6.615394e-01 -4.753527e-01 -4.677290e-01 -4.607348e-01 -5.353292e-01 -2.284380e-01 -1.587288e-04
<VARIANCE> 25
 1.006524e+01 7.844980e+00 1.174059e+01 1.069355e+01 1.280100e+01 1.596599e+01 1.635806e+01 1.741022e+01 1.491526e+01 1.785180e+01 1.890946e+01 1.528071e+01 2.008765e-01 3.140124e-01 5.107430e-01 5.363624e-01 6.060823e-01 6.896534e-01 8.646339e-01 1.117552e+00 1.132229e+00 8.523328e-01 1.039041e+00 9.962788e-01 1.307806e-06
<GCONST> 5.885807e+01
<MIXTURE> 117 6.506003e-03
<MEAN> 25
 -4.542286e+00 1.151582e+00 1.166754e+00 9.246510e+00 5.942580e+00 6.485137e+00 6.303345e+00 5.147107e+00 5.847908e+00 5.007267e+00 6.519573e+00 3.051486e+00 -7.123420e-02 -2.551845e-01 -4.193432e-01 -4.083443e-01 -3.401382e-01 -3.788249e-01 -3.587913e-01 -2.773947e-01 -4.614906e-01 -3.729902e-01 -2.262522e-01 8.123158e-03 -1.109119e-06
<VARIANCE> 25
 8.628368e+00 8.886376e+00 9.383476e+00 1.560646e+01 1.562593e+01 1.689511e+01 1.722221e+01 1.719459e+01 2.009472e+01 1.594488e+01 1.743711e+01 1.822048e+01 2.020762e-01 3.066378e-01 4.783609e-01 5.947169e-01 8.320917e-01 1.057826e+00 1.196188e+00 1.208157e+00 1.271406e+00 1.125380e+00 1.212099e+00 1.556138e+00 1.036792e-06
<GCONST> 6.148642e+01
<MIXTURE> 118 6.506003e-03
<MEAN> 25
 -4.542286e+00 1.151582e+00 1.166754e+00 9.246510e+00 5.942580e+00 6.485137e+00 6.303345e+00 5.147107e+00 5.847908e+00 5.007267e+00 6.519573e+00 3.051486e+00 -7.123420e-02 -2.551845e-01 -4.193432e-01 -4.083443e-01 -3.401382e-01 -3.788249e-01 -3.587913e-01 -2.773947e-01 -4.614906e-01 -3.729902e-01 -2.262522e-01 8.123158e-03 -1.109119e-06
<VARIANCE> 25
 8.628368e+00 8.886376e+00 9.383476e+00 1.560646e+01 1.562593e+01 1.689511e+01 1.722221e+01 1.719459e+01 2.009472e+01 1.594488e+01 1.743711e+01 1.822048e+01 2.020762e-01 3.066378e-01 4.783609e-01 5.947169e-01 8.320917e-01 1.057826e+00 1.196188e+00 1.208157e+00 1.271406e+00 1.125380e+00 1.212099e+00 1.556138e+00 1.036792e-06
<GCONST> 6.148642e+01
<MIXTURE> 119 4.297961e-03
<MEAN> 25
 -4.153866e+00 -6.800947e+00 2.360912e+00 1.875333e+00 1.599777e+00 3.987567e-01 5.269340e+00 5.966920e+00 1.037388e+00 1.267346e+00 5.675065e+00 1.301277e+00 -4.419531e-02 -1.936900e-02 1.007289e-01 -2.625625e-02 -2.429256e-01 -1.990642e-01 -9.440317e-02 -5.147571e-03 -3.869981e-02 -1.069048e-01 3.601007e-02 2.091239e-02 1.384036e-03
<VARIANCE> 25
 1.035999e+01 1.115059e+01 1.583004e+01 1.765260e+01 2.264038e+01 2.044091e+01 2.362006e+01 2.347348e+01 2.311544e+01 2.556249e+01 2.200162e+01 1.814523e+01 1.492406e-01 3.019917e-01 4.793614e-01 6.199098e-01 9.421918e-01 9.372987e-01 1.358940e+00 1.169523e+00 1.299442e+00 1.135868e+00 1.238422e+00 1.114174e+00 2.107071e-04
<GCONST> 6.942776e+01
<MIXTURE> 120 4.297961e-03
<MEAN> 25
 -4.153866e+00 -6.800947e+00 2.360912e+00 1.875333e+00 1.599777e+00 3.987567e-01 5.269340e+00 5.966920e+00 1.037388e+00 1.267346e+00 5.675065e+00 1.301277e+00 -4.419531e-02 -1.936900e-02 1.007289e-01 -2.625625e-02 -2.429256e-01 -1.990642e-01 -9.440317e-02 -5.147571e-03 -3.869981e-02 -1.069048e-01 3.601007e-02 2.091239e-02 1.384036e-03
<VARIANCE> 25
 1.035999e+01 1.115059e+01 1.583004e+01 1.765260e+01 2.264038e+01 2.044091e+01 2.362006e+01 2.347348e+01 2.311544e+01 2.556249e+01 2.200162e+01 1.814523e+01 1.492406e-01 3.019917e-01 4.793614e-01 6.199098e-01 9.421918e-01 9.372987e-01 1.358940e+00 1.169523e+00 1.299442e+00 1.135868e+00 1.238422e+00 1.114174e+00 2.107071e-04
<GCONST> 6.942776e+01
<MIXTURE> 121 4.567511e-03
<MEAN> 25
 2.104309e-01 -2.512524e+00 4.975955e+00 -1.269764e+01 -1.245887e+01 -1.738742e+00 9.632536e-01 -5.066051e+00 -4.240523e+00 -6.283497e-01 -5.442729e+00 -4.308067e+00 2.033511e-02 1.408901e-01 -3.481469e-02 8.287747e-02 1.619595e-01 8.224396e-02 -8.789574e-02 -1.957317e-01 -2.453492e-01 -2.496927e-01 -1.016297e-01 -7.903774e-03 -7.429733e-03
<VARIANCE> 25
 7.821233e+00 1.537431e+01 1.854357e+01 2.167835e+01 2.542338e+01 2.925325e+01 2.922907e+01 2.474020e+01 3.559799e+01 2.892405e+01 1.959616e+01 2.108242e+01 1.538889e-01 6.554095e-01 6.233063e-01 7.086078e-01 7.781727e-01 1.163120e+00 1.106787e+00 1.143068e+00 1.257215e+00 1.189011e+00 9.494267e-01 8.642338e-01 2.086639e-04
<GCONST> 7.164260e+01
<MIXTURE> 122 4.567511e-03
<MEAN> 25
 2.104309e-01 -2.512524e+00 4.975955e+00 -1.269764e+01 -1.245887e+01 -1.738742e+00 9.632536e-01 -5.066051e+00 -4.240523e+00 -6.283497e-01 -5.442729e+00 -4.308067e+00 2.033511e-02 1.408901e-01 -3.481469e-02 8.287747e-02 1.619595e-01 8.224396e-02 -8.789574e-02 -1.957317e-01 -2.453492e-01 -2.496927e-01 -1.016297e-01 -7.903774e-03 -7.429733e-03
<VARIANCE> 25
 7.821233e+00 1.537431e+01 1.854357e+01 2.167835e+01 2.542338e+01 2.925325e+01 2.922907e+01 2.474020e+01 3.559799e+01 2.892405e+01 1.959616e+01 2.108242e+01 1.538889e-01 6.554095e-01 6.233063e-01 7.086078e-01 7.781727e-01 1.163120e+00 1.106787e+00 1.143068e+00 1.257215e+00 1.189011e+00 9.494267e-01 8.642338e-01 2.086639e-04
<GCONST> 7.164260e+01
<MIXTURE> 123 4.393044e-03
<MEAN> 25
 -1.835883e+00 6.628733e-01 4.053461e-01 5.076694e+00 2.584857e+00 3.416489e+00 1.790125e+00 3.649180e-01 -2.530683e-01 -1.744376e-01 -6.882388e-02 1.002452e-01 -3.043169e-01 -6.296319e-01 -8.058257e-01 -6.544363e-01 -3.839125e-01 -1.019194e-01 2.534998e-01 4.615229e-01 1.104275e+00 7.144529e-01 6.303539e-01 3.750624e-01 -7.312065e-03
<VARIANCE> 25
 9.750530e+00 7.902406e+00 1.322645e+01 1.273207e+01 1.497381e+01 1.809210e+01 1.580668e+01 1.356976e+01 1.408182e+01 1.479067e+01 1.585989e+01 1.516505e+01 2.941697e-01 2.728192e-01 4.727853e-01 6.868442e-01 8.725127e-01 9.162599e-01 9.697993e-01 1.256577e+00 1.319684e+00 1.104839e+00 9.361155e-01 1.299681e+00 9.826244e-05
<GCONST> 6.488139e+01
<MIXTURE> 124 4.069876e-03
<MEAN> 25
 -5.220437e+00 -1.147151e+00 -2.522819e+00 4.722476e+00 4.213559e+00 3.474821e+00 4.998784e+00 2.979310e+00 3.215853e+00 1.277635e+00 1.108975e+00 2.391993e+00 -1.693821e-01 -2.992134e-01 -3.694789e-01 -2.253591e-01 1.690890e-01 5.674108e-01 8.763539e-01 8.518333e-01 5.595337e-01 2.898289e-01 1.037976e-01 -5.359717e-02 -2.001582e-04
<VARIANCE> 25
 1.582571e+01 6.366740e+00 1.041611e+01 1.168703e+01 1.314386e+01 1.746289e+01 1.447519e+01 1.736867e+01 1.520554e+01 1.472633e+01 1.791753e+01 1.514003e+01 1.041916e-01 1.549716e-01 2.607956e-01 4.325409e-01 6.218376e-01 7.068106e-01 8.217804e-01 7.562866e-01 9.833232e-01 9.866630e-01 9.360945e-01 9.636772e-01 2.076534e-05
<GCONST> 5.881770e+01
<MIXTURE> 125 4.069876e-03
<MEAN> 25
 -5.220437e+00 -1.147151e+00 -2.522819e+00 4.722476e+00 4.213559e+00 3.474821e+00 4.998784e+00 2.979310e+00 3.215853e+00 1.277635e+00 1.108975e+00 2.391993e+00 -1.693821e-01 -2.992134e-01 -3.694789e-01 -2.253591e-01 1.690890e-01 5.674108e-01 8.763539e-01 8.518333e-01 5.595337e-01 2.898289e-01 1.037976e-01 -5.359717e-02 -2.001582e-04
<VARIANCE> 25
 1.582571e+01 6.366740e+00 1.041611e+01 1.168703e+01 1.314386e+01 1.746289e+01 1.447519e+01 1.736867e+01 1.520554e+01 1.472633e+01 1.791753e+01 1.514003e+01 1.041916e-01 1.549716e-01 2.607956e-01 4.325409e-01 6.218376e-01 7.068106e-01 8.217804e-01 7.562866e-01 9.833232e-01 9.866630e-01 9.360945e-01 9.636772e-01 2.076534e-05
<GCONST> 5.881770e+01
<MIXTURE> 126 2.402244e-03
<MEAN> 25
 -3.082586e+00 -6.116981e+00 -4.600374e+00 1.754609e+00 3.986499e+00 -3.437135e+00 -4.393936e-01 3.276301e+00 1.605474e+00 -2.998220e+00 -1.832621e+00 2.724673e+00 -2.767121e-02 -5.720497e-02 -2.232111e-02 -1.733611e-01 -3.243457e-01 -3.541937e-01 -2.766744e-01 -1.376024e-01 -1.386122e-01 -1.015208e-01 -4.969319e-02 -6.253003e-02 -2.651897e-03
<VARIANCE> 25
 7.778340e+00 1.269268e+01 1.295928e+01 1.460110e+01 2.235489e+01 2.795068e+01 2.224550e+01 2.602819e+01 4.276873e+01 2.597238e+01 2.064713e+01 1.959092e+01 1.762013e-01 3.433399e-01 4.642170e-01 5.641814e-01 7.005677e-01 9.947195e-01 1.143515e+00 1.181400e+00 1.399935e+00 1.278440e+00 1.133595e+00 1.051929e+00 2.118370e-04
<GCONST> 6.968961e+01
<MIXTURE> 127 2.402244e-03
<MEAN> 25
 -3.082586e+00 -6.116981e+00 -4.600374e+00 1.754609e+00 3.986499e+00 -3.437135e+00 -4.393936e-01 3.276301e+00 1.605474e+00 -2.998220e+00 -1.832621e+00 2.724673e+00 -2.767121e-02 -5.720497e-02 -2.232111e-02 -1.733611e-01 -3.243457e-01 -3.541937e-01 -2.766744e-01 -1.376024e-01 -1.386122e-01 -1.015208e-01 -4.969319e-02 -6.253003e-02 -2.651897e-03
<VARIANCE> 25
 7.778340e+00 1.269268e+01 1.295928e+01 1.460110e+01 2.235489e+01 2.795068e+01 2.224550e+01 2.602819e+01 4.276873e+01 2.597238e+01 2.064713e+01 1.959092e+01 1.762013e-01 3.433399e-01 4.642170e-01 5.641814e-01 7.005677e-01 9.947195e-01 1.143515e+00 1.181400e+00 1.399935e+00 1.278440e+00 1.133595e+00 1.051929e+00 2.118370e-04
<GCONST> 6.968961e+01
<MIXTURE> 128 3.790457e-03
<MEAN> 25
 -3.490613e+00 1.183426e+00 -1.839850e-02 5.952825e+00 2.884886e+00 2.018134e+00 3.368158e+00 2.652055e+00 3.684331e+00 3.724988e+00 3.542257e+00 3.280400e+00 -3.519804e-01 -2.399118e-01 -1.163868e-02 6.917685e-01 1.158455e+00 1.121746e+00 8.340473e-01 9.520978e-02 -5.677915e-01 -8.220300e-01 -7.707016e-01 -3.890171e-01 -1.979895e-04
<VARIANCE> 25
 1.118264e+01 1.261335e+01 1.443168e+01 2.054346e+01 2.273624e+01 2.032987e+01 2.279397e+01 2.312727e+01 2.505145e+01 2.171560e+01 2.572420e+01 1.789423e+01 8.373795e-01 1.061038e+00 1.331231e+00 1.375284e+00 1.457582e+00 1.795651e+00 2.445842e+00 2.144176e+00 2.115288e+00 1.770288e+00 1.913118e+00 1.946733e+00 1.344496e-06
<GCONST> 7.364400e+01
<TRANSP> 3
 0.000000e+00 1.000000e+00 0.000000e+00
 0.000000e+00 9.999990e-01 9.999998e-07
 0.000000e+00 0.000000e+00 0.000000e+00
<ENDHMM>
